5 0
5.1 0
5.2 0
5.3 0
5.4 0
5.5 0
5.6 0
5.7 0
5.8 0
5.9 0
6 0
6.1 0
6.2 0
6.3 0
6.4 0
6.5 0
6.6 0
6.7 0
6.8 0
6.9 0
7 0
7.1 0
7.2 0
7.3 0
7.4 0
7.5 0
7.6 0
7.7 0
7.8 0
7.9 0
8 0
8.1 0
8.2 0
8.3 0
8.4 0
8.5 0
8.6 0
8.7 0
8.8 0
8.9 0
9 0
9.1 0
9.2 0
9.3 0
9.4 0
9.5 0
9.6 0
9.7 0
9.8 0
9.9 0
10 0
10.1 0
10.2 0
10.3 0
10.4 0
10.5 0
10.6 0
10.7 0
10.8 0
10.9 0
11 0
11.1 0
11.2 0
11.3 0
11.4 0
11.5 0
11.6 0
11.7 0
11.8 0
11.9 0
12 0
12.1 0
12.2 0
12.3 0
12.4 0
12.5 0
12.6 0
12.7 0
12.8 0
12.9 0
13 0
13.1 0
13.2 0
13.3 0
13.4 0
13.5 0
13.6 0
13.7 0
13.8 0
13.9 0
14 0
14.1 0
14.2 0
14.3 0
14.4 0
14.5 0
14.6 0
14.7 0
14.8 0
14.9 0
15 0
15.1 0
15.2 0
15.3 0
15.4 0
15.5 0
15.6 0
15.7 0
15.8 0
15.9 0
16 0
16.1 0
16.2 0
16.3 0
16.4 0
16.5 0
16.6 0
16.7 0
16.8 0
16.9 0
17 0
17.1 0
17.2 0
17.3 0
17.4 0
17.5 0
17.6 0
17.7 0
17.8 0
17.9 0
18 0
18.1 0
18.2 0
18.3 0
18.4 0
18.5 0
18.6 0
18.7 0
18.8 0
18.9 0
19 0
19.1 0
19.2 0
19.3 0
19.4 0
19.5 0
19.6 0
19.7 0
19.8 0
19.9 0
20 0
20.1 0
20.2 0
20.3 0
20.4 0
20.5 0
20.6 0
20.7 0
20.8 0
20.9 0
21 0
21.1 0
21.2 0
21.3 0
21.4 0
21.5 0
21.6 0
21.7 0
21.8 0
21.9 0
22 0
22.1 0
22.2 0
22.3 0
22.4 0
22.5 0
22.6 0
22.7 0
22.8 0
22.9 0
23 0
23.1 0
23.2 0
23.3 0
23.4 0
23.5 0
23.6 0
23.7 0
23.8 0
23.9 0
24 0
24.1 0
24.2 0
24.3 0
24.4 0
24.5 0
24.6 0
24.7 0
24.8 0
24.9 0
25 0
25.1 0
25.2 0
25.3 0
25.4 0
25.5 0
25.6 0
25.7 0
25.8 0
25.9 0
26 0
26.1 0
26.2 0
26.3 0
26.4 0
26.5 0
26.6 0
26.7 0
26.8 0
26.9 0
27 0
27.1 0
27.2 0
27.3 0
27.4 0
27.5 0
27.6 0
27.7 0
27.8 0
27.9 0
28 0
28.1 0
28.2 0
28.3 0
28.4 0
28.5 0
28.6 0
28.7 0
28.8 0
28.9 0
29 0
29.1 0
29.2 0
29.3 0
29.4 0
29.5 0
29.6 0
29.7 0
29.8 0
29.9 0
30 0
30.1 0
30.2 0
30.3 0
30.4 0
30.5 0
30.6 0
30.7 0
30.8 0
30.9 0
31 0
31.1 0
31.2 0
31.3 0
31.4 0
31.5 0
31.6 0
31.7 0
31.8 0
31.9 0
32 0
32.1 0
32.2 0
32.3 0
32.4 0
32.5 0
32.6 0
32.7 0
32.8 0
32.9 0
33 0
33.1 0
33.2 0
33.3 0
33.4 0
33.5 0
33.6 0
33.7 0
33.8 0
33.9 0
34 0
34.1 0
34.2 0
34.3 0
34.4 0
34.5 0
34.6 0
34.7 0
34.8 0
34.9 0
35 0
35.1 0
35.2 0
35.3 0
35.4 0
35.5 0
35.6 0
35.7 0
35.8 0
35.9 0
36 0
36.1 0
36.2 0
36.3 0
36.4 0
36.5 0
36.6 0
36.7 0
36.8 0
36.9 0
37 0
37.1 0
37.2 0
37.3 0
37.4 0
37.5 0
37.6 0
37.7 0
37.8 0
37.9 0
38 0
38.1 0
38.2 0
38.3 0
38.4 0
38.5 0
38.6 0
38.7 0
38.8 0
38.9 0
39 0
39.1 0
39.2 0
39.3 0
39.4 0
39.5 0
39.6 0
39.7 0
39.8 0
39.9 0
40 0
40.1 0
40.2 0
40.3 0
40.4 0
40.5 0
40.6 0
40.7 0
40.8 0
40.9 0
41 0
41.1 0
41.2 0
41.3 0
41.4 0
41.5 0
41.6 0
41.7 0
41.8 0
41.9 0
42 0
42.1 0
42.2 0
42.3 0
42.4 0
42.5 0
42.6 0
42.7 0
42.8 0
42.9 0
43 0
43.1 0
43.2 0
43.3 0
43.4 0
43.5 0
43.6 0
43.7 0
43.8 0
43.9 0
44 0
44.1 0
44.2 0
44.3 0
44.4 0
44.5 0
44.6 0
44.7 0
44.8 0
44.9 0
45 0
45.1 0
45.2 0
45.3 0
45.4 0
45.5 0
45.6 0
45.7 0
45.8 0
45.9 0
46 0
46.1 0
46.2 0
46.3 0
46.4 0
46.5 0
46.6 0
46.7 0
46.8 0
46.9 0
47 0
47.1 0
47.2 0
47.3 0
47.4 0
47.5 0
47.6 0
47.7 0
47.8 0
47.9 0
48 0
48.1 0
48.2 0
48.3 0
48.4 0
48.5 0
48.6 0
48.7 0
48.8 0
48.9 0
49 0
49.1 0
49.2 0
49.3 0
49.4 0
49.5 0
49.6 0
49.7 0
49.8 0
49.9 0
50 0
50.1 0
50.2 0
50.3 0
50.4 0
50.5 0
50.6 0
50.7 0
50.8 0
50.9 0
51 0
51.1 0
51.2 0
51.3 0
51.4 0
51.5 0
51.6 0
51.7 0
51.8 0
51.9 0
52 0
52.1 0
52.2 0
52.3 0
52.4 0
52.5 0
52.6 0
52.7 0
52.8 0
52.9 0
53 0
53.1 0
53.2 0
53.3 0
53.4 0
53.5 0
53.6 0
53.7 0
53.8 0
53.9 0
54 0
54.1 0
54.2 0
54.3 0
54.4 0
54.5 0
54.6 0
54.7 0
54.8 0
54.9 0
55 0
55.1 0
55.2 0
55.3 0
55.4 0
55.5 0
55.6 0
55.7 0
55.8 0
55.9 0
56 0
56.1 0
56.2 0
56.3 0
56.4 0
56.5 0
56.6 0
56.7 0
56.8 0
56.9 0
57 0
57.1 0
57.2 0
57.3 0
57.4 0
57.5 0
57.6 0
57.7 0
57.8 0
57.9 0
58 0
58.1 0
58.2 0
58.3 0
58.4 0
58.5 0
58.6 0
58.7 0
58.8 0
58.9 0
59 0
59.1 0
59.2 0
59.3 0
59.4 0
59.5 0
59.6 0
59.7 0
59.8 0
59.9 0
60 0
60.1 0
60.2 0
60.3 0
60.4 0
60.5 0
60.6 0
60.7 0
60.8 0
60.9 0
61 0
61.1 0
61.2 0
61.3 0
61.4 0
61.5 0
61.6 0
61.7 0
61.8 0
61.9 0
62 0
62.1 0
62.2 0
62.3 0
62.4 0
62.5 0
62.6 0
62.7 0
62.8 0
62.9 0
63 0
63.1 0
63.2 0
63.3 0
63.4 0
63.5 0
63.6 0
63.7 0
63.8 0
63.9 0
64 0
64.1 0
64.2 0
64.3 0
64.4 0
64.5 0
64.6 0
64.7 0
64.8 0
64.9 0
65 0
65.1 0
65.2 0
65.3 0
65.4 0
65.5 0
65.6 0
65.7 0
65.8 0
65.9 0
66 0
66.1 0
66.2 0
66.3 0
66.4 0
66.5 0
66.6 0
66.7 0
66.8 0
66.9 0
67 0
67.1 0
67.2 0
67.3 0
67.4 0
67.5 0
67.6 0
67.7 0
67.8 0
67.9 0
68 0
68.1 0
68.2 0
68.3 0
68.4 0
68.5 0
68.6 0
68.7 0
68.8 0
68.9 0
69 0
69.1 0.000140910000000002
69.2 0.000281820000000003
69.3 0.000422730000000003
69.4 0.000563640000000005
69.5 0.000704550000000005
69.6 0.000845460000000008
69.7 0.000986370000000009
69.8 0.00112728000000001
69.9 0.00126819000000001
70 0.0014091
70.1 0.00183973000000001
70.2 0.00227036000000001
70.3 0.00270099000000001
70.4 0.00313162000000002
70.5 0.00356225000000002
70.6 0.00399288000000003
70.7 0.00442351000000003
70.8 0.00485414000000002
70.9 0.00528477000000004
71 0.0057154
71.1 0.00629736000000001
71.2 0.00687932000000001
71.3 0.00746128000000001
71.4 0.00804324000000002
71.5 0.00862520000000002
71.6 0.00920716000000004
71.7 0.00978912000000004
71.8 0.01037108
71.9 0.01095304
72 0.011535
72.1 0.0129551
72.2 0.0143752
72.3 0.0157953
72.4 0.0172154000000001
72.5 0.0186355000000001
72.6 0.0200556000000001
72.7 0.0214757000000001
72.8 0.0228958000000001
72.9 0.0243159000000001
73 0.025736
73.1 0.0272902
73.2 0.0288444
73.3 0.0303986
73.4 0.0319528000000001
73.5 0.0335070000000001
73.6 0.0350612000000001
73.7 0.0366154000000001
73.8 0.0381696000000001
73.9 0.0397238000000001
74 0.041278
74.1 0.0433282
74.2 0.0453784
74.3 0.0474286
74.4 0.0494788000000001
74.5 0.0515290000000001
74.6 0.0535792000000001
74.7 0.0556294000000001
74.8 0.0576796000000001
74.9 0.0597298000000002
75 0.06178
75.1 0.0634529
75.2 0.0651258
75.3 0.0667987
75.4 0.0684716000000001
75.5 0.0701445000000001
75.6 0.0718174000000001
75.7 0.0734903000000001
75.8 0.0751632000000001
75.9 0.0768361000000001
76 0.078509
76.1 0.0791822
76.2 0.0798554
76.3 0.0805286
76.4 0.0812018
76.5 0.081875
76.6 0.0825482
76.7 0.0832214
76.8 0.0838946
76.9 0.0845678000000001
77 0.085241
77.1 0.0855473
77.2 0.0858536
77.3 0.0861599
77.4 0.0864662
77.5 0.0867725
77.6 0.0870788
77.7 0.0873851
77.8 0.0876914
77.9 0.0879977
78 0.088304
78.1 0.0874864
78.2 0.0866688
78.3 0.0858512
78.4 0.0850336
78.5 0.084216
78.6 0.0833983999999999
78.7 0.0825807999999999
78.8 0.0817632
78.9 0.0809455999999999
79 0.080128
79.1 0.0791905
79.2 0.078253
79.3 0.0773155
79.4 0.076378
79.5 0.0754405
79.6 0.0745029999999999
79.7 0.0735654999999999
79.8 0.0726279999999999
79.9 0.0716904999999999
80 0.070753
80.1 0.0701935
80.2 0.069634
80.3 0.0690745
80.4 0.068515
80.5 0.0679555
80.6 0.067396
80.7 0.0668365
80.8 0.066277
80.9 0.0657174999999999
81 0.065158
81.1 0.0647089
81.2 0.0642598
81.3 0.0638107
81.4 0.0633616
81.5 0.0629125
81.6 0.0624634
81.7 0.0620143
81.8 0.0615652
81.9 0.0611161
82 0.060667
82.1 0.0606003
82.2 0.0605336
82.3 0.0604669
82.4 0.0604002
82.5 0.0603335
82.6 0.0602668
82.7 0.0602001
82.8 0.0601334
82.9 0.0600667
83 0.06
83.1 0.0601645
83.2 0.060329
83.3 0.0604935
83.4 0.060658
83.5 0.0608225
83.6 0.060987
83.7 0.0611515
83.8 0.061316
83.9 0.0614805
84 0.061645
84.1 0.0628879
84.2 0.0641308
84.3 0.0653737
84.4 0.0666166000000001
84.5 0.0678595000000001
84.6 0.0691024000000001
84.7 0.0703453000000001
84.8 0.0715882000000001
84.9 0.0728311000000001
85 0.074074
85.1 0.0755116
85.2 0.0769492
85.3 0.0783868000000001
85.4 0.0798244000000001
85.5 0.0812620000000001
85.6 0.0826996000000001
85.7 0.0841372000000001
85.8 0.0855748000000002
85.9 0.0870124000000002
86 0.08845
86.1 0.0891103
86.2 0.0897706
86.3 0.0904309
86.4 0.0910912
86.5 0.0917515
86.6 0.0924118
86.7 0.0930721
86.8 0.0937324000000001
86.9 0.0943927000000001
87 0.095053
87.1 0.0955687
87.2 0.0960844
87.3 0.0966001
87.4 0.0971158
87.5 0.0976315
87.6 0.0981472
87.7 0.0986629
87.8 0.0991786
87.9 0.0996943000000001
88 0.10021
88.1 0.100728
88.2 0.101246
88.3 0.101764
88.4 0.102282
88.5 0.1028
88.6 0.103318
88.7 0.103836
88.8 0.104354
88.9 0.104872
89 0.10539
89.1 0.105738
89.2 0.106086
89.3 0.106434
89.4 0.106782
89.5 0.10713
89.6 0.107478
89.7 0.107826
89.8 0.108174
89.9 0.108522
90 0.10887
90.1 0.108469
90.2 0.108068
90.3 0.107667
90.4 0.107266
90.5 0.106865
90.6 0.106464
90.7 0.106063
90.8 0.105662
90.9 0.105261
91 0.10486
91.1 0.1042529
91.2 0.1036458
91.3 0.1030387
91.4 0.1024316
91.5 0.1018245
91.6 0.1012174
91.7 0.1006103
91.8 0.1000032
91.9 0.0993960999999999
92 0.098789
92.1 0.0974462
92.2 0.0961034
92.3 0.0947606
92.4 0.0934177999999999
92.5 0.0920749999999999
92.6 0.0907321999999999
92.7 0.0893893999999999
92.8 0.0880465999999999
92.9 0.0867037999999999
93 0.085361
93.1 0.083963
93.2 0.082565
93.3 0.0811669999999999
93.4 0.0797689999999999
93.5 0.0783709999999999
93.6 0.0769729999999999
93.7 0.0755749999999999
93.8 0.0741769999999999
93.9 0.0727789999999998
94 0.071381
94.1 0.0707706
94.2 0.0701602
94.3 0.0695498
94.4 0.0689394
94.5 0.068329
94.6 0.0677185999999999
94.7 0.0671082
94.8 0.0664977999999999
94.9 0.0658873999999999
95 0.065277
95.1 0.0648166
95.2 0.0643562
95.3 0.0638958
95.4 0.0634354
95.5 0.062975
95.6 0.0625146
95.7 0.0620542
95.8 0.0615937999999999
95.9 0.0611333999999999
96 0.060673
96.1 0.0606038
96.2 0.0605346
96.3 0.0604654
96.4 0.0603962
96.5 0.060327
96.6 0.0602578
96.7 0.0601886
96.8 0.0601194
96.9 0.0600502
97 0.059981
97.1 0.0600405
97.2 0.0601
97.3 0.0601595
97.4 0.060219
97.5 0.0602785
97.6 0.060338
97.7 0.0603975
97.8 0.060457
97.9 0.0605165
98 0.060576
98.1 0.0609967
98.2 0.0614174
98.3 0.0618381
98.4 0.0622588
98.5 0.0626795
98.6 0.0631002
98.7 0.0635209
98.8 0.0639416
98.9 0.0643623
99 0.064783
99.1 0.0650956
99.2 0.0654082
99.3 0.0657208
99.4 0.0660334
99.5 0.066346
99.6 0.0666586
99.7 0.0669712
99.8 0.0672838
99.9 0.0675964
100 0.067909
100.1 0.0670062
100.2 0.0661034
100.3 0.0652006
100.4 0.0642977999999999
100.5 0.063395
100.6 0.0624921999999999
100.7 0.0615893999999999
100.8 0.0606865999999999
100.9 0.0597837999999999
101 0.058881
101.1 0.0576924
101.2 0.0565038
101.3 0.0553152
101.4 0.0541265999999999
101.5 0.0529379999999999
101.6 0.0517493999999999
101.7 0.0505607999999999
101.8 0.0493721999999999
101.9 0.0481835999999999
102 0.046995
102.1 0.045709
102.2 0.044423
102.3 0.043137
102.4 0.0418509999999999
102.5 0.0405649999999999
102.6 0.0392789999999999
102.7 0.0379929999999999
102.8 0.0367069999999999
102.9 0.0354209999999999
103 0.034135
103.1 0.0327391
103.2 0.0313432
103.3 0.0299472999999999
103.4 0.0285513999999999
103.5 0.0271554999999999
103.6 0.0257595999999999
103.7 0.0243636999999999
103.8 0.0229677999999998
103.9 0.0215718999999998
104 0.020176
104.1 0.01907145
104.2 0.0179669
104.3 0.01686235
104.4 0.0157577999999999
104.5 0.0146532499999999
104.6 0.0135486999999999
104.7 0.0124441499999999
104.8 0.0113395999999999
104.9 0.0102350499999999
105 0.0091305
105.1 0.01065445
105.2 0.0121784
105.3 0.0137023500000001
105.4 0.0152263000000001
105.5 0.0167502500000001
105.6 0.0182742000000001
105.7 0.0197981500000001
105.8 0.0213221000000002
105.9 0.0228460500000002
106 0.02437
106.1 0.0275259
106.2 0.0306818000000001
106.3 0.0338377000000001
106.4 0.0369936000000002
106.5 0.0401495000000002
106.6 0.0433054000000002
106.7 0.0464613000000002
106.8 0.0496172000000003
106.9 0.0527731000000003
107 0.055929
107.1 0.0576398
107.2 0.0593506
107.3 0.0610614000000001
107.4 0.0627722000000001
107.5 0.0644830000000001
107.6 0.0661938000000001
107.7 0.0679046000000001
107.8 0.0696154000000002
107.9 0.0713262000000002
108 0.073037
108.1 0.0756241
108.2 0.0782112000000001
108.3 0.0807983000000001
108.4 0.0833854000000001
108.5 0.0859725000000001
108.6 0.0885596000000002
108.7 0.0911467000000002
108.8 0.0937338000000003
108.9 0.0963209000000003
109 0.098908
109.1 0.0990222
109.2 0.0991364
109.3 0.0992506
109.4 0.0993648
109.5 0.099479
109.6 0.0995932
109.7 0.0997074
109.8 0.0998216
109.9 0.0999358
110 0.10005
110.1 0.100048
110.2 0.100046
110.3 0.100044
110.4 0.100042
110.5 0.10004
110.6 0.100038
110.7 0.100036
110.8 0.100034
110.9 0.100032
111 0.10003
111.1 0.1000258
111.2 0.1000216
111.3 0.1000174
111.4 0.1000132
111.5 0.100009
111.6 0.1000048
111.7 0.1000006
111.8 0.0999964
111.9 0.0999922
112 0.099988
112.1 0.0999952
112.2 0.1000024
112.3 0.1000096
112.4 0.1000168
112.5 0.100024
112.6 0.1000312
112.7 0.1000384
112.8 0.1000456
112.9 0.1000528
113 0.10006
113.1 0.1000436
113.2 0.1000272
113.3 0.1000108
113.4 0.0999944
113.5 0.099978
113.6 0.0999616
113.7 0.0999452
113.8 0.0999288
113.9 0.0999124
114 0.099896
114.1 0.0999033
114.2 0.0999106
114.3 0.0999179
114.4 0.0999252
114.5 0.0999325
114.6 0.0999398
114.7 0.0999471
114.8 0.0999544
114.9 0.0999617
115 0.099969
115.1 0.0999718
115.2 0.0999746
115.3 0.0999774
115.4 0.0999802
115.5 0.099983
115.6 0.0999858
115.7 0.0999886
115.8 0.0999914
115.9 0.0999942
116 0.099997
116.1 0.0999993
116.2 0.1000016
116.3 0.1000039
116.4 0.1000062
116.5 0.1000085
116.6 0.1000108
116.7 0.1000131
116.8 0.1000154
116.9 0.1000177
117 0.10002
117.1 0.1000176
117.2 0.1000152
117.3 0.1000128
117.4 0.1000104
117.5 0.100008
117.6 0.1000056
117.7 0.1000032
117.8 0.1000008
117.9 0.0999984
118 0.099996
118.1 0.0999826
118.2 0.0999692
118.3 0.0999558
118.4 0.0999424
118.5 0.099929
118.6 0.0999156
118.7 0.0999022
118.8 0.0998888
118.9 0.0998754
119 0.099862
119.1 0.0998848
119.2 0.0999076
119.3 0.0999304
119.4 0.0999532
119.5 0.099976
119.6 0.0999988
119.7 0.1000216
119.8 0.1000444
119.9 0.1000672
120 0.10009
120.1 0.10009
120.2 0.10009
120.3 0.10009
120.4 0.10009
120.5 0.10009
120.6 0.10009
120.7 0.10009
120.8 0.10009
120.9 0.10009
121 0.10009
121.1 0.100086
121.2 0.100082
121.3 0.100078
121.4 0.100074
121.5 0.10007
121.6 0.100066
121.7 0.100062
121.8 0.100058
121.9 0.100054
122 0.10005
122.1 0.1000397
122.2 0.1000294
122.3 0.1000191
122.4 0.1000088
122.5 0.0999985
122.6 0.0999882
122.7 0.0999779
122.8 0.0999676
122.9 0.0999573
123 0.099947
123.1 0.0999523
123.2 0.0999576
123.3 0.0999629
123.4 0.0999682
123.5 0.0999735
123.6 0.0999788
123.7 0.0999841
123.8 0.0999894
123.9 0.0999947
124 0.1
124.1 0.1
124.2 0.1
124.3 0.1
124.4 0.1
124.5 0.1
124.6 0.1
124.7 0.1
124.8 0.1
124.9 0.1
125 0.1
125.1 0.100008
125.2 0.100016
125.3 0.100024
125.4 0.100032
125.5 0.10004
125.6 0.100048
125.7 0.100056
125.8 0.100064
125.9 0.100072
126 0.10008
126.1 0.100084
126.2 0.100088
126.3 0.100092
126.4 0.100096
126.5 0.1001
126.6 0.100104
126.7 0.100108
126.8 0.100112
126.9 0.100116
127 0.10012
127.1 0.10011
127.2 0.1001
127.3 0.10009
127.4 0.10008
127.5 0.10007
127.6 0.10006
127.7 0.10005
127.8 0.10004
127.9 0.10003
128 0.10002
128.1 0.100021
128.2 0.100022
128.3 0.100023
128.4 0.100024
128.5 0.100025
128.6 0.100026
128.7 0.100027
128.8 0.100028
128.9 0.100029
129 0.10003
129.1 0.100027
129.2 0.100024
129.3 0.100021
129.4 0.100018
129.5 0.100015
129.6 0.100012
129.7 0.100009
129.8 0.100006
129.9 0.100003
130 0.1
130.1 0.100004
130.2 0.100008
130.3 0.100012
130.4 0.100016
130.5 0.10002
130.6 0.100024
130.7 0.100028
130.8 0.100032
130.9 0.100036
131 0.10004
131.1 0.10004
131.2 0.10004
131.3 0.10004
131.4 0.10004
131.5 0.10004
131.6 0.10004
131.7 0.10004
131.8 0.10004
131.9 0.10004
132 0.10004
132.1 0.1000337
132.2 0.1000274
132.3 0.1000211
132.4 0.1000148
132.5 0.1000085
132.6 0.1000022
132.7 0.0999959
132.8 0.0999896
132.9 0.0999833
133 0.099977
133.1 0.0999792
133.2 0.0999814
133.3 0.0999836
133.4 0.0999858
133.5 0.099988
133.6 0.0999902
133.7 0.0999924
133.8 0.0999946
133.9 0.0999968
134 0.099999
134.1 0.099995
134.2 0.099991
134.3 0.099987
134.4 0.099983
134.5 0.099979
134.6 0.099975
134.7 0.099971
134.8 0.099967
134.9 0.099963
135 0.099959
135.1 0.0999711
135.2 0.0999832
135.3 0.0999953
135.4 0.1000074
135.5 0.1000195
135.6 0.1000316
135.7 0.1000437
135.8 0.1000558
135.9 0.1000679
136 0.10008
136.1 0.100076
136.2 0.100072
136.3 0.100068
136.4 0.100064
136.5 0.10006
136.6 0.100056
136.7 0.100052
136.8 0.100048
136.9 0.100044
137 0.10004
137.1 0.100041
137.2 0.100042
137.3 0.100043
137.4 0.100044
137.5 0.100045
137.6 0.100046
137.7 0.100047
137.8 0.100048
137.9 0.100049
138 0.10005
138.1 0.100052
138.2 0.100054
138.3 0.100056
138.4 0.100058
138.5 0.10006
138.6 0.100062
138.7 0.100064
138.8 0.100066
138.9 0.100068
139 0.10007
139.1 0.100067
139.2 0.100064
139.3 0.100061
139.4 0.100058
139.5 0.100055
139.6 0.100052
139.7 0.100049
139.8 0.100046
139.9 0.100043
140 0.10004
140.1 0.1000324
140.2 0.1000248
140.3 0.1000172
140.4 0.1000096
140.5 0.100002
140.6 0.0999944
140.7 0.0999868
140.8 0.0999792
140.9 0.0999716
141 0.099964
141.1 0.0999686
141.2 0.0999732
141.3 0.0999778
141.4 0.0999824
141.5 0.099987
141.6 0.0999916
141.7 0.0999962
141.8 0.1000008
141.9 0.1000054
142 0.10001
142.1 0.100017
142.2 0.100024
142.3 0.100031
142.4 0.100038
142.5 0.100045
142.6 0.100052
142.7 0.100059
142.8 0.100066
142.9 0.100073
143 0.10008
143.1 0.100079
143.2 0.100078
143.3 0.100077
143.4 0.100076
143.5 0.100075
143.6 0.100074
143.7 0.100073
143.8 0.100072
143.9 0.100071
144 0.10007
144.1 0.100061
144.2 0.100052
144.3 0.100043
144.4 0.100034
144.5 0.100025
144.6 0.100016
144.7 0.100007
144.8 0.099998
144.9 0.099989
145 0.09998
145.1 0.0999812
145.2 0.0999824
145.3 0.0999836
145.4 0.0999848
145.5 0.099986
145.6 0.0999872
145.7 0.0999884
145.8 0.0999896
145.9 0.0999908
146 0.099992
146.1 0.0999913
146.2 0.0999906
146.3 0.0999899
146.4 0.0999892
146.5 0.0999885
146.6 0.0999878
146.7 0.0999871
146.8 0.0999864
146.9 0.0999857
147 0.099985
147.1 0.099985
147.2 0.099985
147.3 0.099985
147.4 0.099985
147.5 0.099985
147.6 0.099985
147.7 0.099985
147.8 0.099985
147.9 0.099985
148 0.099985
148.1 0.0999854
148.2 0.0999858
148.3 0.0999862
148.4 0.0999866
148.5 0.099987
148.6 0.0999874
148.7 0.0999878
148.8 0.0999882
148.9 0.0999886
149 0.099989
149.1 0.0999847
149.2 0.0999804
149.3 0.0999761
149.4 0.0999718
149.5 0.0999675
149.6 0.0999632
149.7 0.0999589
149.8 0.0999546
149.9 0.0999503
150 0.099946
150.1 0.0999465
150.2 0.099947
150.3 0.0999475
150.4 0.099948
150.5 0.0999485
150.6 0.099949
150.7 0.0999495
150.8 0.09995
150.9 0.0999505
151 0.099951
151.1 0.0999511
151.2 0.0999512
151.3 0.0999513
151.4 0.0999514
151.5 0.0999515
151.6 0.0999516
151.7 0.0999517
151.8 0.0999518
151.9 0.0999519
152 0.099952
152.1 0.0999518
152.2 0.0999516
152.3 0.0999514
152.4 0.0999512
152.5 0.099951
152.6 0.0999508
152.7 0.0999506
152.8 0.0999504
152.9 0.0999502
153 0.09995
153.1 0.0999482
153.2 0.0999464
153.3 0.0999446
153.4 0.0999428
153.5 0.099941
153.6 0.0999392
153.7 0.0999374
153.8 0.0999356
153.9 0.0999338
154 0.099932
154.1 0.0999388
154.2 0.0999456
154.3 0.0999524
154.4 0.0999592
154.5 0.099966
154.6 0.0999728
154.7 0.0999796
154.8 0.0999864
154.9 0.0999932
155 0.1
155.1 0.100008
155.2 0.100016
155.3 0.100024
155.4 0.100032
155.5 0.10004
155.6 0.100048
155.7 0.100056
155.8 0.100064
155.9 0.100072
156 0.10008
156.1 0.100078
156.2 0.100076
156.3 0.100074
156.4 0.100072
156.5 0.10007
156.6 0.100068
156.7 0.100066
156.8 0.100064
156.9 0.100062
157 0.10006
157.1 0.100054
157.2 0.100048
157.3 0.100042
157.4 0.100036
157.5 0.10003
157.6 0.100024
157.7 0.100018
157.8 0.100012
157.9 0.100006
158 0.1
158.1 0.100005
158.2 0.10001
158.3 0.100015
158.4 0.10002
158.5 0.100025
158.6 0.10003
158.7 0.100035
158.8 0.10004
158.9 0.100045
159 0.10005
159.1 0.100045
159.2 0.10004
159.3 0.100035
159.4 0.10003
159.5 0.100025
159.6 0.10002
159.7 0.100015
159.8 0.10001
159.9 0.100005
160 0.1
160.1 0.100001
160.2 0.100002
160.3 0.100003
160.4 0.100004
160.5 0.100005
160.6 0.100006
160.7 0.100007
160.8 0.100008
160.9 0.100009
161 0.10001
161.1 0.1000049
161.2 0.0999998
161.3 0.0999947
161.4 0.0999896
161.5 0.0999845
161.6 0.0999794
161.7 0.0999743
161.8 0.0999692
161.9 0.0999641
162 0.099959
162.1 0.0999651
162.2 0.0999712
162.3 0.0999773
162.4 0.0999834
162.5 0.0999895
162.6 0.0999956
162.7 0.1000017
162.8 0.1000078
162.9 0.1000139
163 0.10002
163.1 0.1000165
163.2 0.100013
163.3 0.1000095
163.4 0.100006
163.5 0.1000025
163.6 0.099999
163.7 0.0999955
163.8 0.099992
163.9 0.0999885
164 0.099985
164.1 0.0999865
164.2 0.099988
164.3 0.0999895
164.4 0.099991
164.5 0.0999925
164.6 0.099994
164.7 0.0999955
164.8 0.099997
164.9 0.0999985
165 0.1
165.1 0.0999911
165.2 0.0999822
165.3 0.0999733
165.4 0.0999644
165.5 0.0999555
165.6 0.0999466
165.7 0.0999377
165.8 0.0999288
165.9 0.0999199
166 0.099911
166.1 0.0998987
166.2 0.0998864
166.3 0.0998741
166.4 0.0998618
166.5 0.0998495
166.6 0.0998372
166.7 0.0998249
166.8 0.0998126
166.9 0.0998003
167 0.099788
167.1 0.0998012
167.2 0.0998144
167.3 0.0998276
167.4 0.0998408
167.5 0.099854
167.6 0.0998672
167.7 0.0998804
167.8 0.0998936
167.9 0.0999068
168 0.09992
168.1 0.0999202
168.2 0.0999204
168.3 0.0999206
168.4 0.0999208
168.5 0.099921
168.6 0.0999212
168.7 0.0999214
168.8 0.0999216
168.9 0.0999218
169 0.099922
169.1 0.0999318
169.2 0.0999416
169.3 0.0999514
169.4 0.0999612
169.5 0.099971
169.6 0.0999808
169.7 0.0999906
169.8 0.1000004
169.9 0.1000102
170 0.10002
170.1 0.100018
170.2 0.100016
170.3 0.100014
170.4 0.100012
170.5 0.10001
170.6 0.100008
170.7 0.100006
170.8 0.100004
170.9 0.100002
171 0.1
171.1 0.0999994
171.2 0.0999988
171.3 0.0999982
171.4 0.0999976
171.5 0.099997
171.6 0.0999964
171.7 0.0999958
171.8 0.0999952
171.9 0.0999946
172 0.099994
172.1 0.1000046
172.2 0.1000152
172.3 0.1000258
172.4 0.1000364
172.5 0.100047
172.6 0.1000576
172.7 0.1000682
172.8 0.1000788
172.9 0.1000894
173 0.1001
173.1 0.100093
173.2 0.100086
173.3 0.100079
173.4 0.100072
173.5 0.100065
173.6 0.100058
173.7 0.100051
173.8 0.100044
173.9 0.100037
174 0.10003
174.1 0.100039
174.2 0.100048
174.3 0.100057
174.4 0.100066
174.5 0.100075
174.6 0.100084
174.7 0.100093
174.8 0.100102
174.9 0.100111
175 0.10012
175.1 0.10011
175.2 0.1001
175.3 0.10009
175.4 0.10008
175.5 0.10007
175.6 0.10006
175.7 0.10005
175.8 0.10004
175.9 0.10003
176 0.10002
176.1 0.100026
176.2 0.100032
176.3 0.100038
176.4 0.100044
176.5 0.10005
176.6 0.100056
176.7 0.100062
176.8 0.100068
176.9 0.100074
177 0.10008
177.1 0.100096
177.2 0.100112
177.3 0.100128
177.4 0.100144
177.5 0.10016
177.6 0.100176
177.7 0.100192
177.8 0.100208
177.9 0.100224
178 0.10024
178.1 0.1002139
178.2 0.1001878
178.3 0.1001617
178.4 0.1001356
178.5 0.1001095
178.6 0.1000834
178.7 0.1000573
178.8 0.1000312
178.9 0.1000051
179 0.099979
179.1 0.0999811
179.2 0.0999832
179.3 0.0999853
179.4 0.0999874
179.5 0.0999895
179.6 0.0999916
179.7 0.0999937
179.8 0.0999958
179.9 0.0999979
180 0.1
180.1 0.100006
180.2 0.100012
180.3 0.100018
180.4 0.100024
180.5 0.10003
180.6 0.100036
180.7 0.100042
180.8 0.100048
180.9 0.100054
181 0.10006
181.1 0.100059
181.2 0.100058
181.3 0.100057
181.4 0.100056
181.5 0.100055
181.6 0.100054
181.7 0.100053
181.8 0.100052
181.9 0.100051
182 0.10005
182.1 0.1000429
182.2 0.1000358
182.3 0.1000287
182.4 0.1000216
182.5 0.1000145
182.6 0.1000074
182.7 0.1000003
182.8 0.0999932
182.9 0.0999861
183 0.099979
183.1 0.0999795
183.2 0.09998
183.3 0.0999805
183.4 0.099981
183.5 0.0999815
183.6 0.099982
183.7 0.0999825
183.8 0.099983
183.9 0.0999835
184 0.099984
184.1 0.0958611999999999
184.2 0.0917383999999998
184.3 0.0876155999999997
184.4 0.0834927999999997
184.5 0.0793699999999997
184.6 0.0752471999999995
184.7 0.0711243999999994
184.8 0.0670015999999994
184.9 0.0628787999999995
185 0.058756
185.1 0.0528803999999998
185.2 0.0470047999999997
185.3 0.0411291999999996
185.4 0.0352535999999996
185.5 0.0293779999999996
185.6 0.0235023999999993
185.7 0.0176267999999992
185.8 0.0117511999999991
185.9 0.00587559999999922
186 0
186.1 0
186.2 0
186.3 0
186.4 0
186.5 0
186.6 0
186.7 0
186.8 0
186.9 0
187 0
187.1 0
187.2 0
187.3 0
187.4 0
187.5 0
187.6 0
187.7 0
187.8 0
187.9 0
188 0
188.1 0
188.2 0
188.3 0
188.4 0
188.5 0
188.6 0
188.7 0
188.8 0
188.9 0
189 0
189.1 0
189.2 0
189.3 0
189.4 0
189.5 0
189.6 0
189.7 0
189.8 0
189.9 0
190 0
190.1 0
190.2 0
190.3 0
190.4 0
190.5 0
190.6 0
190.7 0
190.8 0
190.9 0
191 0
191.1 0
191.2 0
191.3 0
191.4 0
191.5 0
191.6 0
191.7 0
191.8 0
191.9 0
192 0
192.1 0
192.2 0
192.3 0
192.4 0
192.5 0
192.6 0
192.7 0
192.8 0
192.9 0
193 0
193.1 0
193.2 0
193.3 0
193.4 0
193.5 0
193.6 0
193.7 0
193.8 0
193.9 0
194 0
194.1 0
194.2 0
194.3 0
194.4 0
194.5 0
194.6 0
194.7 0
194.8 0
194.9 0
195 0
195.1 0
195.2 0
195.3 0
195.4 0
195.5 0
195.6 0
195.7 0
195.8 0
195.9 0
196 0
196.1 0
196.2 0
196.3 0
196.4 0
196.5 0
196.6 0
196.7 0
196.8 0
196.9 0
197 0
197.1 0
197.2 0
197.3 0
197.4 0
197.5 0
197.6 0
197.7 0
197.8 0
197.9 0
198 0
198.1 0
198.2 0
198.3 0
198.4 0
198.5 0
198.6 0
198.7 0
198.8 0
198.9 0
199 0
199.1 0
199.2 0
199.3 0
199.4 0
199.5 0
199.6 0
199.7 0
199.8 0
199.9 0
200 0
200.1 0
200.2 0
200.3 0
200.4 0
200.5 0
200.6 0
200.7 0
200.8 0
200.9 0
201 0
201.1 0
201.2 0
201.3 0
201.4 0
201.5 0
201.6 0
201.7 0
201.8 0
201.9 0
202 0
202.1 0
202.2 0
202.3 0
202.4 0
202.5 0
202.6 0
202.7 0
202.8 0
202.9 0
203 0
203.1 0
203.2 0
203.3 0
203.4 0
203.5 0
203.6 0
203.7 0
203.8 0
203.9 0
204 0
204.1 0
204.2 0
204.3 0
204.4 0
204.5 0
204.6 0
204.7 0
204.8 0
204.9 0
205 0
205.1 0
205.2 0
205.3 0
205.4 0
205.5 0
205.6 0
205.7 0
205.8 0
205.9 0
206 0
206.1 0
206.2 0
206.3 0
206.4 0
206.5 0
206.6 0
206.7 0
206.8 0
206.9 0
207 0
207.1 0
207.2 0
207.3 0
207.4 0
207.5 0
207.6 0
207.7 0
207.8 0
207.9 0
208 0
208.1 0
208.2 0
208.3 0
208.4 0
208.5 0
208.6 0
208.7 0
208.8 0
208.9 0
209 0
209.1 0
209.2 0
209.3 0
209.4 0
209.5 0
209.6 0
209.7 0
209.8 0
209.9 0
210 0
210.1 0
210.2 0
210.3 0
210.4 0
210.5 0
210.6 0
210.7 0
210.8 0
210.9 0
211 0
211.1 0
211.2 0
211.3 0
211.4 0
211.5 0
211.6 0
211.7 0
211.8 0
211.9 0
212 0
212.1 0
212.2 0
212.3 0
212.4 0
212.5 0
212.6 0
212.7 0
212.8 0
212.9 0
213 0
213.1 0
213.2 0
213.3 0
213.4 0
213.5 0
213.6 0
213.7 0
213.8 0
213.9 0
214 0
214.1 0
214.2 0
214.3 0
214.4 0
214.5 0
214.6 0
214.7 0
214.8 0
214.9 0
215 0
215.1 0
215.2 0
215.3 0
215.4 0
215.5 0
215.6 0
215.7 0
215.8 0
215.9 0
216 0
216.1 0
216.2 0
216.3 0
216.4 0
216.5 0
216.6 0
216.7 0
216.8 0
216.9 0
217 0
217.1 0
217.2 0
217.3 0
217.4 0
217.5 0
217.6 0
217.7 0
217.8 0
217.9 0
218 0
218.1 0
218.2 0
218.3 0
218.4 0
218.5 0
218.6 0
218.7 0
218.8 0
218.9 0
219 0
219.1 0
219.2 0
219.3 0
219.4 0
219.5 0
219.6 0
219.7 0
219.8 0
219.9 0
220 0
220.1 0
220.2 0
220.3 0
220.4 0
220.5 0
220.6 0
220.7 0
220.8 0
220.9 0
221 0
221.1 0
221.2 0
221.3 0
221.4 0
221.5 0
221.6 0
221.7 0
221.8 0
221.9 0
222 0
222.1 0
222.2 0
222.3 0
222.4 0
222.5 0
222.6 0
222.7 0
222.8 0
222.9 0
223 0
223.1 0
223.2 0
223.3 0
223.4 0
223.5 0
223.6 0
223.7 0
223.8 0
223.9 0
224 0
224.1 0
224.2 0
224.3 0
224.4 0
224.5 0
224.6 0
224.7 0
224.8 0
224.9 0
225 0
225.1 0
225.2 0
225.3 0
225.4 0
225.5 0
225.6 0
225.7 0
225.8 0
225.9 0
226 0
226.1 0
226.2 0
226.3 0
226.4 0
226.5 0
226.6 0
226.7 0
226.8 0
226.9 0
227 0
227.1 0
227.2 0
227.3 0
227.4 0
227.5 0
227.6 0
227.7 0
227.8 0
227.9 0
228 0
228.1 0
228.2 0
228.3 0
228.4 0
228.5 0
228.6 0
228.7 0
228.8 0
228.9 0
229 0
229.1 0
229.2 0
229.3 0
229.4 0
229.5 0
229.6 0
229.7 0
229.8 0
229.9 0
230 0
230.1 0
230.2 0
230.3 0
230.4 0
230.5 0
230.6 0
230.7 0
230.8 0
230.9 0
