5 0
5.1 0
5.2 0
5.3 0
5.4 0
5.5 0
5.6 0
5.7 0
5.8 0
5.9 0
6 0
6.1 0
6.2 0
6.3 0
6.4 0
6.5 0
6.6 0
6.7 0
6.8 0
6.9 0
7 0
7.1 0
7.2 0
7.3 0
7.4 0
7.5 0
7.6 0
7.7 0
7.8 0
7.9 0
8 0
8.1 0
8.2 0
8.3 0
8.4 0
8.5 0
8.6 0
8.7 0
8.8 0
8.9 0
9 0
9.1 0
9.2 0
9.3 0
9.4 0
9.5 0
9.6 0
9.7 0
9.8 0
9.9 0
10 0
10.1 0
10.2 0
10.3 0
10.4 0
10.5 0
10.6 0
10.7 0
10.8 0
10.9 0
11 0
11.1 0
11.2 0
11.3 0
11.4 0
11.5 0
11.6 0
11.7 0
11.8 0
11.9 0
12 0
12.1 0
12.2 0
12.3 0
12.4 0
12.5 0
12.6 0
12.7 0
12.8 0
12.9 0
13 0
13.1 0
13.2 0
13.3 0
13.4 0
13.5 0
13.6 0
13.7 0
13.8 0
13.9 0
14 0
14.1 0
14.2 0
14.3 0
14.4 0
14.5 0
14.6 0
14.7 0
14.8 0
14.9 0
15 0
15.1 0
15.2 0
15.3 0
15.4 0
15.5 0
15.6 0
15.7 0
15.8 0
15.9 0
16 0
16.1 0
16.2 0
16.3 0
16.4 0
16.5 0
16.6 0
16.7 0
16.8 0
16.9 0
17 0
17.1 0
17.2 0
17.3 0
17.4 0
17.5 0
17.6 0
17.7 0
17.8 0
17.9 0
18 0
18.1 0
18.2 0
18.3 0
18.4 0
18.5 0
18.6 0
18.7 0
18.8 0
18.9 0
19 0
19.1 0
19.2 0
19.3 0
19.4 0
19.5 0
19.6 0
19.7 0
19.8 0
19.9 0
20 0
20.1 0
20.2 0
20.3 0
20.4 0
20.5 0
20.6 0
20.7 0
20.8 0
20.9 0
21 0
21.1 0
21.2 0
21.3 0
21.4 0
21.5 0
21.6 0
21.7 0
21.8 0
21.9 0
22 0
22.1 0
22.2 0
22.3 0
22.4 0
22.5 0
22.6 0
22.7 0
22.8 0
22.9 0
23 0
23.1 0
23.2 0
23.3 0
23.4 0
23.5 0
23.6 0
23.7 0
23.8 0
23.9 0
24 0
24.1 0
24.2 0
24.3 0
24.4 0
24.5 0
24.6 0
24.7 0
24.8 0
24.9 0
25 0
25.1 0
25.2 0
25.3 0
25.4 0
25.5 0
25.6 0
25.7 0
25.8 0
25.9 0
26 0
26.1 0
26.2 0
26.3 0
26.4 0
26.5 0
26.6 0
26.7 0
26.8 0
26.9 0
27 0
27.1 0
27.2 0
27.3 0
27.4 0
27.5 0
27.6 0
27.7 0
27.8 0
27.9 0
28 0
28.1 0
28.2 0
28.3 0
28.4 0
28.5 0
28.6 0
28.7 0
28.8 0
28.9 0
29 0
29.1 0
29.2 0
29.3 0
29.4 0
29.5 0
29.6 0
29.7 0
29.8 0
29.9 0
30 0
30.1 0
30.2 0
30.3 0
30.4 0
30.5 0
30.6 0
30.7 0
30.8 0
30.9 0
31 0
31.1 0
31.2 0
31.3 0
31.4 0
31.5 0
31.6 0
31.7 0
31.8 0
31.9 0
32 0
32.1 0
32.2 0
32.3 0
32.4 0
32.5 0
32.6 0
32.7 0
32.8 0
32.9 0
33 0
33.1 0
33.2 0
33.3 0
33.4 0
33.5 0
33.6 0
33.7 0
33.8 0
33.9 0
34 0
34.1 0
34.2 0
34.3 0
34.4 0
34.5 0
34.6 0
34.7 0
34.8 0
34.9 0
35 0
35.1 0
35.2 0
35.3 0
35.4 0
35.5 0
35.6 0
35.7 0
35.8 0
35.9 0
36 0
36.1 0
36.2 0
36.3 0
36.4 0
36.5 0
36.6 0
36.7 0
36.8 0
36.9 0
37 0
37.1 0
37.2 0
37.3 0
37.4 0
37.5 0
37.6 0
37.7 0
37.8 0
37.9 0
38 0
38.1 0
38.2 0
38.3 0
38.4 0
38.5 0
38.6 0
38.7 0
38.8 0
38.9 0
39 0
39.1 0
39.2 0
39.3 0
39.4 0
39.5 0
39.6 0
39.7 0
39.8 0
39.9 0
40 0
40.1 0
40.2 0
40.3 0
40.4 0
40.5 0
40.6 0
40.7 0
40.8 0
40.9 0
41 0
41.1 0
41.2 0
41.3 0
41.4 0
41.5 0
41.6 0
41.7 0
41.8 0
41.9 0
42 0
42.1 0
42.2 0
42.3 0
42.4 0
42.5 0
42.6 0
42.7 0
42.8 0
42.9 0
43 0
43.1 0
43.2 0
43.3 0
43.4 0
43.5 0
43.6 0
43.7 0
43.8 0
43.9 0
44 0
44.1 0
44.2 0
44.3 0
44.4 0
44.5 0
44.6 0
44.7 0
44.8 0
44.9 0
45 0
45.1 0
45.2 0
45.3 0
45.4 0
45.5 0
45.6 0
45.7 0
45.8 0
45.9 0
46 0
46.1 0
46.2 0
46.3 0
46.4 0
46.5 0
46.6 0
46.7 0
46.8 0
46.9 0
47 0
47.1 0
47.2 0
47.3 0
47.4 0
47.5 0
47.6 0
47.7 0
47.8 0
47.9 0
48 0
48.1 0
48.2 0
48.3 0
48.4 0
48.5 0
48.6 0
48.7 0
48.8 0
48.9 0
49 0
49.1 0
49.2 0
49.3 0
49.4 0
49.5 0
49.6 0
49.7 0
49.8 0
49.9 0
50 0
50.1 0
50.2 0
50.3 0
50.4 0
50.5 0
50.6 0
50.7 0
50.8 0
50.9 0
51 0
51.1 0
51.2 0
51.3 0
51.4 0
51.5 0
51.6 0
51.7 0
51.8 0
51.9 0
52 0
52.1 0
52.2 0
52.3 0
52.4 0
52.5 0
52.6 0
52.7 0
52.8 0
52.9 0
53 0
53.1 0
53.2 0
53.3 0
53.4 0
53.5 0
53.6 0
53.7 0
53.8 0
53.9 0
54 0
54.1 0
54.2 0
54.3 0
54.4 0
54.5 0
54.6 0
54.7 0
54.8 0
54.9 0
55 0
55.1 0
55.2 0
55.3 0
55.4 0
55.5 0
55.6 0
55.7 0
55.8 0
55.9 0
56 0
56.1 0
56.2 0
56.3 0
56.4 0
56.5 0
56.6 0
56.7 0
56.8 0
56.9 0
57 0
57.1 0
57.2 0
57.3 0
57.4 0
57.5 0
57.6 0
57.7 0
57.8 0
57.9 0
58 0
58.1 0
58.2 0
58.3 0
58.4 0
58.5 0
58.6 0
58.7 0
58.8 0
58.9 0
59 0
59.1 0
59.2 0
59.3 0
59.4 0
59.5 0
59.6 0
59.7 0
59.8 0
59.9 0
60 0
60.1 0
60.2 0
60.3 0
60.4 0
60.5 0
60.6 0
60.7 0
60.8 0
60.9 0
61 0
61.1 0
61.2 0
61.3 0
61.4 0
61.5 0
61.6 0
61.7 0
61.8 0
61.9 0
62 0
62.1 0
62.2 0
62.3 0
62.4 0
62.5 0
62.6 0
62.7 0
62.8 0
62.9 0
63 0
63.1 0
63.2 0
63.3 0
63.4 0
63.5 0
63.6 0
63.7 0
63.8 0
63.9 0
64 0
64.1 0
64.2 0
64.3 0
64.4 0
64.5 0
64.6 0
64.7 0
64.8 0
64.9 0
65 0
65.1 0
65.2 0
65.3 0
65.4 0
65.5 0
65.6 0
65.7 0
65.8 0
65.9 0
66 0
66.1 0
66.2 0
66.3 0
66.4 0
66.5 0
66.6 0
66.7 0
66.8 0
66.9 0
67 0
67.1 0
67.2 0
67.3 0
67.4 0
67.5 0
67.6 0
67.7 0
67.8 0
67.9 0
68 0
68.1 0
68.2 0
68.3 0
68.4 0
68.5 0
68.6 0
68.7 0
68.8 0
68.9 0
69 0
69.1 0.000281830000000004
69.2 0.000563660000000006
69.3 0.000845490000000006
69.4 0.00112732000000001
69.5 0.00140915000000001
69.6 0.00169098000000002
69.7 0.00197281000000002
69.8 0.00225464000000002
69.9 0.00253647000000002
70 0.0028183
70.1 0.00367957000000001
70.2 0.00454084000000002
70.3 0.00540211000000002
70.4 0.00626338000000003
70.5 0.00712465000000003
70.6 0.00798592000000005
70.7 0.00884719000000006
70.8 0.00970846000000005
70.9 0.0105697300000001
71 0.011431
71.1 0.01287
71.2 0.014309
71.3 0.015748
71.4 0.0171870000000001
71.5 0.0186260000000001
71.6 0.0200650000000001
71.7 0.0215040000000001
71.8 0.0229430000000001
71.9 0.0243820000000001
72 0.025821
72.1 0.0304846000000001
72.2 0.0351482000000001
72.3 0.0398118000000001
72.4 0.0444754000000002
72.5 0.0491390000000002
72.6 0.0538026000000003
72.7 0.0584662000000003
72.8 0.0631298000000002
72.9 0.0677934000000004
73 0.072457
73.1 0.0776923000000001
73.2 0.0829276000000001
73.3 0.0881629000000001
73.4 0.0933982000000002
73.5 0.0986335000000002
73.6 0.1038688
73.7 0.1091041
73.8 0.1143394
73.9 0.1195747
74 0.12481
74.1 0.131991
74.2 0.139172
74.3 0.146353
74.4 0.153534
74.5 0.160715
74.6 0.167896
74.7 0.175077
74.8 0.182258
74.9 0.189439000000001
75 0.19662
75.1 0.202254
75.2 0.207888
75.3 0.213522
75.4 0.219156
75.5 0.22479
75.6 0.230424
75.7 0.236058
75.8 0.241692
75.9 0.247326
76 0.25296
76.1 0.253677
76.2 0.254394
76.3 0.255111
76.4 0.255828
76.5 0.256545
76.6 0.257262
76.7 0.257979
76.8 0.258696
76.9 0.259413
77 0.26013
77.1 0.259737
77.2 0.259344
77.3 0.258951
77.4 0.258558
77.5 0.258165
77.6 0.257772
77.7 0.257379
77.8 0.256986
77.9 0.256593
78 0.2562
78.1 0.253577
78.2 0.250954
78.3 0.248331
78.4 0.245708
78.5 0.243085
78.6 0.240462
78.7 0.237839
78.8 0.235216
78.9 0.232593
79 0.22997
79.1 0.227169
79.2 0.224368
79.3 0.221567
79.4 0.218766
79.5 0.215965
79.6 0.213164
79.7 0.210363
79.8 0.207562
79.9 0.204761
80 0.20196
80.1 0.200301
80.2 0.198642
80.3 0.196983
80.4 0.195324
80.5 0.193665
80.6 0.192006
80.7 0.190347
80.8 0.188688
80.9 0.187029
81 0.18537
81.1 0.184138
81.2 0.182906
81.3 0.181674
81.4 0.180442
81.5 0.17921
81.6 0.177978
81.7 0.176746
81.8 0.175514
81.9 0.174282
82 0.17305
82.1 0.173624
82.2 0.174198
82.3 0.174772
82.4 0.175346
82.5 0.17592
82.6 0.176494
82.7 0.177068
82.8 0.177642
82.9 0.178216
83 0.17879
83.1 0.180246
83.2 0.181702
83.3 0.183158
83.4 0.184614
83.5 0.18607
83.6 0.187526
83.7 0.188982
83.8 0.190438
83.9 0.191894
84 0.19335
84.1 0.197237
84.2 0.201124
84.3 0.205011
84.4 0.208898
84.5 0.212785
84.6 0.216672
84.7 0.220559
84.8 0.224446
84.9 0.228333
85 0.23222
85.1 0.236595
85.2 0.24097
85.3 0.245345
85.4 0.24972
85.5 0.254095
85.6 0.25847
85.7 0.262845
85.8 0.26722
85.9 0.271595
86 0.27597
86.1 0.278393
86.2 0.280816
86.3 0.283239
86.4 0.285662
86.5 0.288085
86.6 0.290508
86.7 0.292931
86.8 0.295354
86.9 0.297777
87 0.3002
87.1 0.302108
87.2 0.304016
87.3 0.305924
87.4 0.307832
87.5 0.30974
87.6 0.311648
87.7 0.313556
87.8 0.315464
87.9 0.317372
88 0.31928
88.1 0.320388
88.2 0.321496
88.3 0.322604
88.4 0.323712
88.5 0.32482
88.6 0.325928
88.7 0.327036
88.8 0.328144
88.9 0.329252
89 0.33036
89.1 0.330948
89.2 0.331536
89.3 0.332124
89.4 0.332712
89.5 0.3333
89.6 0.333888
89.7 0.334476
89.8 0.335064
89.9 0.335652
90 0.33624
90.1 0.335033
90.2 0.333826
90.3 0.332619
90.4 0.331412
90.5 0.330205
90.6 0.328998
90.7 0.327791
90.8 0.326584
90.9 0.325377
91 0.32417
91.1 0.322406
91.2 0.320642
91.3 0.318878
91.4 0.317114
91.5 0.31535
91.6 0.313586
91.7 0.311822
91.8 0.310058
91.9 0.308294
92 0.30653
92.1 0.302498
92.2 0.298466
92.3 0.294434
92.4 0.290402
92.5 0.28637
92.6 0.282338
92.7 0.278306
92.8 0.274274
92.9 0.270242
93 0.26621
93.1 0.262004
93.2 0.257798
93.3 0.253592
93.4 0.249386
93.5 0.24518
93.6 0.240974
93.7 0.236768
93.8 0.232562
93.9 0.228356
94 0.22415
94.1 0.22231
94.2 0.22047
94.3 0.21863
94.4 0.21679
94.5 0.21495
94.6 0.21311
94.7 0.21127
94.8 0.20943
94.9 0.20759
95 0.20575
95.1 0.204363
95.2 0.202976
95.3 0.201589
95.4 0.200202
95.5 0.198815
95.6 0.197428
95.7 0.196041
95.8 0.194654
95.9 0.193267
96 0.19188
96.1 0.191678
96.2 0.191476
96.3 0.191274
96.4 0.191072
96.5 0.19087
96.6 0.190668
96.7 0.190466
96.8 0.190264
96.9 0.190062
97 0.18986
97.1 0.189987
97.2 0.190114
97.3 0.190241
97.4 0.190368
97.5 0.190495
97.6 0.190622
97.7 0.190749
97.8 0.190876
97.9 0.191003
98 0.19113
98.1 0.191969
98.2 0.192808
98.3 0.193647
98.4 0.194486
98.5 0.195325
98.6 0.196164
98.7 0.197003
98.8 0.197842
98.9 0.198681
99 0.19952
99.1 0.200014
99.2 0.200508
99.3 0.201002
99.4 0.201496
99.5 0.20199
99.6 0.202484
99.7 0.202978
99.8 0.203472
99.9 0.203966
100 0.20446
100.1 0.20173
100.2 0.199
100.3 0.19627
100.4 0.19354
100.5 0.19081
100.6 0.18808
100.7 0.18535
100.8 0.18262
100.9 0.17989
101 0.17716
101.1 0.17365
101.2 0.17014
101.3 0.16663
101.4 0.16312
101.5 0.15961
101.6 0.1561
101.7 0.15259
101.8 0.14908
101.9 0.14557
102 0.14206
102.1 0.138263
102.2 0.134466
102.3 0.130669
102.4 0.126872
102.5 0.123075
102.6 0.119278
102.7 0.115481
102.8 0.111684
102.9 0.107887
103 0.10409
103.1 0.0999676999999999
103.2 0.0958453999999999
103.3 0.0917230999999998
103.4 0.0876007999999998
103.5 0.0834784999999998
103.6 0.0793561999999997
103.7 0.0752338999999997
103.8 0.0711115999999996
103.9 0.0669892999999996
104 0.062867
104.1 0.0595752
104.2 0.0562833999999999
104.3 0.0529915999999999
104.4 0.0496997999999998
104.5 0.0464079999999998
104.6 0.0431161999999998
104.7 0.0398243999999998
104.8 0.0365325999999997
104.9 0.0332407999999996
105 0.029949
105.1 0.0343338000000001
105.2 0.0387186000000001
105.3 0.0431034000000002
105.4 0.0474882000000002
105.5 0.0518730000000002
105.6 0.0562578000000003
105.7 0.0606426000000003
105.8 0.0650274000000005
105.9 0.0694122000000005
106 0.073797
106.1 0.0834903000000001
106.2 0.0931836000000002
106.3 0.1028769
106.4 0.1125702
106.5 0.1222635
106.6 0.131956800000001
106.7 0.141650100000001
106.8 0.151343400000001
106.9 0.161036700000001
107 0.17073
107.1 0.17521
107.2 0.17969
107.3 0.18417
107.4 0.18865
107.5 0.19313
107.6 0.19761
107.7 0.20209
107.8 0.20657
107.9 0.21105
108 0.21553
108.1 0.22357
108.2 0.23161
108.3 0.23965
108.4 0.24769
108.5 0.25573
108.6 0.263770000000001
108.7 0.271810000000001
108.8 0.279850000000001
108.9 0.287890000000001
109 0.29593
109.1 0.296344
109.2 0.296758
109.3 0.297172
109.4 0.297586
109.5 0.298
109.6 0.298414
109.7 0.298828
109.8 0.299242
109.9 0.299656
110 0.30007
110.1 0.300071
110.2 0.300072
110.3 0.300073
110.4 0.300074
110.5 0.300075
110.6 0.300076
110.7 0.300077
110.8 0.300078
110.9 0.300079
111 0.30008
111.1 0.300023
111.2 0.299966
111.3 0.299909
111.4 0.299852
111.5 0.299795
111.6 0.299738
111.7 0.299681
111.8 0.299624
111.9 0.299567
112 0.29951
112.1 0.299557
112.2 0.299604
112.3 0.299651
112.4 0.299698
112.5 0.299745
112.6 0.299792
112.7 0.299839
112.8 0.299886
112.9 0.299933
113 0.29998
113.1 0.300063
113.2 0.300146
113.3 0.300229
113.4 0.300312
113.5 0.300395
113.6 0.300478
113.7 0.300561
113.8 0.300644
113.9 0.300727
114 0.30081
114.1 0.300723
114.2 0.300636
114.3 0.300549
114.4 0.300462
114.5 0.300375
114.6 0.300288
114.7 0.300201
114.8 0.300114
114.9 0.300027
115 0.29994
115.1 0.299949
115.2 0.299958
115.3 0.299967
115.4 0.299976
115.5 0.299985
115.6 0.299994
115.7 0.300003
115.8 0.300012
115.9 0.300021
116 0.30003
116.1 0.300014
116.2 0.299998
116.3 0.299982
116.4 0.299966
116.5 0.29995
116.6 0.299934
116.7 0.299918
116.8 0.299902
116.9 0.299886
117 0.29987
117.1 0.299881
117.2 0.299892
117.3 0.299903
117.4 0.299914
117.5 0.299925
117.6 0.299936
117.7 0.299947
117.8 0.299958
117.9 0.299969
118 0.29998
118.1 0.299941
118.2 0.299902
118.3 0.299863
118.4 0.299824
118.5 0.299785
118.6 0.299746
118.7 0.299707
118.8 0.299668
118.9 0.299629
119 0.29959
119.1 0.299662
119.2 0.299734
119.3 0.299806
119.4 0.299878
119.5 0.29995
119.6 0.300022
119.7 0.300094
119.8 0.300166
119.9 0.300238
120 0.30031
120.1 0.300295
120.2 0.30028
120.3 0.300265
120.4 0.30025
120.5 0.300235
120.6 0.30022
120.7 0.300205
120.8 0.30019
120.9 0.300175
121 0.30016
121.1 0.300121
121.2 0.300082
121.3 0.300043
121.4 0.300004
121.5 0.299965
121.6 0.299926
121.7 0.299887
121.8 0.299848
121.9 0.299809
122 0.29977
122.1 0.299826
122.2 0.299882
122.3 0.299938
122.4 0.299994
122.5 0.30005
122.6 0.300106
122.7 0.300162
122.8 0.300218
122.9 0.300274
123 0.30033
123.1 0.300294
123.2 0.300258
123.3 0.300222
123.4 0.300186
123.5 0.30015
123.6 0.300114
123.7 0.300078
123.8 0.300042
123.9 0.300006
124 0.29997
124.1 0.299973
124.2 0.299976
124.3 0.299979
124.4 0.299982
124.5 0.299985
124.6 0.299988
124.7 0.299991
124.8 0.299994
124.9 0.299997
125 0.3
125.1 0.300023
125.2 0.300046
125.3 0.300069
125.4 0.300092
125.5 0.300115
125.6 0.300138
125.7 0.300161
125.8 0.300184
125.9 0.300207
126 0.30023
126.1 0.300244
126.2 0.300258
126.3 0.300272
126.4 0.300286
126.5 0.3003
126.6 0.300314
126.7 0.300328
126.8 0.300342
126.9 0.300356
127 0.30037
127.1 0.300372
127.2 0.300374
127.3 0.300376
127.4 0.300378
127.5 0.30038
127.6 0.300382
127.7 0.300384
127.8 0.300386
127.9 0.300388
128 0.30039
128.1 0.300351
128.2 0.300312
128.3 0.300273
128.4 0.300234
128.5 0.300195
128.6 0.300156
128.7 0.300117
128.8 0.300078
128.9 0.300039
129 0.3
129.1 0.300047
129.2 0.300094
129.3 0.300141
129.4 0.300188
129.5 0.300235
129.6 0.300282
129.7 0.300329
129.8 0.300376
129.9 0.300423
130 0.30047
130.1 0.300437
130.2 0.300404
130.3 0.300371
130.4 0.300338
130.5 0.300305
130.6 0.300272
130.7 0.300239
130.8 0.300206
130.9 0.300173
131 0.30014
131.1 0.300142
131.2 0.300144
131.3 0.300146
131.4 0.300148
131.5 0.30015
131.6 0.300152
131.7 0.300154
131.8 0.300156
131.9 0.300158
132 0.30016
132.1 0.300152
132.2 0.300144
132.3 0.300136
132.4 0.300128
132.5 0.30012
132.6 0.300112
132.7 0.300104
132.8 0.300096
132.9 0.300088
133 0.30008
133.1 0.300074
133.2 0.300068
133.3 0.300062
133.4 0.300056
133.5 0.30005
133.6 0.300044
133.7 0.300038
133.8 0.300032
133.9 0.300026
134 0.30002
134.1 0.300019
134.2 0.300018
134.3 0.300017
134.4 0.300016
134.5 0.300015
134.6 0.300014
134.7 0.300013
134.8 0.300012
134.9 0.300011
135 0.30001
135.1 0.300038
135.2 0.300066
135.3 0.300094
135.4 0.300122
135.5 0.30015
135.6 0.300178
135.7 0.300206
135.8 0.300234
135.9 0.300262
136 0.30029
136.1 0.300262
136.2 0.300234
136.3 0.300206
136.4 0.300178
136.5 0.30015
136.6 0.300122
136.7 0.300094
136.8 0.300066
136.9 0.300038
137 0.30001
137.1 0.299947
137.2 0.299884
137.3 0.299821
137.4 0.299758
137.5 0.299695
137.6 0.299632
137.7 0.299569
137.8 0.299506
137.9 0.299443
138 0.29938
138.1 0.299457
138.2 0.299534
138.3 0.299611
138.4 0.299688
138.5 0.299765
138.6 0.299842
138.7 0.299919
138.8 0.299996
138.9 0.300073
139 0.30015
139.1 0.300104
139.2 0.300058
139.3 0.300012
139.4 0.299966
139.5 0.29992
139.6 0.299874
139.7 0.299828
139.8 0.299782
139.9 0.299736
140 0.29969
140.1 0.299696
140.2 0.299702
140.3 0.299708
140.4 0.299714
140.5 0.29972
140.6 0.299726
140.7 0.299732
140.8 0.299738
140.9 0.299744
141 0.29975
141.1 0.299778
141.2 0.299806
141.3 0.299834
141.4 0.299862
141.5 0.29989
141.6 0.299918
141.7 0.299946
141.8 0.299974
141.9 0.300002
142 0.30003
142.1 0.300052
142.2 0.300074
142.3 0.300096
142.4 0.300118
142.5 0.30014
142.6 0.300162
142.7 0.300184
142.8 0.300206
142.9 0.300228
143 0.30025
143.1 0.300258
143.2 0.300266
143.3 0.300274
143.4 0.300282
143.5 0.30029
143.6 0.300298
143.7 0.300306
143.8 0.300314
143.9 0.300322
144 0.30033
144.1 0.30033
144.2 0.30033
144.3 0.30033
144.4 0.30033
144.5 0.30033
144.6 0.30033
144.7 0.30033
144.8 0.30033
144.9 0.30033
145 0.30033
145.1 0.300119
145.2 0.299908
145.3 0.299697
145.4 0.299486
145.5 0.299275
145.6 0.299064
145.7 0.298853
145.8 0.298642
145.9 0.298431
146 0.29822
146.1 0.297896
146.2 0.297572
146.3 0.297248
146.4 0.296924
146.5 0.2966
146.6 0.296276
146.7 0.295952
146.8 0.295628
146.9 0.295304
147 0.29498
147.1 0.294896
147.2 0.294812
147.3 0.294728
147.4 0.294644
147.5 0.29456
147.6 0.294476
147.7 0.294392
147.8 0.294308
147.9 0.294224
148 0.29414
148.1 0.293601
148.2 0.293062
148.3 0.292523
148.4 0.291984
148.5 0.291445
148.6 0.290906
148.7 0.290367
148.8 0.289828
148.9 0.289289
149 0.28875
149.1 0.287917
149.2 0.287084
149.3 0.286251
149.4 0.285418
149.5 0.284585
149.6 0.283752
149.7 0.282919
149.8 0.282086
149.9 0.281253
150 0.28042
150.1 0.279183
150.2 0.277946
150.3 0.276709
150.4 0.275472
150.5 0.274235
150.6 0.272998
150.7 0.271761
150.8 0.270524
150.9 0.269287
151 0.26805
151.1 0.268011
151.2 0.267972
151.3 0.267933
151.4 0.267894
151.5 0.267855
151.6 0.267816
151.7 0.267777
151.8 0.267738
151.9 0.267699
152 0.26766
152.1 0.267619
152.2 0.267578
152.3 0.267537
152.4 0.267496
152.5 0.267455
152.6 0.267414
152.7 0.267373
152.8 0.267332
152.9 0.267291
153 0.26725
153.1 0.266579
153.2 0.265908
153.3 0.265237
153.4 0.264566
153.5 0.263895
153.6 0.263224
153.7 0.262553
153.8 0.261882
153.9 0.261211
154 0.26054
154.1 0.259751
154.2 0.258962
154.3 0.258173
154.4 0.257384
154.5 0.256595
154.6 0.255806
154.7 0.255017
154.8 0.254228
154.9 0.253439
155 0.25265
155.1 0.251683
155.2 0.250716
155.3 0.249749
155.4 0.248782
155.5 0.247815
155.6 0.246848
155.7 0.245881
155.8 0.244914
155.9 0.243947
156 0.24298
156.1 0.242298
156.2 0.241616
156.3 0.240934
156.4 0.240252
156.5 0.23957
156.6 0.238888
156.7 0.238206
156.8 0.237524
156.9 0.236842
157 0.23616
157.1 0.235596
157.2 0.235032
157.3 0.234468
157.4 0.233904
157.5 0.23334
157.6 0.232776
157.7 0.232212
157.8 0.231648
157.9 0.231084
158 0.23052
158.1 0.229818
158.2 0.229116
158.3 0.228414
158.4 0.227712
158.5 0.22701
158.6 0.226308
158.7 0.225606
158.8 0.224904
158.9 0.224202
159 0.2235
159.1 0.22286
159.2 0.22222
159.3 0.22158
159.4 0.22094
159.5 0.2203
159.6 0.21966
159.7 0.21902
159.8 0.21838
159.9 0.21774
160 0.2171
160.1 0.216545
160.2 0.21599
160.3 0.215435
160.4 0.21488
160.5 0.214325
160.6 0.21377
160.7 0.213215
160.8 0.21266
160.9 0.212105
161 0.21155
161.1 0.210852
161.2 0.210154
161.3 0.209456
161.4 0.208758
161.5 0.20806
161.6 0.207362
161.7 0.206664
161.8 0.205966
161.9 0.205268
162 0.20457
162.1 0.203985
162.2 0.2034
162.3 0.202815
162.4 0.20223
162.5 0.201645
162.6 0.20106
162.7 0.200475
162.8 0.19989
162.9 0.199305
163 0.19872
163.1 0.19807
163.2 0.19742
163.3 0.19677
163.4 0.19612
163.5 0.19547
163.6 0.19482
163.7 0.19417
163.8 0.19352
163.9 0.19287
164 0.19222
164.1 0.191619
164.2 0.191018
164.3 0.190417
164.4 0.189816
164.5 0.189215
164.6 0.188614
164.7 0.188013
164.8 0.187412
164.9 0.186811
165 0.18621
165.1 0.185484
165.2 0.184758
165.3 0.184032
165.4 0.183306
165.5 0.18258
165.6 0.181854
165.7 0.181128
165.8 0.180402
165.9 0.179676
166 0.17895
166.1 0.178409
166.2 0.177868
166.3 0.177327
166.4 0.176786
166.5 0.176245
166.6 0.175704
166.7 0.175163
166.8 0.174622
166.9 0.174081
167 0.17354
167.1 0.172813
167.2 0.172086
167.3 0.171359
167.4 0.170632
167.5 0.169905
167.6 0.169178
167.7 0.168451
167.8 0.167724
167.9 0.166997
168 0.16627
168.1 0.165752
168.2 0.165234
168.3 0.164716
168.4 0.164198
168.5 0.16368
168.6 0.163162
168.7 0.162644
168.8 0.162126
168.9 0.161608
169 0.16109
169.1 0.160347
169.2 0.159604
169.3 0.158861
169.4 0.158118
169.5 0.157375
169.6 0.156632
169.7 0.155889
169.8 0.155146
169.9 0.154403
170 0.15366
170.1 0.153146
170.2 0.152632
170.3 0.152118
170.4 0.151604
170.5 0.15109
170.6 0.150576
170.7 0.150062
170.8 0.149548
170.9 0.149034
171 0.14852
171.1 0.14784
171.2 0.14716
171.3 0.14648
171.4 0.1458
171.5 0.14512
171.6 0.14444
171.7 0.14376
171.8 0.14308
171.9 0.1424
172 0.14172
172.1 0.141184
172.2 0.140648
172.3 0.140112
172.4 0.139576
172.5 0.13904
172.6 0.138504
172.7 0.137968
172.8 0.137432
172.9 0.136896
173 0.13636
173.1 0.135718
173.2 0.135076
173.3 0.134434
173.4 0.133792
173.5 0.13315
173.6 0.132508
173.7 0.131866
173.8 0.131224
173.9 0.130582
174 0.12994
174.1 0.129189
174.2 0.128438
174.3 0.127687
174.4 0.126936
174.5 0.126185
174.6 0.125434
174.7 0.124683
174.8 0.123932
174.9 0.123181
175 0.12243
175.1 0.121935
175.2 0.12144
175.3 0.120945
175.4 0.12045
175.5 0.119955
175.6 0.11946
175.7 0.118965
175.8 0.11847
175.9 0.117975
176 0.11748
176.1 0.116675
176.2 0.11587
176.3 0.115065
176.4 0.11426
176.5 0.113455
176.6 0.11265
176.7 0.111845
176.8 0.11104
176.9 0.110235
177 0.10943
177.1 0.108969
177.2 0.108508
177.3 0.108047
177.4 0.107586
177.5 0.107125
177.6 0.106664
177.7 0.106203
177.8 0.105742
177.9 0.105281
178 0.10482
178.1 0.104064
178.2 0.103308
178.3 0.102552
178.4 0.101796
178.5 0.10104
178.6 0.100284
178.7 0.0995279999999999
178.8 0.0987719999999999
178.9 0.0980159999999999
179 0.09726
179.1 0.0965878
179.2 0.0959156
179.3 0.0952434
179.4 0.0945711999999999
179.5 0.0938989999999999
179.6 0.0932267999999999
179.7 0.0925545999999999
179.8 0.0918823999999999
179.9 0.0912101999999999
180 0.090538
180.1 0.0900307
180.2 0.0895234
180.3 0.0890161
180.4 0.0885088
180.5 0.0880015
180.6 0.0874941999999999
180.7 0.0869868999999999
180.8 0.0864795999999999
180.9 0.0859722999999999
181 0.085465
181.1 0.0846614
181.2 0.0838578
181.3 0.0830541999999999
181.4 0.0822505999999999
181.5 0.0814469999999999
181.6 0.0806433999999999
181.7 0.0798397999999999
181.8 0.0790361999999999
181.9 0.0782325999999999
182 0.077429
182.1 0.0768945
182.2 0.07636
182.3 0.0758255
182.4 0.075291
182.5 0.0747565
182.6 0.0742219999999999
182.7 0.0736874999999999
182.8 0.0731529999999999
182.9 0.0726184999999999
183 0.072084
183.1 0.0714518
183.2 0.0708196
183.3 0.0701874
183.4 0.0695552
183.5 0.068923
183.6 0.0682907999999999
183.7 0.0676585999999999
183.8 0.0670263999999999
183.9 0.0663941999999999
184 0.065762
184.1 0.104042800000001
184.2 0.142323600000002
184.3 0.180604400000003
184.4 0.218885200000003
184.5 0.257166000000003
184.6 0.295446800000004
184.7 0.333727600000005
184.8 0.372008400000006
184.9 0.410289200000005
185 0.44857
185.1 0.503713000000002
185.2 0.558856000000003
185.3 0.613999000000004
185.4 0.669142000000004
185.5 0.724285000000004
185.6 0.779428000000006
185.7 0.834571000000008
185.8 0.889714000000008
185.9 0.944857000000007
186 1
186.1 1
186.2 1
186.3 1
186.4 1
186.5 1
186.6 1
186.7 1
186.8 1
186.9 1
187 1
187.1 1
187.2 1
187.3 1
187.4 1
187.5 1
187.6 1
187.7 1
187.8 1
187.9 1
188 1
188.1 1
188.2 1
188.3 1
188.4 1
188.5 1
188.6 1
188.7 1
188.8 1
188.9 1
189 1
189.1 1
189.2 1
189.3 1
189.4 1
189.5 1
189.6 1
189.7 1
189.8 1
189.9 1
190 1
190.1 1
190.2 1
190.3 1
190.4 1
190.5 1
190.6 1
190.7 1
190.8 1
190.9 1
191 1
191.1 1
191.2 1
191.3 1
191.4 1
191.5 1
191.6 1
191.7 1
191.8 1
191.9 1
192 1
192.1 1
192.2 1
192.3 1
192.4 1
192.5 1
192.6 1
192.7 1
192.8 1
192.9 1
193 1
193.1 1
193.2 1
193.3 1
193.4 1
193.5 1
193.6 1
193.7 1
193.8 1
193.9 1
194 1
194.1 1
194.2 1
194.3 1
194.4 1
194.5 1
194.6 1
194.7 1
194.8 1
194.9 1
195 1
195.1 1
195.2 1
195.3 1
195.4 1
195.5 1
195.6 1
195.7 1
195.8 1
195.9 1
196 1
196.1 1
196.2 1
196.3 1
196.4 1
196.5 1
196.6 1
196.7 1
196.8 1
196.9 1
197 1
197.1 1
197.2 1
197.3 1
197.4 1
197.5 1
197.6 1
197.7 1
197.8 1
197.9 1
198 1
198.1 1
198.2 1
198.3 1
198.4 1
198.5 1
198.6 1
198.7 1
198.8 1
198.9 1
199 1
199.1 1
199.2 1
199.3 1
199.4 1
199.5 1
199.6 1
199.7 1
199.8 1
199.9 1
200 1
200.1 1
200.2 1
200.3 1
200.4 1
200.5 1
200.6 1
200.7 1
200.8 1
200.9 1
201 1
201.1 1
201.2 1
201.3 1
201.4 1
201.5 1
201.6 1
201.7 1
201.8 1
201.9 1
202 1
202.1 1
202.2 1
202.3 1
202.4 1
202.5 1
202.6 1
202.7 1
202.8 1
202.9 1
203 1
203.1 1
203.2 1
203.3 1
203.4 1
203.5 1
203.6 1
203.7 1
203.8 1
203.9 1
204 1
204.1 1
204.2 1
204.3 1
204.4 1
204.5 1
204.6 1
204.7 1
204.8 1
204.9 1
205 1
205.1 1
205.2 1
205.3 1
205.4 1
205.5 1
205.6 1
205.7 1
205.8 1
205.9 1
206 1
206.1 1
206.2 1
206.3 1
206.4 1
206.5 1
206.6 1
206.7 1
206.8 1
206.9 1
207 1
207.1 1
207.2 1
207.3 1
207.4 1
207.5 1
207.6 1
207.7 1
207.8 1
207.9 1
208 1
208.1 1
208.2 1
208.3 1
208.4 1
208.5 1
208.6 1
208.7 1
208.8 1
208.9 1
209 1
209.1 1
209.2 1
209.3 1
209.4 1
209.5 1
209.6 1
209.7 1
209.8 1
209.9 1
210 1
210.1 1
210.2 1
210.3 1
210.4 1
210.5 1
210.6 1
210.7 1
210.8 1
210.9 1
211 1
211.1 1
211.2 1
211.3 1
211.4 1
211.5 1
211.6 1
211.7 1
211.8 1
211.9 1
212 1
212.1 1
212.2 1
212.3 1
212.4 1
212.5 1
212.6 1
212.7 1
212.8 1
212.9 1
213 1
213.1 1
213.2 1
213.3 1
213.4 1
213.5 1
213.6 1
213.7 1
213.8 1
213.9 1
214 1
214.1 1
214.2 1
214.3 1
214.4 1
214.5 1
214.6 1
214.7 1
214.8 1
214.9 1
215 1
215.1 1
215.2 1
215.3 1
215.4 1
215.5 1
215.6 1
215.7 1
215.8 1
215.9 1
216 1
216.1 1
216.2 1
216.3 1
216.4 1
216.5 1
216.6 1
216.7 1
216.8 1
216.9 1
217 1
217.1 1
217.2 1
217.3 1
217.4 1
217.5 1
217.6 1
217.7 1
217.8 1
217.9 1
218 1
218.1 1
218.2 1
218.3 1
218.4 1
218.5 1
218.6 1
218.7 1
218.8 1
218.9 1
219 1
219.1 1
219.2 1
219.3 1
219.4 1
219.5 1
219.6 1
219.7 1
219.8 1
219.9 1
220 1
220.1 1
220.2 1
220.3 1
220.4 1
220.5 1
220.6 1
220.7 1
220.8 1
220.9 1
221 1
221.1 1
221.2 1
221.3 1
221.4 1
221.5 1
221.6 1
221.7 1
221.8 1
221.9 1
222 1
222.1 1
222.2 1
222.3 1
222.4 1
222.5 1
222.6 1
222.7 1
222.8 1
222.9 1
223 1
223.1 1
223.2 1
223.3 1
223.4 1
223.5 1
223.6 1
223.7 1
223.8 1
223.9 1
224 1
224.1 1
224.2 1
224.3 1
224.4 1
224.5 1
224.6 1
224.7 1
224.8 1
224.9 1
225 1
225.1 1
225.2 1
225.3 1
225.4 1
225.5 1
225.6 1
225.7 1
225.8 1
225.9 1
226 1
226.1 1
226.2 1
226.3 1
226.4 1
226.5 1
226.6 1
226.7 1
226.8 1
226.9 1
227 1
227.1 1
227.2 1
227.3 1
227.4 1
227.5 1
227.6 1
227.7 1
227.8 1
227.9 1
228 1
228.1 1
228.2 1
228.3 1
228.4 1
228.5 1
228.6 1
228.7 1
228.8 1
228.9 1
229 1
229.1 1
229.2 1
229.3 1
229.4 1
229.5 1
229.6 1
229.7 1
229.8 1
229.9 1
230 1
230.1 0
230.2 0
230.3 0
230.4 0
230.5 0
230.6 0
230.7 0
230.8 0
230.9 0
