5 0.021471
5.1 0.0217434
5.2 0.0220158
5.3 0.0222882
5.4 0.0225606
5.5 0.022833
5.6 0.0231054
5.7 0.0233778
5.8 0.0236502
5.9 0.0239226
6 0.024195
6.1 0.024978
6.2 0.025761
6.3 0.026544
6.4 0.027327
6.5 0.02811
6.6 0.028893
6.7 0.029676
6.8 0.030459
6.9 0.031242
7 0.032025
7.1 0.0326102
7.2 0.0331954
7.3 0.0337806
7.4 0.0343658
7.5 0.034951
7.6 0.0355362
7.7 0.0361214
7.8 0.0367066
7.9 0.0372918
8 0.037877
8.1 0.0382341
8.2 0.0385912
8.3 0.0389483
8.4 0.0393054
8.5 0.0396625
8.6 0.0400196
8.7 0.0403767
8.8 0.0407338
8.9 0.0410909
9 0.041448
9.1 0.0416886
9.2 0.0419292
9.3 0.0421698
9.4 0.0424104
9.5 0.042651
9.6 0.0428916
9.7 0.0431322
9.8 0.0433728
9.9 0.0436134
10 0.043854
10.1 0.0440272
10.2 0.0442004
10.3 0.0443736
10.4 0.0445468
10.5 0.04472
10.6 0.0448932
10.7 0.0450664
10.8 0.0452396
10.9 0.0454128
11 0.045586
11.1 0.0458042
11.2 0.0460224
11.3 0.0462406
11.4 0.0464588
11.5 0.046677
11.6 0.0468952
11.7 0.0471134
11.8 0.0473316
11.9 0.0475498
12 0.047768
12.1 0.0488541
12.2 0.0499402
12.3 0.0510263
12.4 0.0521124
12.5 0.0531985
12.6 0.0542846
12.7 0.0553707
12.8 0.0564568
12.9 0.0575429
13 0.058629
13.1 0.0595657
13.2 0.0605024
13.3 0.0614391
13.4 0.0623758
13.5 0.0633125
13.6 0.0642492
13.7 0.0651859
13.8 0.0661226
13.9 0.0670593
14 0.067996
14.1 0.068649
14.2 0.069302
14.3 0.069955
14.4 0.070608
14.5 0.071261
14.6 0.071914
14.7 0.072567
14.8 0.07322
14.9 0.073873
15 0.074526
15.1 0.0750073
15.2 0.0754886
15.3 0.0759699
15.4 0.0764512
15.5 0.0769325
15.6 0.0774138
15.7 0.0778951
15.8 0.0783764
15.9 0.0788577
16 0.079339
16.1 0.0797083
16.2 0.0800776
16.3 0.0804469
16.4 0.0808162
16.5 0.0811855
16.6 0.0815548
16.7 0.0819241
16.8 0.0822934
16.9 0.0826627
17 0.083032
17.1 0.0833244
17.2 0.0836168
17.3 0.0839092
17.4 0.0842016
17.5 0.084494
17.6 0.0847864
17.7 0.0850788
17.8 0.0853712
17.9 0.0856636
18 0.085956
18.1 0.0861933
18.2 0.0864306
18.3 0.0866679
18.4 0.0869052
18.5 0.0871425
18.6 0.0873798
18.7 0.0876171
18.8 0.0878544
18.9 0.0880917
19 0.088329
19.1 0.0885253
19.2 0.0887216
19.3 0.0889179
19.4 0.0891142
19.5 0.0893105
19.6 0.0895068
19.7 0.0897031
19.8 0.0898994
19.9 0.0900957
20 0.090292
20.1 0.0904572
20.2 0.0906224
20.3 0.0907876
20.4 0.0909528
20.5 0.091118
20.6 0.0912832
20.7 0.0914484
20.8 0.0916136
20.9 0.0917788
21 0.091944
21.1 0.0920849
21.2 0.0922258
21.3 0.0923667
21.4 0.0925076
21.5 0.0926485
21.6 0.0927894
21.7 0.0929303
21.8 0.0930712
21.9 0.0932121
22 0.093353
22.1 0.0934746
22.2 0.0935962
22.3 0.0937178
22.4 0.0938394
22.5 0.093961
22.6 0.0940826
22.7 0.0942042
22.8 0.0943258
22.9 0.0944474
23 0.094569
23.1 0.094675
23.2 0.094781
23.3 0.094887
23.4 0.094993
23.5 0.095099
23.6 0.095205
23.7 0.095311
23.8 0.095417
23.9 0.095523
24 0.095629
24.1 0.0958657
24.2 0.0961024
24.3 0.0963391
24.4 0.0965758
24.5 0.0968125
24.6 0.0970492
24.7 0.0972859
24.8 0.0975226
24.9 0.0977593
25 0.097996
25.1 0.0986584
25.2 0.0993208
25.3 0.0999832
25.4 0.1006456
25.5 0.101308
25.6 0.1019704
25.7 0.1026328
25.8 0.1032952
25.9 0.1039576
26 0.10462
26.1 0.105208
26.2 0.105796
26.3 0.106384
26.4 0.106972
26.5 0.10756
26.6 0.108148
26.7 0.108736
26.8 0.109324
26.9 0.109912
27 0.1105
27.1 0.110997
27.2 0.111494
27.3 0.111991
27.4 0.112488
27.5 0.112985
27.6 0.113482
27.7 0.113979
27.8 0.114476
27.9 0.114973
28 0.11547
28.1 0.115895
28.2 0.11632
28.3 0.116745
28.4 0.11717
28.5 0.117595
28.6 0.11802
28.7 0.118445
28.8 0.11887
28.9 0.119295
29 0.11972
29.1 0.120088
29.2 0.120456
29.3 0.120824
29.4 0.121192
29.5 0.12156
29.6 0.121928
29.7 0.122296
29.8 0.122664
29.9 0.123032
30 0.1234
30.1 0.123722
30.2 0.124044
30.3 0.124366
30.4 0.124688
30.5 0.12501
30.6 0.125332
30.7 0.125654
30.8 0.125976
30.9 0.126298
31 0.12662
31.1 0.126903
31.2 0.127186
31.3 0.127469
31.4 0.127752
31.5 0.128035
31.6 0.128318
31.7 0.128601
31.8 0.128884
31.9 0.129167
32 0.12945
32.1 0.129702
32.2 0.129954
32.3 0.130206
32.4 0.130458
32.5 0.13071
32.6 0.130962
32.7 0.131214
32.8 0.131466
32.9 0.131718
33 0.13197
33.1 0.132195
33.2 0.13242
33.3 0.132645
33.4 0.13287
33.5 0.133095
33.6 0.13332
33.7 0.133545
33.8 0.13377
33.9 0.133995
34 0.13422
34.1 0.134424
34.2 0.134628
34.3 0.134832
34.4 0.135036
34.5 0.13524
34.6 0.135444
34.7 0.135648
34.8 0.135852
34.9 0.136056
35 0.13626
35.1 0.136605
35.2 0.13695
35.3 0.137295
35.4 0.13764
35.5 0.137985
35.6 0.13833
35.7 0.138675
35.8 0.13902
35.9 0.139365
36 0.13971
36.1 0.140104
36.2 0.140498
36.3 0.140892
36.4 0.141286
36.5 0.14168
36.6 0.142074
36.7 0.142468
36.8 0.142862
36.9 0.143256
37 0.14365
37.1 0.144023
37.2 0.144396
37.3 0.144769
37.4 0.145142
37.5 0.145515
37.6 0.145888
37.7 0.146261
37.8 0.146634
37.9 0.147007
38 0.14738
38.1 0.147769
38.2 0.148158
38.3 0.148547
38.4 0.148936
38.5 0.149325
38.6 0.149714
38.7 0.150103
38.8 0.150492
38.9 0.150881
39 0.15127
39.1 0.151665
39.2 0.15206
39.3 0.152455
39.4 0.15285
39.5 0.153245
39.6 0.15364
39.7 0.154035
39.8 0.15443
39.9 0.154825
40 0.15522
40.1 0.155643
40.2 0.156066
40.3 0.156489
40.4 0.156912
40.5 0.157335
40.6 0.157758
40.7 0.158181
40.8 0.158604
40.9 0.159027
41 0.15945
41.1 0.159862
41.2 0.160274
41.3 0.160686
41.4 0.161098
41.5 0.16151
41.6 0.161922
41.7 0.162334
41.8 0.162746
41.9 0.163158
42 0.16357
42.1 0.163934
42.2 0.164298
42.3 0.164662
42.4 0.165026
42.5 0.16539
42.6 0.165754
42.7 0.166118
42.8 0.166482
42.9 0.166846
43 0.16721
43.1 0.167581
43.2 0.167952
43.3 0.168323
43.4 0.168694
43.5 0.169065
43.6 0.169436
43.7 0.169807
43.8 0.170178
43.9 0.170549
44 0.17092
44.1 0.171345
44.2 0.17177
44.3 0.172195
44.4 0.17262
44.5 0.173045
44.6 0.17347
44.7 0.173895
44.8 0.17432
44.9 0.174745
45 0.17517
45.1 0.175559
45.2 0.175948
45.3 0.176337
45.4 0.176726
45.5 0.177115
45.6 0.177504
45.7 0.177893
45.8 0.178282
45.9 0.178671
46 0.17906
46.1 0.17947
46.2 0.17988
46.3 0.18029
46.4 0.1807
46.5 0.18111
46.6 0.18152
46.7 0.18193
46.8 0.18234
46.9 0.18275
47 0.18316
47.1 0.183533
47.2 0.183906
47.3 0.184279
47.4 0.184652
47.5 0.185025
47.6 0.185398
47.7 0.185771
47.8 0.186144
47.9 0.186517
48 0.18689
48.1 0.187254
48.2 0.187618
48.3 0.187982
48.4 0.188346
48.5 0.18871
48.6 0.189074
48.7 0.189438
48.8 0.189802
48.9 0.190166
49 0.19053
49.1 0.190894
49.2 0.191258
49.3 0.191622
49.4 0.191986
49.5 0.19235
49.6 0.192714
49.7 0.193078
49.8 0.193442
49.9 0.193806
50 0.19417
50.1 0.194573
50.2 0.194976
50.3 0.195379
50.4 0.195782
50.5 0.196185
50.6 0.196588
50.7 0.196991
50.8 0.197394
50.9 0.197797
51 0.1982
51.1 0.198592
51.2 0.198984
51.3 0.199376
51.4 0.199768
51.5 0.20016
51.6 0.200552
51.7 0.200944
51.8 0.201336
51.9 0.201728
52 0.20212
52.1 0.202514
52.2 0.202908
52.3 0.203302
52.4 0.203696
52.5 0.20409
52.6 0.204484
52.7 0.204878
52.8 0.205272
52.9 0.205666
53 0.20606
53.1 0.206438
53.2 0.206816
53.3 0.207194
53.4 0.207572
53.5 0.20795
53.6 0.208328
53.7 0.208706
53.8 0.209084
53.9 0.209462
54 0.20984
54.1 0.210249
54.2 0.210658
54.3 0.211067
54.4 0.211476
54.5 0.211885
54.6 0.212294
54.7 0.212703
54.8 0.213112
54.9 0.213521
55 0.21393
55.1 0.21431
55.2 0.21469
55.3 0.21507
55.4 0.21545
55.5 0.21583
55.6 0.21621
55.7 0.21659
55.8 0.21697
55.9 0.21735
56 0.21773
56.1 0.218119
56.2 0.218508
56.3 0.218897
56.4 0.219286
56.5 0.219675
56.6 0.220064
56.7 0.220453
56.8 0.220842
56.9 0.221231
57 0.22162
57.1 0.222006
57.2 0.222392
57.3 0.222778
57.4 0.223164
57.5 0.22355
57.6 0.223936
57.7 0.224322
57.8 0.224708
57.9 0.225094
58 0.22548
58.1 0.225845
58.2 0.22621
58.3 0.226575
58.4 0.22694
58.5 0.227305
58.6 0.22767
58.7 0.228035
58.8 0.2284
58.9 0.228765
59 0.22913
59.1 0.229514
59.2 0.229898
59.3 0.230282
59.4 0.230666
59.5 0.23105
59.6 0.231434
59.7 0.231818
59.8 0.232202
59.9 0.232586
60 0.23297
60.1 0.233346
60.2 0.233722
60.3 0.234098
60.4 0.234474
60.5 0.23485
60.6 0.235226
60.7 0.235602
60.8 0.235978
60.9 0.236354
61 0.23673
61.1 0.237102
61.2 0.237474
61.3 0.237846
61.4 0.238218
61.5 0.23859
61.6 0.238962
61.7 0.239334
61.8 0.239706
61.9 0.240078
62 0.24045
62.1 0.24086
62.2 0.24127
62.3 0.24168
62.4 0.24209
62.5 0.2425
62.6 0.24291
62.7 0.24332
62.8 0.24373
62.9 0.24414
63 0.24455
63.1 0.244939
63.2 0.245328
63.3 0.245717
63.4 0.246106
63.5 0.246495
63.6 0.246884
63.7 0.247273
63.8 0.247662
63.9 0.248051
64 0.24844
64.1 0.248804
64.2 0.249168
64.3 0.249532
64.4 0.249896
64.5 0.25026
64.6 0.250624
64.7 0.250988
64.8 0.251352
64.9 0.251716
65 0.25208
65.1 0.252475
65.2 0.25287
65.3 0.253265
65.4 0.25366
65.5 0.254055
65.6 0.25445
65.7 0.254845
65.8 0.25524
65.9 0.255635
66 0.25603
66.1 0.256434
66.2 0.256838
66.3 0.257242
66.4 0.257646
66.5 0.25805
66.6 0.258454
66.7 0.258858
66.8 0.259262
66.9 0.259666
67 0.26007
67.1 0.260457
67.2 0.260844
67.3 0.261231
67.4 0.261618
67.5 0.262005
67.6 0.262392
67.7 0.262779
67.8 0.263166
67.9 0.263553
68 0.26394
68.1 0.264323
68.2 0.264706
68.3 0.265089
68.4 0.265472
68.5 0.265855
68.6 0.266238
68.7 0.266621
68.8 0.267004
68.9 0.267387
69 0.26777
69.1 0.268188
69.2 0.268606
69.3 0.269024
69.4 0.269442
69.5 0.26986
69.6 0.270278
69.7 0.270696
69.8 0.271114
69.9 0.271532
70 0.27195
70.1 0.272359
70.2 0.272768
70.3 0.273177
70.4 0.273586
70.5 0.273995
70.6 0.274404
70.7 0.274813
70.8 0.275222
70.9 0.275631
71 0.27604
71.1 0.276434
71.2 0.276828
71.3 0.277222
71.4 0.277616
71.5 0.27801
71.6 0.278404
71.7 0.278798
71.8 0.279192
71.9 0.279586
72 0.27998
72.1 0.280367
72.2 0.280754
72.3 0.281141
72.4 0.281528
72.5 0.281915
72.6 0.282302
72.7 0.282689
72.8 0.283076
72.9 0.283463
73 0.28385
73.1 0.284251
73.2 0.284652
73.3 0.285053
73.4 0.285454
73.5 0.285855
73.6 0.286256
73.7 0.286657
73.8 0.287058
73.9 0.287459
74 0.28786
74.1 0.288255
74.2 0.28865
74.3 0.289045
74.4 0.28944
74.5 0.289835
74.6 0.29023
74.7 0.290625
74.8 0.29102
74.9 0.291415
75 0.29181
75.1 0.292195
75.2 0.29258
75.3 0.292965
75.4 0.29335
75.5 0.293735
75.6 0.29412
75.7 0.294505
75.8 0.29489
75.9 0.295275
76 0.29566
76.1 0.296037
76.2 0.296414
76.3 0.296791
76.4 0.297168
76.5 0.297545
76.6 0.297922
76.7 0.298299
76.8 0.298676
76.9 0.299053
77 0.29943
77.1 0.299803
77.2 0.300176
77.3 0.300549
77.4 0.300922
77.5 0.301295
77.6 0.301668
77.7 0.302041
77.8 0.302414
77.9 0.302787
78 0.30316
78.1 0.303538
78.2 0.303916
78.3 0.304294
78.4 0.304672
78.5 0.30505
78.6 0.305428
78.7 0.305806
78.8 0.306184
78.9 0.306562
79 0.30694
79.1 0.307319
79.2 0.307698
79.3 0.308077
79.4 0.308456
79.5 0.308835
79.6 0.309214
79.7 0.309593
79.8 0.309972
79.9 0.310351
80 0.31073
80.1 0.311112
80.2 0.311494
80.3 0.311876
80.4 0.312258
80.5 0.31264
80.6 0.313022
80.7 0.313404
80.8 0.313786
80.9 0.314168
81 0.31455
81.1 0.314933
81.2 0.315316
81.3 0.315699
81.4 0.316082
81.5 0.316465
81.6 0.316848
81.7 0.317231
81.8 0.317614
81.9 0.317997
82 0.31838
82.1 0.318765
82.2 0.31915
82.3 0.319535
82.4 0.31992
82.5 0.320305
82.6 0.32069
82.7 0.321075
82.8 0.32146
82.9 0.321845
83 0.32223
83.1 0.322617
83.2 0.323004
83.3 0.323391
83.4 0.323778
83.5 0.324165
83.6 0.324552
83.7 0.324939
83.8 0.325326
83.9 0.325713
84 0.3261
84.1 0.326488
84.2 0.326876
84.3 0.327264
84.4 0.327652
84.5 0.32804
84.6 0.328428
84.7 0.328816
84.8 0.329204
84.9 0.329592
85 0.32998
85.1 0.330369
85.2 0.330758
85.3 0.331147
85.4 0.331536
85.5 0.331925
85.6 0.332314
85.7 0.332703
85.8 0.333092
85.9 0.333481
86 0.33387
86.1 0.334262
86.2 0.334654
86.3 0.335046
86.4 0.335438
86.5 0.33583
86.6 0.336222
86.7 0.336614
86.8 0.337006
86.9 0.337398
87 0.33779
87.1 0.338183
87.2 0.338576
87.3 0.338969
87.4 0.339362
87.5 0.339755
87.6 0.340148
87.7 0.340541
87.8 0.340934
87.9 0.341327
88 0.34172
88.1 0.342094
88.2 0.342468
88.3 0.342842
88.4 0.343216
88.5 0.34359
88.6 0.343964
88.7 0.344338
88.8 0.344712
88.9 0.345086
89 0.34546
89.1 0.345815
89.2 0.34617
89.3 0.346525
89.4 0.34688
89.5 0.347235
89.6 0.34759
89.7 0.347945
89.8 0.3483
89.9 0.348655
90 0.34901
90.1 0.349377
90.2 0.349744
90.3 0.350111
90.4 0.350478
90.5 0.350845
90.6 0.351212
90.7 0.351579
90.8 0.351946
90.9 0.352313
91 0.35268
91.1 0.353062
91.2 0.353444
91.3 0.353826
91.4 0.354208
91.5 0.35459
91.6 0.354972
91.7 0.355354
91.8 0.355736
91.9 0.356118
92 0.3565
92.1 0.356897
92.2 0.357294
92.3 0.357691
92.4 0.358088
92.5 0.358485
92.6 0.358882
92.7 0.359279
92.8 0.359676
92.9 0.360073
93 0.36047
93.1 0.360882
93.2 0.361294
93.3 0.361706
93.4 0.362118
93.5 0.36253
93.6 0.362942
93.7 0.363354
93.8 0.363766
93.9 0.364178
94 0.36459
94.1 0.365019
94.2 0.365448
94.3 0.365877
94.4 0.366306
94.5 0.366735
94.6 0.367164
94.7 0.367593
94.8 0.368022
94.9 0.368451
95 0.36888
95.1 0.369252
95.2 0.369624
95.3 0.369996
95.4 0.370368
95.5 0.37074
95.6 0.371112
95.7 0.371484
95.8 0.371856
95.9 0.372228
96 0.3726
96.1 0.372938
96.2 0.373276
96.3 0.373614
96.4 0.373952
96.5 0.37429
96.6 0.374628
96.7 0.374966
96.8 0.375304
96.9 0.375642
97 0.37598
97.1 0.376334
97.2 0.376688
97.3 0.377042
97.4 0.377396
97.5 0.37775
97.6 0.378104
97.7 0.378458
97.8 0.378812
97.9 0.379166
98 0.37952
98.1 0.379892
98.2 0.380264
98.3 0.380636
98.4 0.381008
98.5 0.38138
98.6 0.381752
98.7 0.382124
98.8 0.382496
98.9 0.382868
99 0.38324
99.1 0.383631
99.2 0.384022
99.3 0.384413
99.4 0.384804
99.5 0.385195
99.6 0.385586
99.7 0.385977
99.8 0.386368
99.9 0.386759
100 0.38715
100.1 0.387563
100.2 0.387976
100.3 0.388389
100.4 0.388802
100.5 0.389215
100.6 0.389628
100.7 0.390041
100.8 0.390454
100.9 0.390867
101 0.39128
101.1 0.391715
101.2 0.39215
101.3 0.392585
101.4 0.39302
101.5 0.393455
101.6 0.39389
101.7 0.394325
101.8 0.39476
101.9 0.395195
102 0.39563
102.1 0.396082
102.2 0.396534
102.3 0.396986
102.4 0.397438
102.5 0.39789
102.6 0.398342
102.7 0.398794
102.8 0.399246
102.9 0.399698
103 0.40015
103.1 0.400379
103.2 0.400608
103.3 0.400837
103.4 0.401066
103.5 0.401295
103.6 0.401524
103.7 0.401753
103.8 0.401982
103.9 0.402211
104 0.40244
104.1 0.402555
104.2 0.40267
104.3 0.402785
104.4 0.4029
104.5 0.403015
104.6 0.40313
104.7 0.403245
104.8 0.40336
104.9 0.403475
105 0.40359
105.1 0.403706
105.2 0.403822
105.3 0.403938
105.4 0.404054
105.5 0.40417
105.6 0.404286
105.7 0.404402
105.8 0.404518
105.9 0.404634
106 0.40475
106.1 0.404509
106.2 0.404268
106.3 0.404027
106.4 0.403786
106.5 0.403545
106.6 0.403304
106.7 0.403063
106.8 0.402822
106.9 0.402581
107 0.40234
107.1 0.401831
107.2 0.401322
107.3 0.400813
107.4 0.400304
107.5 0.399795
107.6 0.399286
107.7 0.398777
107.8 0.398268
107.9 0.397759
108 0.39725
108.1 0.396713
108.2 0.396176
108.3 0.395639
108.4 0.395102
108.5 0.394565
108.6 0.394028
108.7 0.393491
108.8 0.392954
108.9 0.392417
109 0.39188
109.1 0.391312
109.2 0.390744
109.3 0.390176
109.4 0.389608
109.5 0.38904
109.6 0.388472
109.7 0.387904
109.8 0.387336
109.9 0.386768
110 0.3862
110.1 0.385599
110.2 0.384998
110.3 0.384397
110.4 0.383796
110.5 0.383195
110.6 0.382594
110.7 0.381993
110.8 0.381392
110.9 0.380791
111 0.38019
111.1 0.379553
111.2 0.378916
111.3 0.378279
111.4 0.377642
111.5 0.377005
111.6 0.376368
111.7 0.375731
111.8 0.375094
111.9 0.374457
112 0.37382
112.1 0.373234
112.2 0.372648
112.3 0.372062
112.4 0.371476
112.5 0.37089
112.6 0.370304
112.7 0.369718
112.8 0.369132
112.9 0.368546
113 0.36796
113.1 0.367508
113.2 0.367056
113.3 0.366604
113.4 0.366152
113.5 0.3657
113.6 0.365248
113.7 0.364796
113.8 0.364344
113.9 0.363892
114 0.36344
114.1 0.36293
114.2 0.36242
114.3 0.36191
114.4 0.3614
114.5 0.36089
114.6 0.36038
114.7 0.35987
114.8 0.35936
114.9 0.35885
115 0.35834
115.1 0.35776
115.2 0.35718
115.3 0.3566
115.4 0.35602
115.5 0.35544
115.6 0.35486
115.7 0.35428
115.8 0.3537
115.9 0.35312
116 0.35254
116.1 0.351941
116.2 0.351342
116.3 0.350743
116.4 0.350144
116.5 0.349545
116.6 0.348946
116.7 0.348347
116.8 0.347748
116.9 0.347149
117 0.34655
117.1 0.345938
117.2 0.345326
117.3 0.344714
117.4 0.344102
117.5 0.34349
117.6 0.342878
117.7 0.342266
117.8 0.341654
117.9 0.341042
118 0.34043
118.1 0.339945
118.2 0.33946
118.3 0.338975
118.4 0.33849
118.5 0.338005
118.6 0.33752
118.7 0.337035
118.8 0.33655
118.9 0.336065
119 0.33558
119.1 0.33503
119.2 0.33448
119.3 0.33393
119.4 0.33338
119.5 0.33283
119.6 0.33228
119.7 0.33173
119.8 0.33118
119.9 0.33063
120 0.33008
120.1 0.329535
120.2 0.32899
120.3 0.328445
120.4 0.3279
120.5 0.327355
120.6 0.32681
120.7 0.326265
120.8 0.32572
120.9 0.325175
121 0.32463
121.1 0.32405
121.2 0.32347
121.3 0.32289
121.4 0.32231
121.5 0.32173
121.6 0.32115
121.7 0.32057
121.8 0.31999
121.9 0.31941
122 0.31883
122.1 0.318229
122.2 0.317628
122.3 0.317027
122.4 0.316426
122.5 0.315825
122.6 0.315224
122.7 0.314623
122.8 0.314022
122.9 0.313421
123 0.31282
123.1 0.312203
123.2 0.311586
123.3 0.310969
123.4 0.310352
123.5 0.309735
123.6 0.309118
123.7 0.308501
123.8 0.307884
123.9 0.307267
124 0.30665
124.1 0.305892
124.2 0.305134
124.3 0.304376
124.4 0.303618
124.5 0.30286
124.6 0.302102
124.7 0.301344
124.8 0.300586
124.9 0.299828
125 0.29907
125.1 0.298305
125.2 0.29754
125.3 0.296775
125.4 0.29601
125.5 0.295245
125.6 0.29448
125.7 0.293715
125.8 0.29295
125.9 0.292185
126 0.29142
126.1 0.290644
126.2 0.289868
126.3 0.289092
126.4 0.288316
126.5 0.28754
126.6 0.286764
126.7 0.285988
126.8 0.285212
126.9 0.284436
127 0.28366
127.1 0.282911
127.2 0.282162
127.3 0.281413
127.4 0.280664
127.5 0.279915
127.6 0.279166
127.7 0.278417
127.8 0.277668
127.9 0.276919
128 0.27617
128.1 0.275437
128.2 0.274704
128.3 0.273971
128.4 0.273238
128.5 0.272505
128.6 0.271772
128.7 0.271039
128.8 0.270306
128.9 0.269573
129 0.26884
129.1 0.268069
129.2 0.267298
129.3 0.266527
129.4 0.265756
129.5 0.264985
129.6 0.264214
129.7 0.263443
129.8 0.262672
129.9 0.261901
130 0.26113
130.1 0.260411
130.2 0.259692
130.3 0.258973
130.4 0.258254
130.5 0.257535
130.6 0.256816
130.7 0.256097
130.8 0.255378
130.9 0.254659
131 0.25394
131.1 0.253138
131.2 0.252336
131.3 0.251534
131.4 0.250732
131.5 0.24993
131.6 0.249128
131.7 0.248326
131.8 0.247524
131.9 0.246722
132 0.24592
132.1 0.245209
132.2 0.244498
132.3 0.243787
132.4 0.243076
132.5 0.242365
132.6 0.241654
132.7 0.240943
132.8 0.240232
132.9 0.239521
133 0.23881
133.1 0.238001
133.2 0.237192
133.3 0.236383
133.4 0.235574
133.5 0.234765
133.6 0.233956
133.7 0.233147
133.8 0.232338
133.9 0.231529
134 0.23072
134.1 0.230011
134.2 0.229302
134.3 0.228593
134.4 0.227884
134.5 0.227175
134.6 0.226466
134.7 0.225757
134.8 0.225048
134.9 0.224339
135 0.22363
135.1 0.222799
135.2 0.221968
135.3 0.221137
135.4 0.220306
135.5 0.219475
135.6 0.218644
135.7 0.217813
135.8 0.216982
135.9 0.216151
136 0.21532
136.1 0.214537
136.2 0.213754
136.3 0.212971
136.4 0.212188
136.5 0.211405
136.6 0.210622
136.7 0.209839
136.8 0.209056
136.9 0.208273
137 0.20749
137.1 0.2067
137.2 0.20591
137.3 0.20512
137.4 0.20433
137.5 0.20354
137.6 0.20275
137.7 0.20196
137.8 0.20117
137.9 0.20038
138 0.19959
138.1 0.198914
138.2 0.198238
138.3 0.197562
138.4 0.196886
138.5 0.19621
138.6 0.195534
138.7 0.194858
138.8 0.194182
138.9 0.193506
139 0.19283
139.1 0.191933
139.2 0.191036
139.3 0.190139
139.4 0.189242
139.5 0.188345
139.6 0.187448
139.7 0.186551
139.8 0.185654
139.9 0.184757
140 0.18386
140.1 0.183162
140.2 0.182464
140.3 0.181766
140.4 0.181068
140.5 0.18037
140.6 0.179672
140.7 0.178974
140.8 0.178276
140.9 0.177578
141 0.17688
141.1 0.176063
141.2 0.175246
141.3 0.174429
141.4 0.173612
141.5 0.172795
141.6 0.171978
141.7 0.171161
141.8 0.170344
141.9 0.169527
142 0.16871
142.1 0.167969
142.2 0.167228
142.3 0.166487
142.4 0.165746
142.5 0.165005
142.6 0.164264
142.7 0.163523
142.8 0.162782
142.9 0.162041
143 0.1613
143.1 0.16049
143.2 0.15968
143.3 0.15887
143.4 0.15806
143.5 0.15725
143.6 0.15644
143.7 0.15563
143.8 0.15482
143.9 0.15401
144 0.1532
144.1 0.152422
144.2 0.151644
144.3 0.150866
144.4 0.150088
144.5 0.14931
144.6 0.148532
144.7 0.147754
144.8 0.146976
144.9 0.146198
145 0.14542
145.1 0.144652
145.2 0.143884
145.3 0.143116
145.4 0.142348
145.5 0.14158
145.6 0.140812
145.7 0.140044
145.8 0.139276
145.9 0.138508
146 0.13774
146.1 0.137075
146.2 0.13641
146.3 0.135745
146.4 0.13508
146.5 0.134415
146.6 0.13375
146.7 0.133085
146.8 0.13242
146.9 0.131755
147 0.13109
147.1 0.130925
147.2 0.13076
147.3 0.130595
147.4 0.13043
147.5 0.130265
147.6 0.1301
147.7 0.129935
147.8 0.12977
147.9 0.129605
148 0.12944
148.1 0.12934
148.2 0.12924
148.3 0.12914
148.4 0.12904
148.5 0.12894
148.6 0.12884
148.7 0.12874
148.8 0.12864
148.9 0.12854
149 0.12844
149.1 0.128325
149.2 0.12821
149.3 0.128095
149.4 0.12798
149.5 0.127865
149.6 0.12775
149.7 0.127635
149.8 0.12752
149.9 0.127405
150 0.12729
150.1 0.127197
150.2 0.127104
150.3 0.127011
150.4 0.126918
150.5 0.126825
150.6 0.126732
150.7 0.126639
150.8 0.126546
150.9 0.126453
151 0.12636
151.1 0.126264
151.2 0.126168
151.3 0.126072
151.4 0.125976
151.5 0.12588
151.6 0.125784
151.7 0.125688
151.8 0.125592
151.9 0.125496
152 0.1254
152.1 0.125331
152.2 0.125262
152.3 0.125193
152.4 0.125124
152.5 0.125055
152.6 0.124986
152.7 0.124917
152.8 0.124848
152.9 0.124779
153 0.12471
153.1 0.124586
153.2 0.124462
153.3 0.124338
153.4 0.124214
153.5 0.12409
153.6 0.123966
153.7 0.123842
153.8 0.123718
153.9 0.123594
154 0.12347
154.1 0.123402
154.2 0.123334
154.3 0.123266
154.4 0.123198
154.5 0.12313
154.6 0.123062
154.7 0.122994
154.8 0.122926
154.9 0.122858
155 0.12279
155.1 0.122715
155.2 0.12264
155.3 0.122565
155.4 0.12249
155.5 0.122415
155.6 0.12234
155.7 0.122265
155.8 0.12219
155.9 0.122115
156 0.12204
156.1 0.121953
156.2 0.121866
156.3 0.121779
156.4 0.121692
156.5 0.121605
156.6 0.121518
156.7 0.121431
156.8 0.121344
156.9 0.121257
157 0.12117
157.1 0.121079
157.2 0.120988
157.3 0.120897
157.4 0.120806
157.5 0.120715
157.6 0.120624
157.7 0.120533
157.8 0.120442
157.9 0.120351
158 0.12026
158.1 0.120169
158.2 0.120078
158.3 0.119987
158.4 0.119896
158.5 0.119805
158.6 0.119714
158.7 0.119623
158.8 0.119532
158.9 0.119441
159 0.11935
159.1 0.119256
159.2 0.119162
159.3 0.119068
159.4 0.118974
159.5 0.11888
159.6 0.118786
159.7 0.118692
159.8 0.118598
159.9 0.118504
160 0.11841
160.1 0.118388
160.2 0.118366
160.3 0.118344
160.4 0.118322
160.5 0.1183
160.6 0.118278
160.7 0.118256
160.8 0.118234
160.9 0.118212
161 0.11819
161.1 0.11819
161.2 0.11819
161.3 0.11819
161.4 0.11819
161.5 0.11819
161.6 0.11819
161.7 0.11819
161.8 0.11819
161.9 0.11819
162 0.11819
162.1 0.11819
162.2 0.11819
162.3 0.11819
162.4 0.11819
162.5 0.11819
162.6 0.11819
162.7 0.11819
162.8 0.11819
162.9 0.11819
163 0.11819
163.1 0.11819
163.2 0.11819
163.3 0.11819
163.4 0.11819
163.5 0.11819
163.6 0.11819
163.7 0.11819
163.8 0.11819
163.9 0.11819
164 0.11819
164.1 0.11819
164.2 0.11819
164.3 0.11819
164.4 0.11819
164.5 0.11819
164.6 0.11819
164.7 0.11819
164.8 0.11819
164.9 0.11819
165 0.11819
165.1 0.11819
165.2 0.11819
165.3 0.11819
165.4 0.11819
165.5 0.11819
165.6 0.11819
165.7 0.11819
165.8 0.11819
165.9 0.11819
166 0.11819
166.1 0.11819
166.2 0.11819
166.3 0.11819
166.4 0.11819
166.5 0.11819
166.6 0.11819
166.7 0.11819
166.8 0.11819
166.9 0.11819
167 0.11819
167.1 0.11819
167.2 0.11819
167.3 0.11819
167.4 0.11819
167.5 0.11819
167.6 0.11819
167.7 0.11819
167.8 0.11819
167.9 0.11819
168 0.11819
168.1 0.11819
168.2 0.11819
168.3 0.11819
168.4 0.11819
168.5 0.11819
168.6 0.11819
168.7 0.11819
168.8 0.11819
168.9 0.11819
169 0.11819
169.1 0.11819
169.2 0.11819
169.3 0.11819
169.4 0.11819
169.5 0.11819
169.6 0.11819
169.7 0.11819
169.8 0.11819
169.9 0.11819
170 0.11819
170.1 0.11819
170.2 0.11819
170.3 0.11819
170.4 0.11819
170.5 0.11819
170.6 0.11819
170.7 0.11819
170.8 0.11819
170.9 0.11819
171 0.11819
171.1 0.11819
171.2 0.11819
171.3 0.11819
171.4 0.11819
171.5 0.11819
171.6 0.11819
171.7 0.11819
171.8 0.11819
171.9 0.11819
172 0.11819
172.1 0.11819
172.2 0.11819
172.3 0.11819
172.4 0.11819
172.5 0.11819
172.6 0.11819
172.7 0.11819
172.8 0.11819
172.9 0.11819
173 0.11819
173.1 0.11819
173.2 0.11819
173.3 0.11819
173.4 0.11819
173.5 0.11819
173.6 0.11819
173.7 0.11819
173.8 0.11819
173.9 0.11819
174 0.11819
174.1 0.11819
174.2 0.11819
174.3 0.11819
174.4 0.11819
174.5 0.11819
174.6 0.11819
174.7 0.11819
174.8 0.11819
174.9 0.11819
175 0.11819
175.1 0.11819
175.2 0.11819
175.3 0.11819
175.4 0.11819
175.5 0.11819
175.6 0.11819
175.7 0.11819
175.8 0.11819
175.9 0.11819
176 0.11819
176.1 0.11819
176.2 0.11819
176.3 0.11819
176.4 0.11819
176.5 0.11819
176.6 0.11819
176.7 0.11819
176.8 0.11819
176.9 0.11819
177 0.11819
177.1 0.11819
177.2 0.11819
177.3 0.11819
177.4 0.11819
177.5 0.11819
177.6 0.11819
177.7 0.11819
177.8 0.11819
177.9 0.11819
178 0.11819
178.1 0.11819
178.2 0.11819
178.3 0.11819
178.4 0.11819
178.5 0.11819
178.6 0.11819
178.7 0.11819
178.8 0.11819
178.9 0.11819
179 0.11819
179.1 0.11819
179.2 0.11819
179.3 0.11819
179.4 0.11819
179.5 0.11819
179.6 0.11819
179.7 0.11819
179.8 0.11819
179.9 0.11819
180 0.11819
180.1 0.11819
180.2 0.11819
180.3 0.11819
180.4 0.11819
180.5 0.11819
180.6 0.11819
180.7 0.11819
180.8 0.11819
180.9 0.11819
181 0.11819
181.1 0.11819
181.2 0.11819
181.3 0.11819
181.4 0.11819
181.5 0.11819
181.6 0.11819
181.7 0.11819
181.8 0.11819
181.9 0.11819
182 0.11819
182.1 0.11819
182.2 0.11819
182.3 0.11819
182.4 0.11819
182.5 0.11819
182.6 0.11819
182.7 0.11819
182.8 0.11819
182.9 0.11819
183 0.11819
183.1 0.11819
183.2 0.11819
183.3 0.11819
183.4 0.11819
183.5 0.11819
183.6 0.11819
183.7 0.11819
183.8 0.11819
183.9 0.11819
184 0.11819
184.1 0.11819
184.2 0.11819
184.3 0.11819
184.4 0.11819
184.5 0.11819
184.6 0.11819
184.7 0.11819
184.8 0.11819
184.9 0.11819
185 0.11819
185.1 0.11819
185.2 0.11819
185.3 0.11819
185.4 0.11819
185.5 0.11819
185.6 0.11819
185.7 0.11819
185.8 0.11819
185.9 0.11819
186 0.11819
186.1 0.11819
186.2 0.11819
186.3 0.11819
186.4 0.11819
186.5 0.11819
186.6 0.11819
186.7 0.11819
186.8 0.11819
186.9 0.11819
187 0.11819
187.1 0.11819
187.2 0.11819
187.3 0.11819
187.4 0.11819
187.5 0.11819
187.6 0.11819
187.7 0.11819
187.8 0.11819
187.9 0.11819
188 0.11819
188.1 0.11819
188.2 0.11819
188.3 0.11819
188.4 0.11819
188.5 0.11819
188.6 0.11819
188.7 0.11819
188.8 0.11819
188.9 0.11819
189 0.11819
189.1 0.11819
189.2 0.11819
189.3 0.11819
189.4 0.11819
189.5 0.11819
189.6 0.11819
189.7 0.11819
189.8 0.11819
189.9 0.11819
190 0.11819
190.1 0.11819
190.2 0.11819
190.3 0.11819
190.4 0.11819
190.5 0.11819
190.6 0.11819
190.7 0.11819
190.8 0.11819
190.9 0.11819
191 0.11819
191.1 0.11819
191.2 0.11819
191.3 0.11819
191.4 0.11819
191.5 0.11819
191.6 0.11819
191.7 0.11819
191.8 0.11819
191.9 0.11819
192 0.11819
192.1 0.11819
192.2 0.11819
192.3 0.11819
192.4 0.11819
192.5 0.11819
192.6 0.11819
192.7 0.11819
192.8 0.11819
192.9 0.11819
193 0.11819
193.1 0.11819
193.2 0.11819
193.3 0.11819
193.4 0.11819
193.5 0.11819
193.6 0.11819
193.7 0.11819
193.8 0.11819
193.9 0.11819
194 0.11819
194.1 0.11819
194.2 0.11819
194.3 0.11819
194.4 0.11819
194.5 0.11819
194.6 0.11819
194.7 0.11819
194.8 0.11819
194.9 0.11819
195 0.11819
195.1 0.11819
195.2 0.11819
195.3 0.11819
195.4 0.11819
195.5 0.11819
195.6 0.11819
195.7 0.11819
195.8 0.11819
195.9 0.11819
196 0.11819
196.1 0.11819
196.2 0.11819
196.3 0.11819
196.4 0.11819
196.5 0.11819
196.6 0.11819
196.7 0.11819
196.8 0.11819
196.9 0.11819
197 0.11819
197.1 0.11819
197.2 0.11819
197.3 0.11819
197.4 0.11819
197.5 0.11819
197.6 0.11819
197.7 0.11819
197.8 0.11819
197.9 0.11819
198 0.11819
198.1 0.11819
198.2 0.11819
198.3 0.11819
198.4 0.11819
198.5 0.11819
198.6 0.11819
198.7 0.11819
198.8 0.11819
198.9 0.11819
199 0.11819
199.1 0.11819
199.2 0.11819
199.3 0.11819
199.4 0.11819
199.5 0.11819
199.6 0.11819
199.7 0.11819
199.8 0.11819
199.9 0.11819
200 0.11819
200.1 0.11819
200.2 0.11819
200.3 0.11819
200.4 0.11819
200.5 0.11819
200.6 0.11819
200.7 0.11819
200.8 0.11819
200.9 0.11819
201 0.11819
201.1 0.11819
201.2 0.11819
201.3 0.11819
201.4 0.11819
201.5 0.11819
201.6 0.11819
201.7 0.11819
201.8 0.11819
201.9 0.11819
202 0.11819
202.1 0.11819
202.2 0.11819
202.3 0.11819
202.4 0.11819
202.5 0.11819
202.6 0.11819
202.7 0.11819
202.8 0.11819
202.9 0.11819
203 0.11819
203.1 0.11819
203.2 0.11819
203.3 0.11819
203.4 0.11819
203.5 0.11819
203.6 0.11819
203.7 0.11819
203.8 0.11819
203.9 0.11819
204 0.11819
204.1 0.11819
204.2 0.11819
204.3 0.11819
204.4 0.11819
204.5 0.11819
204.6 0.11819
204.7 0.11819
204.8 0.11819
204.9 0.11819
205 0.11819
205.1 0.11819
205.2 0.11819
205.3 0.11819
205.4 0.11819
205.5 0.11819
205.6 0.11819
205.7 0.11819
205.8 0.11819
205.9 0.11819
206 0.11819
206.1 0.11819
206.2 0.11819
206.3 0.11819
206.4 0.11819
206.5 0.11819
206.6 0.11819
206.7 0.11819
206.8 0.11819
206.9 0.11819
207 0.11819
207.1 0.11819
207.2 0.11819
207.3 0.11819
207.4 0.11819
207.5 0.11819
207.6 0.11819
207.7 0.11819
207.8 0.11819
207.9 0.11819
208 0.11819
208.1 0.11819
208.2 0.11819
208.3 0.11819
208.4 0.11819
208.5 0.11819
208.6 0.11819
208.7 0.11819
208.8 0.11819
208.9 0.11819
209 0.11819
209.1 0.11819
209.2 0.11819
209.3 0.11819
209.4 0.11819
209.5 0.11819
209.6 0.11819
209.7 0.11819
209.8 0.11819
209.9 0.11819
210 0.11819
210.1 0.11819
210.2 0.11819
210.3 0.11819
210.4 0.11819
210.5 0.11819
210.6 0.11819
210.7 0.11819
210.8 0.11819
210.9 0.11819
211 0.11819
211.1 0.11819
211.2 0.11819
211.3 0.11819
211.4 0.11819
211.5 0.11819
211.6 0.11819
211.7 0.11819
211.8 0.11819
211.9 0.11819
212 0.11819
212.1 0.11819
212.2 0.11819
212.3 0.11819
212.4 0.11819
212.5 0.11819
212.6 0.11819
212.7 0.11819
212.8 0.11819
212.9 0.11819
213 0.11819
213.1 0.11819
213.2 0.11819
213.3 0.11819
213.4 0.11819
213.5 0.11819
213.6 0.11819
213.7 0.11819
213.8 0.11819
213.9 0.11819
214 0.11819
214.1 0.11819
214.2 0.11819
214.3 0.11819
214.4 0.11819
214.5 0.11819
214.6 0.11819
214.7 0.11819
214.8 0.11819
214.9 0.11819
215 0.11819
215.1 0.11819
215.2 0.11819
215.3 0.11819
215.4 0.11819
215.5 0.11819
215.6 0.11819
215.7 0.11819
215.8 0.11819
215.9 0.11819
216 0.11819
216.1 0.11819
216.2 0.11819
216.3 0.11819
216.4 0.11819
216.5 0.11819
216.6 0.11819
216.7 0.11819
216.8 0.11819
216.9 0.11819
217 0.11819
217.1 0.11819
217.2 0.11819
217.3 0.11819
217.4 0.11819
217.5 0.11819
217.6 0.11819
217.7 0.11819
217.8 0.11819
217.9 0.11819
218 0.11819
218.1 0.11819
218.2 0.11819
218.3 0.11819
218.4 0.11819
218.5 0.11819
218.6 0.11819
218.7 0.11819
218.8 0.11819
218.9 0.11819
219 0.11819
219.1 0.11819
219.2 0.11819
219.3 0.11819
219.4 0.11819
219.5 0.11819
219.6 0.11819
219.7 0.11819
219.8 0.11819
219.9 0.11819
220 0.11819
220.1 0.11819
220.2 0.11819
220.3 0.11819
220.4 0.11819
220.5 0.11819
220.6 0.11819
220.7 0.11819
220.8 0.11819
220.9 0.11819
221 0.11819
221.1 0.11819
221.2 0.11819
221.3 0.11819
221.4 0.11819
221.5 0.11819
221.6 0.11819
221.7 0.11819
221.8 0.11819
221.9 0.11819
222 0.11819
222.1 0.11819
222.2 0.11819
222.3 0.11819
222.4 0.11819
222.5 0.11819
222.6 0.11819
222.7 0.11819
222.8 0.11819
222.9 0.11819
223 0.11819
223.1 0.11819
223.2 0.11819
223.3 0.11819
223.4 0.11819
223.5 0.11819
223.6 0.11819
223.7 0.11819
223.8 0.11819
223.9 0.11819
224 0.11819
224.1 0.11819
224.2 0.11819
224.3 0.11819
224.4 0.11819
224.5 0.11819
224.6 0.11819
224.7 0.11819
224.8 0.11819
224.9 0.11819
225 0.11819
225.1 0.11819
225.2 0.11819
225.3 0.11819
225.4 0.11819
225.5 0.11819
225.6 0.11819
225.7 0.11819
225.8 0.11819
225.9 0.11819
226 0.11819
226.1 0.11819
226.2 0.11819
226.3 0.11819
226.4 0.11819
226.5 0.11819
226.6 0.11819
226.7 0.11819
226.8 0.11819
226.9 0.11819
227 0.11819
227.1 0.11819
227.2 0.11819
227.3 0.11819
227.4 0.11819
227.5 0.11819
227.6 0.11819
227.7 0.11819
227.8 0.11819
227.9 0.11819
228 0.11819
228.1 0.11819
228.2 0.11819
228.3 0.11819
228.4 0.11819
228.5 0.11819
228.6 0.11819
228.7 0.11819
228.8 0.11819
228.9 0.11819
229 0.11819
229.1 0.11819
229.2 0.11819
229.3 0.11819
229.4 0.11819
229.5 0.11819
229.6 0.11819
229.7 0.11819
229.8 0.11819
229.9 0.11819
230 0.11819
230.1 0.11819
230.2 0.11819
230.3 0.11819
230.4 0.11819
230.5 0.11819
230.6 0.11819
230.7 0.11819
230.8 0.11819
230.9 0.11819
231 0.11819
231.1 0.11819
231.2 0.11819
231.3 0.11819
231.4 0.11819
231.5 0.11819
231.6 0.11819
231.7 0.11819
231.8 0.11819
231.9 0.11819
232 0.11819
232.1 0.11819
232.2 0.11819
232.3 0.11819
232.4 0.11819
232.5 0.11819
232.6 0.11819
232.7 0.11819
232.8 0.11819
232.9 0.11819
233 0.11819
233.1 0.11819
233.2 0.11819
233.3 0.11819
233.4 0.11819
233.5 0.11819
233.6 0.11819
233.7 0.11819
233.8 0.11819
233.9 0.11819
234 0.11819
234.1 0.11819
234.2 0.11819
234.3 0.11819
234.4 0.11819
234.5 0.11819
234.6 0.11819
234.7 0.11819
234.8 0.11819
234.9 0.11819
235 0.11819
235.1 0.11819
235.2 0.11819
235.3 0.11819
235.4 0.11819
235.5 0.11819
235.6 0.11819
235.7 0.11819
235.8 0.11819
235.9 0.11819
236 0.11819
236.1 0.11819
236.2 0.11819
236.3 0.11819
236.4 0.11819
236.5 0.11819
236.6 0.11819
236.7 0.11819
236.8 0.11819
236.9 0.11819
237 0.11819
237.1 0.11819
237.2 0.11819
237.3 0.11819
237.4 0.11819
237.5 0.11819
237.6 0.11819
237.7 0.11819
237.8 0.11819
237.9 0.11819
238 0.11819
238.1 0.11819
238.2 0.11819
238.3 0.11819
238.4 0.11819
238.5 0.11819
238.6 0.11819
238.7 0.11819
238.8 0.11819
238.9 0.11819
239 0.11819
239.1 0.11819
239.2 0.11819
239.3 0.11819
239.4 0.11819
239.5 0.11819
239.6 0.11819
239.7 0.11819
239.8 0.11819
239.9 0.11819
240 0.11819
240.1 0.11819
240.2 0.11819
240.3 0.11819
240.4 0.11819
240.5 0.11819
240.6 0.11819
240.7 0.11819
240.8 0.11819
240.9 0.11819
241 0.11819
241.1 0.11819
241.2 0.11819
241.3 0.11819
241.4 0.11819
241.5 0.11819
241.6 0.11819
241.7 0.11819
241.8 0.11819
241.9 0.11819
242 0.11819
242.1 0.11819
242.2 0.11819
242.3 0.11819
242.4 0.11819
242.5 0.11819
242.6 0.11819
242.7 0.11819
242.8 0.11819
242.9 0.11819
243 0.11819
243.1 0.11819
243.2 0.11819
243.3 0.11819
243.4 0.11819
243.5 0.11819
243.6 0.11819
243.7 0.11819
243.8 0.11819
243.9 0.11819
244 0.11819
244.1 0.11819
244.2 0.11819
244.3 0.11819
244.4 0.11819
244.5 0.11819
244.6 0.11819
244.7 0.11819
244.8 0.11819
244.9 0.11819
245 0.11819
245.1 0.11819
245.2 0.11819
245.3 0.11819
245.4 0.11819
245.5 0.11819
245.6 0.11819
245.7 0.11819
245.8 0.11819
245.9 0.11819
246 0.11819
246.1 0.11819
246.2 0.11819
246.3 0.11819
246.4 0.11819
246.5 0.11819
246.6 0.11819
246.7 0.11819
246.8 0.11819
246.9 0.11819
247 0.11819
247.1 0.11819
247.2 0.11819
247.3 0.11819
247.4 0.11819
247.5 0.11819
247.6 0.11819
247.7 0.11819
247.8 0.11819
247.9 0.11819
248 0.11819
248.1 0.11819
248.2 0.11819
248.3 0.11819
248.4 0.11819
248.5 0.11819
248.6 0.11819
248.7 0.11819
248.8 0.11819
248.9 0.11819
249 0.11819
249.1 0.11819
249.2 0.11819
249.3 0.11819
249.4 0.11819
249.5 0.11819
249.6 0.11819
249.7 0.11819
249.8 0.11819
249.9 0.11819
250 0.11819
250.1 0.11819
250.2 0.11819
250.3 0.11819
250.4 0.11819
250.5 0.11819
250.6 0.11819
250.7 0.11819
250.8 0.11819
250.9 0.11819
251 0.11819
251.1 0.11819
251.2 0.11819
251.3 0.11819
251.4 0.11819
251.5 0.11819
251.6 0.11819
251.7 0.11819
251.8 0.11819
251.9 0.11819
252 0.11819
252.1 0.11819
252.2 0.11819
252.3 0.11819
252.4 0.11819
252.5 0.11819
252.6 0.11819
252.7 0.11819
252.8 0.11819
252.9 0.11819
253 0.11819
253.1 0.11819
253.2 0.11819
253.3 0.11819
253.4 0.11819
253.5 0.11819
253.6 0.11819
253.7 0.11819
253.8 0.11819
253.9 0.11819
254 0.11819
254.1 0.11819
254.2 0.11819
254.3 0.11819
254.4 0.11819
254.5 0.11819
254.6 0.11819
254.7 0.11819
254.8 0.11819
254.9 0.11819
255 0.11819
255.1 0.11819
255.2 0.11819
255.3 0.11819
255.4 0.11819
255.5 0.11819
255.6 0.11819
255.7 0.11819
255.8 0.11819
255.9 0.11819
256 0.11819
256.1 0.11819
256.2 0.11819
256.3 0.11819
256.4 0.11819
256.5 0.11819
256.6 0.11819
256.7 0.11819
256.8 0.11819
256.9 0.11819
257 0.11819
257.1 0.11819
257.2 0.11819
257.3 0.11819
257.4 0.11819
257.5 0.11819
257.6 0.11819
257.7 0.11819
257.8 0.11819
257.9 0.11819
258 0.11819
258.1 0.11819
258.2 0.11819
258.3 0.11819
258.4 0.11819
258.5 0.11819
258.6 0.11819
258.7 0.11819
258.8 0.11819
258.9 0.11819
259 0.11819
259.1 0.11819
259.2 0.11819
259.3 0.11819
259.4 0.11819
259.5 0.11819
259.6 0.11819
259.7 0.11819
259.8 0.11819
259.9 0.11819
260 0.11819
260.1 0.11819
260.2 0.11819
260.3 0.11819
260.4 0.11819
260.5 0.11819
260.6 0.11819
260.7 0.11819
260.8 0.11819
260.9 0.11819
261 0.11819
261.1 0.11819
261.2 0.11819
261.3 0.11819
261.4 0.11819
261.5 0.11819
261.6 0.11819
261.7 0.11819
261.8 0.11819
261.9 0.11819
262 0.11819
262.1 0.11819
262.2 0.11819
262.3 0.11819
262.4 0.11819
262.5 0.11819
262.6 0.11819
262.7 0.11819
262.8 0.11819
262.9 0.11819
263 0.11819
263.1 0.11819
263.2 0.11819
263.3 0.11819
263.4 0.11819
263.5 0.11819
263.6 0.11819
263.7 0.11819
263.8 0.11819
263.9 0.11819
264 0.11819
264.1 0.11819
264.2 0.11819
264.3 0.11819
264.4 0.11819
264.5 0.11819
264.6 0.11819
264.7 0.11819
264.8 0.11819
264.9 0.11819
265 0.11819
265.1 0.11819
265.2 0.11819
265.3 0.11819
265.4 0.11819
265.5 0.11819
265.6 0.11819
265.7 0.11819
265.8 0.11819
265.9 0.11819
266 0.11819
266.1 0.11819
266.2 0.11819
266.3 0.11819
266.4 0.11819
266.5 0.11819
266.6 0.11819
266.7 0.11819
266.8 0.11819
266.9 0.11819
267 0.11819
267.1 0.11819
267.2 0.11819
267.3 0.11819
267.4 0.11819
267.5 0.11819
267.6 0.11819
267.7 0.11819
267.8 0.11819
267.9 0.11819
268 0.11819
268.1 0.11819
268.2 0.11819
268.3 0.11819
268.4 0.11819
268.5 0.11819
268.6 0.11819
268.7 0.11819
268.8 0.11819
268.9 0.11819
269 0.11819
269.1 0.11819
269.2 0.11819
269.3 0.11819
269.4 0.11819
269.5 0.11819
269.6 0.11819
269.7 0.11819
269.8 0.11819
269.9 0.11819
270 0.11819
270.1 0.11819
270.2 0.11819
270.3 0.11819
270.4 0.11819
270.5 0.11819
270.6 0.11819
270.7 0.11819
270.8 0.11819
270.9 0.11819
271 0.11819
271.1 0.11819
271.2 0.11819
271.3 0.11819
271.4 0.11819
271.5 0.11819
271.6 0.11819
271.7 0.11819
271.8 0.11819
271.9 0.11819
272 0.11819
272.1 0.11819
272.2 0.11819
272.3 0.11819
272.4 0.11819
272.5 0.11819
272.6 0.11819
272.7 0.11819
272.8 0.11819
272.9 0.11819
273 0.11819
273.1 0.1078244
273.2 0.0974588000000004
273.3 0.0870932000000005
273.4 0.0767276000000003
273.5 0.0663620000000006
273.6 0.0559964000000005
273.7 0.0456308000000012
273.8 0.0352652000000012
273.9 0.0248996
274 0.014534
274.1 0.0144431
274.2 0.0143522
274.3 0.0142613
274.4 0.0141704
274.5 0.0140795
274.6 0.0139886
274.7 0.0138977
274.8 0.0138068
274.9 0.0137159
275 0.013625
275.1 0.0135342
275.2 0.0134434
275.3 0.0133526
275.4 0.0132618
275.5 0.013171
275.6 0.0130802
275.7 0.0129894
275.8 0.0128986
275.9 0.0128078
276 0.012717
276.1 0.0126261
276.2 0.0125352
276.3 0.0124443
276.4 0.0123534
276.5 0.0122625
276.6 0.0121716
276.7 0.0120807
276.8 0.0119898
276.9 0.0118989
277 0.011808
277.1 0.0117172
277.2 0.0116264
277.3 0.0115356
277.4 0.0114448
277.5 0.011354
277.6 0.0112632
277.7 0.0111724
277.8 0.0110816
277.9 0.0109908
278 0.0109
278.1 0.01080915
278.2 0.0107183
278.3 0.01062745
278.4 0.0105366
278.5 0.01044575
278.6 0.0103549
278.7 0.01026405
278.8 0.0101732
278.9 0.01008235
279 0.0099915
279.1 0.00990066
279.2 0.00980982
279.3 0.00971898
279.4 0.00962814
279.5 0.00953730000000001
279.6 0.00944646
279.7 0.00935562000000001
279.8 0.00926478000000001
279.9 0.00917394
280 0.0090831
280.1 0.00899226
280.2 0.00890142
280.3 0.00881058
280.4 0.00871974
280.5 0.00862890000000001
280.6 0.00853806
280.7 0.00844722000000001
280.8 0.00835638000000001
280.9 0.00826554
281 0.0081747
281.1 0.00808386
281.2 0.00799302
281.3 0.00790218
281.4 0.00781134
281.5 0.00772050000000001
281.6 0.00762966
281.7 0.00753882000000001
281.8 0.00744798000000001
281.9 0.00735714
282 0.0072663
282.1 0.00717546
282.2 0.00708462
282.3 0.00699378
282.4 0.00690294
282.5 0.0068121
282.6 0.00672126
282.7 0.00663042000000001
282.8 0.00653958000000001
282.9 0.00644874
283 0.0063579
283.1 0.00626707
283.2 0.00617624
283.3 0.00608541
283.4 0.00599458
283.5 0.00590375000000001
283.6 0.00581292
283.7 0.00572209000000001
283.8 0.00563126000000001
283.9 0.00554043
284 0.0054496
284.1 0.00535877
284.2 0.00526794
284.3 0.00517711
284.4 0.00508628
284.5 0.00499545000000001
284.6 0.00490462
284.7 0.00481379000000001
284.8 0.00472296000000001
284.9 0.00463213
285 0.0045413
285.1 0.00445047
285.2 0.00435964
285.3 0.00426881
285.4 0.00417798
285.5 0.00408715000000001
285.6 0.00399632
285.7 0.00390549000000001
285.8 0.00381466000000001
285.9 0.00372383
286 0.003633
286.1 0.00354217
286.2 0.00345134
286.3 0.00336051
286.4 0.00326968
286.5 0.00317885
286.6 0.00308802
286.7 0.00299719000000001
286.8 0.00290636000000001
286.9 0.00281553
287 0.0027247
287.1 0.00263387
287.2 0.00254304
287.3 0.00245221
287.4 0.00236138
287.5 0.00227055
287.6 0.00217972
287.7 0.00208889000000001
287.8 0.00199806000000001
287.9 0.00190723
288 0.0018164
288.1 0.001725581
288.2 0.001634762
288.3 0.001543943
288.4 0.001453124
288.5 0.00136230500000001
288.6 0.001271486
288.7 0.00118066700000001
288.8 0.00108984800000001
288.9 0.000999029
289 0.00090821
289.1 0.000828752
289.2 0.000749294000000003
289.3 0.000669836000000004
289.4 0.000590378000000002
289.5 0.000510920000000005
289.6 0.000431462000000004
289.7 0.000352004000000009
289.8 0.000272546000000009
289.9 0.000193088
290 0.00011363
290.1 0.000102267
290.2 9.09040000000004e-05
290.3 7.95410000000005e-05
290.4 6.81780000000003e-05
290.5 5.68150000000006e-05
290.6 4.54520000000005e-05
290.7 3.40890000000014e-05
290.8 2.27260000000013e-05
290.9 1.1363e-05
291 0
291.1 0
291.2 0
291.3 0
291.4 0
291.5 0
291.6 0
291.7 0
291.8 0
291.9 0
292 0
292.1 0
292.2 0
292.3 0
292.4 0
292.5 0
292.6 0
292.7 0
292.8 0
292.9 0
293 0
293.1 0
293.2 0
293.3 0
293.4 0
293.5 0
293.6 0
293.7 0
293.8 0
293.9 0
294 0
294.1 0
294.2 0
294.3 0
294.4 0
294.5 0
294.6 0
294.7 0
294.8 0
294.9 0
295 0
295.1 0
295.2 0
295.3 0
295.4 0
295.5 0
295.6 0
295.7 0
295.8 0
295.9 0
296 0
296.1 0
296.2 0
296.3 0
296.4 0
296.5 0
296.6 0
296.7 0
296.8 0
296.9 0
297 0
297.1 0
297.2 0
297.3 0
297.4 0
297.5 0
297.6 0
297.7 0
297.8 0
297.9 0
298 0
298.1 0
298.2 0
298.3 0
298.4 0
298.5 0
298.6 0
298.7 0
298.8 0
298.9 0
299 0
299.1 0
299.2 0
299.3 0
299.4 0
299.5 0
299.6 0
299.7 0
299.8 0
299.9 0
300 0
300.1 0
300.2 0
300.3 0
300.4 0
300.5 0
300.6 0
300.7 0
300.8 0
300.9 0
301 0
301.1 0
301.2 0
301.3 0
301.4 0
301.5 0
301.6 0
301.7 0
301.8 0
301.9 0
302 0
302.1 0
302.2 0
302.3 0
302.4 0
302.5 0
302.6 0
302.7 0
302.8 0
302.9 0
303 0
303.1 0
303.2 0
303.3 0
303.4 0
303.5 0
303.6 0
303.7 0
303.8 0
303.9 0
304 0
304.1 0
304.2 0
304.3 0
304.4 0
304.5 0
304.6 0
304.7 0
304.8 0
304.9 0
305 0
305.1 0
305.2 0
305.3 0
305.4 0
305.5 0
305.6 0
305.7 0
305.8 0
305.9 0
306 0
306.1 0
306.2 0
306.3 0
306.4 0
306.5 0
306.6 0
306.7 0
306.8 0
306.9 0
307 0
307.1 0
307.2 0
307.3 0
307.4 0
307.5 0
307.6 0
307.7 0
307.8 0
307.9 0
308 0
308.1 0
308.2 0
308.3 0
308.4 0
308.5 0
308.6 0
308.7 0
308.8 0
308.9 0
309 0
309.1 0
309.2 0
309.3 0
309.4 0
309.5 0
309.6 0
309.7 0
309.8 0
309.9 0
310 0
310.1 0
310.2 0
310.3 0
310.4 0
310.5 0
310.6 0
310.7 0
310.8 0
310.9 0
311 0
311.1 0
311.2 0
311.3 0
311.4 0
311.5 0
311.6 0
311.7 0
311.8 0
311.9 0
312 0
312.1 0
312.2 0
312.3 0
312.4 0
312.5 0
312.6 0
312.7 0
312.8 0
312.9 0
313 0
313.1 0
313.2 0
313.3 0
313.4 0
313.5 0
313.6 0
313.7 0
313.8 0
313.9 0
314 0
314.1 0
314.2 0
314.3 0
314.4 0
314.5 0
314.6 0
314.7 0
314.8 0
314.9 0
315 0
315.1 0
315.2 0
315.3 0
315.4 0
315.5 0
315.6 0
315.7 0
315.8 0
315.9 0
316 0
316.1 0
316.2 0
316.3 0
316.4 0
316.5 0
316.6 0
316.7 0
316.8 0
316.9 0
317 0
317.1 0
317.2 0
317.3 0
317.4 0
317.5 0
317.6 0
317.7 0
317.8 0
317.9 0
318 0
318.1 0
318.2 0
318.3 0
318.4 0
318.5 0
318.6 0
318.7 0
318.8 0
318.9 0
319 0
319.1 0
319.2 0
319.3 0
319.4 0
319.5 0
319.6 0
319.7 0
319.8 0
319.9 0
320 0
320.1 0
320.2 0
320.3 0
320.4 0
320.5 0
320.6 0
320.7 0
320.8 0
320.9 0
321 0
321.1 0
321.2 0
321.3 0
321.4 0
321.5 0
321.6 0
321.7 0
321.8 0
321.9 0
322 0
322.1 0
322.2 0
322.3 0
322.4 0
322.5 0
322.6 0
322.7 0
322.8 0
322.9 0
323 0
323.1 0
323.2 0
323.3 0
323.4 0
323.5 0
323.6 0
323.7 0
323.8 0
323.9 0
324 0
324.1 0
324.2 0
324.3 0
324.4 0
324.5 0
324.6 0
324.7 0
324.8 0
324.9 0
325 0
325.1 0
325.2 0
325.3 0
325.4 0
325.5 0
325.6 0
325.7 0
325.8 0
325.9 0
326 0
326.1 0
326.2 0
326.3 0
326.4 0
326.5 0
326.6 0
326.7 0
326.8 0
326.9 0
327 0
327.1 0
327.2 0
327.3 0
327.4 0
327.5 0
327.6 0
327.7 0
327.8 0
327.9 0
328 0
328.1 0
328.2 0
328.3 0
328.4 0
328.5 0
328.6 0
328.7 0
328.8 0
328.9 0
329 0
329.1 0
329.2 0
329.3 0
329.4 0
329.5 0
329.6 0
329.7 0
329.8 0
329.9 0
330 0
330.1 0
330.2 0
330.3 0
330.4 0
330.5 0
330.6 0
330.7 0
330.8 0
330.9 0
331 0
331.1 0
331.2 0
331.3 0
331.4 0
331.5 0
331.6 0
331.7 0
331.8 0
331.9 0
332 0
332.1 0
332.2 0
332.3 0
332.4 0
332.5 0
332.6 0
332.7 0
332.8 0
332.9 0
333 0
333.1 0
333.2 0
333.3 0
333.4 0
333.5 0
333.6 0
333.7 0
333.8 0
333.9 0
334 0
334.1 0
334.2 0
334.3 0
334.4 0
334.5 0
334.6 0
334.7 0
334.8 0
334.9 0
335 0
335.1 0
335.2 0
335.3 0
335.4 0
335.5 0
335.6 0
335.7 0
335.8 0
335.9 0
336 0
336.1 0
336.2 0
336.3 0
336.4 0
336.5 0
336.6 0
336.7 0
336.8 0
336.9 0
337 0
337.1 0
337.2 0
337.3 0
337.4 0
337.5 0
337.6 0
337.7 0
337.8 0
337.9 0
338 0
338.1 0
338.2 0
338.3 0
338.4 0
338.5 0
338.6 0
338.7 0
338.8 0
338.9 0
339 0
339.1 0
339.2 0
339.3 0
339.4 0
339.5 0
339.6 0
339.7 0
339.8 0
339.9 0
340 0
340.1 0
340.2 0
340.3 0
340.4 0
340.5 0
340.6 0
340.7 0
340.8 0
340.9 0
341 0
341.1 0
341.2 0
341.3 0
341.4 0
341.5 0
341.6 0
341.7 0
341.8 0
341.9 0
342 0
342.1 0
342.2 0
342.3 0
342.4 0
342.5 0
342.6 0
342.7 0
342.8 0
342.9 0
343 0
343.1 0
343.2 0
343.3 0
343.4 0
343.5 0
343.6 0
343.7 0
343.8 0
343.9 0
344 0
344.1 0
344.2 0
344.3 0
344.4 0
344.5 0
344.6 0
344.7 0
344.8 0
344.9 0
345 0
345.1 0
345.2 0
345.3 0
345.4 0
345.5 0
345.6 0
345.7 0
345.8 0
345.9 0
346 0
346.1 0
346.2 0
346.3 0
346.4 0
346.5 0
346.6 0
346.7 0
346.8 0
346.9 0
347 0
347.1 0
347.2 0
347.3 0
347.4 0
347.5 0
347.6 0
347.7 0
347.8 0
347.9 0
348 0
348.1 0
348.2 0
348.3 0
348.4 0
348.5 0
348.6 0
348.7 0
348.8 0
348.9 0
349 0
349.1 0
349.2 0
349.3 0
349.4 0
349.5 0
349.6 0
349.7 0
349.8 0
349.9 0
350 0
350.1 0
350.2 0
350.3 0
350.4 0
350.5 0
350.6 0
350.7 0
350.8 0
350.9 0
351 0
351.1 0
351.2 0
351.3 0
351.4 0
351.5 0
351.6 0
351.7 0
351.8 0
351.9 0
352 0
352.1 0
352.2 0
352.3 0
352.4 0
352.5 0
352.6 0
352.7 0
352.8 0
352.9 0
353 0
353.1 0
353.2 0
353.3 0
353.4 0
353.5 0
353.6 0
353.7 0
353.8 0
353.9 0
354 0
354.1 0
354.2 0
354.3 0
354.4 0
354.5 0
354.6 0
354.7 0
354.8 0
354.9 0
355 0
355.1 0
355.2 0
355.3 0
355.4 0
355.5 0
355.6 0
355.7 0
355.8 0
355.9 0
356 0
356.1 0
356.2 0
356.3 0
356.4 0
356.5 0
356.6 0
356.7 0
356.8 0
356.9 0
357 0
357.1 0
357.2 0
357.3 0
357.4 0
357.5 0
357.6 0
357.7 0
357.8 0
357.9 0
358 0
358.1 0
358.2 0
358.3 0
358.4 0
358.5 0
358.6 0
358.7 0
358.8 0
358.9 0
359 0
359.1 0
359.2 0
359.3 0
359.4 0
359.5 0
359.6 0
359.7 0
359.8 0
359.9 0
360 0
360.1 0
360.2 0
360.3 0
360.4 0
360.5 0
360.6 0
360.7 0
360.8 0
360.9 0
361 0
361.1 0
361.2 0
361.3 0
361.4 0
361.5 0
361.6 0
361.7 0
361.8 0
361.9 0
362 0
362.1 0
362.2 0
362.3 0
362.4 0
362.5 0
362.6 0
362.7 0
362.8 0
362.9 0
363 0
363.1 0
363.2 0
363.3 0
363.4 0
363.5 0
363.6 0
363.7 0
363.8 0
363.9 0
364 0
364.1 0
364.2 0
364.3 0
364.4 0
364.5 0
364.6 0
364.7 0
364.8 0
364.9 0
365 0
365.1 0
365.2 0
365.3 0
365.4 0
365.5 0
365.6 0
365.7 0
365.8 0
365.9 0
366 0
366.1 0
366.2 0
366.3 0
366.4 0
366.5 0
366.6 0
366.7 0
366.8 0
366.9 0
367 0
367.1 0
367.2 0
367.3 0
367.4 0
367.5 0
367.6 0
367.7 0
367.8 0
367.9 0
368 0
368.1 0
368.2 0
368.3 0
368.4 0
368.5 0
368.6 0
368.7 0
368.8 0
368.9 0
369 0
369.1 0
369.2 0
369.3 0
369.4 0
369.5 0
369.6 0
369.7 0
369.8 0
369.9 0
370 0
370.1 0
370.2 0
370.3 0
370.4 0
370.5 0
370.6 0
370.7 0
370.8 0
370.9 0
371 0
371.1 0
371.2 0
371.3 0
371.4 0
371.5 0
371.6 0
371.7 0
371.8 0
371.9 0
372 0
372.1 0
372.2 0
372.3 0
372.4 0
372.5 0
372.6 0
372.7 0
372.8 0
372.9 0
373 0
373.1 0
373.2 0
373.3 0
373.4 0
373.5 0
373.6 0
373.7 0
373.8 0
373.9 0
374 0
374.1 0
374.2 0
374.3 0
374.4 0
374.5 0
374.6 0
374.7 0
374.8 0
374.9 0
375 0
375.1 0
375.2 0
375.3 0
375.4 0
375.5 0
375.6 0
375.7 0
375.8 0
375.9 0
376 0
376.1 0
376.2 0
376.3 0
376.4 0
376.5 0
376.6 0
376.7 0
376.8 0
376.9 0
377 0
377.1 0
377.2 0
377.3 0
377.4 0
377.5 0
377.6 0
377.7 0
377.8 0
377.9 0
378 0
378.1 0
378.2 0
378.3 0
378.4 0
378.5 0
378.6 0
378.7 0
378.8 0
378.9 0
379 0
379.1 0
379.2 0
379.3 0
379.4 0
379.5 0
379.6 0
379.7 0
379.8 0
379.9 0
380 0
380.1 0
380.2 0
380.3 0
380.4 0
380.5 0
380.6 0
380.7 0
380.8 0
380.9 0
381 0
381.1 0
381.2 0
381.3 0
381.4 0
381.5 0
381.6 0
381.7 0
381.8 0
381.9 0
382 0
382.1 0
382.2 0
382.3 0
382.4 0
382.5 0
382.6 0
382.7 0
382.8 0
382.9 0
383 0
383.1 0
383.2 0
383.3 0
383.4 0
383.5 0
383.6 0
383.7 0
383.8 0
383.9 0
384 0
384.1 0
384.2 0
384.3 0
384.4 0
384.5 0
384.6 0
384.7 0
384.8 0
384.9 0
385 0
385.1 0
385.2 0
385.3 0
385.4 0
385.5 0
385.6 0
385.7 0
385.8 0
385.9 0
386 0
386.1 0
386.2 0
386.3 0
386.4 0
386.5 0
386.6 0
386.7 0
386.8 0
386.9 0
387 0
387.1 0
387.2 0
387.3 0
387.4 0
387.5 0
387.6 0
387.7 0
387.8 0
387.9 0
388 0
388.1 0
388.2 0
388.3 0
388.4 0
388.5 0
388.6 0
388.7 0
388.8 0
388.9 0
389 0
389.1 0
389.2 0
389.3 0
389.4 0
389.5 0
389.6 0
389.7 0
389.8 0
389.9 0
390 0
390.1 0
390.2 0
390.3 0
390.4 0
390.5 0
390.6 0
390.7 0
390.8 0
390.9 0
391 0
391.1 0
391.2 0
391.3 0
391.4 0
391.5 0
391.6 0
391.7 0
391.8 0
391.9 0
392 0
392.1 0
392.2 0
392.3 0
392.4 0
392.5 0
392.6 0
392.7 0
392.8 0
392.9 0
393 0
393.1 0
393.2 0
393.3 0
393.4 0
393.5 0
393.6 0
393.7 0
393.8 0
393.9 0
394 0
394.1 0
394.2 0
394.3 0
394.4 0
394.5 0
394.6 0
394.7 0
394.8 0
394.9 0
395 0
395.1 0
395.2 0
395.3 0
395.4 0
395.5 0
395.6 0
395.7 0
395.8 0
395.9 0
396 0
396.1 0
396.2 0
396.3 0
396.4 0
396.5 0
396.6 0
396.7 0
396.8 0
396.9 0
397 0
397.1 0
397.2 0
397.3 0
397.4 0
397.5 0
397.6 0
397.7 0
397.8 0
397.9 0
398 0
398.1 0
398.2 0
398.3 0
398.4 0
398.5 0
398.6 0
398.7 0
398.8 0
398.9 0
399 0
399.1 0
399.2 0
399.3 0
399.4 0
399.5 0
399.6 0
399.7 0
399.8 0
399.9 0
400 0
400.1 0
400.2 0
400.3 0
400.4 0
400.5 0
400.6 0
400.7 0
400.8 0
400.9 0
401 0
401.1 0
401.2 0
401.3 0
401.4 0
401.5 0
401.6 0
401.7 0
401.8 0
401.9 0
402 0
402.1 0
402.2 0
402.3 0
402.4 0
402.5 0
402.6 0
402.7 0
402.8 0
402.9 0
403 0
403.1 0
403.2 0
403.3 0
403.4 0
403.5 0
403.6 0
403.7 0
403.8 0
403.9 0
404 0
404.1 0
404.2 0
404.3 0
404.4 0
404.5 0
404.6 0
404.7 0
404.8 0
404.9 0
405 0
405.1 0
405.2 0
405.3 0
405.4 0
405.5 0
405.6 0
405.7 0
405.8 0
405.9 0
406 0
406.1 0
406.2 0
406.3 0
406.4 0
406.5 0
406.6 0
406.7 0
406.8 0
406.9 0
407 0
407.1 0
407.2 0
407.3 0
407.4 0
407.5 0
407.6 0
407.7 0
407.8 0
407.9 0
408 0
408.1 0
408.2 0
408.3 0
408.4 0
408.5 0
408.6 0
408.7 0
408.8 0
408.9 0
409 0
409.1 0
409.2 0
409.3 0
409.4 0
409.5 0
409.6 0
409.7 0
409.8 0
409.9 0
410 0
410.1 0
410.2 0
410.3 0
410.4 0
410.5 0
410.6 0
410.7 0
410.8 0
410.9 0
411 0
411.1 0
411.2 0
411.3 0
411.4 0
411.5 0
411.6 0
411.7 0
411.8 0
411.9 0
412 0
412.1 0
412.2 0
412.3 0
412.4 0
412.5 0
412.6 0
412.7 0
412.8 0
412.9 0
413 0
413.1 0
413.2 0
413.3 0
413.4 0
413.5 0
413.6 0
413.7 0
413.8 0
413.9 0
414 0
414.1 0
414.2 0
414.3 0
414.4 0
414.5 0
414.6 0
414.7 0
414.8 0
414.9 0
415 0
415.1 0
415.2 0
415.3 0
415.4 0
415.5 0
415.6 0
415.7 0
415.8 0
415.9 0
416 0
416.1 0
416.2 0
416.3 0
416.4 0
416.5 0
416.6 0
416.7 0
416.8 0
416.9 0
417 0
417.1 0
417.2 0
417.3 0
417.4 0
417.5 0
417.6 0
417.7 0
417.8 0
417.9 0
418 0
418.1 0
418.2 0
418.3 0
418.4 0
418.5 0
418.6 0
418.7 0
418.8 0
418.9 0
419 0
419.1 0
419.2 0
419.3 0
419.4 0
419.5 0
419.6 0
419.7 0
419.8 0
419.9 0
420 0
420.1 0
420.2 0
420.3 0
420.4 0
420.5 0
420.6 0
420.7 0
420.8 0
420.9 0
421 0
421.1 0
421.2 0
421.3 0
421.4 0
421.5 0
421.6 0
421.7 0
421.8 0
421.9 0
422 0
422.1 0
422.2 0
422.3 0
422.4 0
422.5 0
422.6 0
422.7 0
422.8 0
422.9 0
423 0
423.1 0
423.2 0
423.3 0
423.4 0
423.5 0
423.6 0
423.7 0
423.8 0
423.9 0
424 0
424.1 0
424.2 0
424.3 0
424.4 0
424.5 0
424.6 0
424.7 0
424.8 0
424.9 0
425 0
425.1 0
425.2 0
425.3 0
425.4 0
425.5 0
425.6 0
425.7 0
425.8 0
425.9 0
426 0
426.1 0
426.2 0
426.3 0
426.4 0
426.5 0
426.6 0
426.7 0
426.8 0
426.9 0
427 0
427.1 0
427.2 0
427.3 0
427.4 0
427.5 0
427.6 0
427.7 0
427.8 0
427.9 0
428 0
428.1 0
428.2 0
428.3 0
428.4 0
428.5 0
428.6 0
428.7 0
428.8 0
428.9 0
429 0
429.1 0
429.2 0
429.3 0
429.4 0
429.5 0
429.6 0
429.7 0
429.8 0
429.9 0
430 0
430.1 0
430.2 0
430.3 0
430.4 0
430.5 0
430.6 0
430.7 0
430.8 0
430.9 0
431 0
431.1 0
431.2 0
431.3 0
431.4 0
431.5 0
431.6 0
431.7 0
431.8 0
431.9 0
432 0
432.1 0
432.2 0
432.3 0
432.4 0
432.5 0
432.6 0
432.7 0
432.8 0
432.9 0
433 0
433.1 0
433.2 0
433.3 0
433.4 0
433.5 0
433.6 0
433.7 0
433.8 0
433.9 0
434 0
434.1 0
434.2 0
434.3 0
434.4 0
434.5 0
434.6 0
434.7 0
434.8 0
434.9 0
435 0
435.1 0
435.2 0
435.3 0
435.4 0
435.5 0
435.6 0
435.7 0
435.8 0
435.9 0
436 0
436.1 0
436.2 0
436.3 0
436.4 0
436.5 0
436.6 0
436.7 0
436.8 0
436.9 0
437 0
437.1 0
437.2 0
437.3 0
437.4 0
437.5 0
437.6 0
437.7 0
437.8 0
437.9 0
438 0
438.1 0
438.2 0
438.3 0
438.4 0
438.5 0
438.6 0
438.7 0
438.8 0
438.9 0
439 0
439.1 0
439.2 0
439.3 0
439.4 0
439.5 0
439.6 0
439.7 0
439.8 0
439.9 0
440 0
440.1 0
440.2 0
440.3 0
440.4 0
440.5 0
440.6 0
440.7 0
440.8 0
440.9 0
441 0
441.1 0
441.2 0
441.3 0
441.4 0
441.5 0
441.6 0
441.7 0
441.8 0
441.9 0
442 0
442.1 0
442.2 0
442.3 0
442.4 0
442.5 0
442.6 0
442.7 0
442.8 0
442.9 0
443 0
443.1 0
443.2 0
443.3 0
443.4 0
443.5 0
443.6 0
443.7 0
443.8 0
443.9 0
444 0
444.1 0
444.2 0
444.3 0
444.4 0
444.5 0
444.6 0
444.7 0
444.8 0
444.9 0
445 0
445.1 0
445.2 0
445.3 0
445.4 0
445.5 0
445.6 0
445.7 0
445.8 0
445.9 0
446 0
446.1 0
446.2 0
446.3 0
446.4 0
446.5 0
446.6 0
446.7 0
446.8 0
446.9 0
447 0
447.1 0
447.2 0
447.3 0
447.4 0
447.5 0
447.6 0
447.7 0
447.8 0
447.9 0
448 0
448.1 0
448.2 0
448.3 0
448.4 0
448.5 0
448.6 0
448.7 0
448.8 0
448.9 0
449 0
449.1 0
449.2 0
449.3 0
449.4 0
449.5 0
449.6 0
449.7 0
449.8 0
449.9 0
450 0
450.1 0
450.2 0
450.3 0
450.4 0
450.5 0
450.6 0
450.7 0
450.8 0
450.9 0
451 0
451.1 0
451.2 0
451.3 0
451.4 0
451.5 0
451.6 0
451.7 0
451.8 0
451.9 0
452 0
452.1 0
452.2 0
452.3 0
452.4 0
452.5 0
452.6 0
452.7 0
452.8 0
452.9 0
453 0
453.1 0
453.2 0
453.3 0
453.4 0
453.5 0
453.6 0
453.7 0
453.8 0
453.9 0
454 0
454.1 0
454.2 0
454.3 0
454.4 0
454.5 0
454.6 0
454.7 0
454.8 0
454.9 0
455 0
455.1 0
455.2 0
455.3 0
455.4 0
455.5 0
455.6 0
455.7 0
455.8 0
455.9 0
456 0
456.1 0
456.2 0
456.3 0
456.4 0
456.5 0
456.6 0
456.7 0
456.8 0
456.9 0
457 0
457.1 0
457.2 0
457.3 0
457.4 0
457.5 0
457.6 0
457.7 0
457.8 0
457.9 0
458 0
458.1 0
458.2 0
458.3 0
458.4 0
458.5 0
458.6 0
458.7 0
458.8 0
458.9 0
459 0
459.1 0
459.2 0
459.3 0
459.4 0
459.5 0
459.6 0
459.7 0
459.8 0
459.9 0
460 0
460.1 0
460.2 0
460.3 0
460.4 0
460.5 0
460.6 0
460.7 0
460.8 0
460.9 0
461 0
461.1 0
461.2 0
461.3 0
461.4 0
461.5 0
461.6 0
461.7 0
461.8 0
461.9 0
462 0
462.1 0
462.2 0
462.3 0
462.4 0
462.5 0
462.6 0
462.7 0
462.8 0
462.9 0
463 0
463.1 0
463.2 0
463.3 0
463.4 0
463.5 0
463.6 0
463.7 0
463.8 0
463.9 0
464 0
464.1 0
464.2 0
464.3 0
464.4 0
464.5 0
464.6 0
464.7 0
464.8 0
464.9 0
465 0
465.1 0
465.2 0
465.3 0
465.4 0
465.5 0
465.6 0
465.7 0
465.8 0
465.9 0
466 0
466.1 0
466.2 0
466.3 0
466.4 0
466.5 0
466.6 0
466.7 0
466.8 0
466.9 0
467 0
467.1 0
467.2 0
467.3 0
467.4 0
467.5 0
467.6 0
467.7 0
467.8 0
467.9 0
468 0
468.1 0
468.2 0
468.3 0
468.4 0
468.5 0
468.6 0
468.7 0
468.8 0
468.9 0
469 0
469.1 0
469.2 0
469.3 0
469.4 0
469.5 0
469.6 0
469.7 0
469.8 0
469.9 0
470 0
470.1 0
470.2 0
470.3 0
470.4 0
470.5 0
470.6 0
470.7 0
470.8 0
470.9 0
471 0
471.1 0
471.2 0
471.3 0
471.4 0
471.5 0
471.6 0
471.7 0
471.8 0
471.9 0
472 0
472.1 0
472.2 0
472.3 0
472.4 0
472.5 0
472.6 0
472.7 0
472.8 0
472.9 0
473 0
473.1 0
473.2 0
473.3 0
473.4 0
473.5 0
473.6 0
473.7 0
473.8 0
473.9 0
474 0
474.1 0
474.2 0
474.3 0
474.4 0
474.5 0
474.6 0
474.7 0
474.8 0
474.9 0
475 0
475.1 0
475.2 0
475.3 0
475.4 0
475.5 0
475.6 0
475.7 0
475.8 0
475.9 0
476 0
476.1 0
476.2 0
476.3 0
476.4 0
476.5 0
476.6 0
476.7 0
476.8 0
476.9 0
477 0
477.1 0
477.2 0
477.3 0
477.4 0
477.5 0
477.6 0
477.7 0
477.8 0
477.9 0
478 0
478.1 0
478.2 0
478.3 0
478.4 0
478.5 0
478.6 0
478.7 0
478.8 0
478.9 0
479 0
479.1 0
479.2 0
479.3 0
479.4 0
479.5 0
479.6 0
479.7 0
479.8 0
479.9 0
480 0
480.1 0
480.2 0
480.3 0
480.4 0
480.5 0
480.6 0
480.7 0
480.8 0
480.9 0
481 0
481.1 0
481.2 0
481.3 0
481.4 0
481.5 0
481.6 0
481.7 0
481.8 0
481.9 0
482 0
482.1 0
482.2 0
482.3 0
482.4 0
482.5 0
482.6 0
482.7 0
482.8 0
482.9 0
483 0
483.1 0
483.2 0
483.3 0
483.4 0
483.5 0
483.6 0
483.7 0
483.8 0
483.9 0
484 0
484.1 0
484.2 0
484.3 0
484.4 0
484.5 0
484.6 0
484.7 0
484.8 0
484.9 0
485 0
485.1 0
485.2 0
485.3 0
485.4 0
485.5 0
485.6 0
485.7 0
485.8 0
485.9 0
486 0
486.1 0
486.2 0
486.3 0
486.4 0
486.5 0
486.6 0
486.7 0
486.8 0
486.9 0
487 0
487.1 0
487.2 0
487.3 0
487.4 0
487.5 0
487.6 0
487.7 0
487.8 0
487.9 0
488 0
488.1 0
488.2 0
488.3 0
488.4 0
488.5 0
488.6 0
488.7 0
488.8 0
488.9 0
489 0
489.1 0
489.2 0
489.3 0
489.4 0
489.5 0
489.6 0
489.7 0
489.8 0
489.9 0
490 0
490.1 0
490.2 0
490.3 0
490.4 0
490.5 0
490.6 0
490.7 0
490.8 0
490.9 0
491 0
491.1 0
491.2 0
491.3 0
491.4 0
491.5 0
491.6 0
491.7 0
491.8 0
491.9 0
492 0
492.1 0
492.2 0
492.3 0
492.4 0
492.5 0
492.6 0
492.7 0
492.8 0
492.9 0
493 0
493.1 0
493.2 0
493.3 0
493.4 0
493.5 0
493.6 0
493.7 0
493.8 0
493.9 0
494 0
494.1 0
494.2 0
494.3 0
494.4 0
494.5 0
494.6 0
494.7 0
494.8 0
494.9 0
495 0
495.1 0
495.2 0
495.3 0
495.4 0
495.5 0
495.6 0
495.7 0
495.8 0
495.9 0
496 0
496.1 0
496.2 0
496.3 0
496.4 0
496.5 0
496.6 0
496.7 0
496.8 0
496.9 0
497 0
497.1 0
497.2 0
497.3 0
497.4 0
497.5 0
497.6 0
497.7 0
497.8 0
497.9 0
498 0
498.1 0
498.2 0
498.3 0
498.4 0
498.5 0
498.6 0
498.7 0
498.8 0
498.9 0
499 0
499.1 0
499.2 0
499.3 0
499.4 0
499.5 0
499.6 0
499.7 0
499.8 0
499.9 0
500 0
500.1 0
500.2 0
500.3 0
500.4 0
500.5 0
500.6 0
500.7 0
500.8 0
500.9 0
501 0
501.1 0
501.2 0
501.3 0
501.4 0
501.5 0
501.6 0
501.7 0
501.8 0
501.9 0
502 0
502.1 0
502.2 0
502.3 0
502.4 0
502.5 0
502.6 0
502.7 0
502.8 0
502.9 0
503 0
503.1 0
503.2 0
503.3 0
503.4 0
503.5 0
503.6 0
503.7 0
503.8 0
503.9 0
504 0
504.1 0
504.2 0
504.3 0
504.4 0
504.5 0
504.6 0
504.7 0
504.8 0
504.9 0
505 0
505.1 0
505.2 0
505.3 0
505.4 0
505.5 0
505.6 0
505.7 0
505.8 0
505.9 0
506 0
506.1 0
506.2 0
506.3 0
506.4 0
506.5 0
506.6 0
506.7 0
506.8 0
506.9 0
507 0
507.1 0
507.2 0
507.3 0
507.4 0
507.5 0
507.6 0
507.7 0
507.8 0
507.9 0
508 0
508.1 0
508.2 0
508.3 0
508.4 0
508.5 0
508.6 0
508.7 0
508.8 0
508.9 0
509 0
509.1 0
509.2 0
509.3 0
509.4 0
509.5 0
509.6 0
509.7 0
509.8 0
509.9 0
510 0
510.1 0
510.2 0
510.3 0
510.4 0
510.5 0
510.6 0
510.7 0
510.8 0
510.9 0
511 0
511.1 0
511.2 0
511.3 0
511.4 0
511.5 0
511.6 0
511.7 0
511.8 0
511.9 0
512 0
512.1 0
512.2 0
512.3 0
512.4 0
512.5 0
512.6 0
512.7 0
512.8 0
512.9 0
513 0
513.1 0
513.2 0
513.3 0
513.4 0
513.5 0
513.6 0
513.7 0
513.8 0
513.9 0
514 0
514.1 0
514.2 0
514.3 0
514.4 0
514.5 0
514.6 0
514.7 0
514.8 0
514.9 0
515 0
515.1 0
515.2 0
515.3 0
515.4 0
515.5 0
515.6 0
515.7 0
515.8 0
515.9 0
516 0
516.1 0
516.2 0
516.3 0
516.4 0
516.5 0
516.6 0
516.7 0
516.8 0
516.9 0
517 0
517.1 0
517.2 0
517.3 0
517.4 0
517.5 0
517.6 0
517.7 0
517.8 0
517.9 0
518 0
518.1 0
518.2 0
518.3 0
518.4 0
518.5 0
518.6 0
518.7 0
518.8 0
518.9 0
519 0
519.1 0
519.2 0
519.3 0
519.4 0
519.5 0
519.6 0
519.7 0
519.8 0
519.9 0
520 0
520.1 0
520.2 0
520.3 0
520.4 0
520.5 0
520.6 0
520.7 0
520.8 0
520.9 0
521 0
521.1 0
521.2 0
521.3 0
521.4 0
521.5 0
521.6 0
521.7 0
521.8 0
521.9 0
522 0
522.1 0
522.2 0
522.3 0
522.4 0
522.5 0
522.6 0
522.7 0
522.8 0
522.9 0
523 0
523.1 0
523.2 0
523.3 0
523.4 0
523.5 0
523.6 0
523.7 0
523.8 0
523.9 0
524 0
524.1 0
524.2 0
524.3 0
524.4 0
524.5 0
524.6 0
524.7 0
524.8 0
524.9 0
525 0
525.1 0
525.2 0
525.3 0
525.4 0
525.5 0
525.6 0
525.7 0
525.8 0
525.9 0
526 0
526.1 0
526.2 0
526.3 0
526.4 0
526.5 0
526.6 0
526.7 0
526.8 0
526.9 0
527 0
527.1 0
527.2 0
527.3 0
527.4 0
527.5 0
527.6 0
527.7 0
527.8 0
527.9 0
528 0
528.1 0
528.2 0
528.3 0
528.4 0
528.5 0
528.6 0
528.7 0
528.8 0
528.9 0
529 0
529.1 0
529.2 0
529.3 0
529.4 0
529.5 0
529.6 0
529.7 0
529.8 0
529.9 0
530 0
530.1 0
530.2 0
530.3 0
530.4 0
530.5 0
530.6 0
530.7 0
530.8 0
530.9 0
531 0
531.1 0
531.2 0
531.3 0
531.4 0
531.5 0
531.6 0
531.7 0
531.8 0
531.9 0
532 0
532.1 0
532.2 0
532.3 0
532.4 0
532.5 0
532.6 0
532.7 0
532.8 0
532.9 0
533 0
533.1 0
533.2 0
533.3 0
533.4 0
533.5 0
533.6 0
533.7 0
533.8 0
533.9 0
534 0
534.1 0
534.2 0
534.3 0
534.4 0
534.5 0
534.6 0
534.7 0
534.8 0
534.9 0
535 0
535.1 0
535.2 0
535.3 0
535.4 0
535.5 0
535.6 0
535.7 0
535.8 0
535.9 0
536 0
536.1 0
536.2 0
536.3 0
536.4 0
536.5 0
536.6 0
536.7 0
536.8 0
536.9 0
537 0
537.1 0
537.2 0
537.3 0
537.4 0
537.5 0
537.6 0
537.7 0
537.8 0
537.9 0
538 0
538.1 0
538.2 0
538.3 0
538.4 0
538.5 0
538.6 0
538.7 0
538.8 0
538.9 0
539 0
539.1 0
539.2 0
539.3 0
539.4 0
539.5 0
539.6 0
539.7 0
539.8 0
539.9 0
540 0
540.1 0
540.2 0
540.3 0
540.4 0
540.5 0
540.6 0
540.7 0
540.8 0
540.9 0
541 0
541.1 0
541.2 0
541.3 0
541.4 0
541.5 0
541.6 0
541.7 0
541.8 0
541.9 0
542 0
542.1 0
542.2 0
542.3 0
542.4 0
542.5 0
542.6 0
542.7 0
542.8 0
542.9 0
543 0
543.1 0
543.2 0
543.3 0
543.4 0
543.5 0
543.6 0
543.7 0
543.8 0
543.9 0
544 0
544.1 0
544.2 0
544.3 0
544.4 0
544.5 0
544.6 0
544.7 0
544.8 0
544.9 0
545 0
545.1 0
545.2 0
545.3 0
545.4 0
545.5 0
545.6 0
545.7 0
545.8 0
545.9 0
546 0
546.1 0
546.2 0
546.3 0
546.4 0
546.5 0
546.6 0
546.7 0
546.8 0
546.9 0
547 0
547.1 0
547.2 0
547.3 0
547.4 0
547.5 0
547.6 0
547.7 0
547.8 0
547.9 0
548 0
548.1 0
548.2 0
548.3 0
548.4 0
548.5 0
548.6 0
548.7 0
548.8 0
548.9 0
549 0
549.1 0
549.2 0
549.3 0
549.4 0
549.5 0
549.6 0
549.7 0
549.8 0
549.9 0
550 0
550.1 0
550.2 0
550.3 0
550.4 0
550.5 0
550.6 0
550.7 0
550.8 0
550.9 0
551 0
551.1 0
551.2 0
551.3 0
551.4 0
551.5 0
551.6 0
551.7 0
551.8 0
551.9 0
552 0
552.1 0
552.2 0
552.3 0
552.4 0
552.5 0
552.6 0
552.7 0
552.8 0
552.9 0
553 0
553.1 0
553.2 0
553.3 0
553.4 0
553.5 0
553.6 0
553.7 0
553.8 0
553.9 0
554 0
554.1 0
554.2 0
554.3 0
554.4 0
554.5 0
554.6 0
554.7 0
554.8 0
554.9 0
555 0
555.1 0
555.2 0
555.3 0
555.4 0
555.5 0
555.6 0
555.7 0
555.8 0
555.9 0
556 0
556.1 0
556.2 0
556.3 0
556.4 0
556.5 0
556.6 0
556.7 0
556.8 0
556.9 0
557 0
557.1 0
557.2 0
557.3 0
557.4 0
557.5 0
557.6 0
557.7 0
557.8 0
557.9 0
558 0
558.1 0
558.2 0
558.3 0
558.4 0
558.5 0
558.6 0
558.7 0
558.8 0
558.9 0
559 0
559.1 0
559.2 0
559.3 0
559.4 0
559.5 0
559.6 0
559.7 0
559.8 0
559.9 0
560 0
560.1 0
560.2 0
560.3 0
560.4 0
560.5 0
560.6 0
560.7 0
560.8 0
560.9 0
561 0
561.1 0
561.2 0
561.3 0
561.4 0
561.5 0
561.6 0
561.7 0
561.8 0
561.9 0
562 0
562.1 0
562.2 0
562.3 0
562.4 0
562.5 0
562.6 0
562.7 0
562.8 0
562.9 0
563 0
563.1 0
563.2 0
563.3 0
563.4 0
563.5 0
563.6 0
563.7 0
563.8 0
563.9 0
564 0
564.1 0
564.2 0
564.3 0
564.4 0
564.5 0
564.6 0
564.7 0
564.8 0
564.9 0
565 0
565.1 0
565.2 0
565.3 0
565.4 0
565.5 0
565.6 0
565.7 0
565.8 0
565.9 0
566 0
566.1 0
566.2 0
566.3 0
566.4 0
566.5 0
566.6 0
566.7 0
566.8 0
566.9 0
567 0
567.1 0
567.2 0
567.3 0
567.4 0
567.5 0
567.6 0
567.7 0
567.8 0
567.9 0
568 0
568.1 0
568.2 0
568.3 0
568.4 0
568.5 0
568.6 0
568.7 0
568.8 0
568.9 0
569 0
569.1 0
569.2 0
569.3 0
569.4 0
569.5 0
569.6 0
569.7 0
569.8 0
569.9 0
570 0
570.1 0
570.2 0
570.3 0
570.4 0
570.5 0
570.6 0
570.7 0
570.8 0
570.9 0
571 0
571.1 0
571.2 0
571.3 0
571.4 0
571.5 0
571.6 0
571.7 0
571.8 0
571.9 0
572 0
572.1 0
572.2 0
572.3 0
572.4 0
572.5 0
572.6 0
572.7 0
572.8 0
572.9 0
573 0
573.1 0
573.2 0
573.3 0
573.4 0
573.5 0
573.6 0
573.7 0
573.8 0
573.9 0
574 0
574.1 0
574.2 0
574.3 0
574.4 0
574.5 0
574.6 0
574.7 0
574.8 0
574.9 0
575 0
575.1 0
575.2 0
575.3 0
575.4 0
575.5 0
575.6 0
575.7 0
575.8 0
575.9 0
576 0
576.1 0
576.2 0
576.3 0
576.4 0
576.5 0
576.6 0
576.7 0
576.8 0
576.9 0
577 0
577.1 0
577.2 0
577.3 0
577.4 0
577.5 0
577.6 0
577.7 0
577.8 0
577.9 0
578 0
578.1 0
578.2 0
578.3 0
578.4 0
578.5 0
578.6 0
578.7 0
578.8 0
578.9 0
579 0
579.1 0
579.2 0
579.3 0
579.4 0
579.5 0
579.6 0
579.7 0
579.8 0
579.9 0
580 0
580.1 0
580.2 0
580.3 0
580.4 0
580.5 0
580.6 0
580.7 0
580.8 0
580.9 0
581 0
581.1 0
581.2 0
581.3 0
581.4 0
581.5 0
581.6 0
581.7 0
581.8 0
581.9 0
582 0
582.1 0
582.2 0
582.3 0
582.4 0
582.5 0
582.6 0
582.7 0
582.8 0
582.9 0
583 0
583.1 0
583.2 0
583.3 0
583.4 0
583.5 0
583.6 0
583.7 0
583.8 0
583.9 0
584 0
584.1 0
584.2 0
584.3 0
584.4 0
584.5 0
584.6 0
584.7 0
584.8 0
584.9 0
585 0
585.1 0
585.2 0
585.3 0
585.4 0
585.5 0
585.6 0
585.7 0
585.8 0
585.9 0
586 0
586.1 0
586.2 0
586.3 0
586.4 0
586.5 0
586.6 0
586.7 0
586.8 0
586.9 0
587 0
587.1 0
587.2 0
587.3 0
587.4 0
587.5 0
587.6 0
587.7 0
587.8 0
587.9 0
588 0
588.1 0
588.2 0
588.3 0
588.4 0
588.5 0
588.6 0
588.7 0
588.8 0
588.9 0
589 0
589.1 0
589.2 0
589.3 0
589.4 0
589.5 0
589.6 0
589.7 0
589.8 0
589.9 0
590 0
590.1 0
590.2 0
590.3 0
590.4 0
590.5 0
590.6 0
590.7 0
590.8 0
590.9 0
591 0
591.1 0
591.2 0
591.3 0
591.4 0
591.5 0
591.6 0
591.7 0
591.8 0
591.9 0
592 0
592.1 0
592.2 0
592.3 0
592.4 0
592.5 0
592.6 0
592.7 0
592.8 0
592.9 0
593 0
593.1 0
593.2 0
593.3 0
593.4 0
593.5 0
593.6 0
593.7 0
593.8 0
593.9 0
594 0
594.1 0
594.2 0
594.3 0
594.4 0
594.5 0
594.6 0
594.7 0
594.8 0
594.9 0
595 0
595.1 0
595.2 0
595.3 0
595.4 0
595.5 0
595.6 0
595.7 0
595.8 0
595.9 0
596 0
596.1 0
596.2 0
596.3 0
596.4 0
596.5 0
596.6 0
596.7 0
596.8 0
596.9 0
597 0
597.1 0
597.2 0
597.3 0
597.4 0
597.5 0
597.6 0
597.7 0
597.8 0
597.9 0
598 0
598.1 0
598.2 0
598.3 0
598.4 0
598.5 0
598.6 0
598.7 0
598.8 0
598.9 0
599 0
599.1 0
599.2 0
599.3 0
599.4 0
599.5 0
599.6 0
599.7 0
599.8 0
599.9 0
600 0
600.1 0
600.2 0
600.3 0
600.4 0
600.5 0
600.6 0
600.7 0
600.8 0
600.9 0
601 0
601.1 0
601.2 0
601.3 0
601.4 0
601.5 0
601.6 0
601.7 0
601.8 0
601.9 0
602 0
602.1 0
602.2 0
602.3 0
602.4 0
602.5 0
602.6 0
602.7 0
602.8 0
602.9 0
603 0
603.1 0
603.2 0
603.3 0
603.4 0
603.5 0
603.6 0
603.7 0
603.8 0
603.9 0
604 0
604.1 0
604.2 0
604.3 0
604.4 0
604.5 0
604.6 0
604.7 0
604.8 0
604.9 0
605 0
605.1 0
605.2 0
605.3 0
605.4 0
605.5 0
605.6 0
605.7 0
605.8 0
605.9 0
606 0
606.1 0
606.2 0
606.3 0
606.4 0
606.5 0
606.6 0
606.7 0
606.8 0
606.9 0
607 0
607.1 0
607.2 0
607.3 0
607.4 0
607.5 0
607.6 0
607.7 0
607.8 0
607.9 0
608 0
608.1 0
608.2 0
608.3 0
608.4 0
608.5 0
608.6 0
608.7 0
608.8 0
608.9 0
609 0
609.1 0
609.2 0
609.3 0
609.4 0
609.5 0
609.6 0
609.7 0
609.8 0
609.9 0
610 0
610.1 0
610.2 0
610.3 0
610.4 0
610.5 0
610.6 0
610.7 0
610.8 0
610.9 0
611 0
611.1 0
611.2 0
611.3 0
611.4 0
611.5 0
611.6 0
611.7 0
611.8 0
611.9 0
612 0
612.1 0
612.2 0
612.3 0
612.4 0
612.5 0
612.6 0
612.7 0
612.8 0
612.9 0
613 0
613.1 0
613.2 0
613.3 0
613.4 0
613.5 0
613.6 0
613.7 0
613.8 0
613.9 0
614 0
614.1 0
614.2 0
614.3 0
614.4 0
614.5 0
614.6 0
614.7 0
614.8 0
614.9 0
615 0
615.1 0
615.2 0
615.3 0
615.4 0
615.5 0
615.6 0
615.7 0
615.8 0
615.9 0
616 0
616.1 0
616.2 0
616.3 0
616.4 0
616.5 0
616.6 0
616.7 0
616.8 0
616.9 0
617 0
617.1 0
617.2 0
617.3 0
617.4 0
617.5 0
617.6 0
617.7 0
617.8 0
617.9 0
618 0
618.1 0
618.2 0
618.3 0
618.4 0
618.5 0
618.6 0
618.7 0
618.8 0
618.9 0
619 0
619.1 0
619.2 0
619.3 0
619.4 0
619.5 0
619.6 0
619.7 0
619.8 0
619.9 0
620 0
620.1 0
620.2 0
620.3 0
620.4 0
620.5 0
620.6 0
620.7 0
620.8 0
620.9 0
621 0
621.1 0
621.2 0
621.3 0
621.4 0
621.5 0
621.6 0
621.7 0
621.8 0
621.9 0
622 0
622.1 0
622.2 0
622.3 0
622.4 0
622.5 0
622.6 0
622.7 0
622.8 0
622.9 0
623 0
623.1 0
623.2 0
623.3 0
623.4 0
623.5 0
623.6 0
623.7 0
623.8 0
623.9 0
624 0
624.1 0
624.2 0
624.3 0
624.4 0
624.5 0
624.6 0
624.7 0
624.8 0
624.9 0
625 0
625.1 0
625.2 0
625.3 0
625.4 0
625.5 0
625.6 0
625.7 0
625.8 0
625.9 0
626 0
626.1 0
626.2 0
626.3 0
626.4 0
626.5 0
626.6 0
626.7 0
626.8 0
626.9 0
627 0
627.1 0
627.2 0
627.3 0
627.4 0
627.5 0
627.6 0
627.7 0
627.8 0
627.9 0
628 0
628.1 0
628.2 0
628.3 0
628.4 0
628.5 0
628.6 0
628.7 0
628.8 0
628.9 0
629 0
629.1 0
629.2 0
629.3 0
629.4 0
629.5 0
629.6 0
629.7 0
629.8 0
629.9 0
630 0
630.1 0
630.2 0
630.3 0
630.4 0
630.5 0
630.6 0
630.7 0
630.8 0
630.9 0
631 0
631.1 0
631.2 0
631.3 0
631.4 0
631.5 0
631.6 0
631.7 0
631.8 0
631.9 0
632 0
632.1 0
632.2 0
632.3 0
632.4 0
632.5 0
632.6 0
632.7 0
632.8 0
632.9 0
633 0
633.1 0
633.2 0
633.3 0
633.4 0
633.5 0
633.6 0
633.7 0
633.8 0
633.9 0
634 0
634.1 0
634.2 0
634.3 0
634.4 0
634.5 0
634.6 0
634.7 0
634.8 0
634.9 0
635 0
635.1 0
635.2 0
635.3 0
635.4 0
635.5 0
635.6 0
635.7 0
635.8 0
635.9 0
636 0
636.1 0
636.2 0
636.3 0
636.4 0
636.5 0
636.6 0
636.7 0
636.8 0
636.9 0
637 0
637.1 0
637.2 0
637.3 0
637.4 0
637.5 0
637.6 0
637.7 0
637.8 0
637.9 0
638 0
638.1 0
638.2 0
638.3 0
638.4 0
638.5 0
638.6 0
638.7 0
638.8 0
638.9 0
639 0
639.1 0
639.2 0
639.3 0
639.4 0
639.5 0
639.6 0
639.7 0
639.8 0
639.9 0
640 0
640.1 0
640.2 0
640.3 0
640.4 0
640.5 0
640.6 0
640.7 0
640.8 0
640.9 0
641 0
641.1 0
641.2 0
641.3 0
641.4 0
641.5 0
641.6 0
641.7 0
641.8 0
641.9 0
642 0
642.1 0
642.2 0
642.3 0
642.4 0
642.5 0
642.6 0
642.7 0
642.8 0
642.9 0
643 0
643.1 0
643.2 0
643.3 0
643.4 0
643.5 0
643.6 0
643.7 0
643.8 0
643.9 0
644 0
644.1 0
644.2 0
644.3 0
644.4 0
644.5 0
644.6 0
644.7 0
644.8 0
644.9 0
645 0
645.1 0
645.2 0
645.3 0
645.4 0
645.5 0
645.6 0
645.7 0
645.8 0
645.9 0
646 0
646.1 0
646.2 0
646.3 0
646.4 0
646.5 0
646.6 0
646.7 0
646.8 0
646.9 0
647 0
647.1 0
647.2 0
647.3 0
647.4 0
647.5 0
647.6 0
647.7 0
647.8 0
647.9 0
648 0
648.1 0
648.2 0
648.3 0
648.4 0
648.5 0
648.6 0
648.7 0
648.8 0
648.9 0
649 0
649.1 0
649.2 0
649.3 0
649.4 0
649.5 0
649.6 0
649.7 0
649.8 0
649.9 0
650 0
650.1 0
650.2 0
650.3 0
650.4 0
650.5 0
650.6 0
650.7 0
650.8 0
650.9 0
651 0
651.1 0
651.2 0
651.3 0
651.4 0
651.5 0
651.6 0
651.7 0
651.8 0
651.9 0
652 0
652.1 0
652.2 0
652.3 0
652.4 0
652.5 0
652.6 0
652.7 0
652.8 0
652.9 0
653 0
653.1 0
653.2 0
653.3 0
653.4 0
653.5 0
653.6 0
653.7 0
653.8 0
653.9 0
654 0
654.1 0
654.2 0
654.3 0
654.4 0
654.5 0
654.6 0
654.7 0
654.8 0
654.9 0
655 0
655.1 0
655.2 0
655.3 0
655.4 0
655.5 0
655.6 0
655.7 0
655.8 0
655.9 0
656 0
656.1 0
656.2 0
656.3 0
656.4 0
656.5 0
656.6 0
656.7 0
656.8 0
656.9 0
657 0
657.1 0
657.2 0
657.3 0
657.4 0
657.5 0
657.6 0
657.7 0
657.8 0
657.9 0
658 0
658.1 0
658.2 0
658.3 0
658.4 0
658.5 0
658.6 0
658.7 0
658.8 0
658.9 0
659 0
659.1 0
659.2 0
659.3 0
659.4 0
659.5 0
659.6 0
659.7 0
659.8 0
659.9 0
660 0
660.1 0
660.2 0
660.3 0
660.4 0
660.5 0
660.6 0
660.7 0
660.8 0
660.9 0
661 0
661.1 0
661.2 0
661.3 0
661.4 0
661.5 0
661.6 0
661.7 0
661.8 0
661.9 0
662 0
662.1 0
662.2 0
662.3 0
662.4 0
662.5 0
662.6 0
662.7 0
662.8 0
662.9 0
663 0
663.1 0
663.2 0
663.3 0
663.4 0
663.5 0
663.6 0
663.7 0
663.8 0
663.9 0
664 0
664.1 0
664.2 0
664.3 0
664.4 0
664.5 0
664.6 0
664.7 0
664.8 0
664.9 0
665 0
665.1 0
665.2 0
665.3 0
665.4 0
665.5 0
665.6 0
665.7 0
665.8 0
665.9 0
666 0
666.1 0
666.2 0
666.3 0
666.4 0
666.5 0
666.6 0
666.7 0
666.8 0
666.9 0
667 0
667.1 0
667.2 0
667.3 0
667.4 0
667.5 0
667.6 0
667.7 0
667.8 0
667.9 0
668 0
668.1 0
668.2 0
668.3 0
668.4 0
668.5 0
668.6 0
668.7 0
668.8 0
668.9 0
669 0
669.1 0
669.2 0
669.3 0
669.4 0
669.5 0
669.6 0
669.7 0
669.8 0
669.9 0
670 0
670.1 0
670.2 0
670.3 0
670.4 0
670.5 0
670.6 0
670.7 0
670.8 0
670.9 0
671 0
671.1 0
671.2 0
671.3 0
671.4 0
671.5 0
671.6 0
671.7 0
671.8 0
671.9 0
672 0
672.1 0
672.2 0
672.3 0
672.4 0
672.5 0
672.6 0
672.7 0
672.8 0
672.9 0
673 0
673.1 0
673.2 0
673.3 0
673.4 0
673.5 0
673.6 0
673.7 0
673.8 0
673.9 0
674 0
674.1 0
674.2 0
674.3 0
674.4 0
674.5 0
674.6 0
674.7 0
674.8 0
674.9 0
675 0
675.1 0
675.2 0
675.3 0
675.4 0
675.5 0
675.6 0
675.7 0
675.8 0
675.9 0
676 0
676.1 0
676.2 0
676.3 0
676.4 0
676.5 0
676.6 0
676.7 0
676.8 0
676.9 0
677 0
677.1 0
677.2 0
677.3 0
677.4 0
677.5 0
677.6 0
677.7 0
677.8 0
677.9 0
678 0
678.1 0
678.2 0
678.3 0
678.4 0
678.5 0
678.6 0
678.7 0
678.8 0
678.9 0
679 0
679.1 0
679.2 0
679.3 0
679.4 0
679.5 0
679.6 0
679.7 0
679.8 0
679.9 0
680 0
680.1 0
680.2 0
680.3 0
680.4 0
680.5 0
680.6 0
680.7 0
680.8 0
680.9 0
681 0
681.1 0
681.2 0
681.3 0
681.4 0
681.5 0
681.6 0
681.7 0
681.8 0
681.9 0
682 0
682.1 0
682.2 0
682.3 0
682.4 0
682.5 0
682.6 0
682.7 0
682.8 0
682.9 0
683 0
683.1 0
683.2 0
683.3 0
683.4 0
683.5 0
683.6 0
683.7 0
683.8 0
683.9 0
684 0
684.1 0
684.2 0
684.3 0
684.4 0
684.5 0
684.6 0
684.7 0
684.8 0
684.9 0
685 0
685.1 0
685.2 0
685.3 0
685.4 0
685.5 0
685.6 0
685.7 0
685.8 0
685.9 0
686 0
686.1 0
686.2 0
686.3 0
686.4 0
686.5 0
686.6 0
686.7 0
686.8 0
686.9 0
687 0
687.1 0
687.2 0
687.3 0
687.4 0
687.5 0
687.6 0
687.7 0
687.8 0
687.9 0
688 0
688.1 0
688.2 0
688.3 0
688.4 0
688.5 0
688.6 0
688.7 0
688.8 0
688.9 0
689 0
689.1 0
689.2 0
689.3 0
689.4 0
689.5 0
689.6 0
689.7 0
689.8 0
689.9 0
690 0
690.1 0
690.2 0
690.3 0
690.4 0
690.5 0
690.6 0
690.7 0
690.8 0
690.9 0
691 0
691.1 0
691.2 0
691.3 0
691.4 0
691.5 0
691.6 0
691.7 0
691.8 0
691.9 0
692 0
692.1 0
692.2 0
692.3 0
692.4 0
692.5 0
692.6 0
692.7 0
692.8 0
692.9 0
693 0
693.1 0
693.2 0
693.3 0
693.4 0
693.5 0
693.6 0
693.7 0
693.8 0
693.9 0
694 0
694.1 0
694.2 0
694.3 0
694.4 0
694.5 0
694.6 0
694.7 0
694.8 0
694.9 0
695 0
695.1 0
695.2 0
695.3 0
695.4 0
695.5 0
695.6 0
695.7 0
695.8 0
695.9 0
696 0
696.1 0
696.2 0
696.3 0
696.4 0
696.5 0
696.6 0
696.7 0
696.8 0
696.9 0
697 0
697.1 0
697.2 0
697.3 0
697.4 0
697.5 0
697.6 0
697.7 0
697.8 0
697.9 0
698 0
698.1 0
698.2 0
698.3 0
698.4 0
698.5 0
698.6 0
698.7 0
698.8 0
698.9 0
699 0
699.1 0
699.2 0
699.3 0
699.4 0
699.5 0
699.6 0
699.7 0
699.8 0
699.9 0
700 0
700.1 0
700.2 0
700.3 0
700.4 0
700.5 0
700.6 0
700.7 0
700.8 0
700.9 0
701 0
701.1 0
701.2 0
701.3 0
701.4 0
701.5 0
701.6 0
701.7 0
701.8 0
701.9 0
702 0
702.1 0
702.2 0
702.3 0
702.4 0
702.5 0
702.6 0
702.7 0
702.8 0
702.9 0
703 0
703.1 0
703.2 0
703.3 0
703.4 0
703.5 0
703.6 0
703.7 0
703.8 0
703.9 0
704 0
704.1 0
704.2 0
704.3 0
704.4 0
704.5 0
704.6 0
704.7 0
704.8 0
704.9 0
705 0
705.1 0
705.2 0
705.3 0
705.4 0
705.5 0
705.6 0
705.7 0
705.8 0
705.9 0
706 0
706.1 0
706.2 0
706.3 0
706.4 0
706.5 0
706.6 0
706.7 0
706.8 0
706.9 0
707 0
707.1 0
707.2 0
707.3 0
707.4 0
707.5 0
707.6 0
707.7 0
707.8 0
707.9 0
708 0
708.1 0
708.2 0
708.3 0
708.4 0
708.5 0
708.6 0
708.7 0
708.8 0
708.9 0
709 0
709.1 0
709.2 0
709.3 0
709.4 0
709.5 0
709.6 0
709.7 0
709.8 0
709.9 0
710 0
710.1 0
710.2 0
710.3 0
710.4 0
710.5 0
710.6 0
710.7 0
710.8 0
710.9 0
711 0
711.1 0
711.2 0
711.3 0
711.4 0
711.5 0
711.6 0
711.7 0
711.8 0
711.9 0
712 0
712.1 0
712.2 0
712.3 0
712.4 0
712.5 0
712.6 0
712.7 0
712.8 0
712.9 0
713 0
713.1 0
713.2 0
713.3 0
713.4 0
713.5 0
713.6 0
713.7 0
713.8 0
713.9 0
714 0
714.1 0
714.2 0
714.3 0
714.4 0
714.5 0
714.6 0
714.7 0
714.8 0
714.9 0
