5 0.0091443
5.1 0.00951507
5.2 0.00988584
5.3 0.01025661
5.4 0.01062738
5.5 0.01099815
5.6 0.01136892
5.7 0.01173969
5.8 0.01211046
5.9 0.01248123
6 0.012852
6.1 0.0130314
6.2 0.0132108
6.3 0.0133902
6.4 0.0135696
6.5 0.013749
6.6 0.0139284
6.7 0.0141078
6.8 0.0142872
6.9 0.0144666
7 0.014646
7.1 0.0147419
7.2 0.0148378
7.3 0.0149337
7.4 0.0150296
7.5 0.0151255
7.6 0.0152214
7.7 0.0153173
7.8 0.0154132
7.9 0.0155091
8 0.015605
8.1 0.0156647
8.2 0.0157244
8.3 0.0157841
8.4 0.0158438
8.5 0.0159035
8.6 0.0159632
8.7 0.0160229
8.8 0.0160826
8.9 0.0161423
9 0.016202
9.1 0.0163664
9.2 0.0165308
9.3 0.0166952
9.4 0.0168596
9.5 0.017024
9.6 0.0171884
9.7 0.0173528
9.8 0.0175172
9.9 0.0176816
10 0.017846
10.1 0.018363
10.2 0.01888
10.3 0.019397
10.4 0.019914
10.5 0.020431
10.6 0.020948
10.7 0.021465
10.8 0.021982
10.9 0.022499
11 0.023016
11.1 0.0232827
11.2 0.0235494
11.3 0.0238161
11.4 0.0240828
11.5 0.0243495
11.6 0.0246162
11.7 0.0248829
11.8 0.0251496
11.9 0.0254163
12 0.025683
12.1 0.0258293
12.2 0.0259756
12.3 0.0261219
12.4 0.0262682
12.5 0.0264145
12.6 0.0265608
12.7 0.0267071
12.8 0.0268534
12.9 0.0269997
13 0.027146
13.1 0.0272383
13.2 0.0273306
13.3 0.0274229
13.4 0.0275152
13.5 0.0276075
13.6 0.0276998
13.7 0.0277921
13.8 0.0278844
13.9 0.0279767
14 0.028069
14.1 0.0281326
14.2 0.0281962
14.3 0.0282598
14.4 0.0283234
14.5 0.028387
14.6 0.0284506
14.7 0.0285142
14.8 0.0285778
14.9 0.0286414
15 0.028705
15.1 0.0287514
15.2 0.0287978
15.3 0.0288442
15.4 0.0288906
15.5 0.028937
15.6 0.0289834
15.7 0.0290298
15.8 0.0290762
15.9 0.0291226
16 0.029169
16.1 0.0292045
16.2 0.02924
16.3 0.0292755
16.4 0.029311
16.5 0.0293465
16.6 0.029382
16.7 0.0294175
16.8 0.029453
16.9 0.0294885
17 0.029524
17.1 0.0295714
17.2 0.0296188
17.3 0.0296662
17.4 0.0297136
17.5 0.029761
17.6 0.0298084
17.7 0.0298558
17.8 0.0299032
17.9 0.0299506
18 0.029998
18.1 0.0301488
18.2 0.0302996
18.3 0.0304504
18.4 0.0306012
18.5 0.030752
18.6 0.0309028
18.7 0.0310536
18.8 0.0312044
18.9 0.0313552
19 0.031506
19.1 0.031672
19.2 0.031838
19.3 0.032004
19.4 0.03217
19.5 0.032336
19.6 0.032502
19.7 0.032668
19.8 0.032834
19.9 0.033
20 0.033166
20.1 0.0333788
20.2 0.0335916
20.3 0.0338044
20.4 0.0340172
20.5 0.03423
20.6 0.0344428
20.7 0.0346556
20.8 0.0348684
20.9 0.0350812
21 0.035294
21.1 0.0354817
21.2 0.0356694
21.3 0.0358571
21.4 0.0360448
21.5 0.0362325
21.6 0.0364202
21.7 0.0366079
21.8 0.0367956
21.9 0.0369833
22 0.037171
22.1 0.0373297
22.2 0.0374884
22.3 0.0376471
22.4 0.0378058
22.5 0.0379645
22.6 0.0381232
22.7 0.0382819
22.8 0.0384406
22.9 0.0385993
23 0.038758
23.1 0.038894
23.2 0.03903
23.3 0.039166
23.4 0.039302
23.5 0.039438
23.6 0.039574
23.7 0.03971
23.8 0.039846
23.9 0.039982
24 0.040118
24.1 0.0402552
24.2 0.0403924
24.3 0.0405296
24.4 0.0406668
24.5 0.040804
24.6 0.0409412
24.7 0.0410784
24.8 0.0412156
24.9 0.0413528
25 0.04149
25.1 0.0417088
25.2 0.0419276
25.3 0.0421464
25.4 0.0423652
25.5 0.042584
25.6 0.0428028
25.7 0.0430216
25.8 0.0432404
25.9 0.0434592
26 0.043678
26.1 0.0438702
26.2 0.0440624
26.3 0.0442546
26.4 0.0444468
26.5 0.044639
26.6 0.0448312
26.7 0.0450234
26.8 0.0452156
26.9 0.0454078
27 0.0456
27.1 0.0457583
27.2 0.0459166
27.3 0.0460749
27.4 0.0462332
27.5 0.0463915
27.6 0.0465498
27.7 0.0467081
27.8 0.0468664
27.9 0.0470247
28 0.047183
28.1 0.0473157
28.2 0.0474484
28.3 0.0475811
28.4 0.0477138
28.5 0.0478465
28.6 0.0479792
28.7 0.0481119
28.8 0.0482446
28.9 0.0483773
29 0.04851
29.1 0.0486391
29.2 0.0487682
29.3 0.0488973
29.4 0.0490264
29.5 0.0491555
29.6 0.0492846
29.7 0.0494137
29.8 0.0495428
29.9 0.0496719
30 0.049801
30.1 0.0499999
30.2 0.0501988
30.3 0.0503977
30.4 0.0505966
30.5 0.0507955
30.6 0.0509944
30.7 0.0511933
30.8 0.0513922
30.9 0.0515911
31 0.05179
31.1 0.0519719
31.2 0.0521538
31.3 0.0523357
31.4 0.0525176
31.5 0.0526995
31.6 0.0528814
31.7 0.0530633
31.8 0.0532452
31.9 0.0534271
32 0.053609
32.1 0.0537647
32.2 0.0539204
32.3 0.0540761
32.4 0.0542318
32.5 0.0543875
32.6 0.0545432
32.7 0.0546989
32.8 0.0548546
32.9 0.0550103
33 0.055166
33.1 0.0553009
33.2 0.0554358
33.3 0.0555707
33.4 0.0557056
33.5 0.0558405
33.6 0.0559754
33.7 0.0561103
33.8 0.0562452
33.9 0.0563801
34 0.056515
34.1 0.0566486
34.2 0.0567822
34.3 0.0569158
34.4 0.0570494
34.5 0.057183
34.6 0.0573166
34.7 0.0574502
34.8 0.0575838
34.9 0.0577174
35 0.057851
35.1 0.0580536
35.2 0.0582562
35.3 0.0584588
35.4 0.0586614
35.5 0.058864
35.6 0.0590666
35.7 0.0592692
35.8 0.0594718
35.9 0.0596744
36 0.059877
36.1 0.0600652
36.2 0.0602534
36.3 0.0604416
36.4 0.0606298
36.5 0.060818
36.6 0.0610062
36.7 0.0611944
36.8 0.0613826
36.9 0.0615708
37 0.061759
37.1 0.0619229
37.2 0.0620868
37.3 0.0622507
37.4 0.0624146
37.5 0.0625785
37.6 0.0627424
37.7 0.0629063
37.8 0.0630702
37.9 0.0632341
38 0.063398
38.1 0.063542
38.2 0.063686
38.3 0.06383
38.4 0.063974
38.5 0.064118
38.6 0.064262
38.7 0.064406
38.8 0.06455
38.9 0.064694
39 0.064838
39.1 0.0649779
39.2 0.0651178
39.3 0.0652577
39.4 0.0653976
39.5 0.0655375
39.6 0.0656774
39.7 0.0658173
39.8 0.0659572
39.9 0.0660971
40 0.066237
40.1 0.0664307
40.2 0.0666244
40.3 0.0668181
40.4 0.0670118
40.5 0.0672055
40.6 0.0673992
40.7 0.0675929
40.8 0.0677866
40.9 0.0679803
41 0.068174
41.1 0.0683576
41.2 0.0685412
41.3 0.0687248
41.4 0.0689084
41.5 0.069092
41.6 0.0692756
41.7 0.0694592
41.8 0.0696428
41.9 0.0698264
42 0.07001
42.1 0.0701747
42.2 0.0703394
42.3 0.0705041
42.4 0.0706688
42.5 0.0708335
42.6 0.0709982
42.7 0.0711629
42.8 0.0713276
42.9 0.0714923
43 0.071657
43.1 0.0718057
43.2 0.0719544
43.3 0.0721031
43.4 0.0722518
43.5 0.0724005
43.6 0.0725492
43.7 0.0726979
43.8 0.0728466
43.9 0.0729953
44 0.073144
44.1 0.0732869
44.2 0.0734298
44.3 0.0735727
44.4 0.0737156
44.5 0.0738585
44.6 0.0740014
44.7 0.0741443
44.8 0.0742872
44.9 0.0744301
45 0.074573
45.1 0.0747514
45.2 0.0749298
45.3 0.0751082
45.4 0.0752866
45.5 0.075465
45.6 0.0756434
45.7 0.0758218
45.8 0.0760002
45.9 0.0761786
46 0.076357
46.1 0.0765304
46.2 0.0767038
46.3 0.0768772
46.4 0.0770506
46.5 0.077224
46.6 0.0773974
46.7 0.0775708
46.8 0.0777442
46.9 0.0779176
47 0.078091
47.1 0.0782527
47.2 0.0784144
47.3 0.0785761
47.4 0.0787378
47.5 0.0788995
47.6 0.0790612
47.7 0.0792229
47.8 0.0793846
47.9 0.0795463
48 0.079708
48.1 0.079859
48.2 0.08001
48.3 0.080161
48.4 0.080312
48.5 0.080463
48.6 0.080614
48.7 0.080765
48.8 0.080916
48.9 0.081067
49 0.081218
49.1 0.0813652
49.2 0.0815124
49.3 0.0816596
49.4 0.0818068
49.5 0.081954
49.6 0.0821012
49.7 0.0822484
49.8 0.0823956
49.9 0.0825428
50 0.08269
50.1 0.0828648
50.2 0.0830396
50.3 0.0832144
50.4 0.0833892
50.5 0.083564
50.6 0.0837388
50.7 0.0839136
50.8 0.0840884
50.9 0.0842632
51 0.084438
51.1 0.0846128
51.2 0.0847876
51.3 0.0849624
51.4 0.0851372
51.5 0.085312
51.6 0.0854868
51.7 0.0856616
51.8 0.0858364
51.9 0.0860112
52 0.086186
52.1 0.0863552
52.2 0.0865244
52.3 0.0866936
52.4 0.0868628
52.5 0.087032
52.6 0.0872012
52.7 0.0873704
52.8 0.0875396
52.9 0.0877088
53 0.087878
53.1 0.088042
53.2 0.088206
53.3 0.08837
53.4 0.088534
53.5 0.088698
53.6 0.088862
53.7 0.089026
53.8 0.08919
53.9 0.089354
54 0.089518
54.1 0.0895958
54.2 0.0896736
54.3 0.0897514
54.4 0.0898292
54.5 0.089907
54.6 0.0899848
54.7 0.0900626
54.8 0.0901404
54.9 0.0902182
55 0.090296
55.1 0.0898968
55.2 0.0894976
55.3 0.0890984
55.4 0.0886992
55.5 0.0883
55.6 0.0879008
55.7 0.0875016
55.8 0.0871024
55.9 0.0867032
56 0.086304
56.1 0.0859573
56.2 0.0856106
56.3 0.0852639
56.4 0.0849172
56.5 0.0845705
56.6 0.0842238
56.7 0.0838771
56.8 0.0835304
56.9 0.0831837
57 0.082837
57.1 0.0825835
57.2 0.08233
57.3 0.0820765
57.4 0.081823
57.5 0.0815695
57.6 0.081316
57.7 0.0810625
57.8 0.080809
57.9 0.0805555
58 0.080302
58.1 0.0800623
58.2 0.0798226
58.3 0.0795829
58.4 0.0793432
58.5 0.0791035
58.6 0.0788638
58.7 0.0786241
58.8 0.0783844
58.9 0.0781447
59 0.077905
59.1 0.0776781
59.2 0.0774512
59.3 0.0772243
59.4 0.0769974
59.5 0.0767705
59.6 0.0765436
59.7 0.0763167
59.8 0.0760898
59.9 0.0758629
60 0.075636
60.1 0.0754209
60.2 0.0752058
60.3 0.0749907
60.4 0.0747756
60.5 0.0745605
60.6 0.0743454
60.7 0.0741303
60.8 0.0739152
60.9 0.0737001
61 0.073485
61.1 0.0732658
61.2 0.0730466
61.3 0.0728274
61.4 0.0726082
61.5 0.072389
61.6 0.0721698
61.7 0.0719506
61.8 0.0717314
61.9 0.0715122
62 0.071293
62.1 0.0709953
62.2 0.0706976
62.3 0.0703999
62.4 0.0701022
62.5 0.0698045
62.6 0.0695068
62.7 0.0692091
62.8 0.0689114
62.9 0.0686137
63 0.068316
63.1 0.0680145
63.2 0.067713
63.3 0.0674115
63.4 0.06711
63.5 0.0668085
63.6 0.066507
63.7 0.0662055
63.8 0.065904
63.9 0.0656025
64 0.065301
64.1 0.0650104
64.2 0.0647198
64.3 0.0644292
64.4 0.0641386
64.5 0.063848
64.6 0.0635574
64.7 0.0632668
64.8 0.0629762
64.9 0.0626856
65 0.062395
65.1 0.0621145
65.2 0.061834
65.3 0.0615535
65.4 0.061273
65.5 0.0609925
65.6 0.060712
65.7 0.0604315
65.8 0.060151
65.9 0.0598705
66 0.05959
66.1 0.0593191
66.2 0.0590482
66.3 0.0587773
66.4 0.0585064
66.5 0.0582355
66.6 0.0579646
66.7 0.0576937
66.8 0.0574228
66.9 0.0571519
67 0.056881
67.1 0.0566193
67.2 0.0563576
67.3 0.0560959
67.4 0.0558342
67.5 0.0555725
67.6 0.0553108
67.7 0.0550491
67.8 0.0547874
67.9 0.0545257
68 0.054264
68.1 0.0539858
68.2 0.0537076
68.3 0.0534294
68.4 0.0531512
68.5 0.052873
68.6 0.0525948
68.7 0.0523166
68.8 0.0520384
68.9 0.0517602
69 0.051482
69.1 0.0511113
69.2 0.0507406
69.3 0.0503699
69.4 0.0499992
69.5 0.0496285
69.6 0.0492578
69.7 0.0488871
69.8 0.0485164
69.9 0.0481457
70 0.047775
70.1 0.0478046
70.2 0.0478342
70.3 0.0478638
70.4 0.0478934
70.5 0.047923
70.6 0.0479526
70.7 0.0479822
70.8 0.0480118
70.9 0.0480414
71 0.048071
71.1 0.0486937
71.2 0.0493164
71.3 0.0499391
71.4 0.0505618
71.5 0.0511845
71.6 0.0518072
71.7 0.0524299
71.8 0.0530526
71.9 0.0536753000000001
72 0.054298
72.1 0.0549371
72.2 0.0555762
72.3 0.0562153
72.4 0.0568544
72.5 0.0574935
72.6 0.0581326
72.7 0.0587717
72.8 0.0594108
72.9 0.0600499000000001
73 0.060689
73.1 0.06134
73.2 0.061991
73.3 0.062642
73.4 0.063293
73.5 0.063944
73.6 0.064595
73.7 0.065246
73.8 0.065897
73.9 0.0665480000000001
74 0.067199
74.1 0.0678621
74.2 0.0685252
74.3 0.0691883
74.4 0.0698514
74.5 0.0705145
74.6 0.0711776
74.7 0.0718407
74.8 0.0725038
74.9 0.0731669000000001
75 0.07383
75.1 0.0745055
75.2 0.075181
75.3 0.0758565
75.4 0.076532
75.5 0.0772075
75.6 0.077883
75.7 0.0785585
75.8 0.079234
75.9 0.0799095000000001
76 0.080585
76.1 0.0812734
76.2 0.0819618
76.3 0.0826502
76.4 0.0833386
76.5 0.084027
76.6 0.0847154000000001
76.7 0.0854038000000001
76.8 0.0860922
76.9 0.0867806000000001
77 0.087469
77.1 0.0885455
77.2 0.089622
77.3 0.0906985
77.4 0.091775
77.5 0.0928515
77.6 0.0939280000000001
77.7 0.0950045000000001
77.8 0.0960810000000001
77.9 0.0971575000000001
78 0.098234
78.1 0.0996546
78.2 0.1010752
78.3 0.1024958
78.4 0.1039164
78.5 0.105337
78.6 0.1067576
78.7 0.1081782
78.8 0.1095988
78.9 0.1110194
79 0.11244
79.1 0.113816
79.2 0.115192
79.3 0.116568
79.4 0.117944
79.5 0.11932
79.6 0.120696
79.7 0.122072
79.8 0.123448
79.9 0.124824
80 0.1262
80.1 0.127533
80.2 0.128866
80.3 0.130199
80.4 0.131532
80.5 0.132865
80.6 0.134198
80.7 0.135531
80.8 0.136864
80.9 0.138197
81 0.13953
81.1 0.140824
81.2 0.142118
81.3 0.143412
81.4 0.144706
81.5 0.146
81.6 0.147294
81.7 0.148588
81.8 0.149882
81.9 0.151176
82 0.15247
82.1 0.153725
82.2 0.15498
82.3 0.156235
82.4 0.15749
82.5 0.158745
82.6 0.16
82.7 0.161255
82.8 0.16251
82.9 0.163765
83 0.16502
83.1 0.165942
83.2 0.166864
83.3 0.167786
83.4 0.168708
83.5 0.16963
83.6 0.170552
83.7 0.171474
83.8 0.172396
83.9 0.173318
84 0.17424
84.1 0.174295
84.2 0.17435
84.3 0.174405
84.4 0.17446
84.5 0.174515
84.6 0.17457
84.7 0.174625
84.8 0.17468
84.9 0.174735
85 0.17479
85.1 0.17479
85.2 0.17479
85.3 0.17479
85.4 0.17479
85.5 0.17479
85.6 0.17479
85.7 0.17479
85.8 0.17479
85.9 0.17479
86 0.17479
86.1 0.174789
86.2 0.174788
86.3 0.174787
86.4 0.174786
86.5 0.174785
86.6 0.174784
86.7 0.174783
86.8 0.174782
86.9 0.174781
87 0.17478
87.1 0.174858
87.2 0.174936
87.3 0.175014
87.4 0.175092
87.5 0.17517
87.6 0.175248
87.7 0.175326
87.8 0.175404
87.9 0.175482
88 0.17556
88.1 0.17684
88.2 0.17812
88.3 0.1794
88.4 0.18068
88.5 0.18196
88.6 0.18324
88.7 0.18452
88.8 0.1858
88.9 0.18708
89 0.18836
89.1 0.190144
89.2 0.191928
89.3 0.193712
89.4 0.195496
89.5 0.19728
89.6 0.199064
89.7 0.200848
89.8 0.202632
89.9 0.204416
90 0.2062
90.1 0.208353
90.2 0.210506
90.3 0.212659
90.4 0.214812
90.5 0.216965
90.6 0.219118
90.7 0.221271
90.8 0.223424
90.9 0.225577
91 0.22773
91.1 0.229999
91.2 0.232268
91.3 0.234537
91.4 0.236806
91.5 0.239075
91.6 0.241344
91.7 0.243613
91.8 0.245882
91.9 0.248151
92 0.25042
92.1 0.252522
92.2 0.254624
92.3 0.256726
92.4 0.258828
92.5 0.26093
92.6 0.263032
92.7 0.265134
92.8 0.267236
92.9 0.269338
93 0.27144
93.1 0.273594
93.2 0.275748
93.3 0.277902
93.4 0.280056
93.5 0.28221
93.6 0.284364
93.7 0.286518
93.8 0.288672
93.9 0.290826
94 0.29298
94.1 0.295119
94.2 0.297258
94.3 0.299397
94.4 0.301536
94.5 0.303675
94.6 0.305814
94.7 0.307953
94.8 0.310092
94.9 0.312231
95 0.31437
95.1 0.316502
95.2 0.318634
95.3 0.320766
95.4 0.322898
95.5 0.32503
95.6 0.327162
95.7 0.329294
95.8 0.331426
95.9 0.333558
96 0.33569
96.1 0.340071
96.2 0.344452
96.3 0.348833
96.4 0.353214
96.5 0.357595
96.6 0.361976
96.7 0.366357
96.8 0.370738
96.9 0.375119
97 0.3795
97.1 0.384669
97.2 0.389838
97.3 0.395007
97.4 0.400176
97.5 0.405345
97.6 0.410514
97.7 0.415683
97.8 0.420852000000001
97.9 0.426021000000001
98 0.43119
98.1 0.435619
98.2 0.440048
98.3 0.444477
98.4 0.448906
98.5 0.453335
98.6 0.457764
98.7 0.462193
98.8 0.466622
98.9 0.471051
99 0.47548
99.1 0.479316
99.2 0.483152
99.3 0.486988
99.4 0.490824
99.5 0.49466
99.6 0.498496
99.7 0.502332
99.8 0.506168
99.9 0.510004
100 0.51384
100.1 0.517194
100.2 0.520548
100.3 0.523902
100.4 0.527256
100.5 0.53061
100.6 0.533964
100.7 0.537318
100.8 0.540672
100.9 0.544026
101 0.54738
101.1 0.549635
101.2 0.55189
101.3 0.554145
101.4 0.5564
101.5 0.558655
101.6 0.56091
101.7 0.563165
101.8 0.56542
101.9 0.567675
102 0.56993
102.1 0.571031
102.2 0.572132
102.3 0.573233
102.4 0.574334
102.5 0.575435
102.6 0.576536
102.7 0.577637
102.8 0.578738
102.9 0.579839
103 0.58094
103.1 0.580674
103.2 0.580408
103.3 0.580142
103.4 0.579876
103.5 0.57961
103.6 0.579344
103.7 0.579078
103.8 0.578812
103.9 0.578546
104 0.57828
104.1 0.576957
104.2 0.575634
104.3 0.574311
104.4 0.572988
104.5 0.571665
104.6 0.570342
104.7 0.569019
104.8 0.567696
104.9 0.566373
105 0.56505
105.1 0.562848
105.2 0.560646
105.3 0.558444
105.4 0.556242
105.5 0.55404
105.6 0.551838
105.7 0.549636
105.8 0.547434
105.9 0.545232
106 0.54303
106.1 0.541302
106.2 0.539574
106.3 0.537846
106.4 0.536118
106.5 0.53439
106.6 0.532662
106.7 0.530934
106.8 0.529206
106.9 0.527478
107 0.52575
107.1 0.525836
107.2 0.525922
107.3 0.526008
107.4 0.526094
107.5 0.52618
107.6 0.526266
107.7 0.526352
107.8 0.526438
107.9 0.526524
108 0.52661
108.1 0.526608
108.2 0.526606
108.3 0.526604
108.4 0.526602
108.5 0.5266
108.6 0.526598
108.7 0.526596
108.8 0.526594
108.9 0.526592
109 0.52659
109.1 0.527501
109.2 0.528412
109.3 0.529323
109.4 0.530234
109.5 0.531145
109.6 0.532056
109.7 0.532967
109.8 0.533878
109.9 0.534789
110 0.5357
110.1 0.537385
110.2 0.53907
110.3 0.540755
110.4 0.54244
110.5 0.544125
110.6 0.54581
110.7 0.547495
110.8 0.54918
110.9 0.550865
111 0.55255
111.1 0.553452
111.2 0.554354
111.3 0.555256
111.4 0.556158
111.5 0.55706
111.6 0.557962
111.7 0.558864
111.8 0.559766
111.9 0.560668
112 0.56157
112.1 0.561369
112.2 0.561168
112.3 0.560967
112.4 0.560766
112.5 0.560565
112.6 0.560364
112.7 0.560163
112.8 0.559962
112.9 0.559761
113 0.55956
113.1 0.561565
113.2 0.56357
113.3 0.565575
113.4 0.56758
113.5 0.569585
113.6 0.57159
113.7 0.573595
113.8 0.5756
113.9 0.577605
114 0.57961
114.1 0.581565
114.2 0.58352
114.3 0.585475
114.4 0.58743
114.5 0.589385
114.6 0.59134
114.7 0.593295
114.8 0.59525
114.9 0.597205
115 0.59916
115.1 0.601044
115.2 0.602928
115.3 0.604812
115.4 0.606696
115.5 0.60858
115.6 0.610464
115.7 0.612348
115.8 0.614232
115.9 0.616116
116 0.618
116.1 0.619774
116.2 0.621548
116.3 0.623322
116.4 0.625096
116.5 0.62687
116.6 0.628644
116.7 0.630418
116.8 0.632192
116.9 0.633966
117 0.63574
117.1 0.627051
117.2 0.618362
117.3 0.609673
117.4 0.600984
117.5 0.592294999999999
117.6 0.583605999999999
117.7 0.574916999999999
117.8 0.566227999999999
117.9 0.557538999999999
118 0.54885
118.1 0.542873
118.2 0.536896
118.3 0.530919
118.4 0.524942
118.5 0.518965
118.6 0.512988
118.7 0.507011
118.8 0.501033999999999
118.9 0.495056999999999
119 0.48908
119.1 0.489043
119.2 0.489006
119.3 0.488969
119.4 0.488932
119.5 0.488895
119.6 0.488858
119.7 0.488821
119.8 0.488784
119.9 0.488747
120 0.48871
120.1 0.488832
120.2 0.488954
120.3 0.489076
120.4 0.489198
120.5 0.48932
120.6 0.489442
120.7 0.489564
120.8 0.489686
120.9 0.489808
121 0.48993
121.1 0.489896
121.2 0.489862
121.3 0.489828
121.4 0.489794
121.5 0.48976
121.6 0.489726
121.7 0.489692
121.8 0.489658
121.9 0.489624
122 0.48959
122.1 0.48955
122.2 0.48951
122.3 0.48947
122.4 0.48943
122.5 0.48939
122.6 0.48935
122.7 0.48931
122.8 0.48927
122.9 0.48923
123 0.48919
123.1 0.489153
123.2 0.489116
123.3 0.489079
123.4 0.489042
123.5 0.489005
123.6 0.488968
123.7 0.488931
123.8 0.488894
123.9 0.488857
124 0.48882
124.1 0.488908
124.2 0.488996
124.3 0.489084
124.4 0.489172
124.5 0.48926
124.6 0.489348
124.7 0.489436
124.8 0.489524
124.9 0.489612
125 0.4897
125.1 0.4897
125.2 0.4897
125.3 0.4897
125.4 0.4897
125.5 0.4897
125.6 0.4897
125.7 0.4897
125.8 0.4897
125.9 0.4897
126 0.4897
126.1 0.489771
126.2 0.489842
126.3 0.489913
126.4 0.489984
126.5 0.490055
126.6 0.490126
126.7 0.490197
126.8 0.490268
126.9 0.490339
127 0.49041
127.1 0.490365
127.2 0.49032
127.3 0.490275
127.4 0.49023
127.5 0.490185
127.6 0.49014
127.7 0.490095
127.8 0.49005
127.9 0.490005
128 0.48996
128.1 0.489927
128.2 0.489894
128.3 0.489861
128.4 0.489828
128.5 0.489795
128.6 0.489762
128.7 0.489729
128.8 0.489696
128.9 0.489663
129 0.48963
129.1 0.489678
129.2 0.489726
129.3 0.489774
129.4 0.489822
129.5 0.48987
129.6 0.489918
129.7 0.489966
129.8 0.490014
129.9 0.490062
130 0.49011
130.1 0.4901
130.2 0.49009
130.3 0.49008
130.4 0.49007
130.5 0.49006
130.6 0.49005
130.7 0.49004
130.8 0.49003
130.9 0.49002
131 0.49001
131.1 0.489996
131.2 0.489982
131.3 0.489968
131.4 0.489954
131.5 0.48994
131.6 0.489926
131.7 0.489912
131.8 0.489898
131.9 0.489884
132 0.48987
132.1 0.489805
132.2 0.48974
132.3 0.489675
132.4 0.48961
132.5 0.489545
132.6 0.48948
132.7 0.489415
132.8 0.48935
132.9 0.489285
133 0.48922
133.1 0.489318
133.2 0.489416
133.3 0.489514
133.4 0.489612
133.5 0.48971
133.6 0.489808
133.7 0.489906
133.8 0.490004
133.9 0.490102
134 0.4902
134.1 0.490246
134.2 0.490292
134.3 0.490338
134.4 0.490384
134.5 0.49043
134.6 0.490476
134.7 0.490522
134.8 0.490568
134.9 0.490614
135 0.49066
135.1 0.490623
135.2 0.490586
135.3 0.490549
135.4 0.490512
135.5 0.490475
135.6 0.490438
135.7 0.490401
135.8 0.490364
135.9 0.490327
136 0.49029
136.1 0.490149
136.2 0.490008
136.3 0.489867
136.4 0.489726
136.5 0.489585
136.6 0.489444
136.7 0.489303
136.8 0.489162
136.9 0.489021
137 0.48888
137.1 0.488887
137.2 0.488894
137.3 0.488901
137.4 0.488908
137.5 0.488915
137.6 0.488922
137.7 0.488929
137.8 0.488936
137.9 0.488943
138 0.48895
138.1 0.488967
138.2 0.488984
138.3 0.489001
138.4 0.489018
138.5 0.489035
138.6 0.489052
138.7 0.489069
138.8 0.489086
138.9 0.489103
139 0.48912
139.1 0.489224
139.2 0.489328
139.3 0.489432
139.4 0.489536
139.5 0.48964
139.6 0.489744
139.7 0.489848
139.8 0.489952
139.9 0.490056
140 0.49016
140.1 0.490157
140.2 0.490154
140.3 0.490151
140.4 0.490148
140.5 0.490145
140.6 0.490142
140.7 0.490139
140.8 0.490136
140.9 0.490133
141 0.49013
141.1 0.490092
141.2 0.490054
141.3 0.490016
141.4 0.489978
141.5 0.48994
141.6 0.489902
141.7 0.489864
141.8 0.489826
141.9 0.489788
142 0.48975
142.1 0.48976
142.2 0.48977
142.3 0.48978
142.4 0.48979
142.5 0.4898
142.6 0.48981
142.7 0.48982
142.8 0.48983
142.9 0.48984
143 0.48985
143.1 0.489846
143.2 0.489842
143.3 0.489838
143.4 0.489834
143.5 0.48983
143.6 0.489826
143.7 0.489822
143.8 0.489818
143.9 0.489814
144 0.48981
144.1 0.489839
144.2 0.489868
144.3 0.489897
144.4 0.489926
144.5 0.489955
144.6 0.489984
144.7 0.490013
144.8 0.490042
144.9 0.490071
145 0.4901
145.1 0.49007
145.2 0.49004
145.3 0.49001
145.4 0.48998
145.5 0.48995
145.6 0.48992
145.7 0.48989
145.8 0.48986
145.9 0.48983
146 0.4898
146.1 0.489812
146.2 0.489824
146.3 0.489836
146.4 0.489848
146.5 0.48986
146.6 0.489872
146.7 0.489884
146.8 0.489896
146.9 0.489908
147 0.48992
147.1 0.489914
147.2 0.489908
147.3 0.489902
147.4 0.489896
147.5 0.48989
147.6 0.489884
147.7 0.489878
147.8 0.489872
147.9 0.489866
148 0.48986
148.1 0.489879
148.2 0.489898
148.3 0.489917
148.4 0.489936
148.5 0.489955
148.6 0.489974
148.7 0.489993
148.8 0.490012
148.9 0.490031
149 0.49005
149.1 0.490051
149.2 0.490052
149.3 0.490053
149.4 0.490054
149.5 0.490055
149.6 0.490056
149.7 0.490057
149.8 0.490058
149.9 0.490059
150 0.49006
150.1 0.490068
150.2 0.490076
150.3 0.490084
150.4 0.490092
150.5 0.4901
150.6 0.490108
150.7 0.490116
150.8 0.490124
150.9 0.490132
151 0.49014
151.1 0.490149
151.2 0.490158
151.3 0.490167
151.4 0.490176
151.5 0.490185
151.6 0.490194
151.7 0.490203
151.8 0.490212
151.9 0.490221
152 0.49023
152.1 0.490082
152.2 0.489934
152.3 0.489786
152.4 0.489638
152.5 0.48949
152.6 0.489342
152.7 0.489194
152.8 0.489046
152.9 0.488898
153 0.48875
153.1 0.488802
153.2 0.488854
153.3 0.488906
153.4 0.488958
153.5 0.48901
153.6 0.489062
153.7 0.489114
153.8 0.489166
153.9 0.489218
154 0.48927
154.1 0.489464
154.2 0.489658
154.3 0.489852
154.4 0.490046
154.5 0.49024
154.6 0.490434
154.7 0.490628
154.8 0.490822
154.9 0.491016
155 0.49121
155.1 0.491204
155.2 0.491198
155.3 0.491192
155.4 0.491186
155.5 0.49118
155.6 0.491174
155.7 0.491168
155.8 0.491162
155.9 0.491156
156 0.49115
156.1 0.49104
156.2 0.49093
156.3 0.49082
156.4 0.49071
156.5 0.4906
156.6 0.49049
156.7 0.49038
156.8 0.49027
156.9 0.49016
157 0.49005
157.1 0.489986
157.2 0.489922
157.3 0.489858
157.4 0.489794
157.5 0.48973
157.6 0.489666
157.7 0.489602
157.8 0.489538
157.9 0.489474
158 0.48941
158.1 0.489488
158.2 0.489566
158.3 0.489644
158.4 0.489722
158.5 0.4898
158.6 0.489878
158.7 0.489956
158.8 0.490034
158.9 0.490112
159 0.49019
159.1 0.490126
159.2 0.490062
159.3 0.489998
159.4 0.489934
159.5 0.48987
159.6 0.489806
159.7 0.489742
159.8 0.489678
159.9 0.489614
160 0.48955
160.1 0.489655
160.2 0.48976
160.3 0.489865
160.4 0.48997
160.5 0.490075
160.6 0.49018
160.7 0.490285
160.8 0.49039
160.9 0.490495
161 0.4906
161.1 0.490606
161.2 0.490612
161.3 0.490618
161.4 0.490624
161.5 0.49063
161.6 0.490636
161.7 0.490642
161.8 0.490648
161.9 0.490654
162 0.49066
162.1 0.490656
162.2 0.490652
162.3 0.490648
162.4 0.490644
162.5 0.49064
162.6 0.490636
162.7 0.490632
162.8 0.490628
162.9 0.490624
163 0.49062
163.1 0.490563
163.2 0.490506
163.3 0.490449
163.4 0.490392
163.5 0.490335
163.6 0.490278
163.7 0.490221
163.8 0.490164
163.9 0.490107
164 0.49005
164.1 0.490037
164.2 0.490024
164.3 0.490011
164.4 0.489998
164.5 0.489985
164.6 0.489972
164.7 0.489959
164.8 0.489946
164.9 0.489933
165 0.48992
165.1 0.490033
165.2 0.490146
165.3 0.490259
165.4 0.490372
165.5 0.490485
165.6 0.490598
165.7 0.490711
165.8 0.490824
165.9 0.490937
166 0.49105
166.1 0.491052
166.2 0.491054
166.3 0.491056
166.4 0.491058
166.5 0.49106
166.6 0.491062
166.7 0.491064
166.8 0.491066
166.9 0.491068
167 0.49107
167.1 0.490961
167.2 0.490852
167.3 0.490743
167.4 0.490634
167.5 0.490525
167.6 0.490416
167.7 0.490307
167.8 0.490198
167.9 0.490089
168 0.48998
168.1 0.489971
168.2 0.489962
168.3 0.489953
168.4 0.489944
168.5 0.489935
168.6 0.489926
168.7 0.489917
168.8 0.489908
168.9 0.489899
169 0.48989
169.1 0.489925
169.2 0.48996
169.3 0.489995
169.4 0.49003
169.5 0.490065
169.6 0.4901
169.7 0.490135
169.8 0.49017
169.9 0.490205
170 0.49024
170.1 0.490224
170.2 0.490208
170.3 0.490192
170.4 0.490176
170.5 0.49016
170.6 0.490144
170.7 0.490128
170.8 0.490112
170.9 0.490096
171 0.49008
171.1 0.49006
171.2 0.49004
171.3 0.49002
171.4 0.49
171.5 0.48998
171.6 0.48996
171.7 0.48994
171.8 0.48992
171.9 0.4899
172 0.48988
172.1 0.489899
172.2 0.489918
172.3 0.489937
172.4 0.489956
172.5 0.489975
172.6 0.489994
172.7 0.490013
172.8 0.490032
172.9 0.490051
173 0.49007
173.1 0.490022
173.2 0.489974
173.3 0.489926
173.4 0.489878
173.5 0.48983
173.6 0.489782
173.7 0.489734
173.8 0.489686
173.9 0.489638
174 0.48959
174.1 0.489594
174.2 0.489598
174.3 0.489602
174.4 0.489606
174.5 0.48961
174.6 0.489614
174.7 0.489618
174.8 0.489622
174.9 0.489626
175 0.48963
175.1 0.489667
175.2 0.489704
175.3 0.489741
175.4 0.489778
175.5 0.489815
175.6 0.489852
175.7 0.489889
175.8 0.489926
175.9 0.489963
176 0.49
176.1 0.489959
176.2 0.489918
176.3 0.489877
176.4 0.489836
176.5 0.489795
176.6 0.489754
176.7 0.489713
176.8 0.489672
176.9 0.489631
177 0.48959
177.1 0.489728
177.2 0.489866
177.3 0.490004
177.4 0.490142
177.5 0.49028
177.6 0.490418
177.7 0.490556
177.8 0.490694
177.9 0.490832
178 0.49097
178.1 0.49091
178.2 0.49085
178.3 0.49079
178.4 0.49073
178.5 0.49067
178.6 0.49061
178.7 0.49055
178.8 0.49049
178.9 0.49043
179 0.49037
179.1 0.490342
179.2 0.490314
179.3 0.490286
179.4 0.490258
179.5 0.49023
179.6 0.490202
179.7 0.490174
179.8 0.490146
179.9 0.490118
180 0.49009
180.1 0.49011
180.2 0.49013
180.3 0.49015
180.4 0.49017
180.5 0.49019
180.6 0.49021
180.7 0.49023
180.8 0.49025
180.9 0.49027
181 0.49029
181.1 0.490312
181.2 0.490334
181.3 0.490356
181.4 0.490378
181.5 0.4904
181.6 0.490422
181.7 0.490444
181.8 0.490466
181.9 0.490488
182 0.49051
182.1 0.490514
182.2 0.490518
182.3 0.490522
182.4 0.490526
182.5 0.49053
182.6 0.490534
182.7 0.490538
182.8 0.490542
182.9 0.490546
183 0.49055
183.1 0.490585
183.2 0.49062
183.3 0.490655
183.4 0.49069
183.5 0.490725
183.6 0.49076
183.7 0.490795
183.8 0.49083
183.9 0.490865
184 0.4909
184.1 0.490909
184.2 0.490918
184.3 0.490927
184.4 0.490936
184.5 0.490945
184.6 0.490954
184.7 0.490963
184.8 0.490972
184.9 0.490981
185 0.49099
185.1 0.490928
185.2 0.490866
185.3 0.490804
185.4 0.490742
185.5 0.49068
185.6 0.490618
185.7 0.490556
185.8 0.490494
185.9 0.490432
186 0.49037
186.1 0.490363
186.2 0.490356
186.3 0.490349
186.4 0.490342
186.5 0.490335
186.6 0.490328
186.7 0.490321
186.8 0.490314
186.9 0.490307
187 0.4903
187.1 0.490271
187.2 0.490242
187.3 0.490213
187.4 0.490184
187.5 0.490155
187.6 0.490126
187.7 0.490097
187.8 0.490068
187.9 0.490039
188 0.49001
188.1 0.490034
188.2 0.490058
188.3 0.490082
188.4 0.490106
188.5 0.49013
188.6 0.490154
188.7 0.490178
188.8 0.490202
188.9 0.490226
189 0.49025
189.1 0.490265
189.2 0.49028
189.3 0.490295
189.4 0.49031
189.5 0.490325
189.6 0.49034
189.7 0.490355
189.8 0.49037
189.9 0.490385
190 0.4904
190.1 0.490324
190.2 0.490248
190.3 0.490172
190.4 0.490096
190.5 0.49002
190.6 0.489944
190.7 0.489868
190.8 0.489792
190.9 0.489716
191 0.48964
191.1 0.489647
191.2 0.489654
191.3 0.489661
191.4 0.489668
191.5 0.489675
191.6 0.489682
191.7 0.489689
191.8 0.489696
191.9 0.489703
192 0.48971
192.1 0.489776
192.2 0.489842
192.3 0.489908
192.4 0.489974
192.5 0.49004
192.6 0.490106
192.7 0.490172
192.8 0.490238
192.9 0.490304
193 0.49037
193.1 0.490439
193.2 0.490508
193.3 0.490577
193.4 0.490646
193.5 0.490715
193.6 0.490784
193.7 0.490853
193.8 0.490922
193.9 0.490991
194 0.49106
194.1 0.490937
194.2 0.490814
194.3 0.490691
194.4 0.490568
194.5 0.490445
194.6 0.490322
194.7 0.490199
194.8 0.490076
194.9 0.489953
195 0.48983
195.1 0.478345
195.2 0.466859999999999
195.3 0.455374999999999
195.4 0.443889999999999
195.5 0.432404999999999
195.6 0.420919999999999
195.7 0.409434999999998
195.8 0.397949999999998
195.9 0.386464999999998
196 0.37498
196.1 0
196.2 0
196.3 0
196.4 0
196.5 0
196.6 0
196.7 0
196.8 0
196.9 0
