5 0.51608
5.1 0.516421
5.2 0.516762
5.3 0.517103
5.4 0.517444
5.5 0.517785
5.6 0.518126
5.7 0.518467
5.8 0.518808
5.9 0.519149
6 0.51949
6.1 0.519729
6.2 0.519968
6.3 0.520207
6.4 0.520446
6.5 0.520685
6.6 0.520924
6.7 0.521163
6.8 0.521402
6.9 0.521641
7 0.52188
7.1 0.522208
7.2 0.522536
7.3 0.522864
7.4 0.523192
7.5 0.52352
7.6 0.523848
7.7 0.524176
7.8 0.524504
7.9 0.524832
8 0.52516
8.1 0.525477
8.2 0.525794
8.3 0.526111
8.4 0.526428
8.5 0.526745
8.6 0.527062
8.7 0.527379
8.8 0.527696
8.9 0.528013
9 0.52833
9.1 0.528694
9.2 0.529058
9.3 0.529422
9.4 0.529786
9.5 0.53015
9.6 0.530514
9.7 0.530878
9.8 0.531242
9.9 0.531606
10 0.53197
10.1 0.532299
10.2 0.532628
10.3 0.532957
10.4 0.533286
10.5 0.533615
10.6 0.533944
10.7 0.534273
10.8 0.534602
10.9 0.534931
11 0.53526
11.1 0.53555
11.2 0.53584
11.3 0.53613
11.4 0.53642
11.5 0.53671
11.6 0.537
11.7 0.53729
11.8 0.53758
11.9 0.53787
12 0.53816
12.1 0.538556
12.2 0.538952
12.3 0.539348
12.4 0.539744
12.5 0.54014
12.6 0.540536
12.7 0.540932
12.8 0.541328
12.9 0.541724
13 0.54212
13.1 0.542421
13.2 0.542722
13.3 0.543023
13.4 0.543324
13.5 0.543625
13.6 0.543926
13.7 0.544227
13.8 0.544528
13.9 0.544829
14 0.54513
14.1 0.545388
14.2 0.545646
14.3 0.545904
14.4 0.546162
14.5 0.54642
14.6 0.546678
14.7 0.546936
14.8 0.547194
14.9 0.547452
15 0.54771
15.1 0.54811
15.2 0.54851
15.3 0.54891
15.4 0.54931
15.5 0.54971
15.6 0.55011
15.7 0.55051
15.8 0.55091
15.9 0.55131
16 0.55171
16.1 0.552056
16.2 0.552402
16.3 0.552748
16.4 0.553094
16.5 0.55344
16.6 0.553786
16.7 0.554132
16.8 0.554478
16.9 0.554824
17 0.55517
17.1 0.555451
17.2 0.555732
17.3 0.556013
17.4 0.556294
17.5 0.556575
17.6 0.556856
17.7 0.557137
17.8 0.557418
17.9 0.557699
18 0.55798
18.1 0.558212
18.2 0.558444
18.3 0.558676
18.4 0.558908
18.5 0.55914
18.6 0.559372
18.7 0.559604
18.8 0.559836
18.9 0.560068
19 0.5603
19.1 0.560544
19.2 0.560788
19.3 0.561032
19.4 0.561276
19.5 0.56152
19.6 0.561764
19.7 0.562008
19.8 0.562252
19.9 0.562496
20 0.56274
20.1 0.5632
20.2 0.56366
20.3 0.56412
20.4 0.56458
20.5 0.56504
20.6 0.5655
20.7 0.56596
20.8 0.56642
20.9 0.56688
21 0.56734
21.1 0.567749
21.2 0.568158
21.3 0.568567
21.4 0.568976
21.5 0.569385
21.6 0.569794
21.7 0.570203
21.8 0.570612
21.9 0.571021
22 0.57143
22.1 0.571766
22.2 0.572102
22.3 0.572438
22.4 0.572774
22.5 0.57311
22.6 0.573446
22.7 0.573782
22.8 0.574118
22.9 0.574454
23 0.57479
23.1 0.575072
23.2 0.575354
23.3 0.575636
23.4 0.575918
23.5 0.5762
23.6 0.576482
23.7 0.576764
23.8 0.577046
23.9 0.577328
24 0.57761
24.1 0.57787
24.2 0.57813
24.3 0.57839
24.4 0.57865
24.5 0.57891
24.6 0.57917
24.7 0.57943
24.8 0.57969
24.9 0.57995
25 0.58021
25.1 0.580553
25.2 0.580896
25.3 0.581239
25.4 0.581582
25.5 0.581925
25.6 0.582268
25.7 0.582611
25.8 0.582954
25.9 0.583297
26 0.58364
26.1 0.58396
26.2 0.58428
26.3 0.5846
26.4 0.58492
26.5 0.58524
26.6 0.58556
26.7 0.58588
26.8 0.5862
26.9 0.58652
27 0.58684
27.1 0.587123
27.2 0.587406
27.3 0.587689
27.4 0.587972
27.5 0.588255
27.6 0.588538
27.7 0.588821
27.8 0.589104
27.9 0.589387
28 0.58967
28.1 0.589922
28.2 0.590174
28.3 0.590426
28.4 0.590678
28.5 0.59093
28.6 0.591182
28.7 0.591434
28.8 0.591686
28.9 0.591938
29 0.59219
29.1 0.592457
29.2 0.592724
29.3 0.592991
29.4 0.593258
29.5 0.593525
29.6 0.593792
29.7 0.594059
29.8 0.594326
29.9 0.594593
30 0.59486
30.1 0.595333
30.2 0.595806
30.3 0.596279
30.4 0.596752
30.5 0.597225
30.6 0.597698
30.7 0.598171
30.8 0.598644
30.9 0.599117
31 0.59959
31.1 0.60004
31.2 0.60049
31.3 0.60094
31.4 0.60139
31.5 0.60184
31.6 0.60229
31.7 0.60274
31.8 0.60319
31.9 0.60364
32 0.60409
32.1 0.604487
32.2 0.604884
32.3 0.605281
32.4 0.605678
32.5 0.606075
32.6 0.606472
32.7 0.606869
32.8 0.607266
32.9 0.607663
33 0.60806
33.1 0.608413
33.2 0.608766
33.3 0.609119
33.4 0.609472
33.5 0.609825
33.6 0.610178
33.7 0.610531
33.8 0.610884
33.9 0.611237
34 0.61159
34.1 0.611906
34.2 0.612222
34.3 0.612538
34.4 0.612854
34.5 0.61317
34.6 0.613486
34.7 0.613802
34.8 0.614118
34.9 0.614434
35 0.61475
35.1 0.615035
35.2 0.61532
35.3 0.615605
35.4 0.61589
35.5 0.616175
35.6 0.61646
35.7 0.616745
35.8 0.61703
35.9 0.617315
36 0.6176
36.1 0.617858
36.2 0.618116
36.3 0.618374
36.4 0.618632
36.5 0.61889
36.6 0.619148
36.7 0.619406
36.8 0.619664
36.9 0.619922
37 0.62018
37.1 0.620414
37.2 0.620648
37.3 0.620882
37.4 0.621116
37.5 0.62135
37.6 0.621584
37.7 0.621818
37.8 0.622052
37.9 0.622286
38 0.62252
38.1 0.622734
38.2 0.622948
38.3 0.623162
38.4 0.623376
38.5 0.62359
38.6 0.623804
38.7 0.624018
38.8 0.624232
38.9 0.624446
39 0.62466
39.1 0.624915
39.2 0.62517
39.3 0.625425
39.4 0.62568
39.5 0.625935
39.6 0.62619
39.7 0.626445
39.8 0.6267
39.9 0.626955
40 0.62721
40.1 0.627747
40.2 0.628284
40.3 0.628821
40.4 0.629358
40.5 0.629895
40.6 0.630432
40.7 0.630969
40.8 0.631506
40.9 0.632043
41 0.63258
41.1 0.633072
41.2 0.633564
41.3 0.634056
41.4 0.634548
41.5 0.63504
41.6 0.635532
41.7 0.636024
41.8 0.636516
41.9 0.637008
42 0.6375
42.1 0.637915
42.2 0.63833
42.3 0.638745
42.4 0.63916
42.5 0.639575
42.6 0.63999
42.7 0.640405
42.8 0.64082
42.9 0.641235
43 0.64165
43.1 0.642005
43.2 0.64236
43.3 0.642715
43.4 0.64307
43.5 0.643425
43.6 0.64378
43.7 0.644135
43.8 0.64449
43.9 0.644845
44 0.6452
44.1 0.645505
44.2 0.64581
44.3 0.646115
44.4 0.64642
44.5 0.646725
44.6 0.64703
44.7 0.647335
44.8 0.64764
44.9 0.647945
45 0.64825
45.1 0.648517
45.2 0.648784
45.3 0.649051
45.4 0.649318
45.5 0.649585
45.6 0.649852
45.7 0.650119
45.8 0.650386
45.9 0.650653
46 0.65092
46.1 0.651155
46.2 0.65139
46.3 0.651625
46.4 0.65186
46.5 0.652095
46.6 0.65233
46.7 0.652565
46.8 0.6528
46.9 0.653035
47 0.65327
47.1 0.653478
47.2 0.653686
47.3 0.653894
47.4 0.654102
47.5 0.65431
47.6 0.654518
47.7 0.654726
47.8 0.654934
47.9 0.655142
48 0.65535
48.1 0.655536
48.2 0.655722
48.3 0.655908
48.4 0.656094
48.5 0.65628
48.6 0.656466
48.7 0.656652
48.8 0.656838
48.9 0.657024
49 0.65721
49.1 0.657407
49.2 0.657604
49.3 0.657801
49.4 0.657998
49.5 0.658195
49.6 0.658392
49.7 0.658589
49.8 0.658786
49.9 0.658983
50 0.65918
50.1 0.659543
50.2 0.659906
50.3 0.660269
50.4 0.660632
50.5 0.660995
50.6 0.661358
50.7 0.661721
50.8 0.662084
50.9 0.662447
51 0.66281
51.1 0.663182
51.2 0.663554
51.3 0.663926
51.4 0.664298
51.5 0.66467
51.6 0.665042
51.7 0.665414
51.8 0.665786
51.9 0.666158
52 0.66653
52.1 0.666884
52.2 0.667238
52.3 0.667592
52.4 0.667946
52.5 0.6683
52.6 0.668654
52.7 0.669008
52.8 0.669362
52.9 0.669716
53 0.67007
53.1 0.670406
53.2 0.670742
53.3 0.671078
53.4 0.671414
53.5 0.67175
53.6 0.672086
53.7 0.672422
53.8 0.672758
53.9 0.673094
54 0.67343
54.1 0.673749
54.2 0.674068
54.3 0.674387
54.4 0.674706
54.5 0.675025
54.6 0.675344
54.7 0.675663
54.8 0.675982
54.9 0.676301
55 0.67662
55.1 0.676924
55.2 0.677228
55.3 0.677532
55.4 0.677836
55.5 0.67814
55.6 0.678444
55.7 0.678748
55.8 0.679052
55.9 0.679356
56 0.67966
56.1 0.679951
56.2 0.680242
56.3 0.680533
56.4 0.680824
56.5 0.681115
56.6 0.681406
56.7 0.681697
56.8 0.681988
56.9 0.682279
57 0.68257
57.1 0.682847
57.2 0.683124
57.3 0.683401
57.4 0.683678
57.5 0.683955
57.6 0.684232
57.7 0.684509
57.8 0.684786
57.9 0.685063
58 0.68534
58.1 0.685604
58.2 0.685868
58.3 0.686132
58.4 0.686396
58.5 0.68666
58.6 0.686924
58.7 0.687188
58.8 0.687452
58.9 0.687716
59 0.68798
59.1 0.688341
59.2 0.688702
59.3 0.689063
59.4 0.689424
59.5 0.689785
59.6 0.690146
59.7 0.690507
59.8 0.690868
59.9 0.691229
60 0.69159
60.1 0.692531
60.2 0.693472
60.3 0.694413
60.4 0.695354
60.5 0.696295
60.6 0.697236
60.7 0.698177
60.8 0.699118
60.9 0.700059
61 0.701
61.1 0.701956
61.2 0.702912
61.3 0.703868
61.4 0.704824
61.5 0.70578
61.6 0.706736
61.7 0.707692
61.8 0.708648
61.9 0.709604
62 0.71056
62.1 0.71157
62.2 0.71258
62.3 0.71359
62.4 0.7146
62.5 0.71561
62.6 0.71662
62.7 0.71763
62.8 0.71864
62.9 0.71965
63 0.72066
63.1 0.721839
63.2 0.723018
63.3 0.724197
63.4 0.725376
63.5 0.726555
63.6 0.727734
63.7 0.728913
63.8 0.730092
63.9 0.731271
64 0.73245
64.1 0.734809
64.2 0.737168
64.3 0.739527
64.4 0.741886
64.5 0.744245
64.6 0.746604
64.7 0.748963
64.8 0.751322
64.9 0.753681
65 0.75604
65.1 0.758414
65.2 0.760788
65.3 0.763162
65.4 0.765536
65.5 0.76791
65.6 0.770284
65.7 0.772658
65.8 0.775032
65.9 0.777406
66 0.77978
66.1 0.781827
66.2 0.783874
66.3 0.785921
66.4 0.787968
66.5 0.790015
66.6 0.792062
66.7 0.794109
66.8 0.796156
66.9 0.798203
67 0.80025
67.1 0.803307
67.2 0.806364
67.3 0.809421
67.4 0.812478
67.5 0.815535
67.6 0.818592
67.7 0.821649
67.8 0.824706
67.9 0.827763
68 0.83082
68.1 0.840377
68.2 0.849934
68.3 0.859491
68.4 0.869048
68.5 0.878605000000001
68.6 0.888162
68.7 0.897719000000001
68.8 0.907276000000001
68.9 0.916833000000001
69 0.92639
69.1 0.93312
69.2 0.93985
69.3 0.94658
69.4 0.95331
69.5 0.96004
69.6 0.96677
69.7 0.9735
69.8 0.98023
69.9 0.986960000000001
70 0.99369
70.1 0.992606
70.2 0.991522
70.3 0.990438
70.4 0.989354
70.5 0.98827
70.6 0.987186
70.7 0.986102
70.8 0.985018
70.9 0.983934
71 0.98285
71.1 0.980829
71.2 0.978808
71.3 0.976787
71.4 0.974766
71.5 0.972745
71.6 0.970724
71.7 0.968703
71.8 0.966682
71.9 0.964661
72 0.96264
72.1 0.956557
72.2 0.950474
72.3 0.944391
72.4 0.938308
72.5 0.932225
72.6 0.926142
72.7 0.920059
72.8 0.913976
72.9 0.907892999999999
73 0.90181
73.1 0.89502
73.2 0.88823
73.3 0.88144
73.4 0.87465
73.5 0.86786
73.6 0.86107
73.7 0.854279999999999
73.8 0.84749
73.9 0.840699999999999
74 0.83391
74.1 0.824679
74.2 0.815448
74.3 0.806217
74.4 0.796986
74.5 0.787755
74.6 0.778524
74.7 0.769292999999999
74.8 0.760062
74.9 0.750830999999999
75 0.7416
75.1 0.734293
75.2 0.726986
75.3 0.719679
75.4 0.712372
75.5 0.705065
75.6 0.697758
75.7 0.690450999999999
75.8 0.683144
75.9 0.675836999999999
76 0.66853
76.1 0.66714
76.2 0.66575
76.3 0.66436
76.4 0.66297
76.5 0.66158
76.6 0.66019
76.7 0.6588
76.8 0.65741
76.9 0.65602
77 0.65463
77.1 0.654716
77.2 0.654802
77.3 0.654888
77.4 0.654974
77.5 0.65506
77.6 0.655146
77.7 0.655232
77.8 0.655318
77.9 0.655404
78 0.65549
78.1 0.658931
78.2 0.662372
78.3 0.665813
78.4 0.669254
78.5 0.672695
78.6 0.676136
78.7 0.679577
78.8 0.683018
78.9 0.686459
79 0.6899
79.1 0.693639
79.2 0.697378
79.3 0.701117
79.4 0.704856
79.5 0.708595
79.6 0.712334
79.7 0.716073
79.8 0.719812
79.9 0.723551
80 0.72729
80.1 0.729508
80.2 0.731726
80.3 0.733944
80.4 0.736162
80.5 0.73838
80.6 0.740598
80.7 0.742816
80.8 0.745034
80.9 0.747252
81 0.74947
81.1 0.751151
81.2 0.752832
81.3 0.754513
81.4 0.756194
81.5 0.757875
81.6 0.759556
81.7 0.761237
81.8 0.762918
81.9 0.764599
82 0.76628
82.1 0.765773
82.2 0.765266
82.3 0.764759
82.4 0.764252
82.5 0.763745
82.6 0.763238
82.7 0.762731
82.8 0.762224
82.9 0.761717
83 0.76121
83.1 0.75959
83.2 0.75797
83.3 0.75635
83.4 0.75473
83.5 0.75311
83.6 0.75149
83.7 0.74987
83.8 0.74825
83.9 0.74663
84 0.74501
84.1 0.73988
84.2 0.73475
84.3 0.72962
84.4 0.72449
84.5 0.71936
84.6 0.71423
84.7 0.7091
84.8 0.703969999999999
84.9 0.698839999999999
85 0.69371
85.1 0.687897
85.2 0.682084
85.3 0.676271
85.4 0.670458
85.5 0.664645
85.6 0.658832
85.7 0.653019
85.8 0.647205999999999
85.9 0.641392999999999
86 0.63558
86.1 0.632496
86.2 0.629412
86.3 0.626328
86.4 0.623244
86.5 0.62016
86.6 0.617076
86.7 0.613992
86.8 0.610908
86.9 0.607824
87 0.60474
87.1 0.602317
87.2 0.599894
87.3 0.597471
87.4 0.595048
87.5 0.592625
87.6 0.590202
87.7 0.587779
87.8 0.585356
87.9 0.582933
88 0.58051
88.1 0.578883
88.2 0.577256
88.3 0.575629
88.4 0.574002
88.5 0.572375
88.6 0.570748
88.7 0.569121
88.8 0.567494
88.9 0.565867
89 0.56424
89.1 0.563305
89.2 0.56237
89.3 0.561435
89.4 0.5605
89.5 0.559565
89.6 0.55863
89.7 0.557695
89.8 0.55676
89.9 0.555825
90 0.55489
90.1 0.556498
90.2 0.558106
90.3 0.559714
90.4 0.561322
90.5 0.56293
90.6 0.564538
90.7 0.566146
90.8 0.567754
90.9 0.569362
91 0.57097
91.1 0.573341
91.2 0.575712
91.3 0.578083
91.4 0.580454
91.5 0.582825
91.6 0.585196
91.7 0.587567
91.8 0.589938
91.9 0.592309
92 0.59468
92.1 0.600055
92.2 0.60543
92.3 0.610805
92.4 0.61618
92.5 0.621555
92.6 0.62693
92.7 0.632305
92.8 0.63768
92.9 0.643055
93 0.64843
93.1 0.654034
93.2 0.659638
93.3 0.665242
93.4 0.670846
93.5 0.67645
93.6 0.682054
93.7 0.687658
93.8 0.693262000000001
93.9 0.698866000000001
94 0.70447
94.1 0.70692
94.2 0.70937
94.3 0.71182
94.4 0.71427
94.5 0.71672
94.6 0.71917
94.7 0.72162
94.8 0.72407
94.9 0.72652
95 0.72897
95.1 0.730818
95.2 0.732666
95.3 0.734514
95.4 0.736362
95.5 0.73821
95.6 0.740058
95.7 0.741906
95.8 0.743754
95.9 0.745602
96 0.74745
96.1 0.747721
96.2 0.747992
96.3 0.748263
96.4 0.748534
96.5 0.748805
96.6 0.749076
96.7 0.749347
96.8 0.749618
96.9 0.749889
97 0.75016
97.1 0.749973
97.2 0.749786
97.3 0.749599
97.4 0.749412
97.5 0.749225
97.6 0.749038
97.7 0.748851
97.8 0.748664
97.9 0.748477
98 0.74829
98.1 0.747031
98.2 0.745772
98.3 0.744513
98.4 0.743254
98.5 0.741995
98.6 0.740736
98.7 0.739477
98.8 0.738218
98.9 0.736959
99 0.7357
99.1 0.734893
99.2 0.734086
99.3 0.733279
99.4 0.732472
99.5 0.731665
99.6 0.730858
99.7 0.730051
99.8 0.729244
99.9 0.728437
100 0.72763
100.1 0.731263
100.2 0.734896
100.3 0.738529
100.4 0.742162
100.5 0.745795
100.6 0.749428
100.7 0.753061
100.8 0.756694
100.9 0.760327
101 0.76396
101.1 0.768658
101.2 0.773356
101.3 0.778054
101.4 0.782752
101.5 0.78745
101.6 0.792148
101.7 0.796846
101.8 0.801544
101.9 0.806242
102 0.81094
102.1 0.816024
102.2 0.821108
102.3 0.826192
102.4 0.831276
102.5 0.83636
102.6 0.841444
102.7 0.846528
102.8 0.851612000000001
102.9 0.856696000000001
103 0.86178
103.1 0.867298
103.2 0.872816
103.3 0.878334
103.4 0.883852
103.5 0.88937
103.6 0.894888
103.7 0.900406
103.8 0.905924000000001
103.9 0.911442000000001
104 0.91696
104.1 0.921356
104.2 0.925752
104.3 0.930148
104.4 0.934544
104.5 0.93894
104.6 0.943336
104.7 0.947732
104.8 0.952128000000001
104.9 0.956524
105 0.96092
105.1 0.955011
105.2 0.949102
105.3 0.943193
105.4 0.937284
105.5 0.931375
105.6 0.925466
105.7 0.919557
105.8 0.913647999999999
105.9 0.907738999999999
106 0.90183
106.1 0.888981
106.2 0.876132
106.3 0.863282999999999
106.4 0.850433999999999
106.5 0.837584999999999
106.6 0.824735999999999
106.7 0.811886999999999
106.8 0.799037999999999
106.9 0.786188999999999
107 0.77334
107.1 0.767149
107.2 0.760958
107.3 0.754767
107.4 0.748576
107.5 0.742385
107.6 0.736194
107.7 0.730003
107.8 0.723811999999999
107.9 0.717620999999999
108 0.71143
108.1 0.643249699999999
108.2 0.575069399999999
108.3 0.506889099999997
108.4 0.438708799999997
108.5 0.370528499999996
108.6 0.302348199999995
108.7 0.234167899999995
108.8 0.165987599999993
108.9 0.0978072999999925
109 0.029627
109.1 0.0266643
109.2 0.0237015999999999
109.3 0.0207388999999999
109.4 0.0177761999999999
109.5 0.0148134999999998
109.6 0.0118507999999998
109.7 0.00888809999999978
109.8 0.00592539999999969
109.9 0.00296269999999967
110 0
110.1 0
110.2 0
110.3 0
110.4 0
110.5 0
110.6 0
110.7 0
110.8 0
110.9 0
111 0
111.1 0
111.2 0
111.3 0
111.4 0
111.5 0
111.6 0
111.7 0
111.8 0
111.9 0
112 0
112.1 0
112.2 0
112.3 0
112.4 0
112.5 0
112.6 0
112.7 0
112.8 0
112.9 0
113 0
113.1 0
113.2 0
113.3 0
113.4 0
113.5 0
113.6 0
113.7 0
113.8 0
113.9 0
114 0
114.1 0
114.2 0
114.3 0
114.4 0
114.5 0
114.6 0
114.7 0
114.8 0
114.9 0
115 0
115.1 0
115.2 0
115.3 0
115.4 0
115.5 0
115.6 0
115.7 0
115.8 0
115.9 0
116 0
116.1 0
116.2 0
116.3 0
116.4 0
116.5 0
116.6 0
116.7 0
116.8 0
116.9 0
117 0
117.1 0
117.2 0
117.3 0
117.4 0
117.5 0
117.6 0
117.7 0
117.8 0
117.9 0
118 0
118.1 0
118.2 0
118.3 0
118.4 0
118.5 0
118.6 0
118.7 0
118.8 0
118.9 0
119 0
119.1 0
119.2 0
119.3 0
119.4 0
119.5 0
119.6 0
119.7 0
119.8 0
119.9 0
120 0
120.1 0
120.2 0
120.3 0
120.4 0
120.5 0
120.6 0
120.7 0
120.8 0
120.9 0
121 0
121.1 0
121.2 0
121.3 0
121.4 0
121.5 0
121.6 0
121.7 0
121.8 0
121.9 0
122 0
122.1 0
122.2 0
122.3 0
122.4 0
122.5 0
122.6 0
122.7 0
122.8 0
122.9 0
123 0
123.1 0
123.2 0
123.3 0
123.4 0
123.5 0
123.6 0
123.7 0
123.8 0
123.9 0
124 0
124.1 0
124.2 0
124.3 0
124.4 0
124.5 0
124.6 0
124.7 0
124.8 0
124.9 0
125 0
125.1 0
125.2 0
125.3 0
125.4 0
125.5 0
125.6 0
125.7 0
125.8 0
125.9 0
126 0
126.1 0
126.2 0
126.3 0
126.4 0
126.5 0
126.6 0
126.7 0
126.8 0
126.9 0
127 0
127.1 0
127.2 0
127.3 0
127.4 0
127.5 0
127.6 0
127.7 0
127.8 0
127.9 0
128 0
128.1 0
128.2 0
128.3 0
128.4 0
128.5 0
128.6 0
128.7 0
128.8 0
128.9 0
129 0
129.1 0
129.2 0
129.3 0
129.4 0
129.5 0
129.6 0
129.7 0
129.8 0
129.9 0
130 0
130.1 0
130.2 0
130.3 0
130.4 0
130.5 0
130.6 0
130.7 0
130.8 0
130.9 0
131 0
131.1 0
131.2 0
131.3 0
131.4 0
131.5 0
131.6 0
131.7 0
131.8 0
131.9 0
132 0
132.1 0
132.2 0
132.3 0
132.4 0
132.5 0
132.6 0
132.7 0
132.8 0
132.9 0
133 0
133.1 0
133.2 0
133.3 0
133.4 0
133.5 0
133.6 0
133.7 0
133.8 0
133.9 0
134 0
134.1 0
134.2 0
134.3 0
134.4 0
134.5 0
134.6 0
134.7 0
134.8 0
134.9 0
135 0
135.1 0
135.2 0
135.3 0
135.4 0
135.5 0
135.6 0
135.7 0
135.8 0
135.9 0
136 0
136.1 0
136.2 0
136.3 0
136.4 0
136.5 0
136.6 0
136.7 0
136.8 0
136.9 0
137 0
137.1 0
137.2 0
137.3 0
137.4 0
137.5 0
137.6 0
137.7 0
137.8 0
137.9 0
138 0
138.1 0
138.2 0
138.3 0
138.4 0
138.5 0
138.6 0
138.7 0
138.8 0
138.9 0
139 0
139.1 0
139.2 0
139.3 0
139.4 0
139.5 0
139.6 0
139.7 0
139.8 0
139.9 0
140 0
140.1 0
140.2 0
140.3 0
140.4 0
140.5 0
140.6 0
140.7 0
140.8 0
140.9 0
141 0
141.1 0
141.2 0
141.3 0
141.4 0
141.5 0
141.6 0
141.7 0
141.8 0
141.9 0
142 0
142.1 0
142.2 0
142.3 0
142.4 0
142.5 0
142.6 0
142.7 0
142.8 0
142.9 0
143 0
143.1 0
143.2 0
143.3 0
143.4 0
143.5 0
143.6 0
143.7 0
143.8 0
143.9 0
144 0
144.1 0
144.2 0
144.3 0
144.4 0
144.5 0
144.6 0
144.7 0
144.8 0
144.9 0
145 0
145.1 0
145.2 0
145.3 0
145.4 0
145.5 0
145.6 0
145.7 0
145.8 0
145.9 0
146 0
146.1 0
146.2 0
146.3 0
146.4 0
146.5 0
146.6 0
146.7 0
146.8 0
146.9 0
147 0
147.1 0
147.2 0
147.3 0
147.4 0
147.5 0
147.6 0
147.7 0
147.8 0
147.9 0
148 0
148.1 0
148.2 0
148.3 0
148.4 0
148.5 0
148.6 0
148.7 0
148.8 0
148.9 0
149 0
149.1 0
149.2 0
149.3 0
149.4 0
149.5 0
149.6 0
149.7 0
149.8 0
149.9 0
150 0
150.1 0
150.2 0
150.3 0
150.4 0
150.5 0
150.6 0
150.7 0
150.8 0
150.9 0
151 0
151.1 0
151.2 0
151.3 0
151.4 0
151.5 0
151.6 0
151.7 0
151.8 0
151.9 0
152 0
152.1 0
152.2 0
152.3 0
152.4 0
152.5 0
152.6 0
152.7 0
152.8 0
152.9 0
153 0
153.1 0
153.2 0
153.3 0
153.4 0
153.5 0
153.6 0
153.7 0
153.8 0
153.9 0
154 0
154.1 0
154.2 0
154.3 0
154.4 0
154.5 0
154.6 0
154.7 0
154.8 0
154.9 0
155 0
155.1 0
155.2 0
155.3 0
155.4 0
155.5 0
155.6 0
155.7 0
155.8 0
155.9 0
156 0
156.1 0
156.2 0
156.3 0
156.4 0
156.5 0
156.6 0
156.7 0
156.8 0
156.9 0
157 0
157.1 0
157.2 0
157.3 0
157.4 0
157.5 0
157.6 0
157.7 0
157.8 0
157.9 0
158 0
158.1 0
158.2 0
158.3 0
158.4 0
158.5 0
158.6 0
158.7 0
158.8 0
158.9 0
159 0
159.1 0
159.2 0
159.3 0
159.4 0
159.5 0
159.6 0
159.7 0
159.8 0
159.9 0
160 0
160.1 0
160.2 0
160.3 0
160.4 0
160.5 0
160.6 0
160.7 0
160.8 0
160.9 0
161 0
161.1 0
161.2 0
161.3 0
161.4 0
161.5 0
161.6 0
161.7 0
161.8 0
161.9 0
162 0
162.1 0
162.2 0
162.3 0
162.4 0
162.5 0
162.6 0
162.7 0
162.8 0
162.9 0
163 0
163.1 0
163.2 0
163.3 0
163.4 0
163.5 0
163.6 0
163.7 0
163.8 0
163.9 0
164 0
164.1 0
164.2 0
164.3 0
164.4 0
164.5 0
164.6 0
164.7 0
164.8 0
164.9 0
165 0
165.1 0
165.2 0
165.3 0
165.4 0
165.5 0
165.6 0
165.7 0
165.8 0
165.9 0
166 0
166.1 0
166.2 0
166.3 0
166.4 0
166.5 0
166.6 0
166.7 0
166.8 0
166.9 0
167 0
167.1 0
167.2 0
167.3 0
167.4 0
167.5 0
167.6 0
167.7 0
167.8 0
167.9 0
168 0
168.1 0
168.2 0
168.3 0
168.4 0
168.5 0
168.6 0
168.7 0
168.8 0
168.9 0
169 0
169.1 0
169.2 0
169.3 0
169.4 0
169.5 0
169.6 0
169.7 0
169.8 0
169.9 0
170 0
170.1 0
170.2 0
170.3 0
170.4 0
170.5 0
170.6 0
170.7 0
170.8 0
170.9 0
171 0
171.1 0
171.2 0
171.3 0
171.4 0
171.5 0
171.6 0
171.7 0
171.8 0
171.9 0
172 0
172.1 0
172.2 0
172.3 0
172.4 0
172.5 0
172.6 0
172.7 0
172.8 0
172.9 0
173 0
173.1 0
173.2 0
173.3 0
173.4 0
173.5 0
173.6 0
173.7 0
173.8 0
173.9 0
174 0
174.1 0
174.2 0
174.3 0
174.4 0
174.5 0
174.6 0
174.7 0
174.8 0
174.9 0
175 0
175.1 0
175.2 0
175.3 0
175.4 0
175.5 0
175.6 0
175.7 0
175.8 0
175.9 0
176 0
176.1 0
176.2 0
176.3 0
176.4 0
176.5 0
176.6 0
176.7 0
176.8 0
176.9 0
177 0
177.1 0
177.2 0
177.3 0
177.4 0
177.5 0
177.6 0
177.7 0
177.8 0
177.9 0
178 0
178.1 0
178.2 0
178.3 0
178.4 0
178.5 0
178.6 0
178.7 0
178.8 0
178.9 0
179 0
179.1 0
179.2 0
179.3 0
179.4 0
179.5 0
179.6 0
179.7 0
179.8 0
179.9 0
180 0
180.1 0
180.2 0
180.3 0
180.4 0
180.5 0
180.6 0
180.7 0
180.8 0
180.9 0
181 0
181.1 0
181.2 0
181.3 0
181.4 0
181.5 0
181.6 0
181.7 0
181.8 0
181.9 0
182 0
182.1 0
182.2 0
182.3 0
182.4 0
182.5 0
182.6 0
182.7 0
182.8 0
182.9 0
183 0
183.1 0
183.2 0
183.3 0
183.4 0
183.5 0
183.6 0
183.7 0
183.8 0
183.9 0
184 0
184.1 0
184.2 0
184.3 0
184.4 0
184.5 0
184.6 0
184.7 0
184.8 0
184.9 0
185 0
185.1 0
185.2 0
185.3 0
185.4 0
185.5 0
185.6 0
185.7 0
185.8 0
185.9 0
186 0
186.1 0
186.2 0
186.3 0
186.4 0
186.5 0
186.6 0
186.7 0
186.8 0
186.9 0
187 0
187.1 0
187.2 0
187.3 0
187.4 0
187.5 0
187.6 0
187.7 0
187.8 0
187.9 0
188 0
188.1 0
188.2 0
188.3 0
188.4 0
188.5 0
188.6 0
188.7 0
188.8 0
188.9 0
189 0
189.1 0
189.2 0
189.3 0
189.4 0
189.5 0
189.6 0
189.7 0
189.8 0
189.9 0
190 0
190.1 0
190.2 0
190.3 0
190.4 0
190.5 0
190.6 0
190.7 0
190.8 0
190.9 0
191 0
191.1 0
191.2 0
191.3 0
191.4 0
191.5 0
191.6 0
191.7 0
191.8 0
191.9 0
192 0
192.1 0
192.2 0
192.3 0
192.4 0
192.5 0
192.6 0
192.7 0
192.8 0
192.9 0
193 0
193.1 0
193.2 0
193.3 0
193.4 0
193.5 0
193.6 0
193.7 0
193.8 0
193.9 0
194 0
194.1 0
194.2 0
194.3 0
194.4 0
194.5 0
194.6 0
194.7 0
194.8 0
194.9 0
195 0
195.1 0
195.2 0
195.3 0
195.4 0
195.5 0
195.6 0
195.7 0
195.8 0
195.9 0
196 0
196.1 0
196.2 0
196.3 0
196.4 0
196.5 0
196.6 0
196.7 0
196.8 0
196.9 0
197 0
197.1 0
197.2 0
197.3 0
197.4 0
197.5 0
197.6 0
197.7 0
197.8 0
197.9 0
198 0
198.1 0
198.2 0
198.3 0
198.4 0
198.5 0
198.6 0
198.7 0
198.8 0
198.9 0
199 0
199.1 0
199.2 0
199.3 0
199.4 0
199.5 0
199.6 0
199.7 0
199.8 0
199.9 0
200 0
200.1 0
200.2 0
200.3 0
200.4 0
200.5 0
200.6 0
200.7 0
200.8 0
200.9 0
201 0
201.1 0
201.2 0
201.3 0
201.4 0
201.5 0
201.6 0
201.7 0
201.8 0
201.9 0
202 0
202.1 0
202.2 0
202.3 0
202.4 0
202.5 0
202.6 0
202.7 0
202.8 0
202.9 0
203 0
203.1 0
203.2 0
203.3 0
203.4 0
203.5 0
203.6 0
203.7 0
203.8 0
203.9 0
204 0
204.1 0
204.2 0
204.3 0
204.4 0
204.5 0
204.6 0
204.7 0
204.8 0
204.9 0
205 0
205.1 0
205.2 0
205.3 0
205.4 0
205.5 0
205.6 0
205.7 0
205.8 0
205.9 0
206 0
206.1 0
206.2 0
206.3 0
206.4 0
206.5 0
206.6 0
206.7 0
206.8 0
206.9 0
207 0
207.1 0
207.2 0
207.3 0
207.4 0
207.5 0
207.6 0
207.7 0
207.8 0
207.9 0
208 0
208.1 0
208.2 0
208.3 0
208.4 0
208.5 0
208.6 0
208.7 0
208.8 0
208.9 0
209 0
209.1 0
209.2 0
209.3 0
209.4 0
209.5 0
209.6 0
209.7 0
209.8 0
209.9 0
210 0
210.1 0
210.2 0
210.3 0
210.4 0
210.5 0
210.6 0
210.7 0
210.8 0
210.9 0
211 0
211.1 0
211.2 0
211.3 0
211.4 0
211.5 0
211.6 0
211.7 0
211.8 0
211.9 0
212 0
212.1 0
212.2 0
212.3 0
212.4 0
212.5 0
212.6 0
212.7 0
212.8 0
212.9 0
213 0
213.1 0
213.2 0
213.3 0
213.4 0
213.5 0
213.6 0
213.7 0
213.8 0
213.9 0
214 0
214.1 0
214.2 0
214.3 0
214.4 0
214.5 0
214.6 0
214.7 0
214.8 0
214.9 0
215 0
215.1 0
215.2 0
215.3 0
215.4 0
215.5 0
215.6 0
215.7 0
215.8 0
215.9 0
216 0
216.1 0
216.2 0
216.3 0
216.4 0
216.5 0
216.6 0
216.7 0
216.8 0
216.9 0
217 0
217.1 0
217.2 0
217.3 0
217.4 0
217.5 0
217.6 0
217.7 0
217.8 0
217.9 0
218 0
218.1 0
218.2 0
218.3 0
218.4 0
218.5 0
218.6 0
218.7 0
218.8 0
218.9 0
219 0
219.1 0
219.2 0
219.3 0
219.4 0
219.5 0
219.6 0
219.7 0
219.8 0
219.9 0
220 0
220.1 0
220.2 0
220.3 0
220.4 0
220.5 0
220.6 0
220.7 0
220.8 0
220.9 0
221 0
221.1 0
221.2 0
221.3 0
221.4 0
221.5 0
221.6 0
221.7 0
221.8 0
221.9 0
222 0
222.1 0
222.2 0
222.3 0
222.4 0
222.5 0
222.6 0
222.7 0
222.8 0
222.9 0
223 0
223.1 0
223.2 0
223.3 0
223.4 0
223.5 0
223.6 0
223.7 0
223.8 0
223.9 0
224 0
224.1 0
224.2 0
224.3 0
224.4 0
224.5 0
224.6 0
224.7 0
224.8 0
224.9 0
225 0
225.1 0
225.2 0
225.3 0
225.4 0
225.5 0
225.6 0
225.7 0
225.8 0
225.9 0
226 0
226.1 0
226.2 0
226.3 0
226.4 0
226.5 0
226.6 0
226.7 0
226.8 0
226.9 0
227 0
227.1 0
227.2 0
227.3 0
227.4 0
227.5 0
227.6 0
227.7 0
227.8 0
227.9 0
228 0
228.1 0
228.2 0
228.3 0
228.4 0
228.5 0
228.6 0
228.7 0
228.8 0
228.9 0
229 0
229.1 0
229.2 0
229.3 0
229.4 0
229.5 0
229.6 0
229.7 0
229.8 0
229.9 0
230 0
230.1 0
230.2 0
230.3 0
230.4 0
230.5 0
230.6 0
230.7 0
230.8 0
230.9 0
