5 0.080775
5.1 0.08088
5.2 0.080985
5.3 0.08109
5.4 0.081195
5.5 0.0813
5.6 0.081405
5.7 0.08151
5.8 0.081615
5.9 0.08172
6 0.081825
6.1 0.08193
6.2 0.082035
6.3 0.08214
6.4 0.082245
6.5 0.08235
6.6 0.082455
6.7 0.08256
6.8 0.082665
6.9 0.08277
7 0.082875
7.1 0.08298
7.2 0.083085
7.3 0.08319
7.4 0.083295
7.5 0.0834
7.6 0.083505
7.7 0.08361
7.8 0.083715
7.9 0.08382
8 0.083925
8.1 0.08403
8.2 0.084135
8.3 0.08424
8.4 0.084345
8.5 0.08445
8.6 0.084555
8.7 0.08466
8.8 0.084765
8.9 0.08487
9 0.084975
9.1 0.08508
9.2 0.085185
9.3 0.08529
9.4 0.085395
9.5 0.0855
9.6 0.085605
9.7 0.08571
9.8 0.085815
9.9 0.08592
10 0.086025
10.1 0.08613
10.2 0.086235
10.3 0.08634
10.4 0.086445
10.5 0.08655
10.6 0.086655
10.7 0.08676
10.8 0.086865
10.9 0.08697
11 0.087075
11.1 0.08718
11.2 0.087285
11.3 0.08739
11.4 0.087495
11.5 0.0876
11.6 0.087705
11.7 0.08781
11.8 0.087915
11.9 0.08802
12 0.088125
12.1 0.08823
12.2 0.088335
12.3 0.08844
12.4 0.088545
12.5 0.08865
12.6 0.088755
12.7 0.08886
12.8 0.088965
12.9 0.08907
13 0.089175
13.1 0.08928
13.2 0.089385
13.3 0.08949
13.4 0.089595
13.5 0.0897
13.6 0.089805
13.7 0.08991
13.8 0.090015
13.9 0.09012
14 0.090225
14.1 0.09033
14.2 0.090435
14.3 0.09054
14.4 0.090645
14.5 0.09075
14.6 0.090855
14.7 0.09096
14.8 0.091065
14.9 0.09117
15 0.091275
15.1 0.09138
15.2 0.091485
15.3 0.09159
15.4 0.091695
15.5 0.0918
15.6 0.091905
15.7 0.09201
15.8 0.092115
15.9 0.09222
16 0.092325
16.1 0.09243
16.2 0.092535
16.3 0.09264
16.4 0.092745
16.5 0.09285
16.6 0.092955
16.7 0.09306
16.8 0.093165
16.9 0.09327
17 0.093375
17.1 0.09348
17.2 0.093585
17.3 0.09369
17.4 0.093795
17.5 0.0939
17.6 0.094005
17.7 0.09411
17.8 0.094215
17.9 0.09432
18 0.094425
18.1 0.09453
18.2 0.094635
18.3 0.09474
18.4 0.094845
18.5 0.09495
18.6 0.095055
18.7 0.09516
18.8 0.095265
18.9 0.09537
19 0.095475
19.1 0.09558
19.2 0.095685
19.3 0.09579
19.4 0.095895
19.5 0.096
19.6 0.096105
19.7 0.09621
19.8 0.096315
19.9 0.09642
20 0.096525
20.1 0.09663
20.2 0.096735
20.3 0.09684
20.4 0.096945
20.5 0.09705
20.6 0.097155
20.7 0.09726
20.8 0.097365
20.9 0.09747
21 0.097575
21.1 0.09768
21.2 0.097785
21.3 0.09789
21.4 0.097995
21.5 0.0981
21.6 0.098205
21.7 0.09831
21.8 0.098415
21.9 0.09852
22 0.098625
22.1 0.09873
22.2 0.098835
22.3 0.09894
22.4 0.099045
22.5 0.09915
22.6 0.099255
22.7 0.09936
22.8 0.099465
22.9 0.09957
23 0.099675
23.1 0.09978
23.2 0.099885
23.3 0.09999
23.4 0.100095
23.5 0.1002
23.6 0.100305
23.7 0.10041
23.8 0.100515
23.9 0.10062
24 0.100725
24.1 0.10083
24.2 0.100935
24.3 0.10104
24.4 0.101145
24.5 0.10125
24.6 0.101355
24.7 0.10146
24.8 0.101565
24.9 0.10167
25 0.101775
25.1 0.10188
25.2 0.101985
25.3 0.10209
25.4 0.102195
25.5 0.1023
25.6 0.102405
25.7 0.10251
25.8 0.102615
25.9 0.10272
26 0.102825
26.1 0.10293
26.2 0.103035
26.3 0.10314
26.4 0.103245
26.5 0.10335
26.6 0.103455
26.7 0.10356
26.8 0.103665
26.9 0.10377
27 0.103875
27.1 0.10398
27.2 0.104085
27.3 0.10419
27.4 0.104295
27.5 0.1044
27.6 0.104505
27.7 0.10461
27.8 0.104715
27.9 0.10482
28 0.104925
28.1 0.10503
28.2 0.105135
28.3 0.10524
28.4 0.105345
28.5 0.10545
28.6 0.105555
28.7 0.10566
28.8 0.105765
28.9 0.10587
29 0.105975
29.1 0.10608
29.2 0.106185
29.3 0.10629
29.4 0.106395
29.5 0.1065
29.6 0.106605
29.7 0.10671
29.8 0.106815
29.9 0.10692
30 0.107025
30.1 0.10713
30.2 0.107235
30.3 0.10734
30.4 0.107445
30.5 0.10755
30.6 0.107655
30.7 0.10776
30.8 0.107865
30.9 0.10797
31 0.108075
31.1 0.10818
31.2 0.108285
31.3 0.10839
31.4 0.108495
31.5 0.1086
31.6 0.108705
31.7 0.10881
31.8 0.108915
31.9 0.10902
32 0.109125
32.1 0.10923
32.2 0.109335
32.3 0.10944
32.4 0.109545
32.5 0.10965
32.6 0.109755
32.7 0.10986
32.8 0.109965
32.9 0.11007
33 0.110175
33.1 0.11028
33.2 0.110385
33.3 0.11049
33.4 0.110595
33.5 0.1107
33.6 0.110805
33.7 0.11091
33.8 0.111015
33.9 0.11112
34 0.111225
34.1 0.11133
34.2 0.111435
34.3 0.11154
34.4 0.111645
34.5 0.11175
34.6 0.111855
34.7 0.11196
34.8 0.112065
34.9 0.11217
35 0.112275
35.1 0.11238
35.2 0.112485
35.3 0.11259
35.4 0.112695
35.5 0.1128
35.6 0.112905
35.7 0.11301
35.8 0.113115
35.9 0.11322
36 0.113325
36.1 0.11343
36.2 0.113535
36.3 0.11364
36.4 0.113745
36.5 0.11385
36.6 0.113955
36.7 0.11406
36.8 0.114165
36.9 0.11427
37 0.114375
37.1 0.11448
37.2 0.114585
37.3 0.11469
37.4 0.114795
37.5 0.1149
37.6 0.115005
37.7 0.11511
37.8 0.115215
37.9 0.11532
38 0.115425
38.1 0.11553
38.2 0.115635
38.3 0.11574
38.4 0.115845
38.5 0.11595
38.6 0.116055
38.7 0.11616
38.8 0.116265
38.9 0.11637
39 0.116475
39.1 0.11658
39.2 0.116685
39.3 0.11679
39.4 0.116895
39.5 0.117
39.6 0.117105
39.7 0.11721
39.8 0.117315
39.9 0.11742
40 0.117525
40.1 0.11763
40.2 0.117735
40.3 0.11784
40.4 0.117945
40.5 0.11805
40.6 0.118155
40.7 0.11826
40.8 0.118365
40.9 0.11847
41 0.118575
41.1 0.11868
41.2 0.118785
41.3 0.11889
41.4 0.118995
41.5 0.1191
41.6 0.119205
41.7 0.11931
41.8 0.119415
41.9 0.11952
42 0.119625
42.1 0.11973
42.2 0.119835
42.3 0.11994
42.4 0.120045
42.5 0.12015
42.6 0.120255
42.7 0.12036
42.8 0.120465
42.9 0.12057
43 0.120675
43.1 0.12078
43.2 0.120885
43.3 0.12099
43.4 0.121095
43.5 0.1212
43.6 0.121305
43.7 0.12141
43.8 0.121515
43.9 0.12162
44 0.121725
44.1 0.12183
44.2 0.121935
44.3 0.12204
44.4 0.122145
44.5 0.12225
44.6 0.122355
44.7 0.12246
44.8 0.122565
44.9 0.12267
45 0.122775
45.1 0.12288
45.2 0.122985
45.3 0.12309
45.4 0.123195
45.5 0.1233
45.6 0.123405
45.7 0.12351
45.8 0.123615
45.9 0.12372
46 0.123825
46.1 0.12393
46.2 0.124035
46.3 0.12414
46.4 0.124245
46.5 0.12435
46.6 0.124455
46.7 0.12456
46.8 0.124665
46.9 0.12477
47 0.124875
47.1 0.12498
47.2 0.125085
47.3 0.12519
47.4 0.125295
47.5 0.1254
47.6 0.125505
47.7 0.12561
47.8 0.125715
47.9 0.12582
48 0.125925
48.1 0.12603
48.2 0.126135
48.3 0.12624
48.4 0.126345
48.5 0.12645
48.6 0.126555
48.7 0.12666
48.8 0.126765
48.9 0.12687
49 0.126975
49.1 0.12708
49.2 0.127185
49.3 0.12729
49.4 0.127395
49.5 0.1275
49.6 0.127605
49.7 0.12771
49.8 0.127815
49.9 0.12792
50 0.128025
50.1 0.12813
50.2 0.128235
50.3 0.12834
50.4 0.128445
50.5 0.12855
50.6 0.128655
50.7 0.12876
50.8 0.128865
50.9 0.12897
51 0.129075
51.1 0.12918
51.2 0.129285
51.3 0.12939
51.4 0.129495
51.5 0.1296
51.6 0.129705
51.7 0.12981
51.8 0.129915
51.9 0.13002
52 0.130125
52.1 0.13023
52.2 0.130335
52.3 0.13044
52.4 0.130545
52.5 0.13065
52.6 0.130755
52.7 0.13086
52.8 0.130965
52.9 0.13107
53 0.131175
53.1 0.13128
53.2 0.131385
53.3 0.13149
53.4 0.131595
53.5 0.1317
53.6 0.131805
53.7 0.13191
53.8 0.132015
53.9 0.13212
54 0.132225
54.1 0.13233
54.2 0.132435
54.3 0.13254
54.4 0.132645
54.5 0.13275
54.6 0.132855
54.7 0.13296
54.8 0.133065
54.9 0.13317
55 0.133275
55.1 0.13338
55.2 0.133485
55.3 0.13359
55.4 0.133695
55.5 0.1338
55.6 0.133905
55.7 0.13401
55.8 0.134115
55.9 0.13422
56 0.134325
56.1 0.13443
56.2 0.134535
56.3 0.13464
56.4 0.134745
56.5 0.13485
56.6 0.134955
56.7 0.13506
56.8 0.135165
56.9 0.13527
57 0.135375
57.1 0.13548
57.2 0.135585
57.3 0.13569
57.4 0.135795
57.5 0.1359
57.6 0.136005
57.7 0.13611
57.8 0.136215
57.9 0.13632
58 0.136425
58.1 0.13653
58.2 0.136635
58.3 0.13674
58.4 0.136845
58.5 0.13695
58.6 0.137055
58.7 0.13716
58.8 0.137265
58.9 0.13737
59 0.137475
59.1 0.1373275
59.2 0.13718
59.3 0.1370325
59.4 0.136885
59.5 0.1367375
59.6 0.13659
59.7 0.1364425
59.8 0.136295
59.9 0.1361475
60 0.136
60.1 0.1358
60.2 0.1356
60.3 0.1354
60.4 0.1352
60.5 0.135
60.6 0.1348
60.7 0.1346
60.8 0.1344
60.9 0.1342
61 0.134
61.1 0.13405
61.2 0.1341
61.3 0.13415
61.4 0.1342
61.5 0.13425
61.6 0.1343
61.7 0.13435
61.8 0.1344
61.9 0.13445
62 0.1345
62.1 0.13425
62.2 0.134
62.3 0.13375
62.4 0.1335
62.5 0.13325
62.6 0.133
62.7 0.13275
62.8 0.1325
62.9 0.13225
63 0.132
63.1 0.1315
63.2 0.131
63.3 0.1305
63.4 0.13
63.5 0.1295
63.6 0.129
63.7 0.1285
63.8 0.128
63.9 0.1275
64 0.127
64.1 0.12725
64.2 0.1275
64.3 0.12775
64.4 0.128
64.5 0.12825
64.6 0.1285
64.7 0.12875
64.8 0.129
64.9 0.12925
65 0.1295
65.1 0.13295
65.2 0.1364
65.3 0.13985
65.4 0.1433
65.5 0.14675
65.6 0.1502
65.7 0.15365
65.8 0.1571
65.9 0.16055
66 0.164
66.1 0.1685
66.2 0.173
66.3 0.1775
66.4 0.182
66.5 0.1865
66.6 0.191
66.7 0.1955
66.8 0.2
66.9 0.2045
67 0.209
67.1 0.2102
67.2 0.2114
67.3 0.2126
67.4 0.2138
67.5 0.215
67.6 0.2162
67.7 0.2174
67.8 0.2186
67.9 0.2198
68 0.221
68.1 0.2207
68.2 0.2204
68.3 0.2201
68.4 0.2198
68.5 0.2195
68.6 0.2192
68.7 0.2189
68.8 0.2186
68.9 0.2183
69 0.218
69.1 0.2181316
69.2 0.2182632
69.3 0.2183948
69.4 0.2185264
69.5 0.218658
69.6 0.2187896
69.7 0.2189212
69.8 0.2190528
69.9 0.2191844
70 0.219316
70.1 0.2195791
70.2 0.2198422
70.3 0.2201053
70.4 0.2203684
70.5 0.2206315
70.6 0.2208946
70.7 0.2211577
70.8 0.2214208
70.9 0.2216839
71 0.221947
71.1 0.2220959
71.2 0.2222448
71.3 0.2223937
71.4 0.2225426
71.5 0.2226915
71.6 0.2228404
71.7 0.2229893
71.8 0.2231382
71.9 0.2232871
72 0.223436
72.1 0.2231191
72.2 0.2228022
72.3 0.2224853
72.4 0.2221684
72.5 0.2218515
72.6 0.2215346
72.7 0.2212177
72.8 0.2209008
72.9 0.2205839
73 0.220267
73.1 0.2199153
73.2 0.2195636
73.3 0.2192119
73.4 0.2188602
73.5 0.2185085
73.6 0.2181568
73.7 0.2178051
73.8 0.2174534
73.9 0.2171017
74 0.21675
74.1 0.2157486
74.2 0.2147472
74.3 0.2137458
74.4 0.2127444
74.5 0.211743
74.6 0.2107416
74.7 0.2097402
74.8 0.2087388
74.9 0.2077374
75 0.206736
75.1 0.2056409
75.2 0.2045458
75.3 0.2034507
75.4 0.2023556
75.5 0.2012605
75.6 0.2001654
75.7 0.1990703
75.8 0.1979752
75.9 0.1968801
76 0.195785
76.1 0.1928293
76.2 0.1898736
76.3 0.1869179
76.4 0.1839622
76.5 0.1810065
76.6 0.1780508
76.7 0.1750951
76.8 0.1721394
76.9 0.1691837
77 0.166228
77.1 0.1638698
77.2 0.1615116
77.3 0.1591534
77.4 0.1567952
77.5 0.154437
77.6 0.1520788
77.7 0.1497206
77.8 0.1473624
77.9 0.1450042
78 0.142646
78.1 0.1412845
78.2 0.139923
78.3 0.1385615
78.4 0.1372
78.5 0.1358385
78.6 0.134477
78.7 0.1331155
78.8 0.131754
78.9 0.1303925
79 0.129031
79.1 0.1291427
79.2 0.1292544
79.3 0.1293661
79.4 0.1294778
79.5 0.1295895
79.6 0.1297012
79.7 0.1298129
79.8 0.1299246
79.9 0.1300363
80 0.130148
80.1 0.1327703
80.2 0.1353926
80.3 0.1380149
80.4 0.1406372
80.5 0.1432595
80.6 0.1458818
80.7 0.1485041
80.8 0.1511264
80.9 0.1537487
81 0.156371
81.1 0.1589552
81.2 0.1615394
81.3 0.1641236
81.4 0.1667078
81.5 0.169292
81.6 0.1718762
81.7 0.1744604
81.8 0.1770446
81.9 0.1796288
82 0.182213
82.1 0.185281
82.2 0.188349
82.3 0.191417
82.4 0.194485
82.5 0.197553
82.6 0.200621
82.7 0.203689
82.8 0.206757
82.9 0.209825
83 0.212893
83.1 0.2177472
83.2 0.2226014
83.3 0.2274556
83.4 0.2323098
83.5 0.237164
83.6 0.2420182
83.7 0.2468724
83.8 0.2517266
83.9 0.2565808
84 0.261435
84.1 0.2643607
84.2 0.2672864
84.3 0.2702121
84.4 0.2731378
84.5 0.2760635
84.6 0.2789892
84.7 0.2819149
84.8 0.2848406
84.9 0.2877663
85 0.290692
85.1 0.2951228
85.2 0.2995536
85.3 0.3039844
85.4 0.3084152
85.5 0.312846
85.6 0.3172768
85.7 0.3217076
85.8 0.3261384
85.9 0.330569200000001
86 0.335
86.1 0.3389
86.2 0.3428
86.3 0.3467
86.4 0.3506
86.5 0.3545
86.6 0.3584
86.7 0.3623
86.8 0.3662
86.9 0.3701
87 0.374
87.1 0.37668
87.2 0.37936
87.3 0.38204
87.4 0.38472
87.5 0.3874
87.6 0.39008
87.7 0.39276
87.8 0.39544
87.9 0.39812
88 0.4008
88.1 0.4044505
88.2 0.408101
88.3 0.4117515
88.4 0.415402
88.5 0.4190525
88.6 0.422703
88.7 0.4263535
88.8 0.430004
88.9 0.4336545
89 0.437305
89.1 0.4375745
89.2 0.437844
89.3 0.4381135
89.4 0.438383
89.5 0.4386525
89.6 0.438922
89.7 0.4391915
89.8 0.439461
89.9 0.4397305
90 0.44
90.1 0.4426875
90.2 0.445375
90.3 0.4480625
90.4 0.45075
90.5 0.4534375
90.6 0.456125
90.7 0.4588125
90.8 0.4615
90.9 0.4641875
91 0.466875
91.1 0.4679475
91.2 0.46902
91.3 0.4700925
91.4 0.471165
91.5 0.4722375
91.6 0.47331
91.7 0.4743825
91.8 0.475455
91.9 0.4765275
92 0.4776
92.1 0.47894
92.2 0.48028
92.3 0.48162
92.4 0.48296
92.5 0.4843
92.6 0.48564
92.7 0.48698
92.8 0.48832
92.9 0.48966
93 0.491
93.1 0.4899684
93.2 0.4889368
93.3 0.4879052
93.4 0.4868736
93.5 0.485842
93.6 0.4848104
93.7 0.4837788
93.8 0.4827472
93.9 0.4817156
94 0.480684
94.1 0.4813566
94.2 0.4820292
94.3 0.4827018
94.4 0.4833744
94.5 0.484047
94.6 0.4847196
94.7 0.4853922
94.8 0.4860648
94.9 0.4867374
95 0.48741
95.1 0.4870738
95.2 0.4867376
95.3 0.4864014
95.4 0.4860652
95.5 0.485729
95.6 0.4853928
95.7 0.4850566
95.8 0.4847204
95.9 0.4843842
96 0.484048
96.1 0.4832321
96.2 0.4824162
96.3 0.4816003
96.4 0.4807844
96.5 0.4799685
96.6 0.4791526
96.7 0.4783367
96.8 0.4775208
96.9 0.4767049
97 0.475889
97.1 0.5033001
97.2 0.530711200000001
97.3 0.558122300000001
97.4 0.585533400000001
97.5 0.612944500000001
97.6 0.640355600000002
97.7 0.667766700000002
97.8 0.695177800000003
97.9 0.722588900000003
98 0.75
98.1 0.75
98.2 0.75
98.3 0.75
98.4 0.75
98.5 0.75
98.6 0.75
98.7 0.75
98.8 0.75
98.9 0.75
99 0.75
99.1 0.75
99.2 0.75
99.3 0.75
99.4 0.75
99.5 0.75
99.6 0.75
99.7 0.75
99.8 0.75
99.9 0.75
100 0.75
100.1 0.75
100.2 0.75
100.3 0.75
100.4 0.75
100.5 0.75
100.6 0.75
100.7 0.75
100.8 0.75
100.9 0.75
101 0.75
101.1 0.75
101.2 0.75
101.3 0.75
101.4 0.75
101.5 0.75
101.6 0.75
101.7 0.75
101.8 0.75
101.9 0.75
102 0.75
102.1 0.75
102.2 0.75
102.3 0.75
102.4 0.75
102.5 0.75
102.6 0.75
102.7 0.75
102.8 0.75
102.9 0.75
103 0.75
103.1 0.75
103.2 0.75
103.3 0.75
103.4 0.75
103.5 0.75
103.6 0.75
103.7 0.75
103.8 0.75
103.9 0.75
104 0.75
104.1 0.75
104.2 0.75
104.3 0.75
104.4 0.75
104.5 0.75
104.6 0.75
104.7 0.75
104.8 0.75
104.9 0.75
105 0.75
105.1 0.75
105.2 0.75
105.3 0.75
105.4 0.75
105.5 0.75
105.6 0.75
105.7 0.75
105.8 0.75
105.9 0.75
106 0.75
106.1 0.75
106.2 0.75
106.3 0.75
106.4 0.75
106.5 0.75
106.6 0.75
106.7 0.75
106.8 0.75
106.9 0.75
107 0.75
107.1 0.75
107.2 0.75
107.3 0.75
107.4 0.75
107.5 0.75
107.6 0.75
107.7 0.75
107.8 0.75
107.9 0.75
108 0.75
108.1 0.75
108.2 0.75
108.3 0.75
108.4 0.75
108.5 0.75
108.6 0.75
108.7 0.75
108.8 0.75
108.9 0.75
109 0.75
109.1 0.75
109.2 0.75
109.3 0.75
109.4 0.75
109.5 0.75
109.6 0.75
109.7 0.75
109.8 0.75
109.9 0.75
110 0.75
110.1 0.75
110.2 0.75
110.3 0.75
110.4 0.75
110.5 0.75
110.6 0.75
110.7 0.75
110.8 0.75
110.9 0.75
111 0.75
111.1 0.75
111.2 0.75
111.3 0.75
111.4 0.75
111.5 0.75
111.6 0.75
111.7 0.75
111.8 0.75
111.9 0.75
112 0.75
112.1 0.75
112.2 0.75
112.3 0.75
112.4 0.75
112.5 0.75
112.6 0.75
112.7 0.75
112.8 0.75
112.9 0.75
113 0.75
113.1 0.75
113.2 0.75
113.3 0.75
113.4 0.75
113.5 0.75
113.6 0.75
113.7 0.75
113.8 0.75
113.9 0.75
114 0.75
114.1 0.75
114.2 0.75
114.3 0.75
114.4 0.75
114.5 0.75
114.6 0.75
114.7 0.75
114.8 0.75
114.9 0.75
115 0.75
115.1 0.75
115.2 0.75
115.3 0.75
115.4 0.75
115.5 0.75
115.6 0.75
115.7 0.75
115.8 0.75
115.9 0.75
116 0.75
116.1 0.75
116.2 0.75
116.3 0.75
116.4 0.75
116.5 0.75
116.6 0.75
116.7 0.75
116.8 0.75
116.9 0.75
117 0.75
117.1 0.75
117.2 0.75
117.3 0.75
117.4 0.75
117.5 0.75
117.6 0.75
117.7 0.75
117.8 0.75
117.9 0.75
118 0.75
118.1 0.75
118.2 0.75
118.3 0.75
118.4 0.75
118.5 0.75
118.6 0.75
118.7 0.75
118.8 0.75
118.9 0.75
119 0.75
119.1 0.75
119.2 0.75
119.3 0.75
119.4 0.75
119.5 0.75
119.6 0.75
119.7 0.75
119.8 0.75
119.9 0.75
120 0.75
120.1 0.75
120.2 0.75
120.3 0.75
120.4 0.75
120.5 0.75
120.6 0.75
120.7 0.75
120.8 0.75
120.9 0.75
121 0.75
121.1 0.75
121.2 0.75
121.3 0.75
121.4 0.75
121.5 0.75
121.6 0.75
121.7 0.75
121.8 0.75
121.9 0.75
122 0.75
122.1 0.75
122.2 0.75
122.3 0.75
122.4 0.75
122.5 0.75
122.6 0.75
122.7 0.75
122.8 0.75
122.9 0.75
123 0.75
123.1 0.75
123.2 0.75
123.3 0.75
123.4 0.75
123.5 0.75
123.6 0.75
123.7 0.75
123.8 0.75
123.9 0.75
124 0.75
124.1 0.75
124.2 0.75
124.3 0.75
124.4 0.75
124.5 0.75
124.6 0.75
124.7 0.75
124.8 0.75
124.9 0.75
125 0.75
125.1 0.75
125.2 0.75
125.3 0.75
125.4 0.75
125.5 0.75
125.6 0.75
125.7 0.75
125.8 0.75
125.9 0.75
126 0.75
126.1 0.75
126.2 0.75
126.3 0.75
126.4 0.75
126.5 0.75
126.6 0.75
126.7 0.75
126.8 0.75
126.9 0.75
127 0.75
127.1 0.75
127.2 0.75
127.3 0.75
127.4 0.75
127.5 0.75
127.6 0.75
127.7 0.75
127.8 0.75
127.9 0.75
128 0.75
128.1 0.75
128.2 0.75
128.3 0.75
128.4 0.75
128.5 0.75
128.6 0.75
128.7 0.75
128.8 0.75
128.9 0.75
129 0.75
129.1 0.75
129.2 0.75
129.3 0.75
129.4 0.75
129.5 0.75
129.6 0.75
129.7 0.75
129.8 0.75
129.9 0.75
130 0.75
130.1 0.75
130.2 0.75
130.3 0.75
130.4 0.75
130.5 0.75
130.6 0.75
130.7 0.75
130.8 0.75
130.9 0.75
131 0.75
131.1 0.75
131.2 0.75
131.3 0.75
131.4 0.75
131.5 0.75
131.6 0.75
131.7 0.75
131.8 0.75
131.9 0.75
132 0.75
132.1 0.75
132.2 0.75
132.3 0.75
132.4 0.75
132.5 0.75
132.6 0.75
132.7 0.75
132.8 0.75
132.9 0.75
133 0.75
133.1 0.75
133.2 0.75
133.3 0.75
133.4 0.75
133.5 0.75
133.6 0.75
133.7 0.75
133.8 0.75
133.9 0.75
134 0.75
134.1 0.75
134.2 0.75
134.3 0.75
134.4 0.75
134.5 0.75
134.6 0.75
134.7 0.75
134.8 0.75
134.9 0.75
135 0.75
135.1 0.75
135.2 0.75
135.3 0.75
135.4 0.75
135.5 0.75
135.6 0.75
135.7 0.75
135.8 0.75
135.9 0.75
136 0.75
136.1 0.75
136.2 0.75
136.3 0.75
136.4 0.75
136.5 0.75
136.6 0.75
136.7 0.75
136.8 0.75
136.9 0.75
137 0.75
137.1 0.75
137.2 0.75
137.3 0.75
137.4 0.75
137.5 0.75
137.6 0.75
137.7 0.75
137.8 0.75
137.9 0.75
138 0.75
138.1 0.75
138.2 0.75
138.3 0.75
138.4 0.75
138.5 0.75
138.6 0.75
138.7 0.75
138.8 0.75
138.9 0.75
139 0.75
139.1 0.75
139.2 0.75
139.3 0.75
139.4 0.75
139.5 0.75
139.6 0.75
139.7 0.75
139.8 0.75
139.9 0.75
140 0.75
140.1 0.75
140.2 0.75
140.3 0.75
140.4 0.75
140.5 0.75
140.6 0.75
140.7 0.75
140.8 0.75
140.9 0.75
141 0.75
141.1 0.75
141.2 0.75
141.3 0.75
141.4 0.75
141.5 0.75
141.6 0.75
141.7 0.75
141.8 0.75
141.9 0.75
142 0.75
142.1 0.75
142.2 0.75
142.3 0.75
142.4 0.75
142.5 0.75
142.6 0.75
142.7 0.75
142.8 0.75
142.9 0.75
143 0.75
143.1 0.75
143.2 0.75
143.3 0.75
143.4 0.75
143.5 0.75
143.6 0.75
143.7 0.75
143.8 0.75
143.9 0.75
144 0.75
144.1 0.775
144.2 0.800000000000001
144.3 0.825000000000001
144.4 0.850000000000001
144.5 0.875000000000001
144.6 0.900000000000001
144.7 0.925000000000002
144.8 0.950000000000003
144.9 0.975000000000003
145 1
145.1 1
145.2 1
145.3 1
145.4 1
145.5 1
145.6 1
145.7 1
145.8 1
145.9 1
146 1
146.1 1
146.2 1
146.3 1
146.4 1
146.5 1
146.6 1
146.7 1
146.8 1
146.9 1
147 1
147.1 1
147.2 1
147.3 1
147.4 1
147.5 1
147.6 1
147.7 1
147.8 1
147.9 1
148 1
148.1 1
148.2 1
148.3 1
148.4 1
148.5 1
148.6 1
148.7 1
148.8 1
148.9 1
149 1
149.1 1
149.2 1
149.3 1
149.4 1
149.5 1
149.6 1
149.7 1
149.8 1
149.9 1
150 1
150.1 1
150.2 1
150.3 1
150.4 1
150.5 1
150.6 1
150.7 1
150.8 1
150.9 1
151 1
151.1 1
151.2 1
151.3 1
151.4 1
151.5 1
151.6 1
151.7 1
151.8 1
151.9 1
152 1
152.1 1
152.2 1
152.3 1
152.4 1
152.5 1
152.6 1
152.7 1
152.8 1
152.9 1
153 1
153.1 1
153.2 1
153.3 1
153.4 1
153.5 1
153.6 1
153.7 1
153.8 1
153.9 1
154 1
154.1 1
154.2 1
154.3 1
154.4 1
154.5 1
154.6 1
154.7 1
154.8 1
154.9 1
155 1
155.1 1
155.2 1
155.3 1
155.4 1
155.5 1
155.6 1
155.7 1
155.8 1
155.9 1
156 1
156.1 1
156.2 1
156.3 1
156.4 1
156.5 1
156.6 1
156.7 1
156.8 1
156.9 1
157 1
157.1 1
157.2 1
157.3 1
157.4 1
157.5 1
157.6 1
157.7 1
157.8 1
157.9 1
158 1
158.1 1
158.2 1
158.3 1
158.4 1
158.5 1
158.6 1
158.7 1
158.8 1
158.9 1
159 1
159.1 1
159.2 1
159.3 1
159.4 1
159.5 1
159.6 1
159.7 1
159.8 1
159.9 1
160 1
160.1 1
160.2 1
160.3 1
160.4 1
160.5 1
160.6 1
160.7 1
160.8 1
160.9 1
161 1
161.1 1
161.2 1
161.3 1
161.4 1
161.5 1
161.6 1
161.7 1
161.8 1
161.9 1
162 1
162.1 1
162.2 1
162.3 1
162.4 1
162.5 1
162.6 1
162.7 1
162.8 1
162.9 1
163 1
163.1 1
163.2 1
163.3 1
163.4 1
163.5 1
163.6 1
163.7 1
163.8 1
163.9 1
164 1
164.1 1
164.2 1
164.3 1
164.4 1
164.5 1
164.6 1
164.7 1
164.8 1
164.9 1
165 1
165.1 1
165.2 1
165.3 1
165.4 1
165.5 1
165.6 1
165.7 1
165.8 1
165.9 1
166 1
166.1 1
166.2 1
166.3 1
166.4 1
166.5 1
166.6 1
166.7 1
166.8 1
166.9 1
167 1
167.1 1
167.2 1
167.3 1
167.4 1
167.5 1
167.6 1
167.7 1
167.8 1
167.9 1
168 1
168.1 1
168.2 1
168.3 1
168.4 1
168.5 1
168.6 1
168.7 1
168.8 1
168.9 1
169 1
169.1 1
169.2 1
169.3 1
169.4 1
169.5 1
169.6 1
169.7 1
169.8 1
169.9 1
170 1
170.1 1
170.2 1
170.3 1
170.4 1
170.5 1
170.6 1
170.7 1
170.8 1
170.9 1
171 1
171.1 1
171.2 1
171.3 1
171.4 1
171.5 1
171.6 1
171.7 1
171.8 1
171.9 1
172 1
172.1 1
172.2 1
172.3 1
172.4 1
172.5 1
172.6 1
172.7 1
172.8 1
172.9 1
173 1
173.1 1
173.2 1
173.3 1
173.4 1
173.5 1
173.6 1
173.7 1
173.8 1
173.9 1
174 1
174.1 1
174.2 1
174.3 1
174.4 1
174.5 1
174.6 1
174.7 1
174.8 1
174.9 1
175 1
175.1 1
175.2 1
175.3 1
175.4 1
175.5 1
175.6 1
175.7 1
175.8 1
175.9 1
176 1
176.1 1
176.2 1
176.3 1
176.4 1
176.5 1
176.6 1
176.7 1
176.8 1
176.9 1
177 1
177.1 1
177.2 1
177.3 1
177.4 1
177.5 1
177.6 1
177.7 1
177.8 1
177.9 1
178 1
178.1 1
178.2 1
178.3 1
178.4 1
178.5 1
178.6 1
178.7 1
178.8 1
178.9 1
179 1
179.1 1
179.2 1
179.3 1
179.4 1
179.5 1
179.6 1
179.7 1
179.8 1
179.9 1
180 1
180.1 1
180.2 1
180.3 1
180.4 1
180.5 1
180.6 1
180.7 1
180.8 1
180.9 1
181 1
181.1 1
181.2 1
181.3 1
181.4 1
181.5 1
181.6 1
181.7 1
181.8 1
181.9 1
182 1
182.1 1
182.2 1
182.3 1
182.4 1
182.5 1
182.6 1
182.7 1
182.8 1
182.9 1
183 1
183.1 1
183.2 1
183.3 1
183.4 1
183.5 1
183.6 1
183.7 1
183.8 1
183.9 1
184 1
184.1 1
184.2 1
184.3 1
184.4 1
184.5 1
184.6 1
184.7 1
184.8 1
184.9 1
185 1
185.1 1
185.2 1
185.3 1
185.4 1
185.5 1
185.6 1
185.7 1
185.8 1
185.9 1
186 1
186.1 1
186.2 1
186.3 1
186.4 1
186.5 1
186.6 1
186.7 1
186.8 1
186.9 1
187 1
187.1 1
187.2 1
187.3 1
187.4 1
187.5 1
187.6 1
187.7 1
187.8 1
187.9 1
188 1
188.1 1
188.2 1
188.3 1
188.4 1
188.5 1
188.6 1
188.7 1
188.8 1
188.9 1
189 1
189.1 1
189.2 1
189.3 1
189.4 1
189.5 1
189.6 1
189.7 1
189.8 1
189.9 1
190 1
190.1 1
190.2 1
190.3 1
190.4 1
190.5 1
190.6 1
190.7 1
190.8 1
190.9 1
191 1
191.1 1
191.2 1
191.3 1
191.4 1
191.5 1
191.6 1
191.7 1
191.8 1
191.9 1
192 1
192.1 1
192.2 1
192.3 1
192.4 1
192.5 1
192.6 1
192.7 1
192.8 1
192.9 1
193 1
193.1 1
193.2 1
193.3 1
193.4 1
193.5 1
193.6 1
193.7 1
193.8 1
193.9 1
194 1
194.1 1
194.2 1
194.3 1
194.4 1
194.5 1
194.6 1
194.7 1
194.8 1
194.9 1
195 1
195.1 1
195.2 1
195.3 1
195.4 1
195.5 1
195.6 1
195.7 1
195.8 1
195.9 1
196 1
196.1 1
196.2 1
196.3 1
196.4 1
196.5 1
196.6 1
196.7 1
196.8 1
196.9 1
197 1
197.1 1
197.2 1
197.3 1
197.4 1
197.5 1
197.6 1
197.7 1
197.8 1
197.9 1
198 1
198.1 1
198.2 1
198.3 1
198.4 1
198.5 1
198.6 1
198.7 1
198.8 1
198.9 1
199 1
199.1 1
199.2 1
199.3 1
199.4 1
199.5 1
199.6 1
199.7 1
199.8 1
199.9 1
200 1
200.1 1
200.2 1
200.3 1
200.4 1
200.5 1
200.6 1
200.7 1
200.8 1
200.9 1
201 1
201.1 1
201.2 1
201.3 1
201.4 1
201.5 1
201.6 1
201.7 1
201.8 1
201.9 1
202 1
202.1 1
202.2 1
202.3 1
202.4 1
202.5 1
202.6 1
202.7 1
202.8 1
202.9 1
203 1
203.1 1
203.2 1
203.3 1
203.4 1
203.5 1
203.6 1
203.7 1
203.8 1
203.9 1
204 1
204.1 1
204.2 1
204.3 1
204.4 1
204.5 1
204.6 1
204.7 1
204.8 1
204.9 1
205 1
205.1 1
205.2 1
205.3 1
205.4 1
205.5 1
205.6 1
205.7 1
205.8 1
205.9 1
206 1
206.1 1
206.2 1
206.3 1
206.4 1
206.5 1
206.6 1
206.7 1
206.8 1
206.9 1
207 1
207.1 1
207.2 1
207.3 1
207.4 1
207.5 1
207.6 1
207.7 1
207.8 1
207.9 1
208 1
208.1 1
208.2 1
208.3 1
208.4 1
208.5 1
208.6 1
208.7 1
208.8 1
208.9 1
209 1
209.1 1
209.2 1
209.3 1
209.4 1
209.5 1
209.6 1
209.7 1
209.8 1
209.9 1
210 1
210.1 1
210.2 1
210.3 1
210.4 1
210.5 1
210.6 1
210.7 1
210.8 1
210.9 1
211 1
211.1 1
211.2 1
211.3 1
211.4 1
211.5 1
211.6 1
211.7 1
211.8 1
211.9 1
212 1
212.1 1
212.2 1
212.3 1
212.4 1
212.5 1
212.6 1
212.7 1
212.8 1
212.9 1
213 1
213.1 1
213.2 1
213.3 1
213.4 1
213.5 1
213.6 1
213.7 1
213.8 1
213.9 1
214 1
214.1 1
214.2 1
214.3 1
214.4 1
214.5 1
214.6 1
214.7 1
214.8 1
214.9 1
215 1
215.1 1
215.2 1
215.3 1
215.4 1
215.5 1
215.6 1
215.7 1
215.8 1
215.9 1
216 1
216.1 1
216.2 1
216.3 1
216.4 1
216.5 1
216.6 1
216.7 1
216.8 1
216.9 1
217 1
217.1 1
217.2 1
217.3 1
217.4 1
217.5 1
217.6 1
217.7 1
217.8 1
217.9 1
218 1
218.1 1
218.2 1
218.3 1
218.4 1
218.5 1
218.6 1
218.7 1
218.8 1
218.9 1
219 1
219.1 1
219.2 1
219.3 1
219.4 1
219.5 1
219.6 1
219.7 1
219.8 1
219.9 1
220 1
220.1 1
220.2 1
220.3 1
220.4 1
220.5 1
220.6 1
220.7 1
220.8 1
220.9 1
221 1
221.1 1
221.2 1
221.3 1
221.4 1
221.5 1
221.6 1
221.7 1
221.8 1
221.9 1
222 1
222.1 1
222.2 1
222.3 1
222.4 1
222.5 1
222.6 1
222.7 1
222.8 1
222.9 1
223 1
223.1 1
223.2 1
223.3 1
223.4 1
223.5 1
223.6 1
223.7 1
223.8 1
223.9 1
224 1
224.1 1
224.2 1
224.3 1
224.4 1
224.5 1
224.6 1
224.7 1
224.8 1
224.9 1
225 1
225.1 1
225.2 1
225.3 1
225.4 1
225.5 1
225.6 1
225.7 1
225.8 1
225.9 1
226 1
226.1 1
226.2 1
226.3 1
226.4 1
226.5 1
226.6 1
226.7 1
226.8 1
226.9 1
227 1
227.1 1
227.2 1
227.3 1
227.4 1
227.5 1
227.6 1
227.7 1
227.8 1
227.9 1
228 1
228.1 1
228.2 1
228.3 1
228.4 1
228.5 1
228.6 1
228.7 1
228.8 1
228.9 1
229 1
229.1 1
229.2 1
229.3 1
229.4 1
229.5 1
229.6 1
229.7 1
229.8 1
229.9 1
230 1
230.1 1
230.2 1
230.3 1
230.4 1
230.5 1
230.6 1
230.7 1
230.8 1
230.9 1
231 1
231.1 1
231.2 1
231.3 1
231.4 1
231.5 1
231.6 1
231.7 1
231.8 1
231.9 1
232 1
232.1 1
232.2 1
232.3 1
232.4 1
232.5 1
232.6 1
232.7 1
232.8 1
232.9 1
233 1
233.1 1
233.2 1
233.3 1
233.4 1
233.5 1
233.6 1
233.7 1
233.8 1
233.9 1
234 1
234.1 1
234.2 1
234.3 1
234.4 1
234.5 1
234.6 1
234.7 1
234.8 1
234.9 1
235 1
235.1 1
235.2 1
235.3 1
235.4 1
235.5 1
235.6 1
235.7 1
235.8 1
235.9 1
236 1
236.1 1
236.2 1
236.3 1
236.4 1
236.5 1
236.6 1
236.7 1
236.8 1
236.9 1
237 1
237.1 1
237.2 1
237.3 1
237.4 1
237.5 1
237.6 1
237.7 1
237.8 1
237.9 1
238 1
238.1 1
238.2 1
238.3 1
238.4 1
238.5 1
238.6 1
238.7 1
238.8 1
238.9 1
239 1
239.1 1
239.2 1
239.3 1
239.4 1
239.5 1
239.6 1
239.7 1
239.8 1
239.9 1
240 1
240.1 0
240.2 0
240.3 0
240.4 0
240.5 0
240.6 0
240.7 0
240.8 0
240.9 0
