0 1.51898734177215e-06
0.1 6.5256329113924e-05
0.2 0.00027910447761194
0.3 0.000413083930994379
0.4 0.000547063384376817
0.5 0.000681042837759256
0.6 0.000841818181818182
0.7 0.000988680746862565
0.8 0.00113554331190695
0.9 0.00128240587695133
1 0.00142926844199571
1.1 0.0015761310070401
1.2 0.00172299357208448
1.3 0.00181111111111111
1.4 0.00196956039524098
1.5 0.00212800967937084
1.6 0.00228645896350071
1.7 0.00244490824763057
1.8 0.00260335753176044
1.9 0.0027618068158903
2 0.00292025610002017
2.1 0.00307870538415003
2.2 0.0032371546682799
2.3 0.00339560395240976
2.4 0.00355405323653963
2.5 0.00364912280701754
2.6 0.00380366624270688
2.7 0.00395820967839622
2.8 0.00411275311408556
2.9 0.0042672965497749
3 0.00442183998546424
3.1 0.00457638342115358
3.2 0.00473092685684291
3.3 0.00488547029253225
3.4 0.00504001372822159
3.5 0.00519455716391093
3.6 0.00534910059960027
3.7 0.00550364403528961
3.8 0.00565818747097894
3.9 0.00581273090666828
4 0.00596727434235762
4.1 0.00609090909090909
4.2 0.00624406888021014
4.3 0.00636666666666667
4.4 0.00652142656082869
4.5 0.00667618645499071
4.6 0.00683094634915273
4.7 0.00698570624331476
4.8 0.00714046613747678
4.9 0.0072952260316388
5 0.00744998592580082
5.1 0.00760474581996284
5.2 0.00775950571412487
5.3 0.00791426560828689
5.4 0.00806902550244891
5.5 0.00822378539661093
5.6 0.00837854529077296
5.7 0.00853330518493498
5.8 0.008688065079097
5.9 0.00884282497325902
6 0.00899758486742105
6.1 0.00915234476158307
6.2 0.00932258064516129
6.3 0.00947402211448248
6.4 0.00962546358380367
6.5 0.00977690505312486
6.6 0.00992834652244605
6.7 0.0100797879917672
6.8 0.0102312294610884
6.9 0.0103826709304096
7 0.0105341123997308
7.1 0.010685553869052
7.2 0.0108369953383732
7.3 0.0109884368076944
7.4 0.0111398782770156
7.5 0.0112913197463368
7.6 0.011442761215658
7.7 0.0115942026849791
7.8 0.0117456441543003
7.9 0.0118970856236215
8 0.0120485270929427
8.1 0.0121999685622639
8.2 0.0123514100315851
8.3 0.0125028515009063
8.4 0.0126542929702275
8.5 0.0128057344395487
8.6 0.0129571759088699
8.7 0.013108617378191
8.8 0.0132600588475122
8.9 0.0134115003168334
9 0.0135629417861546
9.1 0.0137143832554758
9.2 0.013865824724797
9.3 0.0140172661941182
9.4 0.0141687076634394
9.5 0.0143201491327606
9.6 0.0144715906020818
9.7 0.014623032071403
9.8 0.0147744735407241
9.9 0.0149259150100453
10 0.0150773564793665
10.1 0.0152287979486877
10.2 0.0153802394180089
10.3 0.0155316808873301
10.4 0.0156831223566513
10.5 0.0158345638259725
10.6 0.0159860052952937
10.7 0.0161374467646149
10.8 0.0162888882339361
10.9 0.0164403297032572
11 0.0165917711725784
11.1 0.0167432126418996
11.2 0.0168946541112208
11.3 0.017046095580542
11.4 0.0171975370498632
11.5 0.0173489785191844
11.6 0.0175004199885056
11.7 0.0176518614578268
11.8 0.017803302927148
11.9 0.0179547443964692
12 0.0181061858657903
12.1 0.0182576273351115
12.2 0.0183636363636364
12.3 0.018516438077457
12.4 0.0186692397912777
12.5 0.0188220415050984
12.6 0.018974843218919
12.7 0.0191276449327397
12.8 0.0192804466465604
12.9 0.0194332483603811
13 0.0195860500742017
13.1 0.0197388517880224
13.2 0.0198916535018431
13.3 0.0200444552156637
13.4 0.0201972569294844
13.5 0.0203500586433051
13.6 0.0205028603571257
13.7 0.0206556620709464
13.8 0.0208084637847671
13.9 0.0209612654985878
14 0.0211140672124084
14.1 0.0212668689262291
14.2 0.0214196706400498
14.3 0.0215724723538704
14.4 0.0217252740676911
14.5 0.0218780757815118
14.6 0.0220308774953324
14.7 0.0221836792091531
14.8 0.0223364809229738
14.9 0.0224892826367945
15 0.0226420843506151
15.1 0.0227948860644358
15.2 0.0229476877782565
15.3 0.0231004894920771
15.4 0.0232532912058978
15.5 0.0234060929197185
15.6 0.0235588946335392
15.7 0.0237116963473598
15.8 0.0238644980611805
15.9 0.0240172997750012
16 0.0241701014888218
16.1 0.0243229032026425
16.2 0.0244757049164632
16.3 0.0246285066302838
16.4 0.0247813083441045
16.5 0.0249341100579252
16.6 0.0250869117717459
16.7 0.0252397134855665
16.8 0.0253925151993872
16.9 0.0255453169132079
17 0.0256981186270285
17.1 0.0258509203408492
17.2 0.0260037220546699
17.3 0.0261565237684905
17.4 0.0263093254823112
17.5 0.0264621271961319
17.6 0.0266149289099526
17.7 0.0267677306237732
17.8 0.0269205323375939
17.9 0.0270733340514146
18 0.0272261357652352
18.1 0.0273789374790559
18.2 0.0275317391928766
18.3 0.0276845409066972
18.4 0.0278373426205179
18.5 0.0279901443343386
18.6 0.0281429460481593
18.7 0.0282957477619799
18.8 0.0284485494758006
18.9 0.0286013511896213
19 0.028754152903442
19.1 0.0289069546172626
19.2 0.0290597563310833
19.3 0.029212558044904
19.4 0.0293653597587246
19.5 0.0295181614725453
19.6 0.029670963186366
19.7 0.0298237649001867
19.8 0.0299765666140073
19.9 0.030129368327828
20 0.0302821700416487
20.1 0.0304349717554693
20.2 0.03058777346929
20.3 0.0307405751831107
20.4 0.0308933768969314
20.5 0.031046178610752
20.6 0.0311989803245727
20.7 0.0313517820383934
20.8 0.031504583752214
20.9 0.0316573854660347
21 0.0318101871798554
21.1 0.0319629888936761
21.2 0.0321157906074967
21.3 0.0322685923213174
21.4 0.0324213940351381
21.5 0.0325741957489587
21.6 0.0327269974627794
21.7 0.0328797991766001
21.8 0.0330326008904207
21.9 0.0331854026042414
22 0.0333382043180621
22.1 0.0334910060318828
22.2 0.0336438077457034
22.3 0.0337966094595241
22.4 0.0339494111733448
22.5 0.0341022128871654
22.6 0.0342550146009861
22.7 0.0344078163148068
22.8 0.0345606180286274
22.9 0.0347134197424481
23 0.0348662214562688
23.1 0.0350190231700895
23.2 0.0351718248839102
23.3 0.0353246265977308
23.4 0.0354774283115515
23.5 0.0356302300253722
23.6 0.0357830317391928
23.7 0.0359358334530135
23.8 0.0360886351668342
23.9 0.0362414368806549
24 0.0363942385944755
24.1 0.0365470403082962
24.2 0.0366998420221169
24.3 0.0368526437359376
24.4 0.0370054454497582
24.5 0.0371582471635789
24.6 0.0373110488773996
24.7 0.0374638505912203
24.8 0.0376166523050409
24.9 0.0377083333333333
25 0.0378596825396825
25.1 0.0380110317460317
25.2 0.0381623809523809
25.3 0.0383137301587301
25.4 0.0384650793650793
25.5 0.0386164285714286
25.6 0.0387677777777778
25.7 0.038919126984127
25.8 0.0390704761904762
25.9 0.0392218253968254
26 0.0393731746031746
26.1 0.0395245238095238
26.2 0.039675873015873
26.3 0.0398272222222222
26.4 0.0399785714285714
26.5 0.0401299206349206
26.6 0.0402812698412698
26.7 0.040432619047619
26.8 0.0405839682539682
26.9 0.0407353174603174
27 0.0408866666666666
27.1 0.0410380158730158
27.2 0.041189365079365
27.3 0.0413407142857142
27.4 0.0414920634920634
27.5 0.0416434126984126
27.6 0.0417947619047618
27.7 0.0419461111111111
27.8 0.0420974603174603
27.9 0.0422488095238095
28 0.0424001587301587
28.1 0.0425515079365079
28.2 0.0427028571428571
28.3 0.0428542063492063
28.4 0.0430055555555555
28.5 0.0431569047619047
28.6 0.0433082539682539
28.7 0.0434596031746031
28.8 0.0436109523809523
28.9 0.0437623015873015
29 0.0439136507936507
29.1 0.044065
29.2 0.0442163492063492
29.3 0.0443676984126984
29.4 0.0445190476190476
29.5 0.0446703968253968
29.6 0.044821746031746
29.7 0.0449730952380952
29.8 0.0451244444444444
29.9 0.0452757936507936
30 0.0454271428571428
30.1 0.045578492063492
30.2 0.0457298412698412
30.3 0.0458811904761904
30.4 0.0460325396825396
30.5 0.0461838888888889
30.6 0.0463352380952381
30.7 0.0464865873015873
30.8 0.0466379365079365
30.9 0.0467892857142857
31 0.0469406349206349
31.1 0.0470919841269841
31.2 0.0472433333333333
31.3 0.0473946825396825
31.4 0.0475460317460317
31.5 0.0476973809523809
31.6 0.0478487301587301
31.7 0.0480000793650793
31.8 0.0481514285714285
31.9 0.0483027777777778
32 0.048454126984127
32.1 0.0486054761904762
32.2 0.0487568253968254
32.3 0.0489081746031746
32.4 0.0490595238095238
32.5 0.049210873015873
32.6 0.0493622222222222
32.7 0.0495135714285714
32.8 0.0496649206349206
32.9 0.0498162698412698
33 0.049967619047619
33.1 0.0501189682539682
33.2 0.0502703174603174
33.3 0.0504216666666667
33.4 0.0505730158730159
33.5 0.0507243650793651
33.6 0.0508757142857143
33.7 0.0510270634920635
33.8 0.0511784126984127
33.9 0.0513297619047619
34 0.0514811111111111
34.1 0.0516324603174603
34.2 0.0517838095238095
34.3 0.0519351587301587
34.4 0.0520865079365079
34.5 0.0522378571428571
34.6 0.0523892063492063
34.7 0.0525405555555555
34.8 0.0526919047619048
34.9 0.052843253968254
35 0.0529946031746032
35.1 0.0531459523809524
35.2 0.0532973015873016
35.3 0.0534486507936508
35.4 0.0536
35.5 0.0537520661157025
35.6 0.053904132231405
35.7 0.0540561983471074
35.8 0.0542082644628099
35.9 0.0543603305785124
36 0.0545123966942149
36.1 0.0546644628099174
36.2 0.0548165289256198
36.3 0.0549685950413223
36.4 0.0551206611570248
36.5 0.0552727272727273
36.6 0.0554297520661157
36.7 0.0555867768595041
36.8 0.0557438016528926
36.9 0.055900826446281
37 0.0560578512396694
37.1 0.0562148760330579
37.2 0.0563719008264463
37.3 0.0565289256198347
37.4 0.0566859504132231
37.5 0.0568429752066116
37.6 0.057
37.7 0.0571468531468532
37.8 0.0572937062937063
37.9 0.0574405594405594
38 0.0575874125874126
38.1 0.0577342657342657
38.2 0.0578811188811189
38.3 0.058027972027972
38.4 0.0581748251748252
38.5 0.0583216783216783
38.6 0.0584685314685315
38.7 0.0586153846153846
38.8 0.0587658495350803
38.9 0.058916314454776
39 0.0590667793744717
39.1 0.0592172442941674
39.2 0.0593677092138631
39.3 0.0595181741335588
39.4 0.0596686390532544
39.5 0.0598191039729501
39.6 0.0599695688926458
39.7 0.0601200338123415
39.8 0.0602704987320372
39.9 0.0604209636517329
40 0.0605714285714286
40.1 0.0607274725274725
40.2 0.0608835164835165
40.3 0.0610395604395604
40.4 0.0611956043956044
40.5 0.0613516483516484
40.6 0.0615076923076923
40.7 0.0616637362637363
40.8 0.0618197802197802
40.9 0.0619758241758242
41 0.0621318681318681
41.1 0.0622879120879121
41.2 0.062443956043956
41.3 0.0626
41.4 0.06276
41.5 0.06292
41.6 0.06308
41.7 0.06324
41.8 0.0634
41.9 0.06356
42 0.06372
42.1 0.06388
42.2 0.06404
42.3 0.0642
42.4 0.06436
42.5 0.06452
42.6 0.06468
42.7 0.06484
42.8 0.065
42.9 0.0651428571428571
43 0.0652857142857143
43.1 0.0654285714285714
43.2 0.0655714285714286
43.3 0.0657142857142857
43.4 0.0658571428571428
43.5 0.066
43.6 0.0661428571428571
43.7 0.0662857142857143
43.8 0.0664285714285714
43.9 0.0665714285714286
44 0.0667142857142857
44.1 0.0668571428571428
44.2 0.067
44.3 0.0671529411764706
44.4 0.0673058823529412
44.5 0.0674588235294118
44.6 0.0676117647058824
44.7 0.0677647058823529
44.8 0.0679176470588235
44.9 0.0680705882352941
45 0.0682235294117647
45.1 0.0683764705882353
45.2 0.0685294117647059
45.3 0.0686823529411765
45.4 0.0688352941176471
45.5 0.0689882352941177
45.6 0.0691411764705882
45.7 0.0692941176470588
45.8 0.0694470588235294
45.9 0.0696
46 0.0697518518518518
46.1 0.0699037037037037
46.2 0.0700555555555555
46.3 0.0702074074074074
46.4 0.0703592592592592
46.5 0.0705111111111111
46.6 0.0706629629629629
46.7 0.0708148148148148
46.8 0.0709666666666667
46.9 0.0711185185185185
47 0.0712703703703703
47.1 0.0714222222222222
47.2 0.0715740740740741
47.3 0.0717259259259259
47.4 0.0718777777777778
47.5 0.0720296296296296
47.6 0.0721814814814815
47.7 0.0723333333333333
47.8 0.0724812030075188
47.9 0.0726290726817043
48 0.0727769423558897
48.1 0.0729248120300752
48.2 0.0730726817042607
48.3 0.0732205513784461
48.4 0.0733684210526316
48.5 0.0735162907268171
48.6 0.0736641604010025
48.7 0.073812030075188
48.8 0.0739598997493735
48.9 0.0741077694235589
49 0.0742556390977444
49.1 0.0744035087719298
49.2 0.0745513784461153
49.3 0.0746992481203008
49.4 0.0748471177944862
49.5 0.0749949874686717
49.6 0.0751428571428571
49.7 0.0752989616899391
49.8 0.0754550662370211
49.9 0.0756111707841031
50 0.0757672753311851
50.1 0.0759233798782671
50.2 0.0760794844253491
50.3 0.0762355889724311
50.4 0.0763916935195131
50.5 0.0765477980665951
50.6 0.0767039026136771
50.7 0.0768600071607591
50.8 0.0770161117078411
50.9 0.077172216254923
51 0.077328320802005
51.1 0.077484425349087
51.2 0.077640529896169
51.3 0.077796634443251
51.4 0.077952738990333
51.5 0.078108843537415
51.6 0.078264948084497
51.7 0.0784210526315789
51.8 0.0785685805422647
51.9 0.0787161084529506
52 0.0788636363636364
52.1 0.0790111642743222
52.2 0.079158692185008
52.3 0.0793062200956938
52.4 0.0794537480063796
52.5 0.0796012759170654
52.6 0.0797488038277512
52.7 0.079896331738437
52.8 0.0800438596491228
52.9 0.0801913875598086
53 0.0803389154704944
53.1 0.0804864433811802
53.2 0.080633971291866
53.3 0.0807814992025518
53.4 0.0809290271132376
53.5 0.0810765550239234
53.6 0.0812240829346093
53.7 0.0813716108452951
53.8 0.0815191387559809
53.9 0.0816666666666667
54 0.0818212765957447
54.1 0.0819758865248227
54.2 0.0821304964539007
54.3 0.0822851063829787
54.4 0.0824397163120567
54.5 0.0825943262411347
54.6 0.0827489361702127
54.7 0.0829035460992908
54.8 0.0830581560283688
54.9 0.0832127659574468
55 0.0833673758865248
55.1 0.0835219858156028
55.2 0.0836765957446808
55.3 0.0838312056737589
55.4 0.0839858156028369
55.5 0.0841404255319149
55.6 0.0842950354609929
55.7 0.0844496453900709
55.8 0.0846042553191489
55.9 0.084758865248227
56 0.084913475177305
56.1 0.085068085106383
56.2 0.085222695035461
56.3 0.085377304964539
56.4 0.085531914893617
56.5 0.0856815749716732
56.6 0.0858312350497293
56.7 0.0859808951277855
56.8 0.0861305552058416
56.9 0.0862802152838978
57 0.086429875361954
57.1 0.0865795354400101
57.2 0.0867291955180663
57.3 0.0868788555961224
57.4 0.0870285156741786
57.5 0.0871781757522347
57.6 0.0873278358302909
57.7 0.087477495908347
57.8 0.0876271559864032
57.9 0.0877768160644593
58 0.0879264761425154
58.1 0.0880761362205716
58.2 0.0882257962986277
58.3 0.0883754563766839
58.4 0.08852511645474
58.5 0.0886747765327962
58.6 0.0888244366108523
58.7 0.0889740966889085
58.8 0.0891237567669646
58.9 0.0892734168450208
59 0.0894230769230769
59.1 0.089575641025641
59.2 0.0897282051282051
59.3 0.0898807692307692
59.4 0.0900333333333333
59.5 0.0901858974358974
59.6 0.0903384615384615
59.7 0.0904910256410257
59.8 0.0906435897435898
59.9 0.0907961538461539
60 0.090948717948718
60.1 0.0911012820512821
60.2 0.0912538461538462
60.3 0.0914064102564103
60.4 0.0915589743589744
60.5 0.0917115384615385
60.6 0.0918641025641026
60.7 0.0920166666666667
60.8 0.0921692307692308
60.9 0.0923217948717949
61 0.092474358974359
61.1 0.0926269230769231
61.2 0.0927794871794872
61.3 0.0929320512820513
61.4 0.0930846153846154
61.5 0.0932371794871795
61.6 0.0933897435897436
61.7 0.0935423076923077
61.8 0.0936948717948718
61.9 0.0938474358974359
62 0.094
62.1 0.0941524926686217
62.2 0.0943049853372434
62.3 0.0944574780058651
62.4 0.0946099706744868
62.5 0.0947624633431085
62.6 0.0949149560117302
62.7 0.0950674486803519
62.8 0.0952199413489736
62.9 0.0953724340175953
63 0.095524926686217
63.1 0.0956774193548387
63.2 0.0958299120234604
63.3 0.0959824046920821
63.4 0.0961348973607039
63.5 0.0962873900293256
63.6 0.0964398826979473
63.7 0.096592375366569
63.8 0.0967448680351907
63.9 0.0968973607038124
64 0.0970498533724341
64.1 0.0972023460410558
64.2 0.0973548387096775
64.3 0.0975073313782992
64.4 0.0976598240469209
64.5 0.0978123167155426
64.6 0.0979648093841643
64.7 0.098117302052786
64.8 0.0982697947214076
64.9 0.0984222873900294
65 0.098574780058651
65.1 0.0987272727272727
65.2 0.0988797653958945
65.3 0.0990322580645161
65.4 0.099183517894399
65.5 0.0993347777242818
65.6 0.0994860375541647
65.7 0.0996372973840475
65.8 0.0997885572139303
65.9 0.0999398170438132
66 0.100091076873696
66.1 0.100242336703579
66.2 0.100393596533462
66.3 0.100544856363345
66.4 0.100696116193227
66.5 0.10084737602311
66.6 0.100998635852993
66.7 0.101149895682876
66.8 0.101301155512759
66.9 0.101452415342642
67 0.101603675172524
67.1 0.101754935002407
67.2 0.10190619483229
67.3 0.102057454662173
67.4 0.102208714492056
67.5 0.102359974321939
67.6 0.102511234151822
67.7 0.102662493981704
67.8 0.102813753811587
67.9 0.10296501364147
68 0.103116273471353
68.1 0.103267533301236
68.2 0.103418793131119
68.3 0.103570052961001
68.4 0.103721312790884
68.5 0.103872572620767
68.6 0.10402383245065
68.7 0.104175092280533
68.8 0.104326352110416
68.9 0.104477611940299
69 0.10462956053068
69.1 0.104781509121061
69.2 0.104933457711443
69.3 0.105085406301824
69.4 0.105237354892206
69.5 0.105389303482587
69.6 0.105541252072968
69.7 0.10569320066335
69.8 0.105845149253731
69.9 0.105997097844113
70 0.106149046434494
70.1 0.106300995024876
70.2 0.106452943615257
70.3 0.106604892205638
70.4 0.10675684079602
70.5 0.106908789386401
70.6 0.107060737976783
70.7 0.107212686567164
70.8 0.107364635157546
70.9 0.107516583747927
71 0.107668532338308
71.1 0.10782048092869
71.2 0.107972429519071
71.3 0.108124378109453
71.4 0.108276326699834
71.5 0.108428275290216
71.6 0.108580223880597
71.7 0.108732172470978
71.8 0.10888412106136
71.9 0.109036069651741
72 0.109188018242123
72.1 0.109339966832504
72.2 0.109491915422886
72.3 0.109643864013267
72.4 0.109795812603648
72.5 0.10994776119403
72.6 0.110099709784411
72.7 0.110251658374793
72.8 0.110403606965174
72.9 0.110555555555556
73 0.11070652173913
73.1 0.110857487922705
73.2 0.11100845410628
73.3 0.111159420289855
73.4 0.11131038647343
73.5 0.111461352657005
73.6 0.11161231884058
73.7 0.111763285024155
73.8 0.111914251207729
73.9 0.112065217391304
74 0.112216183574879
74.1 0.112367149758454
74.2 0.112518115942029
74.3 0.112669082125604
74.4 0.112820048309179
74.5 0.112971014492754
74.6 0.113121980676329
74.7 0.113272946859903
74.8 0.113423913043478
74.9 0.113574879227053
75 0.113725845410628
75.1 0.113876811594203
75.2 0.114027777777778
75.3 0.114178743961353
75.4 0.114329710144928
75.5 0.114480676328502
75.6 0.114631642512077
75.7 0.114782608695652
75.8 0.114933574879227
75.9 0.115084541062802
76 0.115235507246377
76.1 0.115386473429952
76.2 0.115537439613527
76.3 0.115688405797101
76.4 0.115839371980676
76.5 0.115990338164251
76.6 0.116141304347826
76.7 0.116292270531401
76.8 0.116443236714976
76.9 0.116594202898551
77 0.116745169082126
77.1 0.116896135265701
77.2 0.117047101449275
77.3 0.11719806763285
77.4 0.117349033816425
77.5 0.1175
77.6 0.117653205128205
77.7 0.11780641025641
77.8 0.117959615384615
77.9 0.118112820512821
78 0.118266025641026
78.1 0.118419230769231
78.2 0.118572435897436
78.3 0.118725641025641
78.4 0.118878846153846
78.5 0.119032051282051
78.6 0.119185256410256
78.7 0.119338461538462
78.8 0.119491666666667
78.9 0.119644871794872
79 0.119798076923077
79.1 0.119951282051282
79.2 0.120104487179487
79.3 0.120257692307692
79.4 0.120410897435897
79.5 0.120564102564103
79.6 0.120717307692308
79.7 0.120870512820513
79.8 0.121023717948718
79.9 0.121176923076923
80 0.121330128205128
80.1 0.121483333333333
80.2 0.121636538461539
80.3 0.121789743589744
80.4 0.121942948717949
80.5 0.122096153846154
80.6 0.122249358974359
80.7 0.122402564102564
80.8 0.122555769230769
80.9 0.122708974358974
81 0.12286217948718
81.1 0.123015384615385
81.2 0.12316858974359
81.3 0.123321794871795
81.4 0.123475
81.5 0.123628205128205
81.6 0.12378141025641
81.7 0.123934615384615
81.8 0.124087820512821
81.9 0.124241025641026
82 0.124394230769231
82.1 0.124547435897436
82.2 0.124700641025641
82.3 0.124853846153846
82.4 0.125007051282051
82.5 0.125160256410256
82.6 0.125313461538462
82.7 0.125466666666667
82.8 0.125616796457474
82.9 0.125766926248282
83 0.12591705603909
83.1 0.126067185829898
83.2 0.126217315620705
83.3 0.126367445411513
83.4 0.126517575202321
83.5 0.126667704993129
83.6 0.126817834783936
83.7 0.126967964574744
83.8 0.127118094365552
83.9 0.12726822415636
84 0.127418353947167
84.1 0.127568483737975
84.2 0.127718613528783
84.3 0.127868743319591
84.4 0.128018873110398
84.5 0.128169002901206
84.6 0.128319132692014
84.7 0.128469262482822
84.8 0.128619392273629
84.9 0.128769522064437
85 0.128919651855245
85.1 0.129069781646053
85.2 0.12921991143686
85.3 0.129370041227668
85.4 0.129520171018476
85.5 0.129670300809284
85.6 0.129820430600091
85.7 0.129970560390899
85.8 0.130120690181707
85.9 0.130270819972515
86 0.130420949763322
86.1 0.13057107955413
86.2 0.130721209344938
86.3 0.130871339135746
86.4 0.131021468926554
86.5 0.131171598717361
86.6 0.131321728508169
86.7 0.131471858298977
86.8 0.131621988089785
86.9 0.131772117880592
87 0.1319222476714
87.1 0.132072377462208
87.2 0.132222507253016
87.3 0.132372637043823
87.4 0.132522766834631
87.5 0.132672896625439
87.6 0.132823026416247
87.7 0.132973156207054
87.8 0.133123285997862
87.9 0.13327341578867
88 0.133423545579478
88.1 0.133573675370286
88.2 0.133723805161093
88.3 0.133873934951901
88.4 0.134024064742709
88.5 0.134174194533517
88.6 0.134324324324324
88.7 0.134475663446252
88.8 0.134627002568179
88.9 0.134778341690106
89 0.134929680812034
89.1 0.135081019933961
89.2 0.135232359055888
89.3 0.135383698177816
89.4 0.135535037299743
89.5 0.135686376421671
89.6 0.135837715543598
89.7 0.135989054665525
89.8 0.136140393787453
89.9 0.13629173290938
90 0.136443072031307
90.1 0.136594411153235
90.2 0.136745750275162
90.3 0.136897089397089
90.4 0.137048428519017
90.5 0.137199767640944
90.6 0.137351106762871
90.7 0.137502445884799
90.8 0.137653785006726
90.9 0.137805124128654
91 0.137956463250581
91.1 0.138107802372508
91.2 0.138259141494436
91.3 0.138410480616363
91.4 0.13856181973829
91.5 0.138713158860218
91.6 0.138864497982145
91.7 0.139015837104072
91.8 0.139167176226
91.9 0.139318515347927
92 0.139469854469854
92.1 0.139621193591782
92.2 0.139772532713709
92.3 0.139923871835637
92.4 0.140075210957564
92.5 0.140226550079491
92.6 0.140377889201419
92.7 0.140529228323346
92.8 0.140680567445273
92.9 0.140831906567201
93 0.140983245689128
93.1 0.141134584811055
93.2 0.141285923932983
93.3 0.14143726305491
93.4 0.141588602176837
93.5 0.141739941298765
93.6 0.141891280420692
93.7 0.14204261954262
93.8 0.142193958664547
93.9 0.142345297786474
94 0.142496636908402
94.1 0.142647976030329
94.2 0.142799315152256
94.3 0.142950654274184
94.4 0.143101993396111
94.5 0.143253332518038
94.6 0.143404671639966
94.7 0.143556010761893
94.8 0.143707349883821
94.9 0.143858689005748
95 0.144010028127675
95.1 0.144161367249603
95.2 0.14431270637153
95.3 0.144464045493457
95.4 0.144615384615385
95.5 0.144767136374492
95.6 0.1449188881336
95.7 0.145070639892708
95.8 0.145222391651816
95.9 0.145374143410924
96 0.145525895170032
96.1 0.14567764692914
96.2 0.145829398688248
96.3 0.145981150447355
96.4 0.146132902206463
96.5 0.146284653965571
96.6 0.146436405724679
96.7 0.146588157483787
96.8 0.146739909242895
96.9 0.146891661002003
97 0.14704341276111
97.1 0.147195164520218
97.2 0.147346916279326
97.3 0.147498668038434
97.4 0.147650419797542
97.5 0.14780217155665
97.6 0.147953923315758
97.7 0.148105675074866
97.8 0.148257426833973
97.9 0.148409178593081
98 0.148560930352189
98.1 0.148712682111297
98.2 0.148864433870405
98.3 0.149016185629513
98.4 0.149167937388621
98.5 0.149319689147728
98.6 0.149471440906836
98.7 0.149623192665944
98.8 0.149774944425052
98.9 0.14992669618416
99 0.150078447943268
99.1 0.150230199702376
99.2 0.150381951461484
99.3 0.150533703220591
99.4 0.150685454979699
99.5 0.150837206738807
99.6 0.150988958497915
99.7 0.151140710257023
99.8 0.151292462016131
99.9 0.151444213775239
100 0.151595965534346
100.1 0.151747717293454
100.2 0.151899469052562
100.3 0.15205122081167
100.4 0.152202972570778
100.5 0.152354724329886
100.6 0.152506476088994
100.7 0.152658227848101
100.8 0.152809979607209
100.9 0.152961731366317
101 0.153113483125425
101.1 0.153265234884533
101.2 0.153416986643641
101.3 0.153568738402749
101.4 0.153720490161857
101.5 0.153872241920964
101.6 0.154023993680072
101.7 0.15417574543918
101.8 0.154327497198288
101.9 0.154479248957396
102 0.154631000716504
102.1 0.154782752475611
102.2 0.154934504234719
102.3 0.155086255993827
102.4 0.155238007752935
102.5 0.155389759512043
102.6 0.155541511271151
102.7 0.155693263030259
102.8 0.155845014789366
102.9 0.155996766548474
103 0.156148518307582
103.1 0.15630027006669
103.2 0.156452021825798
103.3 0.156603773584906
103.4 0.156874619598296
103.5 0.157145465611686
103.6 0.157416311625076
103.7 0.157687157638466
103.8 0.157958003651856
103.9 0.158228849665247
104 0.158499695678637
104.1 0.158770541692027
104.2 0.159041387705417
104.3 0.159312233718807
104.4 0.159583079732197
104.5 0.159853925745587
104.6 0.160124771758978
104.7 0.160395617772368
104.8 0.160666463785758
104.9 0.160937309799148
105 0.161208155812538
105.1 0.161479001825928
105.2 0.161749847839318
105.3 0.162020693852709
105.4 0.162291539866099
105.5 0.162562385879489
105.6 0.162833231892879
105.7 0.163104077906269
105.8 0.163374923919659
105.9 0.163645769933049
106 0.163916615946439
106.1 0.16418746195983
106.2 0.16445830797322
106.3 0.16472915398661
106.4 0.165
106.5 0.165551776266062
106.6 0.166103552532124
106.7 0.166655328798186
106.8 0.167207105064248
106.9 0.16775888133031
107 0.168310657596372
107.1 0.168862433862434
107.2 0.169414210128496
107.3 0.169965986394558
107.4 0.17051776266062
107.5 0.171069538926682
107.6 0.171621315192744
107.7 0.172173091458806
107.8 0.172724867724868
107.9 0.17327664399093
108 0.173828420256992
108.1 0.174380196523054
108.2 0.174931972789116
108.3 0.175483749055178
108.4 0.17603552532124
108.5 0.176587301587302
108.6 0.177139077853364
108.7 0.177690854119426
108.8 0.178242630385488
108.9 0.17879440665155
109 0.179346182917612
109.1 0.179897959183674
109.2 0.180449735449735
109.3 0.181001511715797
109.4 0.181553287981859
109.5 0.182105064247921
109.6 0.182656840513983
109.7 0.183208616780045
109.8 0.183760393046107
109.9 0.184312169312169
110 0.184863945578231
110.1 0.185415721844293
110.2 0.185967498110355
110.3 0.186519274376417
110.4 0.187071050642479
110.5 0.187622826908541
110.6 0.188174603174603
110.7 0.188726379440665
110.8 0.189278155706727
110.9 0.189829931972789
111 0.190381708238851
111.1 0.190933484504913
111.2 0.191485260770975
111.3 0.192037037037037
111.4 0.192588813303099
111.5 0.193140589569161
111.6 0.193692365835223
111.7 0.194244142101285
111.8 0.194795918367347
111.9 0.195347694633409
112 0.195899470899471
112.1 0.196451247165533
112.2 0.197003023431595
112.3 0.197554799697657
112.4 0.198106575963719
112.5 0.198658352229781
112.6 0.199210128495843
112.7 0.199761904761905
112.8 0.200313485582947
112.9 0.200865066403989
113 0.20141664722503
113.1 0.201968228046072
113.2 0.202519808867114
113.3 0.203071389688156
113.4 0.203622970509198
113.5 0.20417455133024
113.6 0.204726132151282
113.7 0.205277712972324
113.8 0.205829293793366
113.9 0.206380874614408
114 0.206932455435449
114.1 0.207484036256491
114.2 0.208035617077533
114.3 0.208587197898575
114.4 0.209138778719617
114.5 0.209690359540659
114.6 0.210241940361701
114.7 0.210793521182743
114.8 0.211345102003785
114.9 0.211896682824826
115 0.212448263645868
115.1 0.21299984446691
115.2 0.213551425287952
115.3 0.214103006108994
115.4 0.214654586930036
115.5 0.215206167751078
115.6 0.21575774857212
115.7 0.216309329393162
115.8 0.216860910214204
115.9 0.217412491035246
116 0.217964071856287
116.1 0.218520116629486
116.2 0.219076161402685
116.3 0.219632206175884
116.4 0.220188250949082
116.5 0.220744295722281
116.6 0.22130034049548
116.7 0.221856385268678
116.8 0.222412430041877
116.9 0.222968474815076
117 0.223524519588274
117.1 0.224080564361473
117.2 0.224636609134672
117.3 0.225192653907871
117.4 0.225748698681069
117.5 0.226304743454268
117.6 0.226860788227467
117.7 0.227416833000665
117.8 0.227972877773864
117.9 0.228528922547063
118 0.229084967320261
118.1 0.22963891567556
118.2 0.230192864030858
118.3 0.230746812386157
118.4 0.231300760741455
118.5 0.231854709096753
118.6 0.232408657452052
118.7 0.23296260580735
118.8 0.233516554162649
118.9 0.234070502517947
119 0.234624450873245
119.1 0.235178399228544
119.2 0.235732347583842
119.3 0.236286295939141
119.4 0.236840244294439
119.5 0.237394192649737
119.6 0.237948141005036
119.7 0.238502089360334
119.8 0.239056037715633
119.9 0.239609986070931
120 0.240163934426229
120.1 0.240711791516577
120.2 0.241259648606925
120.3 0.241807505697273
120.4 0.24235536278762
120.5 0.242903219877968
120.6 0.243451076968316
120.7 0.243998934058663
120.8 0.244546791149011
120.9 0.245094648239359
121 0.245642505329707
121.1 0.246190362420054
121.2 0.246738219510402
121.3 0.24728607660075
121.4 0.247833933691098
121.5 0.248381790781445
121.6 0.248929647871793
121.7 0.249477504962141
121.8 0.250025362052488
121.9 0.250573219142836
122 0.251121076233184
122.1 0.251362379249718
122.2 0.251603682266253
122.3 0.251844985282788
122.4 0.252086288299322
122.5 0.252327591315857
122.6 0.252568894332392
122.7 0.252810197348926
122.8 0.253051500365461
122.9 0.253292803381996
123 0.25353410639853
123.1 0.253775409415065
123.2 0.254016712431599
123.3 0.254258015448134
123.4 0.254499318464669
123.5 0.254740621481203
123.6 0.254981924497738
123.7 0.255223227514273
123.8 0.255464530530807
123.9 0.255705833547342
124 0.255947136563877
124.1 0.254915737182491
124.2 0.253884337801106
124.3 0.252852938419721
124.4 0.251821539038335
124.5 0.25079013965695
124.6 0.249758740275565
124.7 0.248727340894179
124.8 0.247695941512794
124.9 0.246664542131409
125 0.245633142750023
125.1 0.244601743368638
125.2 0.243570343987253
125.3 0.242538944605867
125.4 0.241507545224482
125.5 0.240476145843097
125.6 0.239444746461711
125.7 0.238413347080326
125.8 0.237381947698941
125.9 0.236350548317555
126 0.23531914893617
126.1 0.234290896407394
126.2 0.233262643878619
126.3 0.232234391349843
126.4 0.231206138821067
126.5 0.230177886292292
126.6 0.229149633763516
126.7 0.22812138123474
126.8 0.227093128705964
126.9 0.226064876177189
127 0.225036623648413
127.1 0.224008371119637
127.2 0.222980118590862
127.3 0.221951866062086
127.4 0.22092361353331
127.5 0.219895361004534
127.6 0.218867108475759
127.7 0.217838855946983
127.8 0.216810603418207
127.9 0.215782350889431
128 0.214754098360656
128.1 0.213724913621995
128.2 0.212695728883335
128.3 0.211666544144674
128.4 0.210637359406013
128.5 0.209608174667353
128.6 0.208578989928692
128.7 0.207549805190032
128.8 0.206520620451371
128.9 0.20549143571271
129 0.20446225097405
129.1 0.203433066235389
129.2 0.202403881496729
129.3 0.201374696758068
129.4 0.200345512019407
129.5 0.199316327280747
129.6 0.198287142542086
129.7 0.197257957803426
129.8 0.196228773064765
129.9 0.195199588326104
130 0.194170403587444
130.1 0.193150407998236
130.2 0.192130412409027
130.3 0.191110416819819
130.4 0.190090421230611
130.5 0.189070425641403
130.6 0.188050430052194
130.7 0.187030434462986
130.8 0.186010438873778
130.9 0.18499044328457
131 0.183970447695361
131.1 0.182950452106153
131.2 0.181930456516945
131.3 0.180910460927736
131.4 0.179890465338528
131.5 0.17887046974932
131.6 0.177850474160112
131.7 0.176830478570903
131.8 0.175810482981695
131.9 0.174790487392487
132 0.173770491803279
132.1 0.172758023551143
132.2 0.171745555299007
132.3 0.170733087046871
132.4 0.169720618794736
132.5 0.1687081505426
132.6 0.167695682290464
132.7 0.166683214038328
132.8 0.165670745786193
132.9 0.164658277534057
133 0.163645809281921
133.1 0.162633341029785
133.2 0.161620872777649
133.3 0.160608404525514
133.4 0.159595936273378
133.5 0.158583468021242
133.6 0.157570999769106
133.7 0.156558531516971
133.8 0.155546063264835
133.9 0.154533595012699
134 0.153521126760563
134.1 0.152465440792906
134.2 0.151409754825248
134.3 0.15035406885759
134.4 0.149298382889932
134.5 0.148242696922274
134.6 0.147187010954617
134.7 0.146131324986959
134.8 0.145075639019301
134.9 0.144019953051643
135 0.142964267083985
135.1 0.141908581116328
135.2 0.14085289514867
135.3 0.139797209181012
135.4 0.138741523213354
135.5 0.137685837245696
135.6 0.136630151278039
135.7 0.135574465310381
135.8 0.134518779342723
135.9 0.133463093375065
136 0.132407407407407
136.1 0.131412037037037
136.2 0.130416666666667
136.3 0.129421296296296
136.4 0.128425925925926
136.5 0.127430555555556
136.6 0.126435185185185
136.7 0.125439814814815
136.8 0.124444444444444
136.9 0.123449074074074
137 0.122453703703704
137.1 0.121458333333333
137.2 0.120462962962963
137.3 0.119467592592593
137.4 0.118472222222222
137.5 0.117476851851852
137.6 0.116481481481481
137.7 0.115486111111111
137.8 0.114490740740741
137.9 0.11349537037037
138 0.1125
138.1 0.111460813492063
138.2 0.110421626984127
138.3 0.10938244047619
138.4 0.108343253968254
138.5 0.107304067460317
138.6 0.106264880952381
138.7 0.105225694444444
138.8 0.104186507936508
138.9 0.103147321428571
139 0.102108134920635
139.1 0.101068948412698
139.2 0.100029761904762
139.3 0.0989905753968252
139.4 0.0979513888888887
139.5 0.0969122023809522
139.6 0.0958730158730159
139.7 0.0948422619047618
139.8 0.0938115079365078
139.9 0.0927807539682539
140 0.09175
140.1 0.0907222222222222
140.2 0.0896944444444444
140.3 0.0886666666666666
140.4 0.0876388888888889
140.5 0.0866111111111111
140.6 0.0855833333333333
140.7 0.0845555555555555
140.8 0.0835277777777777
140.9 0.0825
141 0.0814732142857143
141.1 0.0804464285714285
141.2 0.0794196428571428
141.3 0.078392857142857
141.4 0.0773660714285713
141.5 0.0763392857142856
141.6 0.0753124999999999
141.7 0.0742857142857143
141.8 0.0733049040511727
141.9 0.072324093816631
142 0.0713432835820896
142.1 0.070303171641791
142.2 0.0692630597014925
142.3 0.0682229477611939
142.4 0.0671828358208954
142.5 0.0661427238805968
142.6 0.0651026119402984
142.7 0.0640625
142.8 0.0630377492877493
142.9 0.0620129985754986
143 0.0609882478632478
143.1 0.0599634971509971
143.2 0.0589387464387464
143.3 0.0579139957264957
143.4 0.0568892450142449
143.5 0.0558644943019942
143.6 0.0548397435897435
143.7 0.0538149928774928
143.8 0.052790242165242
143.9 0.0517654914529913
144 0.0507407407407407
144.1 0.0497166666666667
144.2 0.0486925925925926
144.3 0.0476685185185185
144.4 0.0466444444444444
144.5 0.0456203703703703
144.6 0.0445962962962963
144.7 0.0435722222222221
144.8 0.042548148148148
144.9 0.041524074074074
145 0.0405
145.1 0.039475
145.2 0.03845
145.3 0.037425
145.4 0.0363999999999999
145.5 0.0353749999999999
145.6 0.03435
145.7 0.0333249999999999
145.8 0.0322999999999999
145.9 0.0312749999999999
146 0.03025
146.1 0.029225
146.2 0.0282
146.3 0.0271749999999999
146.4 0.0261499999999999
146.5 0.0251249999999999
146.6 0.0241
146.7 0.0230749999999999
146.8 0.0220499999999999
146.9 0.0210249999999999
147 0.02
147.1 0.0199866666666667
147.2 0.0199733333333333
147.3 0.01996
147.4 0.0199466666666667
147.5 0.0199333333333333
147.6 0.01992
147.7 0.0199066666666667
147.8 0.0198933333333333
147.9 0.01988
148 0.0198666666666667
148.1 0.0198466666666667
148.2 0.0198266666666667
148.3 0.0198066666666667
148.4 0.0197866666666667
148.5 0.0197666666666667
148.6 0.0197466666666667
148.7 0.0197266666666667
148.8 0.0197066666666667
148.9 0.0196866666666667
149 0.0196666666666667
149.1 0.0196565217391304
149.2 0.0196463768115942
149.3 0.019636231884058
149.4 0.0196260869565217
149.5 0.0196159420289855
149.6 0.0196057971014493
149.7 0.019595652173913
149.8 0.0195855072463768
149.9 0.0195753623188406
150 0.0195652173913043
150.1 0.0195471571906355
150.2 0.0195290969899666
150.3 0.0195110367892977
150.4 0.0194929765886288
150.5 0.0194749163879599
150.6 0.019456856187291
150.7 0.0194387959866221
150.8 0.0194207357859532
150.9 0.0194026755852843
151 0.0193846153846154
151.1 0.019367084078712
151.2 0.0193495527728086
151.3 0.0193320214669052
151.4 0.0193144901610018
151.5 0.0192969588550984
151.6 0.019279427549195
151.7 0.0192618962432916
151.8 0.0192443649373882
151.9 0.0192268336314848
152 0.0192093023255814
152.1 0.0191922182468694
152.2 0.0191751341681574
152.3 0.0191580500894454
152.4 0.0191409660107335
152.5 0.0191238819320215
152.6 0.0191067978533095
152.7 0.0190897137745975
152.8 0.0190726296958855
152.9 0.0190555456171735
153 0.0190384615384615
153.1 0.0190262820512821
153.2 0.0190141025641026
153.3 0.0190019230769231
153.4 0.0189897435897436
153.5 0.0189775641025641
153.6 0.0189653846153846
153.7 0.0189532051282051
153.8 0.0189410256410256
153.9 0.0189288461538462
154 0.0189166666666667
154.1 0.0188964285714286
154.2 0.0188761904761905
154.3 0.0188559523809524
154.4 0.0188357142857143
154.5 0.0188154761904762
154.6 0.0187952380952381
154.7 0.018775
154.8 0.0187547619047619
154.9 0.0187345238095238
155 0.0187142857142857
155.1 0.0187
155.2 0.0186857142857143
155.3 0.0186714285714286
155.4 0.0186571428571429
155.5 0.0186428571428571
155.6 0.0186285714285714
155.7 0.0186142857142857
155.8 0.0186
155.9 0.0185857142857143
156 0.0185714285714286
156.1 0.0185559523809524
156.2 0.0185404761904762
156.3 0.018525
156.4 0.0185095238095238
156.5 0.0184940476190476
156.6 0.0184785714285714
156.7 0.0184630952380952
156.8 0.018447619047619
156.9 0.0184321428571429
157 0.0184166666666667
157.1 0.0184
157.2 0.0183833333333333
157.3 0.0183666666666667
157.4 0.01835
157.5 0.0183333333333333
157.6 0.0183166666666667
157.7 0.0183
157.8 0.0182833333333333
157.9 0.0182666666666667
158 0.01825
158.1 0.0182345238095238
158.2 0.0182190476190476
158.3 0.0182035714285714
158.4 0.0181880952380952
158.5 0.018172619047619
158.6 0.0181571428571429
158.7 0.0181416666666667
158.8 0.0181261904761905
158.9 0.0181107142857143
159 0.0180952380952381
159.1 0.0180766233766234
159.2 0.0180580086580087
159.3 0.0180393939393939
159.4 0.0180207792207792
159.5 0.0180021645021645
159.6 0.0179835497835498
159.7 0.0179649350649351
159.8 0.0179463203463203
159.9 0.0179277056277056
160 0.0179090909090909
160.1 0.0178931858549976
160.2 0.0178772808009043
160.3 0.0178613757468109
160.4 0.0178454706927176
160.5 0.0178295656386243
160.6 0.0178136605845309
160.7 0.0177977555304376
160.8 0.0177818504763443
160.9 0.0177659454222509
161 0.0177500403681576
161.1 0.0177341353140643
161.2 0.0177182302599709
161.3 0.0177023252058776
161.4 0.0176864201517843
161.5 0.017670515097691
161.6 0.0176546100435976
161.7 0.0176387049895043
161.8 0.017622799935411
161.9 0.0176068948813176
162 0.0175909898272243
162.1 0.017575084773131
162.2 0.0175591797190376
162.3 0.0175432746649443
162.4 0.017527369610851
162.5 0.0175114645567576
162.6 0.0174955595026643
162.7 0.017479654448571
162.8 0.0174637493944777
162.9 0.0174478443403843
163 0.017431939286291
163.1 0.0174160342321977
163.2 0.0174001291781043
163.3 0.017384224124011
163.4 0.0173683190699177
163.5 0.0173524140158243
163.6 0.017336508961731
163.7 0.0173206039076377
163.8 0.0173046988535444
163.9 0.017288793799451
164 0.0172728887453577
164.1 0.0172569836912644
164.2 0.017241078637171
164.3 0.0172251735830777
164.4 0.0172092685289844
164.5 0.017193363474891
164.6 0.0171774584207977
164.7 0.0171615533667044
164.8 0.017145648312611
164.9 0.0171297432585177
165 0.0171138382044244
165.1 0.0170979331503311
165.2 0.0170820280962377
165.3 0.0170661230421444
165.4 0.0170502179880511
165.5 0.0170343129339577
165.6 0.0170184078798644
165.7 0.0170025028257711
165.8 0.0169865977716777
165.9 0.0169706927175844
166 0.0169547876634911
166.1 0.0169388826093977
166.2 0.0169229775553044
166.3 0.0169070725012111
166.4 0.0168911674471178
166.5 0.0168752623930244
166.6 0.0168593573389311
166.7 0.0168434522848378
166.8 0.0168275472307444
166.9 0.0168116421766511
167 0.0167957371225578
167.1 0.0167798320684644
167.2 0.0167639270143711
167.3 0.0167480219602778
167.4 0.0167321169061844
167.5 0.0167162118520911
167.6 0.0167003067979978
167.7 0.0166844017439045
167.8 0.0166684966898111
167.9 0.0166525916357178
168 0.0166366865816245
168.1 0.0166207815275311
168.2 0.0166048764734378
168.3 0.0165889714193445
168.4 0.0165730663652511
168.5 0.0165571613111578
168.6 0.0165412562570645
168.7 0.0165253512029712
168.8 0.0165094461488778
168.9 0.0164935410947845
169 0.0164776360406912
169.1 0.0164617309865978
169.2 0.0164458259325045
169.3 0.0164299208784112
169.4 0.0164140158243178
169.5 0.0163981107702245
169.6 0.0163822057161312
169.7 0.0163663006620378
169.8 0.0163503956079445
169.9 0.0163344905538512
170 0.0163185854997579
170.1 0.0163026804456645
170.2 0.0162867753915712
170.3 0.0162708703374779
170.4 0.0162549652833845
170.5 0.0162390602292912
170.6 0.0162231551751979
170.7 0.0162072501211045
170.8 0.0161913450670112
170.9 0.0161754400129179
171 0.0161595349588245
171.1 0.0161436299047312
171.2 0.0161277248506379
171.3 0.0161118197965446
171.4 0.0160959147424512
171.5 0.0160800096883579
171.6 0.0160641046342646
171.7 0.0160481995801712
171.8 0.0160322945260779
171.9 0.0160163894719846
172 0.0160004844178912
172.1 0.0159845793637979
172.2 0.0159686743097046
172.3 0.0159527692556112
172.4 0.0159368642015179
172.5 0.0159209591474246
172.6 0.0159050540933313
172.7 0.0158891490392379
172.8 0.0158732439851446
172.9 0.0158573389310513
173 0.0158414338769579
173.1 0.0158255288228646
173.2 0.0158096237687713
173.3 0.0157937187146779
173.4 0.0157778136605846
173.5 0.0157619086064913
173.6 0.015746003552398
173.7 0.0157300984983046
173.8 0.0157141934442113
173.9 0.015698288390118
174 0.0156823833360246
174.1 0.0156664782819313
174.2 0.015650573227838
174.3 0.0156346681737446
174.4 0.0156187631196513
174.5 0.015602858065558
174.6 0.0155869530114646
174.7 0.0155710479573713
174.8 0.015555142903278
174.9 0.0155392378491847
175 0.0155233327950913
175.1 0.015507427740998
175.2 0.0154915226869047
175.3 0.0154756176328113
175.4 0.015459712578718
175.5 0.0154438075246247
175.6 0.0154279024705313
175.7 0.015411997416438
175.8 0.0153960923623447
175.9 0.0153801873082513
176 0.015364282254158
176.1 0.0153483772000647
176.2 0.0153324721459714
176.3 0.015316567091878
176.4 0.0153006620377847
176.5 0.0152847569836914
176.6 0.015268851929598
176.7 0.0152529468755047
176.8 0.0152370418214114
176.9 0.015221136767318
177 0.0152052317132247
177.1 0.0151893266591314
177.2 0.0151734216050381
177.3 0.0151575165509447
177.4 0.0151416114968514
177.5 0.0151257064427581
177.6 0.0151098013886647
177.7 0.0150938963345714
177.8 0.0150779912804781
177.9 0.0150620862263847
178 0.0150461811722914
178.1 0.0150302761181981
178.2 0.0150143710641047
178.3 0.0149984660100114
178.4 0.0149825609559181
178.5 0.0149666559018248
178.6 0.0149507508477314
178.7 0.0149348457936381
178.8 0.0149189407395448
178.9 0.0149030356854514
179 0.0148871306313581
179.1 0.0148712255772648
179.2 0.0148553205231714
179.3 0.0148394154690781
179.4 0.0148235104149848
179.5 0.0148076053608914
179.6 0.0147917003067981
179.7 0.0147757952527048
179.8 0.0147598901986115
179.9 0.0147439851445181
180 0.0147280800904248
180.1 0.0147121750363315
180.2 0.0146962699822381
180.3 0.0146803649281448
180.4 0.0146644598740515
180.5 0.0146485548199581
180.6 0.0146326497658648
180.7 0.0146167447117715
180.8 0.0146008396576781
180.9 0.0145849346035848
181 0.0145690295494915
181.1 0.0145531244953982
181.2 0.0145372194413048
181.3 0.0145213143872115
181.4 0.0145054093331182
181.5 0.0144895042790248
181.6 0.0144735992249315
181.7 0.0144576941708382
181.8 0.0144417891167448
181.9 0.0144258840626515
182 0.0144099790085582
182.1 0.0143940739544649
182.2 0.0143781689003715
182.3 0.0143622638462782
182.4 0.0143463587921849
182.5 0.0143304537380915
182.6 0.0143145486839982
182.7 0.0142986436299049
182.8 0.0142827385758115
182.9 0.0142668335217182
183 0.0142509284676249
183.1 0.0142350234135315
183.2 0.0142191183594382
183.3 0.0142032133053449
183.4 0.0141873082512516
183.5 0.0141714031971582
183.6 0.0141554981430649
183.7 0.0141395930889716
183.8 0.0141236880348782
183.9 0.0141077829807849
184 0.0140918779266916
184.1 0.0140759728725982
184.2 0.0140600678185049
184.3 0.0140441627644116
184.4 0.0140282577103182
184.5 0.0140123526562249
184.6 0.0139964476021316
184.7 0.0139805425480383
184.8 0.0139646374939449
184.9 0.0139487324398516
185 0.0139328273857583
185.1 0.0139169223316649
185.2 0.0139010172775716
185.3 0.0138851122234783
185.4 0.0138692071693849
185.5 0.0138533021152916
185.6 0.0138373970611983
185.7 0.0138214920071049
185.8 0.0138055869530116
185.9 0.0137896818989183
186 0.013773776844825
186.1 0.0137578717907316
186.2 0.0137419667366383
186.3 0.013726061682545
186.4 0.0137101566284516
186.5 0.0136942515743583
186.6 0.013678346520265
186.7 0.0136624414661716
186.8 0.0136465364120783
186.9 0.013630631357985
187 0.0136147263038917
187.1 0.0135988212497983
187.2 0.013582916195705
187.3 0.0135670111416117
187.4 0.0135511060875183
187.5 0.013535201033425
187.6 0.0135192959793317
187.7 0.0135033909252383
187.8 0.013487485871145
187.9 0.0134715808170517
188 0.0134556757629583
188.1 0.013439770708865
188.2 0.0134238656547717
188.3 0.0134079606006784
188.4 0.013392055546585
188.5 0.0133761504924917
188.6 0.0133602454383984
188.7 0.013344340384305
188.8 0.0133284353302117
188.9 0.0133125302761184
189 0.013296625222025
189.1 0.0132807201679317
189.2 0.0132648151138384
189.3 0.013248910059745
189.4 0.0132330050056517
189.5 0.0132170999515584
189.6 0.0132011948974651
189.7 0.0131852898433717
189.8 0.0131693847892784
189.9 0.0131534797351851
190 0.0131375746810917
190.1 0.0131216696269984
190.2 0.0131057645729051
190.3 0.0130898595188117
190.4 0.0130739544647184
190.5 0.0130580494106251
190.6 0.0130421443565318
190.7 0.0130262393024384
190.8 0.0130103342483451
190.9 0.0129944291942518
191 0.0129785241401584
191.1 0.0129626190860651
191.2 0.0129467140319718
191.3 0.0129308089778784
191.4 0.0129149039237851
191.5 0.0128989988696918
191.6 0.0128830938155984
191.7 0.0128671887615051
191.8 0.0128512837074118
191.9 0.0128353786533185
192 0.0128194735992251
192.1 0.0128035685451318
192.2 0.0127876634910385
192.3 0.0127717584369451
192.4 0.0127558533828518
192.5 0.0127399483287585
192.6 0.0127240432746651
192.7 0.0127081382205718
192.8 0.0126922331664785
192.9 0.0126763281123851
193 0.0126604230582918
193.1 0.0126445180041985
193.2 0.0126286129501052
193.3 0.0126127078960118
193.4 0.0125968028419185
193.5 0.0125808977878252
193.6 0.0125649927337318
193.7 0.0125490876796385
193.8 0.0125331826255452
193.9 0.0125172775714518
194 0.0125013725173585
194.1 0.0124854674632652
194.2 0.0124695624091718
194.3 0.0124536573550785
194.4 0.0124377523009852
194.5 0.0124218472468919
194.6 0.0124059421927985
194.7 0.0123900371387052
194.8 0.0123741320846119
194.9 0.0123582270305185
195 0.0123423219764252
195.1 0.0123264169223319
195.2 0.0123105118682385
195.3 0.0122946068141452
195.4 0.0122787017600519
195.5 0.0122627967059586
195.6 0.0122468916518652
195.7 0.0122309865977719
195.8 0.0122150815436786
195.9 0.0121991764895852
196 0.0121832714354919
196.1 0.0121673663813986
196.2 0.0121514613273052
196.3 0.0121355562732119
196.4 0.0121196512191186
196.5 0.0121037461650252
196.6 0.0120878411109319
196.7 0.0120719360568386
196.8 0.0120560310027453
196.9 0.0120401259486519
197 0.0120242208945586
197.1 0.0120083158404653
197.2 0.0119924107863719
197.3 0.0119765057322786
197.4 0.0119606006781853
197.5 0.0119446956240919
197.6 0.0119287905699986
197.7 0.0119128855159053
197.8 0.0118969804618119
197.9 0.0118810754077186
198 0.0118651703536253
198.1 0.0118492652995319
198.2 0.0118333602454386
198.3 0.0118174551913453
198.4 0.0118015501372519
198.5 0.0117856450831586
198.6 0.0117697400290653
198.7 0.011753834974972
198.8 0.0117379299208786
198.9 0.0117220248667853
199 0.011706119812692
199.1 0.0116902147585986
199.2 0.0116743097045053
199.3 0.011658404650412
199.4 0.0116424995963186
199.5 0.0116265945422253
199.6 0.011610689488132
199.7 0.0115947844340386
199.8 0.0115788793799453
199.9 0.011562974325852
200 0.0115470692717586
200.1 0.0115311642176653
200.2 0.011515259163572
200.3 0.0114993541094786
200.4 0.0114834490553853
200.5 0.011467544001292
200.6 0.0114516389471987
200.7 0.0114357338931053
200.8 0.011419828839012
200.9 0.0114039237849187
201 0.0113880187308253
201.1 0.011372113676732
201.2 0.0113562086226387
201.3 0.0113403035685453
201.4 0.011324398514452
201.5 0.0113084934603587
201.6 0.0112925884062653
201.7 0.011276683352172
201.8 0.0112607782980787
201.9 0.0112448732439853
202 0.011228968189892
202.1 0.0112130631357987
202.2 0.0111971580817053
202.3 0.011181253027612
202.4 0.0111653479735187
202.5 0.0111494429194254
202.6 0.011133537865332
202.7 0.0111176328112387
202.8 0.0111017277571454
202.9 0.011085822703052
203 0.0110699176489587
203.1 0.0110540125948654
203.2 0.011038107540772
203.3 0.0110222024866787
203.4 0.0110062974325854
203.5 0.010990392378492
203.6 0.0109744873243987
203.7 0.0109585822703054
203.8 0.010942677216212
203.9 0.0109267721621187
204 0.0109108671080254
204.1 0.0108949620539321
204.2 0.0108790569998387
204.3 0.0108631519457454
204.4 0.0108472468916521
204.5 0.0108313418375587
204.6 0.0108154367834654
204.7 0.0107995317293721
204.8 0.0107836266752787
204.9 0.0107677216211854
205 0.0107518165670921
205.1 0.0107359115129987
205.2 0.0107200064589054
205.3 0.0107041014048121
205.4 0.0106881963507187
205.5 0.0106722912966254
205.6 0.0106563862425321
205.7 0.0106404811884388
205.8 0.0106245761343454
205.9 0.0106086710802521
206 0.0105927660261588
206.1 0.0105768609720654
206.2 0.0105609559179721
206.3 0.0105450508638788
206.4 0.0105291458097854
206.5 0.0105132407556921
206.6 0.0104973357015988
206.7 0.0104814306475054
206.8 0.0104655255934121
206.9 0.0104496205393188
207 0.0104337154852254
207.1 0.0104178104311321
207.2 0.0104019053770388
207.3 0.0103860003229454
207.4 0.0103700952688521
207.5 0.0103541902147588
207.6 0.0103382851606655
207.7 0.0103223801065721
207.8 0.0103064750524788
207.9 0.0102905699983855
208 0.0102746649442921
208.1 0.0102587598901988
208.2 0.0102428548361055
208.3 0.0102269497820121
208.4 0.0102110447279188
208.5 0.0101951396738255
208.6 0.0101792346197321
208.7 0.0101633295656388
208.8 0.0101474245115455
208.9 0.0101315194574521
209 0.0101156144033588
209.1 0.0100997093492655
209.2 0.0100838042951721
209.3 0.0100678992410788
209.4 0.0100519941869855
209.5 0.0100360891328922
209.6 0.0100201840787988
209.7 0.0100042790247055
209.8 0.00998837397061216
209.9 0.00997246891651883
210 0.0099565638624255
210.1 0.00994065880833216
210.2 0.00992475375423883
210.3 0.0099088487001455
210.4 0.00989294364605217
210.5 0.00987703859195884
210.6 0.00986113353786551
210.7 0.00984522848377218
210.8 0.00982932342967885
210.9 0.00981341837558551
211 0.00979751332149218
211.1 0.00978160826739885
211.2 0.00976570321330552
211.3 0.00974979815921219
211.4 0.00973389310511886
211.5 0.00971798805102553
211.6 0.0097020829969322
211.7 0.00968617794283886
211.8 0.00967027288874553
211.9 0.0096543678346522
212 0.00963846278055887
212.1 0.00962255772646554
212.2 0.0096066526723722
212.3 0.00959074761827887
212.4 0.00957484256418554
212.5 0.00955893751009221
212.6 0.00954303245599888
212.7 0.00952712740190555
212.8 0.00951122234781222
212.9 0.00949531729371889
213 0.00947941223962556
213.1 0.00946350718553222
213.2 0.00944760213143889
213.3 0.00943169707734556
213.4 0.00941579202325223
213.5 0.0093998869691589
213.6 0.00938398191506556
213.7 0.00936807686097223
213.8 0.0093521718068789
213.9 0.00933626675278557
214 0.00932036169869224
214.1 0.00930445664459891
214.2 0.00928855159050557
214.3 0.00927264653641224
214.4 0.00925674148231891
214.5 0.00924083642822558
214.6 0.00922493137413225
214.7 0.00920902632003892
214.8 0.00919312126594559
214.9 0.00917721621185226
215 0.00916131115775893
215.1 0.00914540610366559
215.2 0.00912950104957226
215.3 0.00911359599547893
215.4 0.0090976909413856
215.5 0.00908178588729227
215.6 0.00906588083319894
215.7 0.0090499757791056
215.8 0.00903407072501227
215.9 0.00901816567091894
216 0.00900226061682561
216.1 0.00898635556273228
216.2 0.00897045050863894
216.3 0.00895454545454561
216.4 0.00893864040045228
216.5 0.00892273534635895
216.6 0.00890683029226562
216.7 0.00889092523817229
216.8 0.00887502018407896
216.9 0.00885911512998563
217 0.0088432100758923
217.1 0.00882730502179896
217.2 0.00881139996770563
217.3 0.0087954949136123
217.4 0.00877958985951897
217.5 0.00876368480542564
217.6 0.00874777975133231
217.7 0.00873187469723897
217.8 0.00871596964314564
217.9 0.00870006458905231
218 0.00868415953495898
218.1 0.00866825448086565
218.2 0.00865234942677232
218.3 0.00863644437267898
218.4 0.00862053931858565
218.5 0.00860463426449232
218.6 0.00858872921039899
218.7 0.00857282415630566
218.8 0.00855691910221233
218.9 0.008541014048119
219 0.00852510899402567
219.1 0.00850920393993233
219.2 0.008493298885839
219.3 0.00847739383174567
219.4 0.00846148877765234
219.5 0.00844558372355901
219.6 0.00842967866946568
219.7 0.00841377361537234
219.8 0.00839786856127901
219.9 0.00838196350718568
220 0.00836605845309235
220.1 0.00835015339899902
220.2 0.00833424834490569
220.3 0.00831834329081236
220.4 0.00830243823671903
220.5 0.00828653318262569
220.6 0.00827062812853236
220.7 0.00825472307443903
220.8 0.0082388180203457
220.9 0.00822291296625237
221 0.00820700791215904
221.1 0.00819110285806571
221.2 0.00817519780397237
221.3 0.00815929274987904
221.4 0.00814338769578571
221.5 0.00812748264169238
221.6 0.00811157758759905
221.7 0.00809567253350572
221.8 0.00807976747941238
221.9 0.00806386242531905
222 0.00804795737122572
222.1 0.00803205231713239
222.2 0.00801614726303906
222.3 0.00800024220894573
222.4 0.0079843371548524
222.5 0.00796843210075907
222.6 0.00795252704666573
222.7 0.0079366219925724
222.8 0.00792071693847907
222.9 0.00790481188438574
223 0.00788890683029241
223.1 0.00787300177619908
223.2 0.00785709672210574
223.3 0.00784119166801241
223.4 0.00782528661391908
223.5 0.00780938155982575
223.6 0.00779347650573242
223.7 0.00777757145163909
223.8 0.00776166639754576
223.9 0.00774576134345242
224 0.00772985628935909
224.1 0.00771395123526576
224.2 0.00769804618117243
224.3 0.0076821411270791
224.4 0.00766623607298577
224.5 0.00765033101889244
224.6 0.0076344259647991
224.7 0.00761852091070577
224.8 0.00760261585661244
224.9 0.00758671080251911
225 0.00757080574842578
225.1 0.00755490069433245
225.2 0.00753899564023911
225.3 0.00752309058614578
225.4 0.00750718553205245
225.5 0.00749128047795912
225.6 0.00747537542386579
225.7 0.00745947036977246
225.8 0.00744356531567913
225.9 0.00742766026158579
226 0.00741175520749246
226.1 0.00739585015339913
226.2 0.0073799450993058
226.3 0.00736404004521247
226.4 0.00734813499111914
226.5 0.00733222993702581
226.6 0.00731632488293247
226.7 0.00730041982883914
226.8 0.00728451477474581
226.9 0.00726860972065248
227 0.00725270466655915
227.1 0.00723679961246582
227.2 0.00722089455837249
227.3 0.00720498950427915
227.4 0.00718908445018582
227.5 0.00717317939609249
227.6 0.00715727434199916
227.7 0.00714136928790583
227.8 0.0071254642338125
227.9 0.00710955917971917
228 0.00709365412562583
228.1 0.0070777490715325
228.2 0.00706184401743917
228.3 0.00704593896334584
228.4 0.00703003390925251
228.5 0.00701412885515918
228.6 0.00699822380106585
228.7 0.00698231874697251
228.8 0.00696641369287918
228.9 0.00695050863878585
229 0.00693460358469252
229.1 0.00691869853059919
229.2 0.00690279347650586
229.3 0.00688688842241252
229.4 0.00687098336831919
229.5 0.00685507831422586
229.6 0.00683917326013253
229.7 0.0068232682060392
229.8 0.00680736315194587
229.9 0.00679145809785254
230 0.0067755530437592
230.1 0.00675964798966587
230.2 0.00674374293557254
230.3 0.00672783788147921
230.4 0.00671193282738588
230.5 0.00669602777329255
230.6 0.00668012271919922
230.7 0.00666421766510588
230.8 0.00664831261101255
230.9 0.00663240755691922
231 0.00661650250282589
231.1 0.00660059744873256
231.2 0.00658469239463923
231.3 0.0065687873405459
231.4 0.00655288228645256
231.5 0.00653697723235923
231.6 0.0065210721782659
231.7 0.00650516712417257
231.8 0.00648926207007924
231.9 0.00647335701598591
232 0.00645745196189258
232.1 0.00644154690779924
232.2 0.00642564185370591
232.3 0.00640973679961258
232.4 0.00639383174551925
232.5 0.00637792669142592
232.6 0.00636202163733259
232.7 0.00634611658323926
232.8 0.00633021152914592
232.9 0.00631430647505259
233 0.00629840142095926
233.1 0.00628249636686593
233.2 0.0062665913127726
233.3 0.00625068625867927
233.4 0.00623478120458594
233.5 0.0062188761504926
233.6 0.00620297109639927
233.7 0.00618706604230594
233.8 0.00617116098821261
233.9 0.00615525593411928
234 0.00613935088002595
234.1 0.00612344582593261
234.2 0.00610754077183928
234.3 0.00609163571774595
234.4 0.00607573066365262
234.5 0.00605982560955929
234.6 0.00604392055546596
234.7 0.00602801550137263
234.8 0.00601211044727929
234.9 0.00599620539318596
235 0.00598030033909263
235.1 0.0059643952849993
235.2 0.00594849023090597
235.3 0.00593258517681264
235.4 0.00591668012271931
235.5 0.00590077506862597
235.6 0.00588487001453264
235.7 0.00586896496043931
235.8 0.00585305990634598
235.9 0.00583715485225265
236 0.00582124979815932
236.1 0.00580534474406599
236.2 0.00578943968997265
236.3 0.00577353463587932
236.4 0.00575762958178599
236.5 0.00574172452769266
236.6 0.00572581947359933
236.7 0.005709914419506
236.8 0.00569400936541267
236.9 0.00567810431131933
237 0.005662199257226
237.1 0.00564629420313267
237.2 0.00563038914903934
237.3 0.00561448409494601
237.4 0.00559857904085268
237.5 0.00558267398675935
237.6 0.00556676893266601
237.7 0.00555086387857268
237.8 0.00553495882447935
237.9 0.00551905377038602
238 0.00550314871629269
238.1 0.00548724366219936
238.2 0.00547133860810602
238.3 0.00545543355401269
238.4 0.00543952849991936
238.5 0.00542362344582603
238.6 0.0054077183917327
238.7 0.00539181333763937
238.8 0.00537590828354604
238.9 0.0053600032294527
239 0.00534409817535937
239.1 0.00532819312126604
239.2 0.00531228806717271
239.3 0.00529638301307938
239.4 0.00528047795898605
239.5 0.00526457290489272
239.6 0.00524866785079938
239.7 0.00523276279670605
239.8 0.00521685774261272
239.9 0.00520095268851939
240 0.00518504763442606
240.1 0.00516914258033273
240.2 0.0051532375262394
240.3 0.00513733247214606
240.4 0.00512142741805273
240.5 0.0051055223639594
240.6 0.00508961730986607
240.7 0.00507371225577274
240.8 0.00505780720167941
240.9 0.00504190214758608
241 0.00502599709349274
241.1 0.00501009203939941
241.2 0.00499418698530608
241.3 0.00497828193121275
241.4 0.00496237687711942
241.5 0.00494647182302609
241.6 0.00493056676893276
241.7 0.00491466171483942
241.8 0.00489875666074609
241.9 0.00488285160665276
242 0.00486694655255943
242.1 0.0048510414984661
242.2 0.00483513644437277
242.3 0.00481923139027943
242.4 0.0048033263361861
242.5 0.00478742128209277
242.6 0.00477151622799944
242.7 0.00475561117390611
242.8 0.00473970611981278
242.9 0.00472380106571945
243 0.00470789601162611
243.1 0.00469199095753278
243.2 0.00467608590343945
243.3 0.00466018084934612
243.4 0.00464427579525279
243.5 0.00462837074115946
243.6 0.00461246568706613
243.7 0.00459656063297279
243.8 0.00458065557887946
243.9 0.00456475052478613
244 0.0045488454706928
244.1 0.00453294041659947
244.2 0.00451703536250614
244.3 0.00450113030841281
244.4 0.00448522525431947
244.5 0.00446932020022614
244.6 0.00445341514613281
244.7 0.00443751009203948
244.8 0.00442160503794615
244.9 0.00440569998385282
245 0.00438979492975949
245.1 0.00437388987566615
245.2 0.00435798482157282
245.3 0.00434207976747949
245.4 0.00432617471338616
245.5 0.00431026965929283
245.6 0.0042943646051995
245.7 0.00427845955110617
245.8 0.00426255449701283
245.9 0.0042466494429195
246 0.00423074438882617
246.1 0.00421483933473284
246.2 0.00419893428063951
246.3 0.00418302922654618
246.4 0.00416712417245284
246.5 0.00415121911835951
246.6 0.00413531406426618
246.7 0.00411940901017285
246.8 0.00410350395607952
246.9 0.00408759890198619
247 0.00407169384789286
247.1 0.00405578879379952
247.2 0.00403988373970619
247.3 0.00402397868561286
247.4 0.00400807363151953
247.5 0.0039921685774262
247.6 0.00397626352333287
247.7 0.00396035846923954
247.8 0.0039444534151462
247.9 0.00392854836105287
248 0.00391264330695954
248.1 0.00389673825286621
248.2 0.00388083319877288
248.3 0.00386492814467955
248.4 0.00384902309058622
248.5 0.00383311803649288
248.6 0.00381721298239955
248.7 0.00380130792830622
248.8 0.00378540287421289
248.9 0.00376949782011956
249 0.00375359276602623
249.1 0.0037376877119329
249.2 0.00372178265783956
249.3 0.00370587760374623
249.4 0.0036899725496529
249.5 0.00367406749555957
249.6 0.00365816244146624
249.7 0.00364225738737291
249.8 0.00362635233327958
249.9 0.00361044727918624
250 0.00359454222509291
250.1 0.00357863717099958
250.2 0.00356273211690625
250.3 0.00354682706281292
250.4 0.00353092200871959
250.5 0.00351501695462625
250.6 0.00349911190053292
250.7 0.00348320684643959
250.8 0.00346730179234626
250.9 0.00345139673825293
251 0.0034354916841596
251.1 0.00341958663006627
251.2 0.00340368157597293
251.3 0.0033877765218796
251.4 0.00337187146778627
251.5 0.00335596641369294
251.6 0.00334006135959961
251.7 0.00332415630550628
251.8 0.00330825125141295
251.9 0.00329234619731961
252 0.00327644114322628
252.1 0.00326053608913295
252.2 0.00324463103503962
252.3 0.00322872598094629
252.4 0.00321282092685296
252.5 0.00319691587275963
252.6 0.00318101081866629
252.7 0.00316510576457296
252.8 0.00314920071047963
252.9 0.0031332956563863
253 0.00311739060229297
253.1 0.00310148554819964
253.2 0.00308558049410631
253.3 0.00306967544001297
253.4 0.00305377038591964
253.5 0.00303786533182631
253.6 0.00302196027773298
253.7 0.00300605522363965
253.8 0.00299015016954632
253.9 0.00297424511545299
254 0.00295834006135965
254.1 0.00294243500726632
254.2 0.00292652995317299
254.3 0.00291062489907966
254.4 0.00289471984498633
254.5 0.002878814790893
254.6 0.00286290973679966
254.7 0.00284700468270633
254.8 0.002831099628613
254.9 0.00281519457451967
255 0.00279928952042634
255.1 0.00278338446633301
255.2 0.00276747941223968
255.3 0.00275157435814634
255.4 0.00273566930405301
255.5 0.00271976424995968
255.6 0.00270385919586635
255.7 0.00268795414177302
255.8 0.00267204908767969
255.9 0.00265614403358636
256 0.00264023897949302
256.1 0.00262433392539969
256.2 0.00260842887130636
256.3 0.00259252381721303
256.4 0.0025766187631197
256.5 0.00256071370902637
256.6 0.00254480865493304
256.7 0.0025289036008397
256.8 0.00251299854674637
256.9 0.00249709349265304
257 0.00248118843855971
257.1 0.00246528338446638
257.2 0.00244937833037305
257.3 0.00243347327627972
257.4 0.00241756822218638
257.5 0.00240166316809305
257.6 0.00238575811399972
257.7 0.00236985305990639
257.8 0.00235394800581306
257.9 0.00233804295171973
258 0.0023221378976264
258.1 0.00230623284353306
258.2 0.00229032778943973
258.3 0.0022744227353464
258.4 0.00225851768125307
258.5 0.00224261262715974
258.6 0.00222670757306641
258.7 0.00221080251897308
258.8 0.00219489746487974
258.9 0.00217899241078641
259 0.00216308735669308
259.1 0.00214718230259975
259.2 0.00213127724850642
259.3 0.00211537219441309
259.4 0.00209946714031975
259.5 0.00208356208622642
259.6 0.00206765703213309
259.7 0.00205175197803976
259.8 0.00203584692394643
259.9 0.0020199418698531
260 0.00200403681575977
260.1 0.00198813176166643
260.2 0.0019722267075731
260.3 0.00195632165347977
260.4 0.00194041659938644
260.5 0.00192451154529311
260.6 0.00190860649119978
260.7 0.00189270143710645
260.8 0.00187679638301311
260.9 0.00186089132891978
261 0.00184498627482645
261.1 0.00182908122073312
261.2 0.00181317616663979
261.3 0.00179727111254646
261.4 0.00178136605845313
261.5 0.00176546100435979
261.6 0.00174955595026646
261.7 0.00173365089617313
261.8 0.0017177458420798
261.9 0.00170184078798647
262 0.00168593573389314
262.1 0.00167003067979981
262.2 0.00165412562570647
262.3 0.00163822057161314
262.4 0.00162231551751981
262.5 0.00160641046342648
262.6 0.00159050540933315
262.7 0.00157460035523982
262.8 0.00155869530114649
262.9 0.00154279024705315
263 0.00152688519295982
263.1 0.00151098013886649
263.2 0.00149507508477316
263.3 0.00147917003067983
263.4 0.0014632649765865
263.5 0.00144735992249316
263.6 0.00143145486839983
263.7 0.0014155498143065
263.8 0.00139964476021317
263.9 0.00138373970611984
264 0.00136783465202651
264.1 0.00135192959793318
264.2 0.00133602454383984
264.3 0.00132011948974651
264.4 0.00130421443565318
264.5 0.00128830938155985
264.6 0.00127240432746652
264.7 0.00125649927337319
264.8 0.00124059421927986
264.9 0.00122468916518652
265 0.00120878411109319
265.1 0.00119287905699986
265.2 0.00117697400290653
265.3 0.0011610689488132
265.4 0.00114516389471987
265.5 0.00112925884062654
265.6 0.0011133537865332
265.7 0.00109744873243987
265.8 0.00108154367834654
265.9 0.00106563862425321
266 0.00104973357015988
266.1 0.00103382851606655
266.2 0.00101792346197322
266.3 0.00100201840787988
266.4 0.000986113353786553
266.5 0.000970208299693221
266.6 0.00095430324559989
266.7 0.000938398191506558
266.8 0.000922493137413227
266.9 0.000906588083319896
267 0.000890683029226564
267.1 0.000874777975133233
267.2 0.000858872921039901
267.3 0.00084296786694657
267.4 0.000827062812853239
267.5 0.000811157758759907
267.6 0.000795252704666576
267.7 0.000779347650573244
267.8 0.000763442596479913
267.9 0.000747537542386582
268 0.00073163248829325
268.1 0.000715727434199919
268.2 0.000699822380106587
268.3 0.000683917326013256
268.4 0.000668012271919924
268.5 0.000652107217826593
268.6 0.000636202163733262
268.7 0.00062029710963993
268.8 0.000604392055546599
268.9 0.000588487001453267
269 0.000572581947359936
269.1 0.000556676893266605
269.2 0.000540771839173273
269.3 0.000524866785079942
269.4 0.00050896173098661
269.5 0.000493056676893279
269.6 0.000477151622799948
269.7 0.000461246568706616
269.8 0.000445341514613285
269.9 0.000429436460519953
270 0.000413531406426622
270.1 0.000397626352333291
270.2 0.000381721298239959
270.3 0.000365816244146628
270.4 0.000349911190053296
270.5 0.000334006135959965
270.6 0.000318101081866633
270.7 0.000302196027773302
270.8 0.000286290973679971
270.9 0.000270385919586639
271 0.000254480865493308
271.1 0.000238575811399976
271.2 0.000222670757306645
271.3 0.000206765703213314
271.4 0.000190860649119982
271.5 0.000174955595026651
271.6 0.000159050540933319
271.7 0.000143145486839988
271.8 0.000127240432746657
271.9 0.000111335378653325
272 9.54303245599938e-05
272.1 7.95252704666621e-05
272.2 6.36202163733315e-05
272.3 4.771516228e-05
272.4 3.18101081866673e-05
272.5 1.59050540933372e-05
272.6 0
