0 0.33
0.1 0.33
0.2 0.329806763285024
0.3 0.329613526570048
0.4 0.329420289855072
0.5 0.329227053140097
0.6 0.329033816425121
0.7 0.328840579710145
0.8 0.328647342995169
0.9 0.328454106280193
1 0.328260869565217
1.1 0.328143273276513
1.2 0.328025676987809
1.3 0.327908080699105
1.4 0.3277904844104
1.5 0.327672888121696
1.6 0.327555291832992
1.7 0.327437695544287
1.8 0.327320099255583
1.9 0.327202502966879
2 0.327084906678175
2.1 0.32696731038947
2.2 0.326849714100766
2.3 0.326732117812062
2.4 0.326614521523357
2.5 0.326496925234653
2.6 0.326379328945949
2.7 0.326261732657245
2.8 0.32614413636854
2.9 0.326026540079836
3 0.325908943791132
3.1 0.325791347502427
3.2 0.325673751213723
3.3 0.325556154925019
3.4 0.325438558636315
3.5 0.32532096234761
3.6 0.325203366058906
3.7 0.325085769770202
3.8 0.324968173481497
3.9 0.324850577192793
4 0.324732980904089
4.1 0.324615384615385
4.2 0.324376657824934
4.3 0.324137931034483
4.4 0.324057002111189
4.5 0.323976073187896
4.6 0.323895144264602
4.7 0.323814215341309
4.8 0.323733286418015
4.9 0.323652357494722
5 0.323571428571429
5.1 0.323452941176471
5.2 0.323334453781513
5.3 0.323215966386555
5.4 0.323097478991597
5.5 0.322978991596639
5.6 0.322860504201681
5.7 0.322742016806723
5.8 0.322623529411765
5.9 0.322505042016807
6 0.322386554621849
6.1 0.322268067226891
6.2 0.322149579831933
6.3 0.322031092436975
6.4 0.321912605042017
6.5 0.321794117647059
6.6 0.321675630252101
6.7 0.321557142857143
6.8 0.321438655462185
6.9 0.321320168067227
7 0.321201680672269
7.1 0.321083193277311
7.2 0.320964705882353
7.3 0.320846218487395
7.4 0.320727731092437
7.5 0.320609243697479
7.6 0.320490756302521
7.7 0.320372268907563
7.8 0.320253781512605
7.9 0.320135294117647
8 0.320016806722689
8.1 0.319898319327731
8.2 0.319779831932773
8.3 0.319661344537815
8.4 0.319542857142857
8.5 0.319424369747899
8.6 0.319305882352941
8.7 0.319187394957983
8.8 0.319068907563025
8.9 0.318950420168067
9 0.318831932773109
9.1 0.318713445378151
9.2 0.318594957983193
9.3 0.318476470588235
9.4 0.318357983193277
9.5 0.318239495798319
9.6 0.318121008403361
9.7 0.318002521008403
9.8 0.317884033613445
9.9 0.317765546218487
10 0.317647058823529
10.1 0.317509803921569
10.2 0.317372549019608
10.3 0.317235294117647
10.4 0.317098039215686
10.5 0.316960784313726
10.6 0.316823529411765
10.7 0.316686274509804
10.8 0.316549019607843
10.9 0.316411764705883
11 0.316274509803922
11.1 0.316137254901961
11.2 0.316
11.3 0.315862745098039
11.4 0.315725490196079
11.5 0.315588235294118
11.6 0.315450980392157
11.7 0.315313725490196
11.8 0.315176470588235
11.9 0.315039215686275
12 0.314901960784314
12.1 0.314764705882353
12.2 0.314627450980392
12.3 0.314490196078431
12.4 0.314352941176471
12.5 0.31421568627451
12.6 0.314078431372549
12.7 0.313941176470588
12.8 0.313803921568628
12.9 0.313666666666667
13 0.313529411764706
13.1 0.313392156862745
13.2 0.313254901960784
13.3 0.313117647058824
13.4 0.312980392156863
13.5 0.312843137254902
13.6 0.312705882352941
13.7 0.31256862745098
13.8 0.31243137254902
13.9 0.312294117647059
14 0.312156862745098
14.1 0.312019607843137
14.2 0.311882352941177
14.3 0.311745098039216
14.4 0.311607843137255
14.5 0.311470588235294
14.6 0.311333333333333
14.7 0.311196078431373
14.8 0.311058823529412
14.9 0.310921568627451
15 0.31078431372549
15.1 0.310647058823529
15.2 0.310509803921569
15.3 0.310372549019608
15.4 0.310235294117647
15.5 0.310098039215686
15.6 0.309960784313726
15.7 0.309823529411765
15.8 0.309686274509804
15.9 0.309549019607843
16 0.309411764705882
16.1 0.309274509803922
16.2 0.309137254901961
16.3 0.309
16.4 0.308862745098039
16.5 0.308725490196078
16.6 0.308588235294118
16.7 0.308450980392157
16.8 0.308313725490196
16.9 0.308176470588235
17 0.308039215686275
17.1 0.307901960784314
17.2 0.307764705882353
17.3 0.307627450980392
17.4 0.307490196078431
17.5 0.307352941176471
17.6 0.30721568627451
17.7 0.307078431372549
17.8 0.306941176470588
17.9 0.306803921568627
18 0.306666666666667
18.1 0.306533333333333
18.2 0.3064
18.3 0.306266666666667
18.4 0.306133333333333
18.5 0.306
18.6 0.305866666666667
18.7 0.305733333333333
18.8 0.3056
18.9 0.305466666666667
19 0.305333333333333
19.1 0.3052
19.2 0.305066666666667
19.3 0.304933333333333
19.4 0.3048
19.5 0.304666666666667
19.6 0.304533333333333
19.7 0.3044
19.8 0.304266666666667
19.9 0.304133333333333
20 0.304
20.1 0.303893333333333
20.2 0.303786666666667
20.3 0.30368
20.4 0.303573333333333
20.5 0.303466666666667
20.6 0.30336
20.7 0.303253333333333
20.8 0.303146666666667
20.9 0.30304
21 0.302933333333333
21.1 0.302826666666667
21.2 0.30272
21.3 0.302613333333334
21.4 0.302506666666667
21.5 0.3024
21.6 0.302293333333333
21.7 0.302186666666667
21.8 0.30208
21.9 0.301973333333333
22 0.301866666666667
22.1 0.30176
22.2 0.301653333333333
22.3 0.301546666666667
22.4 0.30144
22.5 0.301333333333333
22.6 0.301226666666667
22.7 0.30112
22.8 0.301013333333333
22.9 0.300906666666667
23 0.3008
23.1 0.300693333333333
23.2 0.300586666666667
23.3 0.30048
23.4 0.300373333333333
23.5 0.300266666666667
23.6 0.30016
23.7 0.300053333333333
23.8 0.299946666666667
23.9 0.29984
24 0.299733333333333
24.1 0.299626666666667
24.2 0.29952
24.3 0.299413333333333
24.4 0.299306666666667
24.5 0.2992
24.6 0.299093333333333
24.7 0.298986666666667
24.8 0.29888
24.9 0.298773333333333
25 0.298666666666667
25.1 0.298526666666667
25.2 0.298386666666667
25.3 0.298246666666667
25.4 0.298106666666667
25.5 0.297966666666667
25.6 0.297826666666667
25.7 0.297686666666667
25.8 0.297546666666667
25.9 0.297406666666667
26 0.297266666666667
26.1 0.297126666666667
26.2 0.296986666666667
26.3 0.296846666666667
26.4 0.296706666666667
26.5 0.296566666666667
26.6 0.296426666666667
26.7 0.296286666666667
26.8 0.296146666666667
26.9 0.296006666666667
27 0.295866666666667
27.1 0.295726666666667
27.2 0.295586666666667
27.3 0.295446666666667
27.4 0.295306666666667
27.5 0.295166666666667
27.6 0.295026666666667
27.7 0.294886666666667
27.8 0.294746666666667
27.9 0.294606666666667
28 0.294466666666667
28.1 0.294326666666667
28.2 0.294186666666667
28.3 0.294046666666667
28.4 0.293906666666667
28.5 0.293766666666667
28.6 0.293626666666667
28.7 0.293486666666667
28.8 0.293346666666667
28.9 0.293206666666667
29 0.293066666666667
29.1 0.292926666666667
29.2 0.292786666666667
29.3 0.292646666666667
29.4 0.292506666666667
29.5 0.292366666666667
29.6 0.292226666666667
29.7 0.292086666666667
29.8 0.291946666666667
29.9 0.291806666666667
30 0.291666666666667
30.1 0.291547619047619
30.2 0.291428571428571
30.3 0.291309523809524
30.4 0.291190476190476
30.5 0.291071428571429
30.6 0.290952380952381
30.7 0.290833333333333
30.8 0.290714285714286
30.9 0.290595238095238
31 0.29047619047619
31.1 0.290357142857143
31.2 0.290238095238095
31.3 0.290119047619047
31.4 0.29
31.5 0.289880952380952
31.6 0.289761904761905
31.7 0.289642857142857
31.8 0.289523809523809
31.9 0.289404761904762
32 0.289285714285714
32.1 0.289166666666666
32.2 0.289047619047619
32.3 0.288928571428571
32.4 0.288809523809524
32.5 0.288690476190476
32.6 0.288571428571428
32.7 0.288452380952381
32.8 0.288333333333333
32.9 0.288214285714285
33 0.288095238095238
33.1 0.28797619047619
33.2 0.287857142857143
33.3 0.287738095238095
33.4 0.287619047619047
33.5 0.2875
33.6 0.287380952380952
33.7 0.287261904761904
33.8 0.287142857142857
33.9 0.287023809523809
34 0.286904761904762
34.1 0.286785714285714
34.2 0.286666666666667
34.3 0.286547619047619
34.4 0.286428571428571
34.5 0.286309523809524
34.6 0.286190476190476
34.7 0.286071428571428
34.8 0.285952380952381
34.9 0.285833333333333
35 0.285714285714286
35.1 0.285583673469388
35.2 0.28545306122449
35.3 0.285322448979592
35.4 0.285191836734694
35.5 0.285061224489796
35.6 0.284930612244898
35.7 0.2848
35.8 0.284669387755102
35.9 0.284538775510204
36 0.284408163265306
36.1 0.284277551020408
36.2 0.28414693877551
36.3 0.284016326530612
36.4 0.283885714285714
36.5 0.283755102040816
36.6 0.283624489795918
36.7 0.28349387755102
36.8 0.283363265306122
36.9 0.283232653061224
37 0.283102040816326
37.1 0.282971428571428
37.2 0.28284081632653
37.3 0.282710204081632
37.4 0.282579591836735
37.5 0.282448979591837
37.6 0.282318367346939
37.7 0.282187755102041
37.8 0.282057142857143
37.9 0.281926530612245
38 0.281795918367347
38.1 0.281665306122449
38.2 0.281534693877551
38.3 0.281404081632653
38.4 0.281273469387755
38.5 0.281142857142857
38.6 0.281012244897959
38.7 0.280881632653061
38.8 0.280751020408163
38.9 0.280620408163265
39 0.280489795918367
39.1 0.280359183673469
39.2 0.280228571428571
39.3 0.280097959183673
39.4 0.279967346938775
39.5 0.279836734693877
39.6 0.279706122448979
39.7 0.279575510204082
39.8 0.279444897959184
39.9 0.279314285714286
40 0.279183673469388
40.1 0.27905625
40.2 0.278928826530612
40.3 0.278801403061224
40.4 0.278673979591837
40.5 0.278546556122449
40.6 0.278419132653061
40.7 0.278291709183673
40.8 0.278164285714286
40.9 0.278036862244898
41 0.27790943877551
41.1 0.277782015306122
41.2 0.277654591836735
41.3 0.277527168367347
41.4 0.277399744897959
41.5 0.277272321428571
41.6 0.277144897959183
41.7 0.277017474489796
41.8 0.276890051020408
41.9 0.27676262755102
42 0.276635204081632
42.1 0.276507780612245
42.2 0.276380357142857
42.3 0.276252933673469
42.4 0.276125510204081
42.5 0.275998086734694
42.6 0.275870663265306
42.7 0.275743239795918
42.8 0.27561581632653
42.9 0.275488392857142
43 0.275360969387755
43.1 0.275233545918367
43.2 0.275106122448979
43.3 0.274978698979592
43.4 0.274851275510204
43.5 0.274723852040816
43.6 0.274596428571428
43.7 0.274469005102041
43.8 0.274341581632653
43.9 0.274214158163265
44 0.274086734693877
44.1 0.27395931122449
44.2 0.273831887755102
44.3 0.273704464285714
44.4 0.273577040816326
44.5 0.273449617346939
44.6 0.273322193877551
44.7 0.273194770408163
44.8 0.273067346938775
44.9 0.272939923469388
45 0.2728125
45.1 0.272672039473684
45.2 0.272531578947368
45.3 0.272391118421053
45.4 0.272250657894737
45.5 0.272110197368421
45.6 0.271969736842105
45.7 0.27182927631579
45.8 0.271688815789474
45.9 0.271548355263158
46 0.271407894736842
46.1 0.271267434210526
46.2 0.271126973684211
46.3 0.270986513157895
46.4 0.270846052631579
46.5 0.270705592105263
46.6 0.270565131578948
46.7 0.270424671052632
46.8 0.270284210526316
46.9 0.27014375
47 0.270003289473684
47.1 0.269862828947369
47.2 0.269722368421053
47.3 0.269581907894737
47.4 0.269441447368421
47.5 0.269300986842106
47.6 0.26916052631579
47.7 0.269020065789474
47.8 0.268879605263158
47.9 0.268739144736842
48 0.268598684210527
48.1 0.268458223684211
48.2 0.268317763157895
48.3 0.268177302631579
48.4 0.268036842105263
48.5 0.267896381578948
48.6 0.267755921052632
48.7 0.267615460526316
48.8 0.267475
48.9 0.267334539473684
49 0.267194078947369
49.1 0.267053618421053
49.2 0.266913157894737
49.3 0.266772697368421
49.4 0.266632236842105
49.5 0.26649177631579
49.6 0.266351315789474
49.7 0.266210855263158
49.8 0.266070394736842
49.9 0.265929934210526
50 0.265789473684211
50.1 0.265667858967808
50.2 0.265546244251405
50.3 0.265424629535003
50.4 0.2653030148186
50.5 0.265181400102197
50.6 0.265059785385795
50.7 0.264938170669392
50.8 0.264816555952989
50.9 0.264694941236587
51 0.264573326520184
51.1 0.264451711803781
51.2 0.264330097087379
51.3 0.264208482370976
51.4 0.264086867654573
51.5 0.263965252938171
51.6 0.263843638221768
51.7 0.263722023505365
51.8 0.263600408788963
51.9 0.26347879407256
52 0.263357179356157
52.1 0.263235564639755
52.2 0.263113949923352
52.3 0.26299233520695
52.4 0.262870720490547
52.5 0.262749105774144
52.6 0.262627491057742
52.7 0.262505876341339
52.8 0.262384261624936
52.9 0.262262646908534
53 0.262141032192131
53.1 0.262019417475728
53.2 0.261897802759326
53.3 0.261776188042923
53.4 0.26165457332652
53.5 0.261532958610118
53.6 0.261411343893715
53.7 0.261289729177312
53.8 0.26116811446091
53.9 0.261046499744507
54 0.260924885028104
54.1 0.260803270311702
54.2 0.260681655595299
54.3 0.260560040878896
54.4 0.260438426162494
54.5 0.260316811446091
54.6 0.260195196729688
54.7 0.260073582013286
54.8 0.259951967296883
54.9 0.25983035258048
55 0.259708737864078
55.1 0.260485844823366
55.2 0.261262951782655
55.3 0.262040058741943
55.4 0.262817165701232
55.5 0.26359427266052
55.6 0.264371379619809
55.7 0.265148486579098
55.8 0.265925593538386
55.9 0.266702700497675
56 0.267479807456963
56.1 0.268256914416252
56.2 0.26903402137554
56.3 0.269811128334829
56.4 0.270588235294118
56.5 0.270770732535438
56.6 0.270953229776759
56.7 0.27113572701808
56.8 0.271318224259401
56.9 0.271500721500721
57 0.271683218742042
57.1 0.271865715983363
57.2 0.272048213224684
57.3 0.272230710466005
57.4 0.272413207707325
57.5 0.272595704948646
57.6 0.272778202189967
57.7 0.272960699431288
57.8 0.273143196672608
57.9 0.273325693913929
58 0.27350819115525
58.1 0.273690688396571
58.2 0.273873185637891
58.3 0.274055682879212
58.4 0.274238180120533
58.5 0.274420677361854
58.6 0.274603174603175
58.7 0.274785671844495
58.8 0.274968169085816
58.9 0.275150666327137
59 0.275333163568458
59.1 0.275515660809778
59.2 0.275698158051099
59.3 0.27588065529242
59.4 0.276063152533741
59.5 0.276245649775061
59.6 0.276428147016382
59.7 0.276610644257703
59.8 0.276793141499024
59.9 0.276975638740345
60 0.277158135981665
60.1 0.277340633222986
60.2 0.277523130464307
60.3 0.277705627705628
60.4 0.277888124946948
60.5 0.278070622188269
60.6 0.27825311942959
60.7 0.278435616670911
60.8 0.278618113912232
60.9 0.278800611153552
61 0.278983108394873
61.1 0.279165605636194
61.2 0.279348102877515
61.3 0.279530600118835
61.4 0.279713097360156
61.5 0.279895594601477
61.6 0.280078091842798
61.7 0.280260589084119
61.8 0.280443086325439
61.9 0.28062558356676
62 0.280808080808081
62.1 0.28129326390196
62.2 0.281778446995838
62.3 0.282263630089717
62.4 0.282748813183596
62.5 0.283233996277475
62.6 0.283719179371353
62.7 0.284204362465232
62.8 0.284689545559111
62.9 0.285174728652989
63 0.285659911746868
63.1 0.286145094840747
63.2 0.286630277934626
63.3 0.287115461028504
63.4 0.287600644122383
63.5 0.288085827216262
63.6 0.288571010310141
63.7 0.289056193404019
63.8 0.289541376497898
63.9 0.290026559591777
64 0.290511742685656
64.1 0.290996925779534
64.2 0.291482108873413
64.3 0.291967291967292
64.4 0.292452475061171
64.5 0.292937658155049
64.6 0.293422841248928
64.7 0.293908024342807
64.8 0.294393207436686
64.9 0.294878390530564
65 0.295363573624443
65.1 0.295848756718322
65.2 0.2963339398122
65.3 0.296819122906079
65.4 0.297304305999958
65.5 0.297789489093837
65.6 0.298274672187715
65.7 0.298759855281594
65.8 0.299245038375473
65.9 0.299730221469352
66 0.30021540456323
66.1 0.300700587657109
66.2 0.301185770750988
66.3 0.301670953844867
66.4 0.302156136938745
66.5 0.302641320032624
66.6 0.303126503126503
66.7 0.303611686220382
66.8 0.30409686931426
66.9 0.304582052408139
67 0.305067235502018
67.1 0.305552418595897
67.2 0.306037601689775
67.3 0.306522784783654
67.4 0.307007967877533
67.5 0.307493150971412
67.6 0.30797833406529
67.7 0.308463517159169
67.8 0.308948700253048
67.9 0.309433883346927
68 0.309919066440805
68.1 0.310404249534684
68.2 0.310889432628563
68.3 0.311374615722442
68.4 0.31185979881632
68.5 0.312344981910199
68.6 0.312830165004078
68.7 0.313315348097957
68.8 0.313800531191835
68.9 0.314285714285714
69 0.315235659481184
69.1 0.316185604676653
69.2 0.317135549872123
69.3 0.318085495067592
69.4 0.319035440263062
69.5 0.319985385458531
69.6 0.320935330654001
69.7 0.32188527584947
69.8 0.32283522104494
69.9 0.323785166240409
70 0.324735111435879
70.1 0.325685056631348
70.2 0.326635001826818
70.3 0.327584947022287
70.4 0.328534892217757
70.5 0.329484837413226
70.6 0.330434782608696
70.7 0.330933043945016
70.8 0.331431305281337
70.9 0.331929566617657
71 0.332427827953978
71.1 0.332926089290299
71.2 0.333424350626619
71.3 0.33392261196294
71.4 0.33442087329926
71.5 0.334919134635581
71.6 0.335417395971902
71.7 0.335915657308222
71.8 0.336413918644543
71.9 0.336912179980863
72 0.337410441317184
72.1 0.337908702653504
72.2 0.338406963989825
72.3 0.338905225326146
72.4 0.339403486662466
72.5 0.339901747998787
72.6 0.340400009335107
72.7 0.340898270671428
72.8 0.341396532007748
72.9 0.341894793344069
73 0.34239305468039
73.1 0.34289131601671
73.2 0.343389577353031
73.3 0.343887838689351
73.4 0.344386100025672
73.5 0.344884361361993
73.6 0.345382622698313
73.7 0.345880884034634
73.8 0.346379145370954
73.9 0.346877406707275
74 0.347375668043595
74.1 0.347873929379916
74.2 0.348372190716237
74.3 0.348870452052557
74.4 0.349368713388878
74.5 0.349866974725198
74.6 0.350365236061519
74.7 0.350863497397839
74.8 0.35136175873416
74.9 0.35186002007048
75 0.352358281406801
75.1 0.352856542743122
75.2 0.353354804079442
75.3 0.353853065415763
75.4 0.354351326752083
75.5 0.354849588088404
75.6 0.355347849424724
75.7 0.355846110761045
75.8 0.356344372097365
75.9 0.356842633433686
76 0.357340894770007
76.1 0.357839156106327
76.2 0.358337417442648
76.3 0.358835678778968
76.4 0.359333940115289
76.5 0.359832201451609
76.6 0.36033046278793
76.7 0.36082872412425
76.8 0.361326985460571
76.9 0.361825246796892
77 0.362323508133212
77.1 0.362821769469533
77.2 0.363320030805853
77.3 0.363818292142174
77.4 0.364316553478494
77.5 0.364814814814815
77.6 0.36577346988178
77.7 0.366732124948745
77.8 0.36769078001571
77.9 0.368649435082675
78 0.36960809014964
78.1 0.370566745216605
78.2 0.37152540028357
78.3 0.372484055350535
78.4 0.3734427104175
78.5 0.374401365484466
78.6 0.375360020551431
78.7 0.376318675618396
78.8 0.377277330685361
78.9 0.378235985752326
79 0.379194640819291
79.1 0.380153295886256
79.2 0.381111950953221
79.3 0.382070606020186
79.4 0.383029261087151
79.5 0.383987916154116
79.6 0.384946571221081
79.7 0.385905226288046
79.8 0.386863881355012
79.9 0.387822536421977
80 0.388781191488942
80.1 0.389739846555907
80.2 0.390698501622872
80.3 0.391657156689837
80.4 0.392615811756802
80.5 0.393574466823767
80.6 0.394533121890732
80.7 0.395491776957697
80.8 0.396450432024662
80.9 0.397409087091627
81 0.398367742158592
81.1 0.399326397225557
81.2 0.400285052292522
81.3 0.401243707359487
81.4 0.402202362426452
81.5 0.403161017493417
81.6 0.404119672560382
81.7 0.405078327627347
81.8 0.406036982694313
81.9 0.406995637761278
82 0.407954292828243
82.1 0.408912947895208
82.2 0.409871602962173
82.3 0.410830258029138
82.4 0.411788913096103
82.5 0.412747568163068
82.6 0.413706223230033
82.7 0.414664878296998
82.8 0.415623533363963
82.9 0.416582188430928
83 0.417540843497893
83.1 0.418499498564858
83.2 0.419458153631823
83.3 0.420416808698788
83.4 0.421375463765753
83.5 0.422334118832718
83.6 0.423292773899683
83.7 0.424251428966648
83.8 0.425210084033613
83.9 0.427842869205098
84 0.430475654376583
84.1 0.433108439548068
84.2 0.435741224719553
84.3 0.438374009891038
84.4 0.441006795062522
84.5 0.443639580234007
84.6 0.446272365405492
84.7 0.448905150576977
84.8 0.451537935748462
84.9 0.454170720919947
85 0.456803506091432
85.1 0.459436291262916
85.2 0.462069076434401
85.3 0.464701861605886
85.4 0.467334646777371
85.5 0.469967431948856
85.6 0.472600217120341
85.7 0.475233002291826
85.8 0.477865787463311
85.9 0.480498572634795
86 0.48313135780628
86.1 0.485764142977765
86.2 0.48839692814925
86.3 0.491029713320735
86.4 0.49366249849222
86.5 0.496295283663705
86.6 0.49892806883519
86.7 0.501560854006674
86.8 0.504193639178159
86.9 0.506826424349644
87 0.509459209521129
87.1 0.512091994692614
87.2 0.514724779864099
87.3 0.517357565035584
87.4 0.519990350207069
87.5 0.522623135378554
87.6 0.525255920550038
87.7 0.527888705721523
87.8 0.530521490893008
87.9 0.533154276064493
88 0.535787061235978
88.1 0.538419846407463
88.2 0.541052631578947
88.3 0.543555431131019
88.4 0.546058230683091
88.5 0.548561030235163
88.6 0.551063829787234
88.7 0.552574879685917
88.8 0.5540859295846
88.9 0.555596979483283
89 0.557108029381966
89.1 0.558619079280648
89.2 0.560130129179331
89.3 0.561641179078014
89.4 0.563152228976697
89.5 0.56466327887538
89.6 0.566174328774063
89.7 0.567685378672746
89.8 0.569196428571429
89.9 0.570736607142857
90 0.572276785714286
90.1 0.573816964285714
90.2 0.575357142857143
90.3 0.576897321428572
90.4 0.5784375
90.5 0.579977678571429
90.6 0.581517857142857
90.7 0.583058035714286
90.8 0.584598214285714
90.9 0.586138392857143
91 0.587678571428571
91.1 0.58921875
91.2 0.590758928571429
91.3 0.592299107142857
91.4 0.593839285714286
91.5 0.595379464285714
91.6 0.596919642857143
91.7 0.598459821428572
91.8 0.6
91.9 0.597146636432351
92 0.594293272864701
92.1 0.591439909297052
92.2 0.588586545729403
92.3 0.585733182161753
92.4 0.582879818594104
92.5 0.580026455026455
92.6 0.577173091458805
92.7 0.574319727891156
92.8 0.571466364323507
92.9 0.568613000755858
93 0.565759637188208
93.1 0.562906273620559
93.2 0.56005291005291
93.3 0.55719954648526
93.4 0.554346182917611
93.5 0.551492819349962
93.6 0.548639455782312
93.7 0.545786092214663
93.8 0.542932728647014
93.9 0.540079365079365
94 0.537226001511715
94.1 0.534372637944066
94.2 0.531519274376417
94.3 0.528665910808768
94.4 0.525812547241118
94.5 0.522959183673469
94.6 0.520227259879021
94.7 0.517495336084572
94.8 0.514763412290124
94.9 0.512031488495675
95 0.509299564701227
95.1 0.506567640906778
95.2 0.50383571711233
95.3 0.501103793317881
95.4 0.498371869523433
95.5 0.495639945728984
95.6 0.492908021934536
95.7 0.490176098140087
95.8 0.487444174345638
95.9 0.48471225055119
96 0.481980326756741
96.1 0.479248402962293
96.2 0.476516479167844
96.3 0.473784555373396
96.4 0.471052631578947
96.5 0.464495659627239
96.6 0.45793868767553
96.7 0.451381715723821
96.8 0.444824743772112
96.9 0.438267771820403
97 0.431710799868694
97.1 0.425153827916986
97.2 0.418596855965277
97.3 0.412039884013568
97.4 0.405482912061859
97.5 0.39892594011015
97.6 0.392368968158442
97.7 0.385811996206733
97.8 0.379255024255024
97.9 0.372698052303315
98 0.366141080351606
98.1 0.359584108399898
98.2 0.353027136448189
98.3 0.34647016449648
98.4 0.339913192544771
98.5 0.333356220593062
98.6 0.326799248641353
98.7 0.320242276689645
98.8 0.313685304737936
98.9 0.307128332786227
99 0.300571360834518
99.1 0.294014388882809
99.2 0.287457416931101
99.3 0.280900444979392
99.4 0.274343473027683
99.5 0.267786501075974
99.6 0.261229529124265
99.7 0.254672557172557
99.8 0.248115585220848
99.9 0.241558613269139
100 0.23500164131743
100.1 0.228444669365721
100.2 0.221887697414012
100.3 0.215330725462304
100.4 0.208773753510595
100.5 0.202216781558886
100.6 0.195659809607177
100.7 0.189102837655468
100.8 0.182545865703759
100.9 0.175988893752051
101 0.169431921800342
101.1 0.162874949848633
101.2 0.156317977896924
101.3 0.149761005945215
101.4 0.143204033993507
101.5 0.136647062041798
101.6 0.13009009009009
101.7 0.128320084790673
101.8 0.126550079491256
101.9 0.124780074191839
102 0.123010068892422
102.1 0.121240063593005
102.2 0.119470058293588
102.3 0.117700052994171
102.4 0.115930047694753
102.5 0.114160042395336
102.6 0.112390037095919
102.7 0.110620031796502
102.8 0.108850026497085
102.9 0.107080021197668
103 0.105310015898251
103.1 0.103540010598834
103.2 0.101770005299417
103.3 0.1
103.4 0.1028125
103.5 0.105625
103.6 0.1084375
103.7 0.11125
103.8 0.1140625
103.9 0.116875
104 0.1196875
104.1 0.1225
104.2 0.1253125
104.3 0.128125
104.4 0.1309375
104.5 0.13375
104.6 0.1365625
104.7 0.139375
104.8 0.1421875
104.9 0.145
105 0.1478125
105.1 0.150625
105.2 0.1534375
105.3 0.15625
105.4 0.1590625
105.5 0.161875
105.6 0.1646875
105.7 0.1675
105.8 0.1703125
105.9 0.173125
106 0.1759375
106.1 0.17875
106.2 0.1815625
106.3 0.184375
106.4 0.1871875
106.5 0.19
106.6 0.190082644628099
106.7 0.190064799634178
106.8 0.190046954640256
106.9 0.190029109646335
107 0.190011264652413
107.1 0.189993419658491
107.2 0.18997557466457
107.3 0.189957729670648
107.4 0.189939884676727
107.5 0.189922039682805
107.6 0.189904194688884
107.7 0.189886349694962
107.8 0.189868504701041
107.9 0.189850659707119
108 0.189832814713198
108.1 0.189814969719276
108.2 0.189797124725354
108.3 0.189779279731433
108.4 0.189761434737511
108.5 0.18974358974359
108.6 0.189787798408488
108.7 0.189832007073386
108.8 0.189876215738285
108.9 0.189920424403183
109 0.189964633068081
109.1 0.19000884173298
109.2 0.190053050397878
109.3 0.190097259062776
109.4 0.190141467727675
109.5 0.190185676392573
109.6 0.190229885057471
109.7 0.186894903802579
109.8 0.183559922547687
109.9 0.180224941292794
110 0.176889960037902
110.1 0.17355497878301
110.2 0.170219997528117
110.3 0.166885016273225
110.4 0.163550035018333
110.5 0.160215053763441
110.6 0.158182619425348
110.7 0.156150185087255
110.8 0.154117750749163
110.9 0.15208531641107
111 0.150052882072977
111.1 0.148020447734884
111.2 0.145988013396792
111.3 0.143955579058699
111.4 0.141923144720606
111.5 0.139890710382514
111.6 0.138683441352141
111.7 0.137476172321769
111.8 0.136268903291397
111.9 0.135061634261024
112 0.133854365230652
112.1 0.132647096200279
112.2 0.131439827169907
112.3 0.130232558139535
112.4 0.135267011197244
112.5 0.140301464254953
112.6 0.145335917312662
112.7 0.15037037037037
112.8 0.147184521269028
112.9 0.143998672167686
113 0.140812823066344
113.1 0.137626973965002
113.2 0.13444112486366
113.3 0.131255275762318
113.4 0.128069426660976
113.5 0.124883577559634
113.6 0.121697728458292
113.7 0.11851187935695
113.8 0.115326030255608
113.9 0.112140181154266
114 0.108954332052924
114.1 0.105768482951581
114.2 0.102582633850239
114.3 0.0993967847488973
114.4 0.0962109356475552
114.5 0.0930250865462132
114.6 0.0898392374448711
114.7 0.0866533883435291
114.8 0.0834675392421869
114.9 0.0802816901408451
115 0.0802631578947369
115.1 0.0774680451127819
115.2 0.0746729323308271
115.3 0.0718778195488722
115.4 0.0690827067669172
115.5 0.0662875939849624
115.6 0.0634924812030074
115.7 0.0606973684210525
115.8 0.0579022556390976
115.9 0.0551071428571427
116 0.0523120300751878
116.1 0.0495169172932329
116.2 0.046721804511278
116.3 0.0439266917293231
116.4 0.0411315789473682
116.5 0.0383364661654133
116.6 0.0355413533834584
116.7 0.0327462406015035
116.8 0.0299511278195486
116.9 0.0271560150375937
117 0.0243609022556388
117.1 0.0215657894736839
117.2 0.018770676691729
117.3 0.0159755639097741
117.4 0.0131804511278192
117.5 0.0103853383458643
117.6 0.0075902255639094
117.7 0.00479511278195454
117.8 0.002
117.9 0.000999999999999943
118 0
118.1 0
118.2 0
118.3 0
118.4 0
118.5 0
118.6 0
118.7 0
118.8 0
118.9 0
119 0
119.1 0
119.2 0
119.3 0
119.4 0
119.5 0
119.6 0
119.7 0
119.8 0
119.9 0
120 0
120.1 0
120.2 0
120.3 0
120.4 0
120.5 0
120.6 0
120.7 0
120.8 0
120.9 0
121 0
121.1 0
121.2 0
121.3 0
121.4 0
121.5 0
121.6 0
121.7 0
121.8 0
121.9 0
122 0
122.1 0
122.2 0
122.3 0
122.4 0
122.5 0
122.6 0
122.7 0
122.8 0
122.9 0
123 0
123.1 0
123.2 0
123.3 0
123.4 0
123.5 0
123.6 0
123.7 0
123.8 0
123.9 0
124 0
124.1 0
124.2 0
124.3 0
124.4 0
124.5 0
124.6 0
124.7 0
124.8 0
124.9 0
125 0
125.1 0
125.2 0
125.3 0
125.4 0
125.5 0
125.6 0
125.7 0
125.8 0
125.9 0
126 0
126.1 0
126.2 0
126.3 0
126.4 0
126.5 0
126.6 0
126.7 0
126.8 0
126.9 0
127 0
127.1 0
127.2 0
127.3 0
127.4 0
127.5 0
127.6 0
127.7 0
127.8 0
127.9 0
128 0
128.1 0
128.2 0
128.3 0
128.4 0
128.5 0
128.6 0
128.7 0
128.8 0
128.9 0
129 0
129.1 0
129.2 0
129.3 0
129.4 0
129.5 0
129.6 0
129.7 0
129.8 0
129.9 0
130 0
130.1 0
130.2 0
130.3 0
130.4 0
130.5 0
130.6 0
130.7 0
130.8 0
130.9 0
131 0
131.1 0
131.2 0
131.3 0
131.4 0
131.5 0
131.6 0
131.7 0
131.8 0
131.9 0
132 0
132.1 0
132.2 0
132.3 0
132.4 0
132.5 0
132.6 0
132.7 0
132.8 0
132.9 0
133 0
133.1 0
133.2 0
133.3 0
133.4 0
133.5 0
133.6 0
133.7 0
133.8 0
133.9 0
134 0
134.1 0
134.2 0
134.3 0
134.4 0
134.5 0
134.6 0
134.7 0
134.8 0
134.9 0
135 0
135.1 0
135.2 0
135.3 0
135.4 0
135.5 0
135.6 0
135.7 0
135.8 0
135.9 0
136 0
136.1 0
136.2 0
136.3 0
136.4 0
136.5 0
136.6 0
136.7 0
136.8 0
136.9 0
137 0
137.1 0
137.2 0
137.3 0
137.4 0
137.5 0
137.6 0
137.7 0
137.8 0
137.9 0
138 0
138.1 0
138.2 0
138.3 0
138.4 0
138.5 0
138.6 0
138.7 0
138.8 0
138.9 0
139 0
139.1 0
139.2 0
139.3 0
139.4 0
139.5 0
139.6 0
139.7 0
139.8 0
139.9 0
140 0
140.1 0
140.2 0
140.3 0
140.4 0
140.5 0
140.6 0
140.7 0
140.8 0
140.9 0
141 0
141.1 0
141.2 0
141.3 0
141.4 0
141.5 0
141.6 0
141.7 0
141.8 0
141.9 0
142 0
142.1 0
142.2 0
142.3 0
142.4 0
142.5 0
142.6 0
142.7 0
142.8 0
142.9 0
143 0
143.1 0
143.2 0
143.3 0
143.4 0
143.5 0
143.6 0
143.7 0
143.8 0
143.9 0
144 0
144.1 0
144.2 0
144.3 0
144.4 0
144.5 0
144.6 0
144.7 0
144.8 0
144.9 0
145 0
145.1 0
145.2 0
145.3 0
145.4 0
145.5 0
145.6 0
145.7 0
145.8 0
145.9 0
146 0
146.1 0
146.2 0
146.3 0
146.4 0
146.5 0
146.6 0
146.7 0
146.8 0
146.9 0
147 0
147.1 0
147.2 0
147.3 0
147.4 0
147.5 0
147.6 0
147.7 0
147.8 0
147.9 0
148 0
148.1 0
148.2 0
148.3 0
148.4 0
148.5 0
148.6 0
148.7 0
148.8 0
148.9 0
149 0
149.1 0
149.2 0
149.3 0
149.4 0
149.5 0
149.6 0
149.7 0
149.8 0
149.9 0
150 0
150.1 0
150.2 0
150.3 0
150.4 0
150.5 0
150.6 0
150.7 0
150.8 0
150.9 0
151 0
151.1 0
151.2 0
151.3 0
151.4 0
151.5 0
151.6 0
151.7 0
151.8 0
151.9 0
152 0
152.1 0
152.2 0
152.3 0
152.4 0
152.5 0
152.6 0
152.7 0
152.8 0
152.9 0
153 0
153.1 0
153.2 0
153.3 0
153.4 0
153.5 0
153.6 0
153.7 0
153.8 0
153.9 0
154 0
154.1 0
154.2 0
154.3 0
154.4 0
154.5 0
154.6 0
154.7 0
154.8 0
154.9 0
155 0
155.1 0
155.2 0
155.3 0
155.4 0
155.5 0
155.6 0
155.7 0
155.8 0
155.9 0
156 0
156.1 0
156.2 0
156.3 0
156.4 0
156.5 0
156.6 0
156.7 0
156.8 0
156.9 0
157 0
157.1 0
157.2 0
157.3 0
157.4 0
157.5 0
157.6 0
157.7 0
157.8 0
157.9 0
158 0
158.1 0
158.2 0
158.3 0
158.4 0
158.5 0
158.6 0
158.7 0
158.8 0
158.9 0
159 0
159.1 0
159.2 0
159.3 0
159.4 0
159.5 0
159.6 0
159.7 0
159.8 0
159.9 0
160 0
160.1 0
160.2 0
160.3 0
160.4 0
160.5 0
160.6 0
160.7 0
160.8 0
160.9 0
161 0
161.1 0
161.2 0
161.3 0
161.4 0
161.5 0
161.6 0
161.7 0
161.8 0
161.9 0
162 0
162.1 0
162.2 0
162.3 0
162.4 0
162.5 0
162.6 0
162.7 0
162.8 0
162.9 0
163 0
163.1 0
163.2 0
163.3 0
163.4 0
163.5 0
163.6 0
163.7 0
163.8 0
163.9 0
164 0
164.1 0
164.2 0
164.3 0
164.4 0
164.5 0
164.6 0
164.7 0
164.8 0
164.9 0
165 0
165.1 0
165.2 0
165.3 0
165.4 0
165.5 0
165.6 0
165.7 0
165.8 0
165.9 0
166 0
166.1 0
166.2 0
166.3 0
166.4 0
166.5 0
166.6 0
166.7 0
166.8 0
166.9 0
167 0
167.1 0
167.2 0
167.3 0
167.4 0
167.5 0
167.6 0
167.7 0
167.8 0
167.9 0
168 0
168.1 0
168.2 0
168.3 0
168.4 0
168.5 0
168.6 0
168.7 0
168.8 0
168.9 0
169 0
169.1 0
169.2 0
169.3 0
169.4 0
169.5 0
169.6 0
169.7 0
169.8 0
169.9 0
170 0
170.1 0
170.2 0
170.3 0
170.4 0
170.5 0
170.6 0
170.7 0
170.8 0
170.9 0
171 0
171.1 0
171.2 0
171.3 0
171.4 0
171.5 0
171.6 0
171.7 0
171.8 0
171.9 0
172 0
172.1 0
172.2 0
172.3 0
172.4 0
172.5 0
172.6 0
172.7 0
172.8 0
172.9 0
173 0
173.1 0
173.2 0
173.3 0
173.4 0
173.5 0
173.6 0
173.7 0
173.8 0
173.9 0
174 0
174.1 0
174.2 0
174.3 0
174.4 0
174.5 0
174.6 0
174.7 0
174.8 0
174.9 0
175 0
175.1 0
175.2 0
175.3 0
175.4 0
175.5 0
175.6 0
175.7 0
175.8 0
175.9 0
176 0
176.1 0
176.2 0
176.3 0
176.4 0
176.5 0
176.6 0
176.7 0
176.8 0
176.9 0
177 0
177.1 0
177.2 0
177.3 0
177.4 0
177.5 0
177.6 0
177.7 0
177.8 0
177.9 0
178 0
178.1 0
178.2 0
178.3 0
178.4 0
178.5 0
178.6 0
178.7 0
178.8 0
178.9 0
179 0
179.1 0
179.2 0
179.3 0
179.4 0
179.5 0
179.6 0
179.7 0
179.8 0
179.9 0
180 0
180.1 0
180.2 0
180.3 0
180.4 0
180.5 0
180.6 0
180.7 0
180.8 0
180.9 0
181 0
181.1 0
181.2 0
181.3 0
181.4 0
181.5 0
181.6 0
181.7 0
181.8 0
181.9 0
182 0
182.1 0
182.2 0
182.3 0
182.4 0
182.5 0
182.6 0
182.7 0
182.8 0
182.9 0
183 0
183.1 0
183.2 0
183.3 0
183.4 0
183.5 0
183.6 0
183.7 0
183.8 0
183.9 0
184 0
184.1 0
184.2 0
184.3 0
184.4 0
184.5 0
184.6 0
184.7 0
184.8 0
184.9 0
185 0
185.1 0
185.2 0
185.3 0
185.4 0
185.5 0
185.6 0
185.7 0
185.8 0
185.9 0
186 0
186.1 0
186.2 0
186.3 0
186.4 0
186.5 0
186.6 0
186.7 0
186.8 0
186.9 0
187 0
187.1 0
187.2 0
187.3 0
187.4 0
187.5 0
187.6 0
187.7 0
187.8 0
187.9 0
188 0
188.1 0
188.2 0
188.3 0
188.4 0
188.5 0
188.6 0
188.7 0
188.8 0
188.9 0
189 0
189.1 0
189.2 0
189.3 0
189.4 0
189.5 0
189.6 0
189.7 0
189.8 0
189.9 0
190 0
190.1 0
190.2 0
190.3 0
190.4 0
190.5 0
190.6 0
190.7 0
190.8 0
190.9 0
191 0
191.1 0
191.2 0
191.3 0
191.4 0
191.5 0
191.6 0
191.7 0
191.8 0
191.9 0
192 0
192.1 0
192.2 0
192.3 0
192.4 0
192.5 0
192.6 0
192.7 0
192.8 0
192.9 0
193 0
193.1 0
193.2 0
193.3 0
193.4 0
193.5 0
193.6 0
193.7 0
193.8 0
193.9 0
194 0
194.1 0
194.2 0
194.3 0
194.4 0
194.5 0
194.6 0
194.7 0
194.8 0
194.9 0
195 0
195.1 0
195.2 0
195.3 0
195.4 0
195.5 0
195.6 0
195.7 0
195.8 0
195.9 0
196 0
196.1 0
196.2 0
196.3 0
196.4 0
196.5 0
196.6 0
196.7 0
196.8 0
196.9 0
