0 1.18607594936709e-06
0.1 5.09786919831224e-05
0.2 0.000217910447761194
0.3 0.000322736964528009
0.4 0.000427563481294825
0.5 0.00053238999806164
0.6 0.000658181818181818
0.7 0.000773945515763698
0.8 0.000889709213345577
0.9 0.00100547291092746
1 0.00112123660850934
1.1 0.00123700030609122
1.2 0.00135276400367309
1.3 0.00142222222222222
1.4 0.00154462593264771
1.5 0.0016670296430732
1.6 0.00178943335349869
1.7 0.00191183706392418
1.8 0.00203424077434967
1.9 0.00215664448477516
2 0.00227904819520065
2.1 0.00240145190562613
2.2 0.00252385561605162
2.3 0.00264625932647711
2.4 0.0027686630369026
2.5 0.0028421052631579
2.6 0.00296429652958634
2.7 0.00308648779601478
2.8 0.00320867906244322
2.9 0.00333087032887166
3 0.0034530615953001
3.1 0.00357525286172854
3.2 0.00369744412815699
3.3 0.00381963539458543
3.4 0.00394182666101387
3.5 0.00406401792744231
3.6 0.00418620919387075
3.7 0.0043084004602992
3.8 0.00443059172672764
3.9 0.00455278299315608
4 0.00467497425958452
4.1 0.00477272727272727
4.2 0.00489204458589874
4.3 0.00496666666666667
4.4 0.00508832404436188
4.5 0.00520998142205708
4.6 0.00533163879975229
4.7 0.0054532961774475
4.8 0.00557495355514271
4.9 0.00569661093283792
5 0.00581826831053313
5.1 0.00593992568822834
5.2 0.00606158306592355
5.3 0.00618324044361876
5.4 0.00630489782131397
5.5 0.00642655519900918
5.6 0.00654821257670439
5.7 0.0066698699543996
5.8 0.00679152733209481
5.9 0.00691318470979001
6 0.00703484208748522
6.1 0.00715649946518043
6.2 0.00729032258064516
6.3 0.00740880354853446
6.4 0.00752728451642376
6.5 0.00764576548431306
6.6 0.00776424645220236
6.7 0.00788272742009166
6.8 0.00800120838798096
6.9 0.00811968935587026
7 0.00823817032375956
7.1 0.00835665129164886
7.2 0.00847513225953817
7.3 0.00859361322742747
7.4 0.00871209419531677
7.5 0.00883057516320607
7.6 0.00894905613109537
7.7 0.00906753709898467
7.8 0.00918601806687397
7.9 0.00930449903476327
8 0.00942298000265257
8.1 0.00954146097054187
8.2 0.00965994193843117
8.3 0.00977842290632047
8.4 0.00989690387420977
8.5 0.0100153848420991
8.6 0.0101338658099884
8.7 0.0102523467778777
8.8 0.010370827745767
8.9 0.0104893087136563
9 0.0106077896815456
9.1 0.0107262706494349
9.2 0.0108447516173242
9.3 0.0109632325852135
9.4 0.0110817135531028
9.5 0.0112001945209921
9.6 0.0113186754888814
9.7 0.0114371564567707
9.8 0.01155563742466
9.9 0.0116741183925493
10 0.0117925993604386
10.1 0.0119110803283279
10.2 0.0120295612962172
10.3 0.0121480422641065
10.4 0.0122665232319958
10.5 0.0123850041998851
10.6 0.0125034851677744
10.7 0.0126219661356637
10.8 0.012740447103553
10.9 0.0128589280714423
11 0.0129774090393316
11.1 0.0130958900072209
11.2 0.0132143709751102
11.3 0.0133328519429995
11.4 0.0134513329108888
11.5 0.0135698138787781
11.6 0.0136882948466674
11.7 0.0138067758145567
11.8 0.013925256782446
11.9 0.0140437377503353
12 0.0141622187182246
12.1 0.0142806996861139
12.2 0.0143636363636364
12.3 0.0144822095361195
12.4 0.0146007827086026
12.5 0.0147193558810857
12.6 0.0148379290535689
12.7 0.014956502226052
12.8 0.0150750753985351
12.9 0.0151936485710182
13 0.0153122217435014
13.1 0.0154307949159845
13.2 0.0155493680884676
13.3 0.0156679412609507
13.4 0.0157865144334339
13.5 0.015905087605917
13.6 0.0160236607784001
13.7 0.0161422339508832
13.8 0.0162608071233664
13.9 0.0163793802958495
14 0.0164979534683326
14.1 0.0166165266408157
14.2 0.0167350998132989
14.3 0.016853672985782
14.4 0.0169722461582651
14.5 0.0170908193307482
14.6 0.0172093925032314
14.7 0.0173279656757145
14.8 0.0174465388481976
14.9 0.0175651120206807
15 0.0176836851931639
15.1 0.017802258365647
15.2 0.0179208315381301
15.3 0.0180394047106132
15.4 0.0181579778830964
15.5 0.0182765510555795
15.6 0.0183951242280626
15.7 0.0185136974005457
15.8 0.0186322705730289
15.9 0.018750843745512
16 0.0188694169179951
16.1 0.0189879900904782
16.2 0.0191065632629614
16.3 0.0192251364354445
16.4 0.0193437096079276
16.5 0.0194622827804108
16.6 0.0195808559528939
16.7 0.019699429125377
16.8 0.0198180022978601
16.9 0.0199365754703433
17 0.0200551486428264
17.1 0.0201737218153095
17.2 0.0202922949877926
17.3 0.0204108681602758
17.4 0.0205294413327589
17.5 0.020648014505242
17.6 0.0207665876777251
17.7 0.0208851608502083
17.8 0.0210037340226914
17.9 0.0211223071951745
18 0.0212408803676576
18.1 0.0213594535401408
18.2 0.0214780267126239
18.3 0.021596599885107
18.4 0.0217151730575901
18.5 0.0218337462300733
18.6 0.0219523194025564
18.7 0.0220708925750395
18.8 0.0221894657475226
18.9 0.0223080389200058
19 0.0224266120924889
19.1 0.022545185264972
19.2 0.0226637584374551
19.3 0.0227823316099383
19.4 0.0229009047824214
19.5 0.0230194779549045
19.6 0.0231380511273876
19.7 0.0232566242998708
19.8 0.0233751974723539
19.9 0.023493770644837
20 0.0236123438173201
20.1 0.0237309169898033
20.2 0.0238494901622864
20.3 0.0239680633347695
20.4 0.0240866365072526
20.5 0.0242052096797358
20.6 0.0243237828522189
20.7 0.024442356024702
20.8 0.0245609291971851
20.9 0.0246795023696683
21 0.0247980755421514
21.1 0.0249166487146345
21.2 0.0250352218871176
21.3 0.0251537950596008
21.4 0.0252723682320839
21.5 0.025390941404567
21.6 0.0255095145770501
21.7 0.0256280877495333
21.8 0.0257466609220164
21.9 0.0258652340944995
22 0.0259838072669826
22.1 0.0261023804394658
22.2 0.0262209536119489
22.3 0.026339526784432
22.4 0.0264580999569151
22.5 0.0265766731293983
22.6 0.0266952463018814
22.7 0.0268138194743645
22.8 0.0269323926468476
22.9 0.0270509658193308
23 0.0271695389918139
23.1 0.027288112164297
23.2 0.0274066853367801
23.3 0.0275252585092633
23.4 0.0276438316817464
23.5 0.0277624048542295
23.6 0.0278809780267126
23.7 0.0279995511991958
23.8 0.0281181243716789
23.9 0.028236697544162
24 0.0283552707166451
24.1 0.0284738438891283
24.2 0.0285924170616114
24.3 0.0287109902340945
24.4 0.0288295634065776
24.5 0.0289481365790608
24.6 0.0290667097515439
24.7 0.029185282924027
24.8 0.0293038560965101
24.9 0.029375
25 0.0294942857142857
25.1 0.0296135714285714
25.2 0.0297328571428571
25.3 0.0298521428571429
25.4 0.0299714285714286
25.5 0.0300907142857143
25.6 0.03021
25.7 0.0303292857142857
25.8 0.0304485714285714
25.9 0.0305678571428571
26 0.0306871428571429
26.1 0.0308064285714286
26.2 0.0309257142857143
26.3 0.031045
26.4 0.0311642857142857
26.5 0.0312835714285714
26.6 0.0314028571428571
26.7 0.0315221428571429
26.8 0.0316414285714286
26.9 0.0317607142857143
27 0.03188
27.1 0.0319992857142857
27.2 0.0321185714285714
27.3 0.0322378571428572
27.4 0.0323571428571429
27.5 0.0324764285714286
27.6 0.0325957142857143
27.7 0.032715
27.8 0.0328342857142857
27.9 0.0329535714285714
28 0.0330728571428572
28.1 0.0331921428571429
28.2 0.0333114285714286
28.3 0.0334307142857143
28.4 0.03355
28.5 0.0336692857142857
28.6 0.0337885714285714
28.7 0.0339078571428572
28.8 0.0340271428571429
28.9 0.0341464285714286
29 0.0342657142857143
29.1 0.034385
29.2 0.0345042857142857
29.3 0.0346235714285714
29.4 0.0347428571428572
29.5 0.0348621428571429
29.6 0.0349814285714286
29.7 0.0351007142857143
29.8 0.03522
29.9 0.0353392857142857
30 0.0354585714285714
30.1 0.0355778571428572
30.2 0.0356971428571429
30.3 0.0358164285714286
30.4 0.0359357142857143
30.5 0.036055
30.6 0.0361742857142857
30.7 0.0362935714285714
30.8 0.0364128571428571
30.9 0.0365321428571429
31 0.0366514285714286
31.1 0.0367707142857143
31.2 0.03689
31.3 0.0370092857142857
31.4 0.0371285714285714
31.5 0.0372478571428572
31.6 0.0373671428571429
31.7 0.0374864285714286
31.8 0.0376057142857143
31.9 0.037725
32 0.0378442857142857
32.1 0.0379635714285714
32.2 0.0380828571428572
32.3 0.0382021428571429
32.4 0.0383214285714286
32.5 0.0384407142857143
32.6 0.03856
32.7 0.0386792857142857
32.8 0.0387985714285714
32.9 0.0389178571428571
33 0.0390371428571429
33.1 0.0391564285714286
33.2 0.0392757142857143
33.3 0.039395
33.4 0.0395142857142857
33.5 0.0396335714285714
33.6 0.0397528571428571
33.7 0.0398721428571429
33.8 0.0399914285714286
33.9 0.0401107142857143
34 0.04023
34.1 0.0403492857142857
34.2 0.0404685714285714
34.3 0.0405878571428571
34.4 0.0407071428571429
34.5 0.0408264285714286
34.6 0.0409457142857143
34.7 0.041065
34.8 0.0411842857142857
34.9 0.0413035714285714
35 0.0414228571428571
35.1 0.0415421428571429
35.2 0.0416614285714286
35.3 0.0417807142857143
35.4 0.0419
35.5 0.0420165289256198
35.6 0.0421330578512397
35.7 0.0422495867768595
35.8 0.0423661157024793
35.9 0.0424826446280992
36 0.042599173553719
36.1 0.0427157024793388
36.2 0.0428322314049587
36.3 0.0429487603305785
36.4 0.0430652892561983
36.5 0.0431818181818182
36.6 0.043301652892562
36.7 0.0434214876033058
36.8 0.0435413223140496
36.9 0.0436611570247934
37 0.0437809917355372
37.1 0.043900826446281
37.2 0.0440206611570248
37.3 0.0441404958677686
37.4 0.0442603305785124
37.5 0.0443801652892562
37.6 0.0445
37.7 0.0446223776223776
37.8 0.0447447552447552
37.9 0.0448671328671329
38 0.0449895104895105
38.1 0.0451118881118881
38.2 0.0452342657342657
38.3 0.0453566433566434
38.4 0.045479020979021
38.5 0.0456013986013986
38.6 0.0457237762237762
38.7 0.0458461538461538
38.8 0.0459623837700761
38.9 0.0460786136939983
39 0.0461948436179205
39.1 0.0463110735418428
39.2 0.046427303465765
39.3 0.0465435333896872
39.4 0.0466597633136095
39.5 0.0467759932375317
39.6 0.0468922231614539
39.7 0.0470084530853762
39.8 0.0471246830092984
39.9 0.0472409129332206
40 0.0473571428571429
40.1 0.0474732600732601
40.2 0.0475893772893773
40.3 0.0477054945054945
40.4 0.0478216117216117
40.5 0.0479377289377289
40.6 0.0480538461538461
40.7 0.0481699633699634
40.8 0.0482860805860806
40.9 0.0484021978021978
41 0.048518315018315
41.1 0.0486344322344322
41.2 0.0487505494505494
41.3 0.0488666666666667
41.4 0.0489866666666667
41.5 0.0491066666666667
41.6 0.0492266666666667
41.7 0.0493466666666667
41.8 0.0494666666666667
41.9 0.0495866666666667
42 0.0497066666666667
42.1 0.0498266666666667
42.2 0.0499466666666667
42.3 0.0500666666666667
42.4 0.0501866666666667
42.5 0.0503066666666667
42.6 0.0504266666666667
42.7 0.0505466666666667
42.8 0.0506666666666667
42.9 0.050797619047619
43 0.0509285714285714
43.1 0.0510595238095238
43.2 0.0511904761904762
43.3 0.0513214285714286
43.4 0.051452380952381
43.5 0.0515833333333333
43.6 0.0517142857142857
43.7 0.0518452380952381
43.8 0.0519761904761905
43.9 0.0521071428571429
44 0.0522380952380952
44.1 0.0523690476190476
44.2 0.0525
44.3 0.0526117647058824
44.4 0.0527235294117647
44.5 0.0528352941176471
44.6 0.0529470588235294
44.7 0.0530588235294118
44.8 0.0531705882352941
44.9 0.0532823529411765
45 0.0533941176470588
45.1 0.0535058823529412
45.2 0.0536176470588235
45.3 0.0537294117647059
45.4 0.0538411764705882
45.5 0.0539529411764706
45.6 0.0540647058823529
45.7 0.0541764705882353
45.8 0.0542882352941177
45.9 0.0544
46 0.0545074074074074
46.1 0.0546148148148148
46.2 0.0547222222222222
46.3 0.0548296296296296
46.4 0.054937037037037
46.5 0.0550444444444445
46.6 0.0551518518518519
46.7 0.0552592592592593
46.8 0.0553666666666667
46.9 0.0554740740740741
47 0.0555814814814815
47.1 0.0556888888888889
47.2 0.0557962962962963
47.3 0.0559037037037037
47.4 0.0560111111111111
47.5 0.0561185185185185
47.6 0.0562259259259259
47.7 0.0563333333333333
47.8 0.0564661654135338
47.9 0.0565989974937343
48 0.0567318295739348
48.1 0.0568646616541353
48.2 0.0569974937343358
48.3 0.0571303258145363
48.4 0.0572631578947368
48.5 0.0573959899749373
48.6 0.0575288220551378
48.7 0.0576616541353383
48.8 0.0577944862155388
48.9 0.0579273182957393
49 0.0580601503759398
49.1 0.0581929824561403
49.2 0.0583258145363408
49.3 0.0584586466165413
49.4 0.0585914786967419
49.5 0.0587243107769424
49.6 0.0588571428571429
49.7 0.0589742212674543
49.8 0.0590912996777658
49.9 0.0592083780880773
50 0.0593254564983888
50.1 0.0594425349087003
50.2 0.0595596133190118
50.3 0.0596766917293233
50.4 0.0597937701396348
50.5 0.0599108485499463
50.6 0.0600279269602578
50.7 0.0601450053705693
50.8 0.0602620837808808
50.9 0.0603791621911923
51 0.0604962406015037
51.1 0.0606133190118152
51.2 0.0607303974221267
51.3 0.0608474758324382
51.4 0.0609645542427497
51.5 0.0610816326530612
51.6 0.0611987110633727
51.7 0.0613157894736842
51.8 0.0614291410344042
51.9 0.0615424925951242
52 0.0616558441558442
52.1 0.0617691957165641
52.2 0.0618825472772841
52.3 0.0619958988380041
52.4 0.0621092503987241
52.5 0.0622226019594441
52.6 0.062335953520164
52.7 0.062449305080884
52.8 0.062562656641604
52.9 0.062676008202324
53 0.062789359763044
53.1 0.062902711323764
53.2 0.0630160628844839
53.3 0.0631294144452039
53.4 0.0632427660059239
53.5 0.0633561175666439
53.6 0.0634694691273639
53.7 0.0635828206880839
53.8 0.0636961722488038
53.9 0.0638095238095238
54 0.0639294832826748
54.1 0.0640494427558257
54.2 0.0641694022289767
54.3 0.0642893617021277
54.4 0.0644093211752786
54.5 0.0645292806484296
54.6 0.0646492401215806
54.7 0.0647691995947315
54.8 0.0648891590678825
54.9 0.0650091185410335
55 0.0651290780141844
55.1 0.0652490374873354
55.2 0.0653689969604864
55.3 0.0654889564336373
55.4 0.0656089159067883
55.5 0.0657288753799392
55.6 0.0658488348530902
55.7 0.0659687943262412
55.8 0.0660887537993921
55.9 0.0662087132725431
56 0.066328672745694
56.1 0.066448632218845
56.2 0.066568591691996
56.3 0.0666885511651469
56.4 0.0668085106382979
56.5 0.0669238637794284
56.6 0.067039216920559
56.7 0.0671545700616895
56.8 0.0672699232028201
56.9 0.0673852763439506
57 0.0675006294850812
57.1 0.0676159826262117
57.2 0.0677313357673423
57.3 0.0678466889084728
57.4 0.0679620420496034
57.5 0.0680773951907339
57.6 0.0681927483318645
57.7 0.0683081014729951
57.8 0.0684234546141256
57.9 0.0685388077552562
58 0.0686541608963867
58.1 0.0687695140375173
58.2 0.0688848671786478
58.3 0.0690002203197784
58.4 0.069115573460909
58.5 0.0692309266020395
58.6 0.0693462797431701
58.7 0.0694616328843006
58.8 0.0695769860254312
58.9 0.0696923391665618
59 0.0698076923076923
59.1 0.0699292540792541
59.2 0.0700508158508158
59.3 0.0701723776223776
59.4 0.0702939393939394
59.5 0.0704155011655011
59.6 0.0705370629370629
59.7 0.0706586247086247
59.8 0.0707801864801865
59.9 0.0709017482517482
60 0.07102331002331
60.1 0.0711448717948718
60.2 0.0712664335664336
60.3 0.0713879953379953
60.4 0.0715095571095571
60.5 0.0716311188811189
60.6 0.0717526806526806
60.7 0.0718742424242424
60.8 0.0719958041958042
60.9 0.072117365967366
61 0.0722389277389277
61.1 0.0723604895104895
61.2 0.0724820512820513
61.3 0.0726036130536131
61.4 0.0727251748251748
61.5 0.0728467365967366
61.6 0.0729682983682984
61.7 0.0730898601398601
61.8 0.0732114219114219
61.9 0.0733329836829837
62 0.0734545454545455
62.1 0.0735746911934595
62.2 0.0736948369323736
62.3 0.0738149826712877
62.4 0.0739351284102017
62.5 0.0740552741491158
62.6 0.0741754198880299
62.7 0.0742955656269439
62.8 0.074415711365858
62.9 0.0745358571047721
63 0.0746560028436862
63.1 0.0747761485826002
63.2 0.0748962943215143
63.3 0.0750164400604284
63.4 0.0751365857993424
63.5 0.0752567315382565
63.6 0.0753768772771706
63.7 0.0754970230160846
63.8 0.0756171687549987
63.9 0.0757373144939128
64 0.0758574602328268
64.1 0.0759776059717409
64.2 0.076097751710655
64.3 0.076217897449569
64.4 0.0763380431884831
64.5 0.0764581889273972
64.6 0.0765783346663112
64.7 0.0766984804052253
64.8 0.0768186261441394
64.9 0.0769387718830534
65 0.0770589176219675
65.1 0.0771790633608816
65.2 0.0772992090997956
65.3 0.0774193548387097
65.4 0.0775366447333226
65.5 0.0776539346279356
65.6 0.0777712245225485
65.7 0.0778885144171615
65.8 0.0780058043117745
65.9 0.0781230942063874
66 0.0782403841010004
66.1 0.0783576739956133
66.2 0.0784749638902263
66.3 0.0785922537848393
66.4 0.0787095436794522
66.5 0.0788268335740652
66.6 0.0789441234686781
66.7 0.0790614133632911
66.8 0.0791787032579041
66.9 0.079295993152517
67 0.07941328304713
67.1 0.0795305729417429
67.2 0.0796478628363559
67.3 0.0797651527309689
67.4 0.0798824426255818
67.5 0.0799997325201948
67.6 0.0801170224148077
67.7 0.0802343123094207
67.8 0.0803516022040336
67.9 0.0804688920986466
68 0.0805861819932595
68.1 0.0807034718878725
68.2 0.0808207617824855
68.3 0.0809380516770984
68.4 0.0810553415717114
68.5 0.0811726314663243
68.6 0.0812899213609373
68.7 0.0814072112555502
68.8 0.0815245011501632
68.9 0.0816417910447761
69 0.0817604684908789
69.1 0.0818791459369818
69.2 0.0819978233830846
69.3 0.0821165008291874
69.4 0.0822351782752902
69.5 0.082353855721393
69.6 0.0824725331674959
69.7 0.0825912106135987
69.8 0.0827098880597015
69.9 0.0828285655058043
70 0.0829472429519071
70.1 0.0830659203980099
70.2 0.0831845978441128
70.3 0.0833032752902156
70.4 0.0834219527363184
70.5 0.0835406301824212
70.6 0.083659307628524
70.7 0.0837779850746269
70.8 0.0838966625207297
70.9 0.0840153399668325
71 0.0841340174129353
71.1 0.0842526948590381
71.2 0.084371372305141
71.3 0.0844900497512438
71.4 0.0846087271973466
71.5 0.0847274046434494
71.6 0.0848460820895522
71.7 0.084964759535655
71.8 0.0850834369817579
71.9 0.0852021144278607
72 0.0853207918739635
72.1 0.0854394693200663
72.2 0.0855581467661691
72.3 0.085676824212272
72.4 0.0857955016583748
72.5 0.0859141791044776
72.6 0.0860328565505804
72.7 0.0861515339966832
72.8 0.0862702114427861
72.9 0.0863888888888889
73 0.0865074370709382
73.1 0.0866259852529876
73.2 0.0867445334350369
73.3 0.0868630816170862
73.4 0.0869816297991355
73.5 0.0871001779811849
73.6 0.0872187261632342
73.7 0.0873372743452835
73.8 0.0874558225273329
73.9 0.0875743707093822
74 0.0876929188914315
74.1 0.0878114670734809
74.2 0.0879300152555302
74.3 0.0880485634375795
74.4 0.0881671116196288
74.5 0.0882856598016782
74.6 0.0884042079837275
74.7 0.0885227561657768
74.8 0.0886413043478262
74.9 0.0887598525298755
75 0.0888784007119248
75.1 0.0889969488939742
75.2 0.0891154970760235
75.3 0.0892340452580728
75.4 0.0893525934401221
75.5 0.0894711416221714
75.6 0.0895896898042208
75.7 0.0897082379862701
75.8 0.0898267861683194
75.9 0.0899453343503687
76 0.0900638825324181
76.1 0.0901824307144674
76.2 0.0903009788965167
76.3 0.090419527078566
76.4 0.0905380752606153
76.5 0.0906566234426647
76.6 0.090775171624714
76.7 0.0908937198067633
76.8 0.0910122679888127
76.9 0.091130816170862
77 0.0912493643529113
77.1 0.0913679125349606
77.2 0.0914864607170099
77.3 0.0916050088990593
77.4 0.0917235570811086
77.5 0.0918421052631579
77.6 0.0919605263157895
77.7 0.092078947368421
77.8 0.0921973684210526
77.9 0.0923157894736842
78 0.0924342105263158
78.1 0.0925526315789473
78.2 0.0926710526315789
78.3 0.0927894736842105
78.4 0.0929078947368421
78.5 0.0930263157894736
78.6 0.0931447368421052
78.7 0.0932631578947368
78.8 0.0933815789473684
78.9 0.0935
79 0.0936184210526315
79.1 0.0937368421052631
79.2 0.0938552631578947
79.3 0.0939736842105263
79.4 0.0940921052631579
79.5 0.0942105263157894
79.6 0.094328947368421
79.7 0.0944473684210526
79.8 0.0945657894736842
79.9 0.0946842105263158
80 0.0948026315789473
80.1 0.0949210526315789
80.2 0.0950394736842105
80.3 0.0951578947368421
80.4 0.0952763157894737
80.5 0.0953947368421052
80.6 0.0955131578947368
80.7 0.0956315789473684
80.8 0.09575
80.9 0.0958684210526316
81 0.0959868421052631
81.1 0.0961052631578947
81.2 0.0962236842105263
81.3 0.0963421052631579
81.4 0.0964605263157895
81.5 0.096578947368421
81.6 0.0966973684210526
81.7 0.0968157894736842
81.8 0.0969342105263158
81.9 0.0970526315789474
82 0.0971710526315789
82.1 0.0972894736842105
82.2 0.0974078947368421
82.3 0.0975263157894737
82.4 0.0976447368421053
82.5 0.0977631578947368
82.6 0.0978815789473684
82.7 0.098
82.8 0.0981186440677966
82.9 0.0982372881355932
83 0.0983559322033899
83.1 0.0984745762711865
83.2 0.0985932203389831
83.3 0.0987118644067797
83.4 0.0988305084745763
83.5 0.0989491525423729
83.6 0.0990677966101695
83.7 0.0991864406779661
83.8 0.0993050847457628
83.9 0.0994237288135594
84 0.099542372881356
84.1 0.0996610169491526
84.2 0.0997796610169492
84.3 0.0998983050847458
84.4 0.100016949152542
84.5 0.100135593220339
84.6 0.100254237288136
84.7 0.100372881355932
84.8 0.100491525423729
84.9 0.100610169491525
85 0.100728813559322
85.1 0.100847457627119
85.2 0.100966101694915
85.3 0.101084745762712
85.4 0.101203389830509
85.5 0.101322033898305
85.6 0.101440677966102
85.7 0.101559322033898
85.8 0.101677966101695
85.9 0.101796610169492
86 0.101915254237288
86.1 0.102033898305085
86.2 0.102152542372881
86.3 0.102271186440678
86.4 0.102389830508475
86.5 0.102508474576271
86.6 0.102627118644068
86.7 0.102745762711864
86.8 0.102864406779661
86.9 0.102983050847458
87 0.103101694915254
87.1 0.103220338983051
87.2 0.103338983050847
87.3 0.103457627118644
87.4 0.103576271186441
87.5 0.103694915254237
87.6 0.103813559322034
87.7 0.103932203389831
87.8 0.104050847457627
87.9 0.104169491525424
88 0.10428813559322
88.1 0.104406779661017
88.2 0.104525423728814
88.3 0.10464406779661
88.4 0.104762711864407
88.5 0.104881355932203
88.6 0.105
88.7 0.105118778280543
88.8 0.105237556561086
88.9 0.105356334841629
89 0.105475113122172
89.1 0.105593891402715
89.2 0.105712669683258
89.3 0.105831447963801
89.4 0.105950226244344
89.5 0.106069004524887
89.6 0.10618778280543
89.7 0.106306561085973
89.8 0.106425339366516
89.9 0.106544117647059
90 0.106662895927602
90.1 0.106781674208145
90.2 0.106900452488688
90.3 0.107019230769231
90.4 0.107138009049774
90.5 0.107256787330317
90.6 0.10737556561086
90.7 0.107494343891403
90.8 0.107613122171946
90.9 0.107731900452489
91 0.107850678733032
91.1 0.107969457013575
91.2 0.108088235294118
91.3 0.108207013574661
91.4 0.108325791855204
91.5 0.108444570135747
91.6 0.10856334841629
91.7 0.108682126696833
91.8 0.108800904977376
91.9 0.108919683257919
92 0.109038461538462
92.1 0.109157239819005
92.2 0.109276018099548
92.3 0.109394796380091
92.4 0.109513574660634
92.5 0.109632352941177
92.6 0.10975113122172
92.7 0.109869909502263
92.8 0.109988687782806
92.9 0.110107466063348
93 0.110226244343891
93.1 0.110345022624434
93.2 0.110463800904977
93.3 0.11058257918552
93.4 0.110701357466063
93.5 0.110820135746606
93.6 0.110938914027149
93.7 0.111057692307692
93.8 0.111176470588235
93.9 0.111295248868778
94 0.111414027149321
94.1 0.111532805429864
94.2 0.111651583710407
94.3 0.11177036199095
94.4 0.111889140271493
94.5 0.112007918552036
94.6 0.112126696832579
94.7 0.112245475113122
94.8 0.112364253393665
94.9 0.112483031674208
95 0.112601809954751
95.1 0.112720588235294
95.2 0.112839366515837
95.3 0.11295814479638
95.4 0.113076923076923
95.5 0.113195605445426
95.6 0.11331428781393
95.7 0.113432970182433
95.8 0.113551652550936
95.9 0.113670334919439
96 0.113789017287943
96.1 0.113907699656446
96.2 0.114026382024949
96.3 0.114145064393452
96.4 0.114263746761955
96.5 0.114382429130459
96.6 0.114501111498962
96.7 0.114619793867465
96.8 0.114738476235968
96.9 0.114857158604472
97 0.114975840972975
97.1 0.115094523341478
97.2 0.115213205709981
97.3 0.115331888078485
97.4 0.115450570446988
97.5 0.115569252815491
97.6 0.115687935183994
97.7 0.115806617552498
97.8 0.115925299921001
97.9 0.116043982289504
98 0.116162664658007
98.1 0.116281347026511
98.2 0.116400029395014
98.3 0.116518711763517
98.4 0.11663739413202
98.5 0.116756076500524
98.6 0.116874758869027
98.7 0.11699344123753
98.8 0.117112123606033
98.9 0.117230805974537
99 0.11734948834304
99.1 0.117468170711543
99.2 0.117586853080046
99.3 0.11770553544855
99.4 0.117824217817053
99.5 0.117942900185556
99.6 0.118061582554059
99.7 0.118180264922562
99.8 0.118298947291066
99.9 0.118417629659569
100 0.118536312028072
100.1 0.118654994396575
100.2 0.118773676765079
100.3 0.118892359133582
100.4 0.119011041502085
100.5 0.119129723870588
100.6 0.119248406239092
100.7 0.119367088607595
100.8 0.119485770976098
100.9 0.119604453344601
101 0.119723135713105
101.1 0.119841818081608
101.2 0.119960500450111
101.3 0.120079182818614
101.4 0.120197865187118
101.5 0.120316547555621
101.6 0.120435229924124
101.7 0.120553912292627
101.8 0.120672594661131
101.9 0.120791277029634
102 0.120909959398137
102.1 0.12102864176664
102.2 0.121147324135144
102.3 0.121266006503647
102.4 0.12138468887215
102.5 0.121503371240653
102.6 0.121622053609157
102.7 0.12174073597766
102.8 0.121859418346163
102.9 0.121978100714666
103 0.12209678308317
103.1 0.122215465451673
103.2 0.122334147820176
103.3 0.122452830188679
103.4 0.122464029214851
103.5 0.122475228241023
103.6 0.122486427267194
103.7 0.122497626293366
103.8 0.122508825319537
103.9 0.122520024345709
104 0.122531223371881
104.1 0.122542422398052
104.2 0.122553621424224
104.3 0.122564820450396
104.4 0.122576019476567
104.5 0.122587218502739
104.6 0.122598417528911
104.7 0.122609616555082
104.8 0.122620815581254
104.9 0.122632014607425
105 0.122643213633597
105.1 0.122654412659769
105.2 0.12266561168594
105.3 0.122676810712112
105.4 0.122688009738284
105.5 0.122699208764455
105.6 0.122710407790627
105.7 0.122721606816799
105.8 0.12273280584297
105.9 0.122744004869142
106 0.122755203895313
106.1 0.122766402921485
106.2 0.122777601947657
106.3 0.122788800973828
106.4 0.1228
106.5 0.122551473922902
106.6 0.122302947845805
106.7 0.122054421768707
106.8 0.12180589569161
106.9 0.121557369614512
107 0.121308843537415
107.1 0.121060317460317
107.2 0.12081179138322
107.3 0.120563265306122
107.4 0.120314739229025
107.5 0.120066213151927
107.6 0.11981768707483
107.7 0.119569160997732
107.8 0.119320634920635
107.9 0.119072108843537
108 0.11882358276644
108.1 0.118575056689342
108.2 0.118326530612245
108.3 0.118078004535147
108.4 0.11782947845805
108.5 0.117580952380952
108.6 0.117332426303855
108.7 0.117083900226757
108.8 0.11683537414966
108.9 0.116586848072562
109 0.116338321995465
109.1 0.116089795918367
109.2 0.11584126984127
109.3 0.115592743764172
109.4 0.115344217687075
109.5 0.115095691609977
109.6 0.11484716553288
109.7 0.114598639455782
109.8 0.114350113378685
109.9 0.114101587301587
110 0.11385306122449
110.1 0.113604535147392
110.2 0.113356009070295
110.3 0.113107482993197
110.4 0.1128589569161
110.5 0.112610430839002
110.6 0.112361904761905
110.7 0.112113378684807
110.8 0.11186485260771
110.9 0.111616326530612
111 0.111367800453515
111.1 0.111119274376417
111.2 0.11087074829932
111.3 0.110622222222222
111.4 0.110373696145125
111.5 0.110125170068027
111.6 0.10987664399093
111.7 0.109628117913832
111.8 0.109379591836735
111.9 0.109131065759637
112 0.10888253968254
112.1 0.108634013605442
112.2 0.108385487528345
112.3 0.108136961451247
112.4 0.10788843537415
112.5 0.107639909297052
112.6 0.107391383219955
112.7 0.107142857142857
112.8 0.106890115872152
112.9 0.106637374601446
113 0.106384633330741
113.1 0.106131892060036
113.2 0.10587915078933
113.3 0.105626409518625
113.4 0.10537366824792
113.5 0.105120926977214
113.6 0.104868185706509
113.7 0.104615444435804
113.8 0.104362703165098
113.9 0.104109961894393
114 0.103857220623688
114.1 0.103604479352982
114.2 0.103351738082277
114.3 0.103098996811572
114.4 0.102846255540866
114.5 0.102593514270161
114.6 0.102340772999456
114.7 0.10208803172875
114.8 0.101835290458045
114.9 0.10158254918734
115 0.101329807916634
115.1 0.101077066645929
115.2 0.100824325375224
115.3 0.100571584104518
115.4 0.100318842833813
115.5 0.100066101563108
115.6 0.0998133602924022
115.7 0.0995606190216969
115.8 0.0993078777509915
115.9 0.0990551364802862
116 0.0988023952095809
116.1 0.0985518179327619
116.2 0.098301240655943
116.3 0.0980506633791241
116.4 0.0978000861023052
116.5 0.0975495088254863
116.6 0.0972989315486674
116.7 0.0970483542718484
116.8 0.0967977769950295
116.9 0.0965471997182106
117 0.0962966224413917
117.1 0.0960460451645728
117.2 0.0957954678877539
117.3 0.0955448906109349
117.4 0.095294313334116
117.5 0.0950437360572971
117.6 0.0947931587804782
117.7 0.0945425815036593
117.8 0.0942920042268404
117.9 0.0940414269500215
118 0.0937908496732026
118.1 0.0935480285010179
118.2 0.0933052073288332
118.3 0.0930623861566484
118.4 0.0928195649844637
118.5 0.092576743812279
118.6 0.0923339226400943
118.7 0.0920911014679096
118.8 0.0918482802957248
118.9 0.0916054591235401
119 0.0913626379513554
119.1 0.0911198167791707
119.2 0.0908769956069859
119.3 0.0906341744348012
119.4 0.0903913532626165
119.5 0.0901485320904318
119.6 0.0899057109182471
119.7 0.0896628897460623
119.8 0.0894200685738776
119.9 0.0891772474016929
120 0.0889344262295082
120.1 0.0886805300301404
120.2 0.0884266338307726
120.3 0.0881727376314048
120.4 0.087918841432037
120.5 0.0876649452326693
120.6 0.0874110490333015
120.7 0.0871571528339337
120.8 0.0869032566345659
120.9 0.0866493604351981
121 0.0863954642358303
121.1 0.0861415680364625
121.2 0.0858876718370947
121.3 0.0856337756377269
121.4 0.0853798794383591
121.5 0.0851259832389914
121.6 0.0848720870396236
121.7 0.0846181908402558
121.8 0.084364294640888
121.9 0.0841103984415202
122 0.0838565022421525
122.1 0.0836064084075779
122.2 0.0833563145730033
122.3 0.0831062207384287
122.4 0.0828561269038541
122.5 0.0826060330692795
122.6 0.082355939234705
122.7 0.0821058454001304
122.8 0.0818557515655558
122.9 0.0816056577309812
123 0.0813555638964066
123.1 0.0811054700618321
123.2 0.0808553762272575
123.3 0.0806052823926829
123.4 0.0803551885581083
123.5 0.0801050947235337
123.6 0.0798550008889591
123.7 0.0796049070543845
123.8 0.0793548132198099
123.9 0.0791047193852353
124 0.0788546255506608
124.1 0.0785501921454682
124.2 0.0782457587402756
124.3 0.0779413253350829
124.4 0.0776368919298903
124.5 0.0773324585246977
124.6 0.0770280251195051
124.7 0.0767235917143125
124.8 0.0764191583091199
124.9 0.0761147249039272
125 0.0758102914987346
125.1 0.075505858093542
125.2 0.0752014246883494
125.3 0.0748969912831568
125.4 0.0745925578779642
125.5 0.0742881244727716
125.6 0.0739836910675789
125.7 0.0736792576623863
125.8 0.0733748242571937
125.9 0.0730703908520011
126 0.0727659574468085
126.1 0.0724678235088943
126.2 0.0721696895709801
126.3 0.0718715556330659
126.4 0.0715734216951517
126.5 0.0712752877572375
126.6 0.0709771538193233
126.7 0.0706790198814091
126.8 0.0703808859434949
126.9 0.0700827520055807
127 0.0697846180676665
127.1 0.0694864841297523
127.2 0.0691883501918382
127.3 0.068890216253924
127.4 0.0685920823160098
127.5 0.0682939483780956
127.6 0.0679958144401814
127.7 0.0676976805022672
127.8 0.067399546564353
127.9 0.0671014126264388
128 0.0668032786885246
128.1 0.0665124421083585
128.2 0.0662216055281923
128.3 0.0659307689480262
128.4 0.06563993236786
128.5 0.0653490957876939
128.6 0.0650582592075278
128.7 0.0647674226273616
128.8 0.0644765860471955
128.9 0.0641857494670293
129 0.0638949128868632
129.1 0.0636040763066971
129.2 0.0633132397265309
129.3 0.0630224031463648
129.4 0.0627315665661986
129.5 0.0624407299860325
129.6 0.0621498934058664
129.7 0.0618590568257002
129.8 0.0615682202455341
129.9 0.0612773836653679
130 0.0609865470852018
130.1 0.0606694601681002
130.2 0.0603523732509986
130.3 0.0600352863338969
130.4 0.0597181994167953
130.5 0.0594011124996937
130.6 0.0590840255825921
130.7 0.0587669386654905
130.8 0.0584498517483888
130.9 0.0581327648312872
131 0.0578156779141856
131.1 0.057498590997084
131.2 0.0571815040799823
131.3 0.0568644171628807
131.4 0.0565473302457791
131.5 0.0562302433286775
131.6 0.0559131564115759
131.7 0.0555960694944742
131.8 0.0552789825773726
131.9 0.054961895660271
132 0.0546448087431694
132.1 0.0543562302778419
132.2 0.0540676518125144
132.3 0.0537790733471869
132.4 0.0534904948818595
132.5 0.053201916416532
132.6 0.0529133379512045
132.7 0.052624759485877
132.8 0.0523361810205495
132.9 0.052047602555222
133 0.0517590240898945
133.1 0.0514704456245671
133.2 0.0511818671592396
133.3 0.0508932886939121
133.4 0.0506047102285846
133.5 0.0503161317632571
133.6 0.0500275532979296
133.7 0.0497389748326021
133.8 0.0494503963672746
133.9 0.0491618179019472
134 0.0488732394366197
134.1 0.0485730959833072
134.2 0.0482729525299948
134.3 0.0479728090766823
134.4 0.0476726656233698
134.5 0.0473725221700574
134.6 0.0470723787167449
134.7 0.0467722352634324
134.8 0.04647209181012
134.9 0.0461719483568075
135 0.045871804903495
135.1 0.0455716614501826
135.2 0.0452715179968701
135.3 0.0449713745435576
135.4 0.0446712310902452
135.5 0.0443710876369327
135.6 0.0440709441836202
135.7 0.0437708007303077
135.8 0.0434706572769953
135.9 0.0431705138236828
136 0.0428703703703704
136.1 0.0425706018518519
136.2 0.0422708333333333
136.3 0.0419710648148148
136.4 0.0416712962962963
136.5 0.0413715277777778
136.6 0.0410717592592593
136.7 0.0407719907407407
136.8 0.0404722222222222
136.9 0.0401724537037037
137 0.0398726851851852
137.1 0.0395729166666667
137.2 0.0392731481481481
137.3 0.0389733796296296
137.4 0.0386736111111111
137.5 0.0383738425925926
137.6 0.0380740740740741
137.7 0.0377743055555555
137.8 0.037474537037037
137.9 0.0371747685185185
138 0.036875
138.1 0.0365742807539682
138.2 0.0362735615079365
138.3 0.0359728422619048
138.4 0.035672123015873
138.5 0.0353714037698413
138.6 0.0350706845238095
138.7 0.0347699652777778
138.8 0.034469246031746
138.9 0.0341685267857143
139 0.0338678075396825
139.1 0.0335670882936508
139.2 0.033266369047619
139.3 0.0329656498015873
139.4 0.0326649305555555
139.5 0.0323642113095238
139.6 0.0320634920634921
139.7 0.031797619047619
139.8 0.031531746031746
139.9 0.031265873015873
140 0.031
140.1 0.0306851851851852
140.2 0.0303703703703704
140.3 0.0300555555555555
140.4 0.0297407407407407
140.5 0.0294259259259259
140.6 0.0291111111111111
140.7 0.0287962962962963
140.8 0.0284814814814815
140.9 0.0281666666666667
141 0.0278779761904762
141.1 0.0275892857142857
141.2 0.0273005952380952
141.3 0.0270119047619047
141.4 0.0267232142857142
141.5 0.0264345238095238
141.6 0.0261458333333333
141.7 0.0258571428571429
141.8 0.025546552949538
141.9 0.0252359630419332
142 0.0249253731343284
142.1 0.0246324626865672
142.2 0.024339552238806
142.3 0.0240466417910447
142.4 0.0237537313432835
142.5 0.0234608208955223
142.6 0.0231679104477612
142.7 0.022875
142.8 0.0225740740740741
142.9 0.0222731481481481
143 0.0219722222222222
143.1 0.0216712962962963
143.2 0.0213703703703704
143.3 0.0210694444444444
143.4 0.0207685185185185
143.5 0.0204675925925926
143.6 0.0201666666666667
143.7 0.0198657407407407
143.8 0.0195648148148148
143.9 0.0192638888888889
144 0.018962962962963
144.1 0.0186666666666667
144.2 0.0183703703703704
144.3 0.0180740740740741
144.4 0.0177777777777778
144.5 0.0174814814814815
144.6 0.0171851851851852
144.7 0.0168888888888889
144.8 0.0165925925925926
144.9 0.0162962962962963
145 0.016
145.1 0.0157
145.2 0.0154
145.3 0.0151
145.4 0.0148
145.5 0.0145
145.6 0.0142
145.7 0.0139
145.8 0.0136
145.9 0.0133
146 0.013
146.1 0.0127
146.2 0.0124
146.3 0.0121
146.4 0.0118
146.5 0.0115
146.6 0.0112
146.7 0.0109
146.8 0.0106
146.9 0.0103
147 0.01
147.1 0.00999333333333333
147.2 0.00998666666666666
147.3 0.00998
147.4 0.00997333333333333
147.5 0.00996666666666666
147.6 0.00996
147.7 0.00995333333333333
147.8 0.00994666666666666
147.9 0.00994
148 0.00993333333333333
148.1 0.00993166666666667
148.2 0.00993
148.3 0.00992833333333333
148.4 0.00992666666666667
148.5 0.009925
148.6 0.00992333333333333
148.7 0.00992166666666666
148.8 0.00992
148.9 0.00991833333333333
149 0.00991666666666667
149.1 0.00990760869565217
149.2 0.00989855072463768
149.3 0.00988949275362319
149.4 0.0098804347826087
149.5 0.0098713768115942
149.6 0.00986231884057971
149.7 0.00985326086956522
149.8 0.00984420289855072
149.9 0.00983514492753623
150 0.00982608695652174
150.1 0.00982040133779264
150.2 0.00981471571906354
150.3 0.00980903010033445
150.4 0.00980334448160535
150.5 0.00979765886287625
150.6 0.00979197324414716
150.7 0.00978628762541806
150.8 0.00978060200668896
150.9 0.00977491638795987
151 0.00976923076923077
151.1 0.00976440071556351
151.2 0.00975957066189624
151.3 0.00975474060822898
151.4 0.00974991055456172
151.5 0.00974508050089445
151.6 0.00974025044722719
151.7 0.00973542039355993
151.8 0.00973059033989267
151.9 0.0097257602862254
152 0.00972093023255814
152.1 0.00971422182468694
152.2 0.00970751341681574
152.3 0.00970080500894454
152.4 0.00969409660107335
152.5 0.00968738819320215
152.6 0.00968067978533095
152.7 0.00967397137745975
152.8 0.00966726296958855
152.9 0.00966055456171735
153 0.00965384615384615
153.1 0.00964679487179487
153.2 0.00963974358974359
153.3 0.00963269230769231
153.4 0.00962564102564102
153.5 0.00961858974358974
153.6 0.00961153846153846
153.7 0.00960448717948718
153.8 0.00959743589743589
153.9 0.00959038461538461
154 0.00958333333333333
154.1 0.00957928571428571
154.2 0.00957523809523809
154.3 0.00957119047619048
154.4 0.00956714285714286
154.5 0.00956309523809524
154.6 0.00955904761904762
154.7 0.009555
154.8 0.00955095238095238
154.9 0.00954690476190476
155 0.00954285714285714
155.1 0.00953857142857143
155.2 0.00953428571428571
155.3 0.00953
155.4 0.00952571428571429
155.5 0.00952142857142857
155.6 0.00951714285714286
155.7 0.00951285714285714
155.8 0.00950857142857143
155.9 0.00950428571428571
156 0.0095
156.1 0.00949166666666667
156.2 0.00948333333333333
156.3 0.009475
156.4 0.00946666666666666
156.5 0.00945833333333333
156.6 0.00945
156.7 0.00944166666666666
156.8 0.00943333333333333
156.9 0.009425
157 0.00941666666666667
157.1 0.0094125
157.2 0.00940833333333333
157.3 0.00940416666666667
157.4 0.0094
157.5 0.00939583333333333
157.6 0.00939166666666667
157.7 0.0093875
157.8 0.00938333333333333
157.9 0.00937916666666667
158 0.009375
158.1 0.00937083333333333
158.2 0.00936666666666667
158.3 0.0093625
158.4 0.00935833333333333
158.5 0.00935416666666667
158.6 0.00935
158.7 0.00934583333333333
158.8 0.00934166666666667
158.9 0.0093375
159 0.00933333333333333
159.1 0.00932727272727273
159.2 0.00932121212121212
159.3 0.00931515151515151
159.4 0.00930909090909091
159.5 0.0093030303030303
159.6 0.00929696969696969
159.7 0.00929090909090909
159.8 0.00928484848484848
159.9 0.00927878787878788
160 0.00927272727272727
160.1 0.00926699660907476
160.2 0.00926126594542225
160.3 0.00925553528176974
160.4 0.00924980461811723
160.5 0.00924407395446472
160.6 0.00923834329081221
160.7 0.0092326126271597
160.8 0.00922688196350719
160.9 0.00922115129985468
161 0.00921542063620217
161.1 0.00920968997254966
161.2 0.00920395930889715
161.3 0.00919822864524464
161.4 0.00919249798159213
161.5 0.00918676731793962
161.6 0.00918103665428711
161.7 0.0091753059906346
161.8 0.00916957532698209
161.9 0.00916384466332958
162 0.00915811399967707
162.1 0.00915238333602456
162.2 0.00914665267237205
162.3 0.00914092200871953
162.4 0.00913519134506702
162.5 0.00912946068141451
162.6 0.009123730017762
162.7 0.00911799935410949
162.8 0.00911226869045698
162.9 0.00910653802680447
163 0.00910080736315196
163.1 0.00909507669949945
163.2 0.00908934603584694
163.3 0.00908361537219443
163.4 0.00907788470854192
163.5 0.00907215404488941
163.6 0.0090664233812369
163.7 0.00906069271758439
163.8 0.00905496205393188
163.9 0.00904923139027937
164 0.00904350072662686
164.1 0.00903777006297435
164.2 0.00903203939932184
164.3 0.00902630873566933
164.4 0.00902057807201682
164.5 0.00901484740836431
164.6 0.0090091167447118
164.7 0.00900338608105929
164.8 0.00899765541740678
164.9 0.00899192475375427
165 0.00898619409010176
165.1 0.00898046342644925
165.2 0.00897473276279673
165.3 0.00896900209914422
165.4 0.00896327143549171
165.5 0.0089575407718392
165.6 0.00895181010818669
165.7 0.00894607944453418
165.8 0.00894034878088167
165.9 0.00893461811722916
166 0.00892888745357665
166.1 0.00892315678992414
166.2 0.00891742612627163
166.3 0.00891169546261912
166.4 0.00890596479896661
166.5 0.0089002341353141
166.6 0.00889450347166159
166.7 0.00888877280800908
166.8 0.00888304214435657
166.9 0.00887731148070406
167 0.00887158081705155
167.1 0.00886585015339904
167.2 0.00886011948974653
167.3 0.00885438882609402
167.4 0.00884865816244151
167.5 0.008842927498789
167.6 0.00883719683513649
167.7 0.00883146617148398
167.8 0.00882573550783147
167.9 0.00882000484417896
168 0.00881427418052644
168.1 0.00880854351687393
168.2 0.00880281285322142
168.3 0.00879708218956891
168.4 0.0087913515259164
168.5 0.00878562086226389
168.6 0.00877989019861138
168.7 0.00877415953495887
168.8 0.00876842887130636
168.9 0.00876269820765385
169 0.00875696754400134
169.1 0.00875123688034883
169.2 0.00874550621669632
169.3 0.00873977555304381
169.4 0.0087340448893913
169.5 0.00872831422573879
169.6 0.00872258356208628
169.7 0.00871685289843377
169.8 0.00871112223478126
169.9 0.00870539157112875
170 0.00869966090747624
170.1 0.00869393024382373
170.2 0.00868819958017122
170.3 0.00868246891651871
170.4 0.0086767382528662
170.5 0.00867100758921369
170.6 0.00866527692556118
170.7 0.00865954626190867
170.8 0.00865381559825616
170.9 0.00864808493460364
171 0.00864235427095113
171.1 0.00863662360729862
171.2 0.00863089294364611
171.3 0.0086251622799936
171.4 0.00861943161634109
171.5 0.00861370095268858
171.6 0.00860797028903607
171.7 0.00860223962538356
171.8 0.00859650896173105
171.9 0.00859077829807854
172 0.00858504763442603
172.1 0.00857931697077352
172.2 0.00857358630712101
172.3 0.0085678556434685
172.4 0.00856212497981599
172.5 0.00855639431616348
172.6 0.00855066365251097
172.7 0.00854493298885846
172.8 0.00853920232520595
172.9 0.00853347166155344
173 0.00852774099790093
173.1 0.00852201033424842
173.2 0.00851627967059591
173.3 0.0085105490069434
173.4 0.00850481834329089
173.5 0.00849908767963838
173.6 0.00849335701598587
173.7 0.00848762635233336
173.8 0.00848189568868084
173.9 0.00847616502502833
174 0.00847043436137582
174.1 0.00846470369772331
174.2 0.0084589730340708
174.3 0.00845324237041829
174.4 0.00844751170676578
174.5 0.00844178104311327
174.6 0.00843605037946076
174.7 0.00843031971580825
174.8 0.00842458905215574
174.9 0.00841885838850323
175 0.00841312772485072
175.1 0.00840739706119821
175.2 0.0084016663975457
175.3 0.00839593573389319
175.4 0.00839020507024068
175.5 0.00838447440658817
175.6 0.00837874374293566
175.7 0.00837301307928315
175.8 0.00836728241563064
175.9 0.00836155175197813
176 0.00835582108832562
176.1 0.00835009042467311
176.2 0.0083443597610206
176.3 0.00833862909736809
176.4 0.00833289843371558
176.5 0.00832716777006307
176.6 0.00832143710641055
176.7 0.00831570644275804
176.8 0.00830997577910553
176.9 0.00830424511545302
177 0.00829851445180051
177.1 0.008292783788148
177.2 0.00828705312449549
177.3 0.00828132246084298
177.4 0.00827559179719047
177.5 0.00826986113353796
177.6 0.00826413046988545
177.7 0.00825839980623294
177.8 0.00825266914258043
177.9 0.00824693847892792
178 0.00824120781527541
178.1 0.0082354771516229
178.2 0.00822974648797039
178.3 0.00822401582431788
178.4 0.00821828516066537
178.5 0.00821255449701286
178.6 0.00820682383336035
178.7 0.00820109316970784
178.8 0.00819536250605533
178.9 0.00818963184240282
179 0.00818390117875031
179.1 0.0081781705150978
179.2 0.00817243985144529
179.3 0.00816670918779278
179.4 0.00816097852414027
179.5 0.00815524786048775
179.6 0.00814951719683524
179.7 0.00814378653318273
179.8 0.00813805586953022
179.9 0.00813232520587771
180 0.0081265945422252
180.1 0.00812086387857269
180.2 0.00811513321492018
180.3 0.00810940255126767
180.4 0.00810367188761516
180.5 0.00809794122396265
180.6 0.00809221056031014
180.7 0.00808647989665763
180.8 0.00808074923300512
180.9 0.00807501856935261
181 0.0080692879057001
181.1 0.00806355724204759
181.2 0.00805782657839508
181.3 0.00805209591474257
181.4 0.00804636525109006
181.5 0.00804063458743755
181.6 0.00803490392378504
181.7 0.00802917326013253
181.8 0.00802344259648002
181.9 0.00801771193282751
182 0.008011981269175
182.1 0.00800625060552249
182.2 0.00800051994186998
182.3 0.00799478927821747
182.4 0.00798905861456495
182.5 0.00798332795091244
182.6 0.00797759728725993
182.7 0.00797186662360742
182.8 0.00796613595995491
182.9 0.0079604052963024
183 0.00795467463264989
183.1 0.00794894396899738
183.2 0.00794321330534487
183.3 0.00793748264169236
183.4 0.00793175197803985
183.5 0.00792602131438734
183.6 0.00792029065073483
183.7 0.00791455998708232
183.8 0.00790882932342981
183.9 0.0079030986597773
184 0.00789736799612479
184.1 0.00789163733247228
184.2 0.00788590666881977
184.3 0.00788017600516726
184.4 0.00787444534151475
184.5 0.00786871467786224
184.6 0.00786298401420973
184.7 0.00785725335055722
184.8 0.00785152268690471
184.9 0.0078457920232522
185 0.00784006135959969
185.1 0.00783433069594718
185.2 0.00782860003229467
185.3 0.00782286936864215
185.4 0.00781713870498964
185.5 0.00781140804133713
185.6 0.00780567737768462
185.7 0.00779994671403211
185.8 0.0077942160503796
185.9 0.00778848538672709
186 0.00778275472307458
186.1 0.00777702405942207
186.2 0.00777129339576955
186.3 0.00776556273211704
186.4 0.00775983206846453
186.5 0.00775410140481202
186.6 0.00774837074115951
186.7 0.007742640077507
186.8 0.00773690941385449
186.9 0.00773117875020198
187 0.00772544808654946
187.1 0.00771971742289695
187.2 0.00771398675924444
187.3 0.00770825609559193
187.4 0.00770252543193942
187.5 0.00769679476828691
187.6 0.0076910641046344
187.7 0.00768533344098189
187.8 0.00767960277732938
187.9 0.00767387211367686
188 0.00766814145002435
188.1 0.00766241078637184
188.2 0.00765668012271933
188.3 0.00765094945906682
188.4 0.00764521879541431
188.5 0.0076394881317618
188.6 0.00763375746810929
188.7 0.00762802680445677
188.8 0.00762229614080426
188.9 0.00761656547715175
189 0.00761083481349924
189.1 0.00760510414984673
189.2 0.00759937348619422
189.3 0.00759364282254171
189.4 0.0075879121588892
189.5 0.00758218149523668
189.6 0.00757645083158417
189.7 0.00757072016793166
189.8 0.00756498950427915
189.9 0.00755925884062664
190 0.00755352817697413
190.1 0.00754779751332162
190.2 0.00754206684966911
190.3 0.00753633618601659
190.4 0.00753060552236408
190.5 0.00752487485871157
190.6 0.00751914419505906
190.7 0.00751341353140655
190.8 0.00750768286775404
190.9 0.00750195220410153
191 0.00749622154044902
191.1 0.00749049087679651
191.2 0.00748476021314399
191.3 0.00747902954949148
191.4 0.00747329888583897
191.5 0.00746756822218646
191.6 0.00746183755853395
191.7 0.00745610689488144
191.8 0.00745037623122893
191.9 0.00744464556757642
192 0.0074389149039239
192.1 0.00743318424027139
192.2 0.00742745357661888
192.3 0.00742172291296637
192.4 0.00741599224931386
192.5 0.00741026158566135
192.6 0.00740453092200884
192.7 0.00739880025835633
192.8 0.00739306959470381
192.9 0.0073873389310513
193 0.00738160826739879
193.1 0.00737587760374628
193.2 0.00737014694009377
193.3 0.00736441627644126
193.4 0.00735868561278875
193.5 0.00735295494913624
193.6 0.00734722428548372
193.7 0.00734149362183121
193.8 0.0073357629581787
193.9 0.00733003229452619
194 0.00732430163087368
194.1 0.00731857096722117
194.2 0.00731284030356866
194.3 0.00730710963991615
194.4 0.00730137897626363
194.5 0.00729564831261112
194.6 0.00728991764895861
194.7 0.0072841869853061
194.8 0.00727845632165359
194.9 0.00727272565800108
195 0.00726699499434857
195.1 0.00726126433069606
195.2 0.00725553366704355
195.3 0.00724980300339103
195.4 0.00724407233973852
195.5 0.00723834167608601
195.6 0.0072326110124335
195.7 0.00722688034878099
195.8 0.00722114968512848
195.9 0.00721541902147597
196 0.00720968835782346
196.1 0.00720395769417094
196.2 0.00719822703051843
196.3 0.00719249636686592
196.4 0.00718676570321341
196.5 0.0071810350395609
196.6 0.00717530437590839
196.7 0.00716957371225588
196.8 0.00716384304860337
196.9 0.00715811238495085
197 0.00715238172129834
197.1 0.00714665105764583
197.2 0.00714092039399332
197.3 0.00713518973034081
197.4 0.0071294590666883
197.5 0.00712372840303579
197.6 0.00711799773938328
197.7 0.00711226707573076
197.8 0.00710653641207825
197.9 0.00710080574842574
198 0.00709507508477323
198.1 0.00708934442112072
198.2 0.00708361375746821
198.3 0.0070778830938157
198.4 0.00707215243016319
198.5 0.00706642176651068
198.6 0.00706069110285816
198.7 0.00705496043920565
198.8 0.00704922977555314
198.9 0.00704349911190063
199 0.00703776844824812
199.1 0.00703203778459561
199.2 0.0070263071209431
199.3 0.00702057645729059
199.4 0.00701484579363807
199.5 0.00700911512998556
199.6 0.00700338446633305
199.7 0.00699765380268054
199.8 0.00699192313902803
199.9 0.00698619247537552
200 0.00698046181172301
200.1 0.0069747311480705
200.2 0.00696900048441798
200.3 0.00696326982076547
200.4 0.00695753915711296
200.5 0.00695180849346045
200.6 0.00694607782980794
200.7 0.00694034716615543
200.8 0.00693461650250292
200.9 0.00692888583885041
201 0.00692315517519789
201.1 0.00691742451154538
201.2 0.00691169384789287
201.3 0.00690596318424036
201.4 0.00690023252058785
201.5 0.00689450185693534
201.6 0.00688877119328283
201.7 0.00688304052963032
201.8 0.0068773098659778
201.9 0.00687157920232529
202 0.00686584853867278
202.1 0.00686011787502027
202.2 0.00685438721136776
202.3 0.00684865654771525
202.4 0.00684292588406274
202.5 0.00683719522041023
202.6 0.00683146455675772
202.7 0.0068257338931052
202.8 0.00682000322945269
202.9 0.00681427256580018
203 0.00680854190214767
203.1 0.00680281123849516
203.2 0.00679708057484265
203.3 0.00679134991119014
203.4 0.00678561924753763
203.5 0.00677988858388511
203.6 0.0067741579202326
203.7 0.00676842725658009
203.8 0.00676269659292758
203.9 0.00675696592927507
204 0.00675123526562256
204.1 0.00674550460197005
204.2 0.00673977393831754
204.3 0.00673404327466502
204.4 0.00672831261101251
204.5 0.00672258194736
204.6 0.00671685128370749
204.7 0.00671112062005498
204.8 0.00670538995640247
204.9 0.00669965929274996
205 0.00669392862909745
205.1 0.00668819796544493
205.2 0.00668246730179242
205.3 0.00667673663813991
205.4 0.0066710059744874
205.5 0.00666527531083489
205.6 0.00665954464718238
205.7 0.00665381398352987
205.8 0.00664808331987736
205.9 0.00664235265622485
206 0.00663662199257233
206.1 0.00663089132891982
206.2 0.00662516066526731
206.3 0.0066194300016148
206.4 0.00661369933796229
206.5 0.00660796867430978
206.6 0.00660223801065727
206.7 0.00659650734700476
206.8 0.00659077668335224
206.9 0.00658504601969973
207 0.00657931535604722
207.1 0.00657358469239471
207.2 0.0065678540287422
207.3 0.00656212336508969
207.4 0.00655639270143718
207.5 0.00655066203778467
207.6 0.00654493137413215
207.7 0.00653920071047964
207.8 0.00653347004682713
207.9 0.00652773938317462
208 0.00652200871952211
208.1 0.0065162780558696
208.2 0.00651054739221709
208.3 0.00650481672856458
208.4 0.00649908606491206
208.5 0.00649335540125955
208.6 0.00648762473760704
208.7 0.00648189407395453
208.8 0.00647616341030202
208.9 0.00647043274664951
209 0.006464702082997
209.1 0.00645897141934449
209.2 0.00645324075569197
209.3 0.00644751009203946
209.4 0.00644177942838695
209.5 0.00643604876473444
209.6 0.00643031810108193
209.7 0.00642458743742942
209.8 0.00641885677377691
209.9 0.0064131261101244
210 0.00640739544647189
210.1 0.00640166478281937
210.2 0.00639593411916686
210.3 0.00639020345551435
210.4 0.00638447279186184
210.5 0.00637874212820933
210.6 0.00637301146455682
210.7 0.00636728080090431
210.8 0.0063615501372518
210.9 0.00635581947359928
211 0.00635008880994677
211.1 0.00634435814629426
211.2 0.00633862748264175
211.3 0.00633289681898924
211.4 0.00632716615533673
211.5 0.00632143549168422
211.6 0.00631570482803171
211.7 0.00630997416437919
211.8 0.00630424350072668
211.9 0.00629851283707417
212 0.00629278217342166
212.1 0.00628705150976915
212.2 0.00628132084611664
212.3 0.00627559018246413
212.4 0.00626985951881162
212.5 0.0062641288551591
212.6 0.00625839819150659
212.7 0.00625266752785408
212.8 0.00624693686420157
212.9 0.00624120620054906
213 0.00623547553689655
213.1 0.00622974487324404
213.2 0.00622401420959153
213.3 0.00621828354593902
213.4 0.0062125528822865
213.5 0.00620682221863399
213.6 0.00620109155498148
213.7 0.00619536089132897
213.8 0.00618963022767646
213.9 0.00618389956402395
214 0.00617816890037144
214.1 0.00617243823671893
214.2 0.00616670757306641
214.3 0.0061609769094139
214.4 0.00615524624576139
214.5 0.00614951558210888
214.6 0.00614378491845637
214.7 0.00613805425480386
214.8 0.00613232359115135
214.9 0.00612659292749884
215 0.00612086226384632
215.1 0.00611513160019381
215.2 0.0061094009365413
215.3 0.00610367027288879
215.4 0.00609793960923628
215.5 0.00609220894558377
215.6 0.00608647828193126
215.7 0.00608074761827875
215.8 0.00607501695462623
215.9 0.00606928629097372
216 0.00606355562732121
216.1 0.0060578249636687
216.2 0.00605209430001619
216.3 0.00604636363636368
216.4 0.00604063297271117
216.5 0.00603490230905866
216.6 0.00602917164540615
216.7 0.00602344098175363
216.8 0.00601771031810112
216.9 0.00601197965444861
217 0.0060062489907961
217.1 0.00600051832714359
217.2 0.00599478766349108
217.3 0.00598905699983857
217.4 0.00598332633618606
217.5 0.00597759567253354
217.6 0.00597186500888103
217.7 0.00596613434522852
217.8 0.00596040368157601
217.9 0.0059546730179235
218 0.00594894235427099
218.1 0.00594321169061848
218.2 0.00593748102696597
218.3 0.00593175036331345
218.4 0.00592601969966094
218.5 0.00592028903600843
218.6 0.00591455837235592
218.7 0.00590882770870341
218.8 0.0059030970450509
218.9 0.00589736638139839
219 0.00589163571774588
219.1 0.00588590505409336
219.2 0.00588017439044085
219.3 0.00587444372678834
219.4 0.00586871306313583
219.5 0.00586298239948332
219.6 0.00585725173583081
219.7 0.0058515210721783
219.8 0.00584579040852579
219.9 0.00584005974487327
220 0.00583432908122076
220.1 0.00582859841756825
220.2 0.00582286775391574
220.3 0.00581713709026323
220.4 0.00581140642661072
220.5 0.00580567576295821
220.6 0.0057999450993057
220.7 0.00579421443565319
220.8 0.00578848377200067
220.9 0.00578275310834816
221 0.00577702244469565
221.1 0.00577129178104314
221.2 0.00576556111739063
221.3 0.00575983045373812
221.4 0.00575409979008561
221.5 0.0057483691264331
221.6 0.00574263846278058
221.7 0.00573690779912807
221.8 0.00573117713547556
221.9 0.00572544647182305
222 0.00571971580817054
222.1 0.00571398514451803
222.2 0.00570825448086552
222.3 0.00570252381721301
222.4 0.00569679315356049
222.5 0.00569106248990798
222.6 0.00568533182625547
222.7 0.00567960116260296
222.8 0.00567387049895045
222.9 0.00566813983529794
223 0.00566240917164543
223.1 0.00565667850799292
223.2 0.0056509478443404
223.3 0.00564521718068789
223.4 0.00563948651703538
223.5 0.00563375585338287
223.6 0.00562802518973036
223.7 0.00562229452607785
223.8 0.00561656386242534
223.9 0.00561083319877283
224 0.00560510253512032
224.1 0.0055993718714678
224.2 0.00559364120781529
224.3 0.00558791054416278
224.4 0.00558217988051027
224.5 0.00557644921685776
224.6 0.00557071855320525
224.7 0.00556498788955274
224.8 0.00555925722590023
224.9 0.00555352656224771
225 0.0055477958985952
225.1 0.00554206523494269
225.2 0.00553633457129018
225.3 0.00553060390763767
225.4 0.00552487324398516
225.5 0.00551914258033265
225.6 0.00551341191668014
225.7 0.00550768125302762
225.8 0.00550195058937511
225.9 0.0054962199257226
226 0.00549048926207009
226.1 0.00548475859841758
226.2 0.00547902793476507
226.3 0.00547329727111256
226.4 0.00546756660746005
226.5 0.00546183594380753
226.6 0.00545610528015502
226.7 0.00545037461650251
226.8 0.00544464395285
226.9 0.00543891328919749
227 0.00543318262554498
227.1 0.00542745196189247
227.2 0.00542172129823996
227.3 0.00541599063458744
227.4 0.00541025997093493
227.5 0.00540452930728242
227.6 0.00539879864362991
227.7 0.0053930679799774
227.8 0.00538733731632489
227.9 0.00538160665267238
228 0.00537587598901987
228.1 0.00537014532536736
228.2 0.00536441466171484
228.3 0.00535868399806233
228.4 0.00535295333440982
228.5 0.00534722267075731
228.6 0.0053414920071048
228.7 0.00533576134345229
228.8 0.00533003067979978
228.9 0.00532430001614727
229 0.00531856935249475
229.1 0.00531283868884224
229.2 0.00530710802518973
229.3 0.00530137736153722
229.4 0.00529564669788471
229.5 0.0052899160342322
229.6 0.00528418537057969
229.7 0.00527845470692718
229.8 0.00527272404327466
229.9 0.00526699337962215
230 0.00526126271596964
230.1 0.00525553205231713
230.2 0.00524980138866462
230.3 0.00524407072501211
230.4 0.0052383400613596
230.5 0.00523260939770709
230.6 0.00522687873405457
230.7 0.00522114807040206
230.8 0.00521541740674955
230.9 0.00520968674309704
231 0.00520395607944453
231.1 0.00519822541579202
231.2 0.00519249475213951
231.3 0.005186764088487
231.4 0.00518103342483449
231.5 0.00517530276118197
231.6 0.00516957209752946
231.7 0.00516384143387695
231.8 0.00515811077022444
231.9 0.00515238010657193
232 0.00514664944291942
232.1 0.00514091877926691
232.2 0.0051351881156144
232.3 0.00512945745196188
232.4 0.00512372678830937
232.5 0.00511799612465686
232.6 0.00511226546100435
232.7 0.00510653479735184
232.8 0.00510080413369933
232.9 0.00509507347004682
233 0.00508934280639431
233.1 0.00508361214274179
233.2 0.00507788147908928
233.3 0.00507215081543677
233.4 0.00506642015178426
233.5 0.00506068948813175
233.6 0.00505495882447924
233.7 0.00504922816082673
233.8 0.00504349749717422
233.9 0.0050377668335217
234 0.00503203616986919
234.1 0.00502630550621668
234.2 0.00502057484256417
234.3 0.00501484417891166
234.4 0.00500911351525915
234.5 0.00500338285160664
234.6 0.00499765218795413
234.7 0.00499192152430162
234.8 0.0049861908606491
234.9 0.00498046019699659
235 0.00497472953334408
235.1 0.00496899886969157
235.2 0.00496326820603906
235.3 0.00495753754238655
235.4 0.00495180687873404
235.5 0.00494607621508153
235.6 0.00494034555142901
235.7 0.0049346148877765
235.8 0.00492888422412399
235.9 0.00492315356047148
236 0.00491742289681897
236.1 0.00491169223316646
236.2 0.00490596156951395
236.3 0.00490023090586144
236.4 0.00489450024220892
236.5 0.00488876957855641
236.6 0.0048830389149039
236.7 0.00487730825125139
236.8 0.00487157758759888
236.9 0.00486584692394637
237 0.00486011626029386
237.1 0.00485438559664135
237.2 0.00484865493298883
237.3 0.00484292426933632
237.4 0.00483719360568381
237.5 0.0048314629420313
237.6 0.00482573227837879
237.7 0.00482000161472628
237.8 0.00481427095107377
237.9 0.00480854028742126
238 0.00480280962376874
238.1 0.00479707896011623
238.2 0.00479134829646372
238.3 0.00478561763281121
238.4 0.0047798869691587
238.5 0.00477415630550619
238.6 0.00476842564185368
238.7 0.00476269497820117
238.8 0.00475696431454866
238.9 0.00475123365089614
239 0.00474550298724363
239.1 0.00473977232359112
239.2 0.00473404165993861
239.3 0.0047283109962861
239.4 0.00472258033263359
239.5 0.00471684966898108
239.6 0.00471111900532857
239.7 0.00470538834167605
239.8 0.00469965767802354
239.9 0.00469392701437103
240 0.00468819635071852
240.1 0.00468246568706601
240.2 0.0046767350234135
240.3 0.00467100435976099
240.4 0.00466527369610848
240.5 0.00465954303245596
240.6 0.00465381236880345
240.7 0.00464808170515094
240.8 0.00464235104149843
240.9 0.00463662037784592
241 0.00463088971419341
241.1 0.0046251590505409
241.2 0.00461942838688839
241.3 0.00461369772323587
241.4 0.00460796705958336
241.5 0.00460223639593085
241.6 0.00459650573227834
241.7 0.00459077506862583
241.8 0.00458504440497332
241.9 0.00457931374132081
242 0.0045735830776683
242.1 0.00456785241401579
242.2 0.00456212175036328
242.3 0.00455639108671077
242.4 0.00455066042305826
242.5 0.00454492975940575
242.6 0.00453919909575324
242.7 0.00453346843210072
242.8 0.00452773776844821
242.9 0.0045220071047957
243 0.00451627644114319
243.1 0.00451054577749068
243.2 0.00450481511383817
243.3 0.00449908445018566
243.4 0.00449335378653315
243.5 0.00448762312288064
243.6 0.00448189245922813
243.7 0.00447616179557562
243.8 0.0044704311319231
243.9 0.00446470046827059
244 0.00445896980461808
244.1 0.00445323914096557
244.2 0.00444750847731306
244.3 0.00444177781366055
244.4 0.00443604715000804
244.5 0.00443031648635553
244.6 0.00442458582270302
244.7 0.00441885515905051
244.8 0.004413124495398
244.9 0.00440739383174549
245 0.00440166316809298
245.1 0.00439593250444047
245.2 0.00439020184078795
245.3 0.00438447117713544
245.4 0.00437874051348293
245.5 0.00437300984983042
245.6 0.00436727918617791
245.7 0.0043615485225254
245.8 0.00435581785887289
245.9 0.00435008719522038
246 0.00434435653156787
246.1 0.00433862586791536
246.2 0.00433289520426285
246.3 0.00432716454061034
246.4 0.00432143387695783
246.5 0.00431570321330531
246.6 0.0043099725496528
246.7 0.00430424188600029
246.8 0.00429851122234778
246.9 0.00429278055869527
247 0.00428704989504276
247.1 0.00428131923139025
247.2 0.00427558856773774
247.3 0.00426985790408523
247.4 0.00426412724043272
247.5 0.00425839657678021
247.6 0.0042526659131277
247.7 0.00424693524947518
247.8 0.00424120458582267
247.9 0.00423547392217016
248 0.00422974325851765
248.1 0.00422401259486514
248.2 0.00421828193121263
248.3 0.00421255126756012
248.4 0.00420682060390761
248.5 0.0042010899402551
248.6 0.00419535927660259
248.7 0.00418962861295008
248.8 0.00418389794929757
248.9 0.00417816728564506
249 0.00417243662199254
249.1 0.00416670595834003
249.2 0.00416097529468752
249.3 0.00415524463103501
249.4 0.0041495139673825
249.5 0.00414378330372999
249.6 0.00413805264007748
249.7 0.00413232197642497
249.8 0.00412659131277246
249.9 0.00412086064911995
250 0.00411512998546744
250.1 0.00410939932181493
250.2 0.00410366865816241
250.3 0.0040979379945099
250.4 0.00409220733085739
250.5 0.00408647666720488
250.6 0.00408074600355237
250.7 0.00407501533989986
250.8 0.00406928467624735
250.9 0.00406355401259484
251 0.00405782334894233
251.1 0.00405209268528982
251.2 0.00404636202163731
251.3 0.0040406313579848
251.4 0.00403490069433229
251.5 0.00402917003067978
251.6 0.00402343936702726
251.7 0.00401770870337475
251.8 0.00401197803972224
251.9 0.00400624737606973
252 0.00400051671241722
252.1 0.00399478604876471
252.2 0.0039890553851122
252.3 0.00398332472145969
252.4 0.00397759405780718
252.5 0.00397186339415467
252.6 0.00396613273050216
252.7 0.00396040206684965
252.8 0.00395467140319713
252.9 0.00394894073954462
253 0.00394321007589211
253.1 0.0039374794122396
253.2 0.00393174874858709
253.3 0.00392601808493458
253.4 0.00392028742128207
253.5 0.00391455675762956
253.6 0.00390882609397705
253.7 0.00390309543032454
253.8 0.00389736476667203
253.9 0.00389163410301952
254 0.00388590343936701
254.1 0.00388017277571449
254.2 0.00387444211206198
254.3 0.00386871144840947
254.4 0.00386298078475696
254.5 0.00385725012110445
254.6 0.00385151945745194
254.7 0.00384578879379943
254.8 0.00384005813014692
254.9 0.00383432746649441
255 0.0038285968028419
255.1 0.00382286613918939
255.2 0.00381713547553688
255.3 0.00381140481188436
255.4 0.00380567414823185
255.5 0.00379994348457934
255.6 0.00379421282092683
255.7 0.00378848215727432
255.8 0.00378275149362181
255.9 0.0037770208299693
256 0.00377129016631679
256.1 0.00376555950266428
256.2 0.00375982883901177
256.3 0.00375409817535926
256.4 0.00374836751170675
256.5 0.00374263684805424
256.6 0.00373690618440172
256.7 0.00373117552074921
256.8 0.0037254448570967
256.9 0.00371971419344419
257 0.00371398352979168
257.1 0.00370825286613917
257.2 0.00370252220248666
257.3 0.00369679153883415
257.4 0.00369106087518164
257.5 0.00368533021152913
257.6 0.00367959954787662
257.7 0.00367386888422411
257.8 0.0036681382205716
257.9 0.00366240755691908
258 0.00365667689326657
258.1 0.00365094622961406
258.2 0.00364521556596155
258.3 0.00363948490230904
258.4 0.00363375423865653
258.5 0.00362802357500402
258.6 0.00362229291135151
258.7 0.003616562247699
258.8 0.00361083158404649
258.9 0.00360510092039398
259 0.00359937025674147
259.1 0.00359363959308896
259.2 0.00358790892943644
259.3 0.00358217826578393
259.4 0.00357644760213142
259.5 0.00357071693847891
259.6 0.0035649862748264
259.7 0.00355925561117389
259.8 0.00355352494752138
259.9 0.00354779428386887
260 0.00354206362021636
260.1 0.00353633295656385
260.2 0.00353060229291134
260.3 0.00352487162925883
260.4 0.00351914096560631
260.5 0.0035134103019538
260.6 0.00350767963830129
260.7 0.00350194897464878
260.8 0.00349621831099627
260.9 0.00349048764734376
261 0.00348475698369125
261.1 0.00347902632003874
261.2 0.00347329565638623
261.3 0.00346756499273372
261.4 0.00346183432908121
261.5 0.0034561036654287
261.6 0.00345037300177619
261.7 0.00344464233812367
261.8 0.00343891167447116
261.9 0.00343318101081865
262 0.00342745034716614
262.1 0.00342171968351363
262.2 0.00341598901986112
262.3 0.00341025835620861
262.4 0.0034045276925561
262.5 0.00339879702890359
262.6 0.00339306636525108
262.7 0.00338733570159857
262.8 0.00338160503794606
262.9 0.00337587437429355
263 0.00337014371064103
263.1 0.00336441304698852
263.2 0.00335868238333601
263.3 0.0033529517196835
263.4 0.00334722105603099
263.5 0.00334149039237848
263.6 0.00333575972872597
263.7 0.00333002906507346
263.8 0.00332429840142095
263.9 0.00331856773776844
264 0.00331283707411593
264.1 0.00330710641046342
264.2 0.00330137574681091
264.3 0.00329564508315839
264.4 0.00328991441950588
264.5 0.00328418375585337
264.6 0.00327845309220086
264.7 0.00327272242854835
264.8 0.00326699176489584
264.9 0.00326126110124333
265 0.00325553043759082
265.1 0.00324979977393831
265.2 0.0032440691102858
265.3 0.00323833844663329
265.4 0.00323260778298078
265.5 0.00322687711932827
265.6 0.00322114645567575
265.7 0.00321541579202324
265.8 0.00320968512837073
265.9 0.00320395446471822
266 0.00319822380106571
266.1 0.0031924931374132
266.2 0.00318676247376069
266.3 0.00318103181010818
266.4 0.00317530114645567
266.5 0.00316957048280316
266.6 0.00316383981915065
266.7 0.00315810915549814
266.8 0.00315237849184562
266.9 0.00314664782819311
267 0.0031409171645406
267.1 0.00313518650088809
267.2 0.00312945583723558
267.3 0.00312372517358307
267.4 0.00311799450993056
267.5 0.00311226384627805
267.6 0.00310653318262554
267.7 0.00310080251897303
267.8 0.00309507185532052
267.9 0.00308934119166801
268 0.0030836105280155
268.1 0.00307787986436298
268.2 0.00307214920071047
268.3 0.00306641853705796
268.4 0.00306068787340545
268.5 0.00305495720975294
268.6 0.00304922654610043
268.7 0.00304349588244792
268.8 0.00303776521879541
268.9 0.0030320345551429
269 0.00302630389149039
269.1 0.00302057322783788
269.2 0.00301484256418537
269.3 0.00300911190053286
269.4 0.00300338123688034
269.5 0.00299765057322783
269.6 0.00299191990957532
269.7 0.00298618924592281
269.8 0.0029804585822703
269.9 0.00297472791861779
270 0.00296899725496528
270.1 0.00296326659131277
270.2 0.00295753592766026
270.3 0.00295180526400775
270.4 0.00294607460035524
270.5 0.00294034393670273
270.6 0.00293461327305022
270.7 0.0029288826093977
270.8 0.00292315194574519
270.9 0.00291742128209268
271 0.00291169061844017
271.1 0.00290595995478766
271.2 0.00290022929113515
271.3 0.00289449862748264
271.4 0.00288876796383013
271.5 0.00288303730017762
271.6 0.00287730663652511
271.7 0.0028715759728726
271.8 0.00286584530922009
271.9 0.00286011464556758
272 0.00285438398191507
272.1 0.00284865331826255
272.2 0.00284292265461004
272.3 0.00283719199095753
272.4 0.00283146132730502
272.5 0.00282573066365251
272.6 0.00282
