0 1
0.1 0.999166666666667
0.2 0.998507462686567
0.3 0.996698326549073
0.4 0.994889190411579
0.5 0.993080054274084
0.6 0.990909090909091
0.7 0.990602999693909
0.8 0.990296908478727
0.9 0.989990817263545
1 0.989684726048363
1.1 0.98937863483318
1.2 0.989072543617998
1.3 0.988888888888889
1.4 0.987880621092962
1.5 0.986872353297036
1.6 0.985864085501109
1.7 0.984855817705183
1.8 0.983847549909256
1.9 0.982839282113329
2 0.981831014317403
2.1 0.980822746521476
2.2 0.97981447872555
2.3 0.978806210929623
2.4 0.977797943133696
2.5 0.97719298245614
2.6 0.976334968606787
2.7 0.975476954757435
2.8 0.974618940908082
2.9 0.973760927058729
3 0.972902913209376
3.1 0.972044899360023
3.2 0.97118688551067
3.3 0.970328871661317
3.4 0.969470857811964
3.5 0.968612843962611
3.6 0.967754830113258
3.7 0.966896816263905
3.8 0.966038802414552
3.9 0.965180788565199
4 0.964322774715846
4.1 0.963636363636364
4.2 0.962760767744715
4.3 0.961111111111111
4.4 0.960276041959879
4.5 0.959440972808647
4.6 0.958605903657415
4.7 0.957770834506183
4.8 0.956935765354951
4.9 0.956100696203719
5 0.955265627052487
5.1 0.954430557901255
5.2 0.953595488750023
5.3 0.952760419598791
5.4 0.951925350447559
5.5 0.951090281296327
5.6 0.950255212145095
5.7 0.949420142993864
5.8 0.948585073842632
5.9 0.9477500046914
6 0.946914935540168
6.1 0.946079866388936
6.2 0.945161290322581
6.3 0.94423731561031
6.4 0.943313340898039
6.5 0.942389366185768
6.6 0.941465391473497
6.7 0.940541416761226
6.8 0.939617442048955
6.9 0.938693467336684
7 0.937769492624413
7.1 0.936845517912142
7.2 0.935921543199871
7.3 0.9349975684876
7.4 0.934073593775329
7.5 0.933149619063057
7.6 0.932225644350786
7.7 0.931301669638515
7.8 0.930377694926244
7.9 0.929453720213973
8 0.928529745501702
8.1 0.927605770789431
8.2 0.92668179607716
8.3 0.925757821364889
8.4 0.924833846652618
8.5 0.923909871940347
8.6 0.922985897228076
8.7 0.922061922515805
8.8 0.921137947803534
8.9 0.920213973091263
9 0.919289998378992
9.1 0.918366023666721
9.2 0.91744204895445
9.3 0.916518074242179
9.4 0.915594099529908
9.5 0.914670124817637
9.6 0.913746150105366
9.7 0.912822175393095
9.8 0.911898200680824
9.9 0.910974225968553
10 0.910050251256282
10.1 0.909126276544011
10.2 0.90820230183174
10.3 0.907278327119469
10.4 0.906354352407198
10.5 0.905430377694927
10.6 0.904506402982656
10.7 0.903582428270385
10.8 0.902658453558114
10.9 0.901734478845843
11 0.900810504133572
11.1 0.8998865294213
11.2 0.898962554709029
11.3 0.898038579996758
11.4 0.897114605284487
11.5 0.896190630572216
11.6 0.895266655859945
11.7 0.894342681147674
11.8 0.893418706435403
11.9 0.892494731723132
12 0.891570757010861
12.1 0.89064678229859
12.2 0.89
12.3 0.889091627172196
12.4 0.888183254344392
12.5 0.887274881516588
12.6 0.886366508688784
12.7 0.88545813586098
12.8 0.884549763033175
12.9 0.883641390205371
13 0.882733017377567
13.1 0.881824644549763
13.2 0.880916271721959
13.3 0.880007898894155
13.4 0.879099526066351
13.5 0.878191153238547
13.6 0.877282780410743
13.7 0.876374407582939
13.8 0.875466034755135
13.9 0.87455766192733
14 0.873649289099526
14.1 0.872740916271722
14.2 0.871832543443918
14.3 0.870924170616114
14.4 0.87001579778831
14.5 0.869107424960506
14.6 0.868199052132702
14.7 0.867290679304898
14.8 0.866382306477094
14.9 0.865473933649289
15 0.864565560821485
15.1 0.863657187993681
15.2 0.862748815165877
15.3 0.861840442338073
15.4 0.860932069510269
15.5 0.860023696682465
15.6 0.859115323854661
15.7 0.858206951026857
15.8 0.857298578199053
15.9 0.856390205371249
16 0.855481832543444
16.1 0.85457345971564
16.2 0.853665086887836
16.3 0.852756714060032
16.4 0.851848341232228
16.5 0.850939968404424
16.6 0.85003159557662
16.7 0.849123222748816
16.8 0.848214849921012
16.9 0.847306477093208
17 0.846398104265404
17.1 0.845489731437599
17.2 0.844581358609795
17.3 0.843672985781991
17.4 0.842764612954187
17.5 0.841856240126383
17.6 0.840947867298579
17.7 0.840039494470775
17.8 0.839131121642971
17.9 0.838222748815167
18 0.837314375987363
18.1 0.836406003159558
18.2 0.835497630331754
18.3 0.83458925750395
18.4 0.833680884676146
18.5 0.832772511848342
18.6 0.831864139020538
18.7 0.830955766192734
18.8 0.83004739336493
18.9 0.829139020537126
19 0.828230647709322
19.1 0.827322274881518
19.2 0.826413902053713
19.3 0.825505529225909
19.4 0.824597156398105
19.5 0.823688783570301
19.6 0.822780410742497
19.7 0.821872037914693
19.8 0.820963665086889
19.9 0.820055292259085
20 0.819146919431281
20.1 0.818238546603477
20.2 0.817330173775673
20.3 0.816421800947868
20.4 0.815513428120064
20.5 0.81460505529226
20.6 0.813696682464456
20.7 0.812788309636652
20.8 0.811879936808848
20.9 0.810971563981044
21 0.81006319115324
21.1 0.809154818325436
21.2 0.808246445497632
21.3 0.807338072669827
21.4 0.806429699842023
21.5 0.805521327014219
21.6 0.804612954186415
21.7 0.803704581358611
21.8 0.802796208530807
21.9 0.801887835703003
22 0.800979462875199
22.1 0.800071090047395
22.2 0.79916271721959
22.3 0.798254344391786
22.4 0.797345971563982
22.5 0.796437598736178
22.6 0.795529225908374
22.7 0.79462085308057
22.8 0.793712480252766
22.9 0.792804107424961
23 0.791895734597157
23.1 0.790987361769353
23.2 0.790078988941549
23.3 0.789170616113745
23.4 0.788262243285941
23.5 0.787353870458136
23.6 0.786445497630332
23.7 0.785537124802528
23.8 0.784628751974724
23.9 0.78372037914692
24 0.782812006319116
24.1 0.781903633491312
24.2 0.780995260663507
24.3 0.780086887835703
24.4 0.779178515007899
24.5 0.778270142180095
24.6 0.777361769352291
24.7 0.776453396524487
24.8 0.775545023696683
24.9 0.775
25 0.774095238095238
25.1 0.773190476190476
25.2 0.772285714285714
25.3 0.771380952380953
25.4 0.770476190476191
25.5 0.769571428571429
25.6 0.768666666666667
25.7 0.767761904761905
25.8 0.766857142857143
25.9 0.765952380952381
26 0.765047619047619
26.1 0.764142857142857
26.2 0.763238095238095
26.3 0.762333333333334
26.4 0.761428571428572
26.5 0.76052380952381
26.6 0.759619047619048
26.7 0.758714285714286
26.8 0.757809523809524
26.9 0.756904761904762
27 0.756
27.1 0.755095238095238
27.2 0.754190476190476
27.3 0.753285714285715
27.4 0.752380952380953
27.5 0.751476190476191
27.6 0.750571428571429
27.7 0.749666666666667
27.8 0.748761904761905
27.9 0.747857142857143
28 0.746952380952381
28.1 0.746047619047619
28.2 0.745142857142857
28.3 0.744238095238095
28.4 0.743333333333334
28.5 0.742428571428572
28.6 0.74152380952381
28.7 0.740619047619048
28.8 0.739714285714286
28.9 0.738809523809524
29 0.737904761904762
29.1 0.737
29.2 0.736095238095238
29.3 0.735190476190476
29.4 0.734285714285714
29.5 0.733380952380952
29.6 0.732476190476191
29.7 0.731571428571429
29.8 0.730666666666667
29.9 0.729761904761905
30 0.728857142857143
30.1 0.727952380952381
30.2 0.727047619047619
30.3 0.726142857142857
30.4 0.725238095238095
30.5 0.724333333333333
30.6 0.723428571428572
30.7 0.72252380952381
30.8 0.721619047619048
30.9 0.720714285714286
31 0.719809523809524
31.1 0.718904761904762
31.2 0.718
31.3 0.717095238095238
31.4 0.716190476190476
31.5 0.715285714285714
31.6 0.714380952380952
31.7 0.71347619047619
31.8 0.712571428571429
31.9 0.711666666666667
32 0.710761904761905
32.1 0.709857142857143
32.2 0.708952380952381
32.3 0.708047619047619
32.4 0.707142857142857
32.5 0.706238095238095
32.6 0.705333333333333
32.7 0.704428571428571
32.8 0.70352380952381
32.9 0.702619047619048
33 0.701714285714286
33.1 0.700809523809524
33.2 0.699904761904762
33.3 0.699
33.4 0.698095238095238
33.5 0.697190476190476
33.6 0.696285714285714
33.7 0.695380952380952
33.8 0.69447619047619
33.9 0.693571428571429
34 0.692666666666667
34.1 0.691761904761905
34.2 0.690857142857143
34.3 0.689952380952381
34.4 0.689047619047619
34.5 0.688142857142857
34.6 0.687238095238095
34.7 0.686333333333333
34.8 0.685428571428571
34.9 0.68452380952381
35 0.683619047619048
35.1 0.682714285714286
35.2 0.681809523809524
35.3 0.680904761904762
35.4 0.68
35.5 0.679090909090909
35.6 0.678181818181818
35.7 0.677272727272727
35.8 0.676363636363636
35.9 0.675454545454546
36 0.674545454545455
36.1 0.673636363636364
36.2 0.672727272727273
36.3 0.671818181818182
36.4 0.670909090909091
36.5 0.67
36.6 0.669090909090909
36.7 0.668181818181818
36.8 0.667272727272727
36.9 0.666363636363636
37 0.665454545454546
37.1 0.664545454545455
37.2 0.663636363636364
37.3 0.662727272727273
37.4 0.661818181818182
37.5 0.660909090909091
37.6 0.66
37.7 0.659090909090909
37.8 0.658181818181818
37.9 0.657272727272727
38 0.656363636363636
38.1 0.655454545454546
38.2 0.654545454545455
38.3 0.653636363636364
38.4 0.652727272727273
38.5 0.651818181818182
38.6 0.650909090909091
38.7 0.65
38.8 0.649065934065934
38.9 0.648131868131868
39 0.647197802197802
39.1 0.646263736263736
39.2 0.64532967032967
39.3 0.644395604395604
39.4 0.643461538461538
39.5 0.642527472527472
39.6 0.641593406593406
39.7 0.64065934065934
39.8 0.639725274725275
39.9 0.638791208791209
40 0.637857142857143
40.1 0.636945054945055
40.2 0.636032967032967
40.3 0.635120879120879
40.4 0.634208791208791
40.5 0.633296703296703
40.6 0.632384615384615
40.7 0.631472527472527
40.8 0.63056043956044
40.9 0.629648351648352
41 0.628736263736264
41.1 0.627824175824176
41.2 0.626912087912088
41.3 0.626
41.4 0.625007407407407
41.5 0.624014814814815
41.6 0.623022222222222
41.7 0.62202962962963
41.8 0.621037037037037
41.9 0.620044444444445
42 0.619051851851852
42.1 0.618059259259259
42.2 0.617066666666667
42.3 0.616074074074074
42.4 0.615081481481481
42.5 0.614088888888889
42.6 0.613096296296296
42.7 0.612103703703704
42.8 0.611111111111111
42.9 0.61031746031746
43 0.60952380952381
43.1 0.608730158730159
43.2 0.607936507936508
43.3 0.607142857142857
43.4 0.606349206349206
43.5 0.605555555555556
43.6 0.604761904761905
43.7 0.603968253968254
43.8 0.603174603174603
43.9 0.602380952380952
44 0.601587301587302
44.1 0.600793650793651
44.2 0.6
44.3 0.599058823529412
44.4 0.598117647058824
44.5 0.597176470588235
44.6 0.596235294117647
44.7 0.595294117647059
44.8 0.594352941176471
44.9 0.593411764705882
45 0.592470588235294
45.1 0.591529411764706
45.2 0.590588235294118
45.3 0.58964705882353
45.4 0.588705882352941
45.5 0.587764705882353
45.6 0.586823529411765
45.7 0.585882352941177
45.8 0.584941176470588
45.9 0.584
46 0.583037037037037
46.1 0.582074074074074
46.2 0.581111111111111
46.3 0.580148148148148
46.4 0.579185185185185
46.5 0.578222222222222
46.6 0.577259259259259
46.7 0.576296296296296
46.8 0.575333333333333
46.9 0.574370370370371
47 0.573407407407408
47.1 0.572444444444445
47.2 0.571481481481482
47.3 0.570518518518519
47.4 0.569555555555556
47.5 0.568592592592593
47.6 0.56762962962963
47.7 0.566666666666667
47.8 0.565864661654135
47.9 0.565062656641604
48 0.564260651629073
48.1 0.563458646616541
48.2 0.56265664160401
48.3 0.561854636591478
48.4 0.561052631578947
48.5 0.560250626566416
48.6 0.559448621553884
48.7 0.558646616541353
48.8 0.557844611528822
48.9 0.55704260651629
49 0.556240601503759
49.1 0.555438596491228
49.2 0.554636591478697
49.3 0.553834586466165
49.4 0.553032581453634
49.5 0.552230576441103
49.6 0.551428571428571
49.7 0.550483351235231
49.8 0.54953813104189
49.9 0.54859291084855
50 0.547647690655209
50.1 0.546702470461869
50.2 0.545757250268528
50.3 0.544812030075188
50.4 0.543866809881847
50.5 0.542921589688507
50.6 0.541976369495166
50.7 0.541031149301826
50.8 0.540085929108485
50.9 0.539140708915145
51 0.538195488721804
51.1 0.537250268528464
51.2 0.536305048335123
51.3 0.535359828141783
51.4 0.534414607948442
51.5 0.533469387755102
51.6 0.532524167561762
51.7 0.531578947368421
51.8 0.530684666210982
51.9 0.529790385053543
52 0.528896103896104
52.1 0.528001822738665
52.2 0.527107541581226
52.3 0.526213260423787
52.4 0.525318979266348
52.5 0.524424698108909
52.6 0.52353041695147
52.7 0.52263613579403
52.8 0.521741854636591
52.9 0.520847573479152
53 0.519953292321713
53.1 0.519059011164274
53.2 0.518164730006835
53.3 0.517270448849396
53.4 0.516376167691957
53.5 0.515481886534518
53.6 0.514587605377079
53.7 0.51369332421964
53.8 0.512799043062201
53.9 0.511904761904762
54 0.511003039513678
54.1 0.510101317122594
54.2 0.50919959473151
54.3 0.508297872340426
54.4 0.507396149949341
54.5 0.506494427558257
54.6 0.505592705167173
54.7 0.504690982776089
54.8 0.503789260385005
54.9 0.502887537993921
55 0.501985815602837
55.1 0.501084093211753
55.2 0.500182370820669
55.3 0.499280648429585
55.4 0.4983789260385
55.5 0.497477203647416
55.6 0.496575481256332
55.7 0.495673758865248
55.8 0.494772036474164
55.9 0.49387031408308
56 0.492968591691996
56.1 0.492066869300912
56.2 0.491165146909828
56.3 0.490263424518744
56.4 0.48936170212766
56.5 0.488439506483696
56.6 0.487517310839733
56.7 0.48659511519577
56.8 0.485672919551807
56.9 0.484750723907843
57 0.48382852826388
57.1 0.482906332619917
57.2 0.481984136975954
57.3 0.481061941331991
57.4 0.480139745688027
57.5 0.479217550044064
57.6 0.478295354400101
57.7 0.477373158756138
57.8 0.476450963112174
57.9 0.475528767468211
58 0.474606571824248
58.1 0.473684376180285
58.2 0.472762180536321
58.3 0.471839984892358
58.4 0.470917789248395
58.5 0.469995593604432
58.6 0.469073397960468
58.7 0.468151202316505
58.8 0.467229006672542
58.9 0.466306811028579
59 0.465384615384615
59.1 0.464477855477855
59.2 0.463571095571095
59.3 0.462664335664336
59.4 0.461757575757576
59.5 0.460850815850816
59.6 0.459944055944056
59.7 0.459037296037296
59.8 0.458130536130536
59.9 0.457223776223776
60 0.456317016317016
60.1 0.455410256410256
60.2 0.454503496503496
60.3 0.453596736596736
60.4 0.452689976689976
60.5 0.451783216783217
60.6 0.450876456876457
60.7 0.449969696969697
60.8 0.449062937062937
60.9 0.448156177156177
61 0.447249417249417
61.1 0.446342657342657
61.2 0.445435897435897
61.3 0.444529137529137
61.4 0.443622377622377
61.5 0.442715617715618
61.6 0.441808857808858
61.7 0.440902097902098
61.8 0.439995337995338
61.9 0.439088578088578
62 0.438181818181818
62.1 0.437318048520395
62.2 0.436454278858971
62.3 0.435590509197547
62.4 0.434726739536124
62.5 0.4338629698747
62.6 0.432999200213277
62.7 0.432135430551853
62.8 0.431271660890429
62.9 0.430407891229006
63 0.429544121567582
63.1 0.428680351906158
63.2 0.427816582244735
63.3 0.426952812583311
63.4 0.426089042921888
63.5 0.425225273260464
63.6 0.42436150359904
63.7 0.423497733937617
63.8 0.422633964276193
63.9 0.421770194614769
64 0.420906424953346
64.1 0.420042655291922
64.2 0.419178885630499
64.3 0.418315115969075
64.4 0.417451346307651
64.5 0.416587576646228
64.6 0.415723806984804
64.7 0.41486003732338
64.8 0.413996267661957
64.9 0.413132498000533
65 0.41226872833911
65.1 0.411404958677686
65.2 0.410541189016262
65.3 0.409677419354839
65.4 0.408745252233456
65.5 0.407813085112074
65.6 0.406880917990692
65.7 0.405948750869309
65.8 0.405016583747927
65.9 0.404084416626545
66 0.403152249505162
66.1 0.40222008238378
66.2 0.401287915262398
66.3 0.400355748141015
66.4 0.399423581019633
66.5 0.398491413898251
66.6 0.397559246776868
66.7 0.396627079655486
66.8 0.395694912534104
66.9 0.394762745412721
67 0.393830578291339
67.1 0.392898411169957
67.2 0.391966244048574
67.3 0.391034076927192
67.4 0.39010190980581
67.5 0.389169742684427
67.6 0.388237575563045
67.7 0.387305408441663
67.8 0.38637324132028
67.9 0.385441074198898
68 0.384508907077516
68.1 0.383576739956133
68.2 0.382644572834751
68.3 0.381712405713369
68.4 0.380780238591986
68.5 0.379848071470604
68.6 0.378915904349222
68.7 0.377983737227839
68.8 0.377051570106457
68.9 0.376119402985075
69 0.375223362354892
69.1 0.37432732172471
69.2 0.373431281094527
69.3 0.372535240464345
69.4 0.371639199834162
69.5 0.37074315920398
69.6 0.369847118573798
69.7 0.368951077943615
69.8 0.368055037313433
69.9 0.36715899668325
70 0.366262956053068
70.1 0.365366915422886
70.2 0.364470874792703
70.3 0.363574834162521
70.4 0.362678793532338
70.5 0.361782752902156
70.6 0.360886712271973
70.7 0.359990671641791
70.8 0.359094631011609
70.9 0.358198590381426
71 0.357302549751244
71.1 0.356406509121061
71.2 0.355510468490879
71.3 0.354614427860697
71.4 0.353718387230514
71.5 0.352822346600332
71.6 0.351926305970149
71.7 0.351030265339967
71.8 0.350134224709784
71.9 0.349238184079602
72 0.34834214344942
72.1 0.347446102819237
72.2 0.346550062189055
72.3 0.345654021558872
72.4 0.34475798092869
72.5 0.343861940298507
72.6 0.342965899668325
72.7 0.342069859038143
72.8 0.34117381840796
72.9 0.340277777777778
73 0.33937356979405
73.1 0.338469361810323
73.2 0.337565153826596
73.3 0.336660945842868
73.4 0.335756737859141
73.5 0.334852529875413
73.6 0.333948321891686
73.7 0.333044113907958
73.8 0.332139905924231
73.9 0.331235697940504
74 0.330331489956776
74.1 0.329427281973049
74.2 0.328523073989321
74.3 0.327618866005594
74.4 0.326714658021866
74.5 0.325810450038139
74.6 0.324906242054412
74.7 0.324002034070684
74.8 0.323097826086957
74.9 0.322193618103229
75 0.321289410119502
75.1 0.320385202135774
75.2 0.319480994152047
75.3 0.31857678616832
75.4 0.317672578184592
75.5 0.316768370200865
75.6 0.315864162217137
75.7 0.31495995423341
75.8 0.314055746249682
75.9 0.313151538265955
76 0.312247330282228
76.1 0.3113431222985
76.2 0.310438914314773
76.3 0.309534706331045
76.4 0.308630498347318
76.5 0.30772629036359
76.6 0.306822082379863
76.7 0.305917874396135
76.8 0.305013666412408
76.9 0.30410945842868
77 0.303205250444953
77.1 0.302301042461225
77.2 0.301396834477498
77.3 0.300492626493771
77.4 0.299588418510043
77.5 0.298684210526316
77.6 0.297786437246964
77.7 0.296888663967611
77.8 0.295990890688259
77.9 0.295093117408907
78 0.294195344129555
78.1 0.293297570850202
78.2 0.29239979757085
78.3 0.291502024291498
78.4 0.290604251012146
78.5 0.289706477732793
78.6 0.288808704453441
78.7 0.287910931174089
78.8 0.287013157894737
78.9 0.286115384615385
79 0.285217611336032
79.1 0.28431983805668
79.2 0.283422064777328
79.3 0.282524291497976
79.4 0.281626518218623
79.5 0.280728744939271
79.6 0.279830971659919
79.7 0.278933198380567
79.8 0.278035425101214
79.9 0.277137651821862
80 0.27623987854251
80.1 0.275342105263158
80.2 0.274444331983806
80.3 0.273546558704453
80.4 0.272648785425101
80.5 0.271751012145749
80.6 0.270853238866397
80.7 0.269955465587044
80.8 0.269057692307692
80.9 0.26815991902834
81 0.267262145748988
81.1 0.266364372469636
81.2 0.265466599190283
81.3 0.264568825910931
81.4 0.263671052631579
81.5 0.262773279352227
81.6 0.261875506072874
81.7 0.260977732793522
81.8 0.26007995951417
81.9 0.259182186234818
82 0.258284412955466
82.1 0.257386639676113
82.2 0.256488866396761
82.3 0.255591093117409
82.4 0.254693319838057
82.5 0.253795546558704
82.6 0.252897773279352
82.7 0.252
82.8 0.251095739807604
82.9 0.250191479615208
83 0.249287219422813
83.1 0.248382959230417
83.2 0.247478699038021
83.3 0.246574438845625
83.4 0.245670178653229
83.5 0.244765918460834
83.6 0.243861658268438
83.7 0.242957398076042
83.8 0.242053137883646
83.9 0.241148877691251
84 0.240244617498855
84.1 0.239340357306459
84.2 0.238436097114063
84.3 0.237531836921667
84.4 0.236627576729272
84.5 0.235723316536876
84.6 0.23481905634448
84.7 0.233914796152084
84.8 0.233010535959688
84.9 0.232106275767293
85 0.231202015574897
85.1 0.230297755382501
85.2 0.229393495190105
85.3 0.22848923499771
85.4 0.227584974805314
85.5 0.226680714612918
85.6 0.225776454420522
85.7 0.224872194228126
85.8 0.223967934035731
85.9 0.223063673843335
86 0.222159413650939
86.1 0.221255153458543
86.2 0.220350893266148
86.3 0.219446633073752
86.4 0.218542372881356
86.5 0.21763811268896
86.6 0.216733852496564
86.7 0.215829592304169
86.8 0.214925332111773
86.9 0.214021071919377
87 0.213116811726981
87.1 0.212212551534585
87.2 0.21130829134219
87.3 0.210404031149794
87.4 0.209499770957398
87.5 0.208595510765002
87.6 0.207691250572606
87.7 0.206786990380211
87.8 0.205882730187815
87.9 0.204978469995419
88 0.204074209803023
88.1 0.203169949610628
88.2 0.202265689418232
88.3 0.201361429225836
88.4 0.20045716903344
88.5 0.199552908841044
88.6 0.198648648648649
88.7 0.197734132322368
88.8 0.196819615996087
88.9 0.195905099669806
89 0.194990583343525
89.1 0.194076067017244
89.2 0.193161550690962
89.3 0.192247034364681
89.4 0.1913325180384
89.5 0.190418001712119
89.6 0.189503485385838
89.7 0.188588969059557
89.8 0.187674452733276
89.9 0.186759936406995
90 0.185845420080714
90.1 0.184930903754433
90.2 0.184016387428152
90.3 0.183101871101871
90.4 0.18218735477559
90.5 0.181272838449309
90.6 0.180358322123028
90.7 0.179443805796747
90.8 0.178529289470466
90.9 0.177614773144185
91 0.176700256817904
91.1 0.175785740491623
91.2 0.174871224165342
91.3 0.173956707839061
91.4 0.17304219151278
91.5 0.172127675186499
91.6 0.171213158860218
91.7 0.170298642533937
91.8 0.169384126207656
91.9 0.168469609881375
92 0.167555093555094
92.1 0.166640577228812
92.2 0.165726060902531
92.3 0.16481154457625
92.4 0.163897028249969
92.5 0.162982511923688
92.6 0.162067995597407
92.7 0.161153479271126
92.8 0.160238962944845
92.9 0.159324446618564
93 0.158409930292283
93.1 0.157495413966002
93.2 0.156580897639721
93.3 0.15566638131344
93.4 0.154751864987159
93.5 0.153837348660878
93.6 0.152922832334597
93.7 0.152008316008316
93.8 0.151093799682035
93.9 0.150179283355754
94 0.149264767029473
94.1 0.148350250703192
94.2 0.147435734376911
94.3 0.14652121805063
94.4 0.145606701724349
94.5 0.144692185398068
94.6 0.143777669071787
94.7 0.142863152745506
94.8 0.141948636419225
94.9 0.141034120092944
95 0.140119603766663
95.1 0.139205087440381
95.2 0.1382905711141
95.3 0.137376054787819
95.4 0.136461538461538
95.5 0.135555767852878
95.6 0.134649997244217
95.7 0.133744226635557
95.8 0.132838456026896
95.9 0.131932685418236
96 0.131026914809575
96.1 0.130121144200915
96.2 0.129215373592254
96.3 0.128309602983594
96.4 0.127403832374933
96.5 0.126498061766273
96.6 0.125592291157612
96.7 0.124686520548952
96.8 0.123780749940291
96.9 0.122874979331631
97 0.12196920872297
97.1 0.12106343811431
97.2 0.120157667505649
97.3 0.119251896896989
97.4 0.118346126288328
97.5 0.117440355679668
97.6 0.116534585071007
97.7 0.115628814462347
97.8 0.114723043853686
97.9 0.113817273245026
98 0.112911502636365
98.1 0.112005732027705
98.2 0.111099961419044
98.3 0.110194190810384
98.4 0.109288420201723
98.5 0.108382649593063
98.6 0.107476878984402
98.7 0.106571108375742
98.8 0.105665337767081
98.9 0.104759567158421
99 0.10385379654976
99.1 0.1029480259411
99.2 0.102042255332439
99.3 0.101136484723779
99.4 0.100230714115118
99.5 0.0993249435064575
99.6 0.098419172897797
99.7 0.0975134022891365
99.8 0.096607631680476
99.9 0.0957018610718155
100 0.094796090463155
100.1 0.0938903198544945
100.2 0.092984549245834
100.3 0.0920787786371735
100.4 0.091173008028513
100.5 0.0902672374198525
100.6 0.089361466811192
100.7 0.0884556962025315
100.8 0.087549925593871
100.9 0.0866441549852105
101 0.08573838437655
101.1 0.0848326137678895
101.2 0.083926843159229
101.3 0.0830210725505685
101.4 0.0821153019419079
101.5 0.0812095313332474
101.6 0.0803037607245869
101.7 0.0793979901159264
101.8 0.0784922195072659
101.9 0.0775864488986054
102 0.0766806782899449
102.1 0.0757749076812844
102.2 0.0748691370726239
102.3 0.0739633664639634
102.4 0.0730575958553029
102.5 0.0721518252466424
102.6 0.0712460546379819
102.7 0.0703402840293214
102.8 0.0694345134206609
102.9 0.0685287428120004
103 0.0676229722033399
103.1 0.0667172015946794
103.2 0.0658114309860189
103.3 0.0649056603773585
103.4 0.0628119293974437
103.5 0.0607181984175289
103.6 0.0586244674376141
103.7 0.0565307364576993
103.8 0.0544370054777845
103.9 0.0523432744978697
104 0.0502495435179549
104.1 0.0481558125380401
104.2 0.0460620815581254
104.3 0.0439683505782106
104.4 0.0418746195982958
104.5 0.039780888618381
104.6 0.0376871576384662
104.7 0.0355934266585514
104.8 0.0334996956786366
104.9 0.0314059646987218
105 0.029312233718807
105.1 0.0272185027388922
105.2 0.0251247717589774
105.3 0.0230310407790626
105.4 0.0209373097991478
105.5 0.018843578819233
105.6 0.0167498478393182
105.7 0.0146561168594034
105.8 0.0125623858794886
105.9 0.0104686548995738
106 0.00837492391965907
106.1 0.00628119293974426
106.2 0.00418746195982949
106.3 0.00209373097991462
106.4 0
106.5 0
106.6 0
106.7 0
106.8 0
106.9 0
107 0
107.1 0
107.2 0
107.3 0
107.4 0
107.5 0
107.6 0
107.7 0
107.8 0
107.9 0
108 0
108.1 0
108.2 0
108.3 0
108.4 0
108.5 0
108.6 0
108.7 0
108.8 0
108.9 0
109 0
109.1 0
109.2 0
109.3 0
109.4 0
109.5 0
109.6 0
109.7 0
109.8 0
109.9 0
110 0
110.1 0
110.2 0
110.3 0
110.4 0
110.5 0
110.6 0
110.7 0
110.8 0
110.9 0
111 0
111.1 0
111.2 0
111.3 0
111.4 0
111.5 0
111.6 0
111.7 0
111.8 0
111.9 0
112 0
112.1 0
112.2 0
112.3 0
112.4 0
112.5 0
112.6 0
112.7 0
112.8 0
112.9 0
113 0
113.1 0
113.2 0
113.3 0
113.4 0
113.5 0
113.6 0
113.7 0
113.8 0
113.9 0
114 0
114.1 0
114.2 0
114.3 0
114.4 0
114.5 0
114.6 0
114.7 0
114.8 0
114.9 0
115 0
115.1 0
115.2 0
115.3 0
115.4 0
115.5 0
115.6 0
115.7 0
115.8 0
115.9 0
116 0
116.1 0
116.2 0
116.3 0
116.4 0
116.5 0
116.6 0
116.7 0
116.8 0
116.9 0
117 0
117.1 0
117.2 0
117.3 0
117.4 0
117.5 0
117.6 0
117.7 0
117.8 0
117.9 0
118 0
118.1 0
118.2 0
118.3 0
118.4 0
118.5 0
118.6 0
118.7 0
118.8 0
118.9 0
119 0
119.1 0
119.2 0
119.3 0
119.4 0
119.5 0
119.6 0
119.7 0
119.8 0
119.9 0
120 0
120.1 0
120.2 0
120.3 0
120.4 0
120.5 0
120.6 0
120.7 0
120.8 0
120.9 0
121 0
121.1 0
121.2 0
121.3 0
121.4 0
121.5 0
121.6 0
121.7 0
121.8 0
121.9 0
122 0
122.1 0
122.2 0
122.3 0
122.4 0
122.5 0
122.6 0
122.7 0
122.8 0
122.9 0
123 0
123.1 0
123.2 0
123.3 0
123.4 0
123.5 0
123.6 0
123.7 0
123.8 0
123.9 0
124 0
124.1 0
124.2 0
124.3 0
124.4 0
124.5 0
124.6 0
124.7 0
124.8 0
124.9 0
125 0
125.1 0
125.2 0
125.3 0
125.4 0
125.5 0
125.6 0
125.7 0
125.8 0
125.9 0
126 0
126.1 0
126.2 0
126.3 0
126.4 0
126.5 0
126.6 0
126.7 0
126.8 0
126.9 0
127 0
127.1 0
127.2 0
127.3 0
127.4 0
127.5 0
127.6 0
127.7 0
127.8 0
127.9 0
128 0
128.1 0
128.2 0
128.3 0
128.4 0
128.5 0
128.6 0
128.7 0
128.8 0
128.9 0
129 0
129.1 0
129.2 0
129.3 0
129.4 0
129.5 0
129.6 0
129.7 0
129.8 0
129.9 0
130 0
130.1 0
130.2 0
130.3 0
130.4 0
130.5 0
130.6 0
130.7 0
130.8 0
130.9 0
131 0
131.1 0
131.2 0
131.3 0
131.4 0
131.5 0
131.6 0
131.7 0
131.8 0
131.9 0
132 0
132.1 0
132.2 0
132.3 0
132.4 0
132.5 0
132.6 0
132.7 0
132.8 0
132.9 0
133 0
133.1 0
133.2 0
133.3 0
133.4 0
133.5 0
133.6 0
133.7 0
133.8 0
133.9 0
134 0
134.1 0
134.2 0
134.3 0
134.4 0
134.5 0
134.6 0
134.7 0
134.8 0
134.9 0
135 0
135.1 0
135.2 0
135.3 0
135.4 0
135.5 0
135.6 0
135.7 0
135.8 0
135.9 0
136 0
136.1 0
136.2 0
136.3 0
136.4 0
136.5 0
136.6 0
136.7 0
136.8 0
136.9 0
137 0
137.1 0
137.2 0
137.3 0
137.4 0
137.5 0
137.6 0
137.7 0
137.8 0
137.9 0
138 0
138.1 0
138.2 0
138.3 0
138.4 0
138.5 0
138.6 0
138.7 0
138.8 0
138.9 0
139 0
139.1 0
139.2 0
139.3 0
139.4 0
139.5 0
139.6 0
139.7 0
139.8 0
139.9 0
140 0
140.1 0
140.2 0
140.3 0
140.4 0
140.5 0
140.6 0
140.7 0
140.8 0
140.9 0
141 0
141.1 0
141.2 0
141.3 0
141.4 0
141.5 0
141.6 0
141.7 0
141.8 0
141.9 0
142 0
142.1 0
142.2 0
142.3 0
142.4 0
142.5 0
142.6 0
142.7 0
142.8 0
142.9 0
143 0
143.1 0
143.2 0
143.3 0
143.4 0
143.5 0
143.6 0
143.7 0
143.8 0
143.9 0
144 0
144.1 0
144.2 0
144.3 0
144.4 0
144.5 0
144.6 0
144.7 0
144.8 0
144.9 0
145 0
145.1 0
145.2 0
145.3 0
145.4 0
145.5 0
145.6 0
145.7 0
145.8 0
145.9 0
146 0
146.1 0
146.2 0
146.3 0
146.4 0
146.5 0
146.6 0
146.7 0
146.8 0
146.9 0
147 0
147.1 0
147.2 0
147.3 0
147.4 0
147.5 0
147.6 0
147.7 0
147.8 0
147.9 0
148 0
148.1 0
148.2 0
148.3 0
148.4 0
148.5 0
148.6 0
148.7 0
148.8 0
148.9 0
149 0
149.1 0
149.2 0
149.3 0
149.4 0
149.5 0
149.6 0
149.7 0
149.8 0
149.9 0
150 0
150.1 0
150.2 0
150.3 0
150.4 0
150.5 0
150.6 0
150.7 0
150.8 0
150.9 0
151 0
151.1 0
151.2 0
151.3 0
151.4 0
151.5 0
151.6 0
151.7 0
151.8 0
151.9 0
152 0
152.1 0
152.2 0
152.3 0
152.4 0
152.5 0
152.6 0
152.7 0
152.8 0
152.9 0
153 0
153.1 0
153.2 0
153.3 0
153.4 0
153.5 0
153.6 0
153.7 0
153.8 0
153.9 0
154 0
154.1 0
154.2 0
154.3 0
154.4 0
154.5 0
154.6 0
154.7 0
154.8 0
154.9 0
155 0
155.1 0
155.2 0
155.3 0
155.4 0
155.5 0
155.6 0
155.7 0
155.8 0
155.9 0
156 0
156.1 0
156.2 0
156.3 0
156.4 0
156.5 0
156.6 0
156.7 0
156.8 0
156.9 0
157 0
157.1 0
157.2 0
157.3 0
157.4 0
157.5 0
157.6 0
157.7 0
157.8 0
157.9 0
158 0
158.1 0
158.2 0
158.3 0
158.4 0
158.5 0
158.6 0
158.7 0
158.8 0
158.9 0
159 0
159.1 0
159.2 0
159.3 0
159.4 0
159.5 0
159.6 0
159.7 0
159.8 0
159.9 0
160 0
160.1 0
160.2 0
160.3 0
160.4 0
160.5 0
160.6 0
160.7 0
160.8 0
160.9 0
161 0
161.1 0
161.2 0
161.3 0
161.4 0
161.5 0
161.6 0
161.7 0
161.8 0
161.9 0
162 0
162.1 0
162.2 0
162.3 0
162.4 0
162.5 0
162.6 0
162.7 0
162.8 0
162.9 0
163 0
163.1 0
163.2 0
163.3 0
163.4 0
163.5 0
163.6 0
163.7 0
163.8 0
163.9 0
164 0
164.1 0
164.2 0
164.3 0
164.4 0
164.5 0
164.6 0
164.7 0
164.8 0
164.9 0
165 0
165.1 0
165.2 0
165.3 0
165.4 0
165.5 0
165.6 0
165.7 0
165.8 0
165.9 0
166 0
166.1 0
166.2 0
166.3 0
166.4 0
166.5 0
166.6 0
166.7 0
166.8 0
166.9 0
167 0
167.1 0
167.2 0
167.3 0
167.4 0
167.5 0
167.6 0
167.7 0
167.8 0
167.9 0
168 0
168.1 0
168.2 0
168.3 0
168.4 0
168.5 0
168.6 0
168.7 0
168.8 0
168.9 0
169 0
169.1 0
169.2 0
169.3 0
169.4 0
169.5 0
169.6 0
169.7 0
169.8 0
169.9 0
170 0
170.1 0
170.2 0
170.3 0
170.4 0
170.5 0
170.6 0
170.7 0
170.8 0
170.9 0
171 0
171.1 0
171.2 0
171.3 0
171.4 0
171.5 0
171.6 0
171.7 0
171.8 0
171.9 0
172 0
172.1 0
172.2 0
172.3 0
172.4 0
172.5 0
172.6 0
172.7 0
172.8 0
172.9 0
173 0
173.1 0
173.2 0
173.3 0
173.4 0
173.5 0
173.6 0
173.7 0
173.8 0
173.9 0
174 0
174.1 0
174.2 0
174.3 0
174.4 0
174.5 0
174.6 0
174.7 0
174.8 0
174.9 0
175 0
175.1 0
175.2 0
175.3 0
175.4 0
175.5 0
175.6 0
175.7 0
175.8 0
175.9 0
176 0
176.1 0
176.2 0
176.3 0
176.4 0
176.5 0
176.6 0
176.7 0
176.8 0
176.9 0
177 0
177.1 0
177.2 0
177.3 0
177.4 0
177.5 0
177.6 0
177.7 0
177.8 0
177.9 0
178 0
178.1 0
178.2 0
178.3 0
178.4 0
178.5 0
178.6 0
178.7 0
178.8 0
178.9 0
179 0
179.1 0
179.2 0
179.3 0
179.4 0
179.5 0
179.6 0
179.7 0
179.8 0
179.9 0
180 0
180.1 0
180.2 0
180.3 0
180.4 0
180.5 0
180.6 0
180.7 0
180.8 0
180.9 0
181 0
181.1 0
181.2 0
181.3 0
181.4 0
181.5 0
181.6 0
181.7 0
181.8 0
181.9 0
182 0
182.1 0
182.2 0
182.3 0
182.4 0
182.5 0
182.6 0
182.7 0
182.8 0
182.9 0
183 0
183.1 0
183.2 0
183.3 0
183.4 0
183.5 0
183.6 0
183.7 0
183.8 0
183.9 0
184 0
184.1 0
184.2 0
184.3 0
184.4 0
184.5 0
184.6 0
184.7 0
184.8 0
184.9 0
185 0
185.1 0
185.2 0
185.3 0
185.4 0
185.5 0
185.6 0
185.7 0
185.8 0
185.9 0
186 0
186.1 0
186.2 0
186.3 0
186.4 0
186.5 0
186.6 0
186.7 0
186.8 0
186.9 0
187 0
187.1 0
187.2 0
187.3 0
187.4 0
187.5 0
187.6 0
187.7 0
187.8 0
187.9 0
188 0
188.1 0
188.2 0
188.3 0
188.4 0
188.5 0
188.6 0
188.7 0
188.8 0
188.9 0
189 0
189.1 0
189.2 0
189.3 0
189.4 0
189.5 0
189.6 0
189.7 0
189.8 0
189.9 0
190 0
190.1 0
190.2 0
190.3 0
190.4 0
190.5 0
190.6 0
190.7 0
190.8 0
190.9 0
191 0
191.1 0
191.2 0
191.3 0
191.4 0
191.5 0
191.6 0
191.7 0
191.8 0
191.9 0
192 0
192.1 0
192.2 0
192.3 0
192.4 0
192.5 0
192.6 0
192.7 0
192.8 0
192.9 0
193 0
193.1 0
193.2 0
193.3 0
193.4 0
193.5 0
193.6 0
193.7 0
193.8 0
193.9 0
194 0
194.1 0
194.2 0
194.3 0
194.4 0
194.5 0
194.6 0
194.7 0
194.8 0
194.9 0
195 0
195.1 0
195.2 0
195.3 0
195.4 0
195.5 0
195.6 0
195.7 0
195.8 0
195.9 0
196 0
196.1 0
196.2 0
196.3 0
196.4 0
196.5 0
196.6 0
196.7 0
196.8 0
196.9 0
197 0
197.1 0
197.2 0
197.3 0
197.4 0
197.5 0
197.6 0
197.7 0
197.8 0
197.9 0
198 0
198.1 0
198.2 0
198.3 0
198.4 0
198.5 0
198.6 0
198.7 0
198.8 0
198.9 0
199 0
199.1 0
199.2 0
199.3 0
199.4 0
199.5 0
199.6 0
199.7 0
199.8 0
199.9 0
200 0
200.1 0
200.2 0
200.3 0
200.4 0
200.5 0
200.6 0
200.7 0
200.8 0
200.9 0
201 0
201.1 0
201.2 0
201.3 0
201.4 0
201.5 0
201.6 0
201.7 0
201.8 0
201.9 0
202 0
202.1 0
202.2 0
202.3 0
202.4 0
202.5 0
202.6 0
202.7 0
202.8 0
202.9 0
203 0
203.1 0
203.2 0
203.3 0
203.4 0
203.5 0
203.6 0
203.7 0
203.8 0
203.9 0
204 0
204.1 0
204.2 0
204.3 0
204.4 0
204.5 0
204.6 0
204.7 0
204.8 0
204.9 0
205 0
205.1 0
205.2 0
205.3 0
205.4 0
205.5 0
205.6 0
205.7 0
205.8 0
205.9 0
206 0
206.1 0
206.2 0
206.3 0
206.4 0
206.5 0
206.6 0
206.7 0
206.8 0
206.9 0
207 0
207.1 0
207.2 0
207.3 0
207.4 0
207.5 0
207.6 0
207.7 0
207.8 0
207.9 0
208 0
208.1 0
208.2 0
208.3 0
208.4 0
208.5 0
208.6 0
208.7 0
208.8 0
208.9 0
209 0
209.1 0
209.2 0
209.3 0
209.4 0
209.5 0
209.6 0
209.7 0
209.8 0
209.9 0
210 0
210.1 0
210.2 0
210.3 0
210.4 0
210.5 0
210.6 0
210.7 0
210.8 0
210.9 0
211 0
211.1 0
211.2 0
211.3 0
211.4 0
211.5 0
211.6 0
211.7 0
211.8 0
211.9 0
212 0
212.1 0
212.2 0
212.3 0
212.4 0
212.5 0
212.6 0
212.7 0
212.8 0
212.9 0
213 0
213.1 0
213.2 0
213.3 0
213.4 0
213.5 0
213.6 0
213.7 0
213.8 0
213.9 0
214 0
214.1 0
214.2 0
214.3 0
214.4 0
214.5 0
214.6 0
214.7 0
214.8 0
214.9 0
215 0
215.1 0
215.2 0
215.3 0
215.4 0
215.5 0
215.6 0
215.7 0
215.8 0
215.9 0
216 0
216.1 0
216.2 0
216.3 0
216.4 0
216.5 0
216.6 0
216.7 0
216.8 0
216.9 0
217 0
217.1 0
217.2 0
217.3 0
217.4 0
217.5 0
217.6 0
217.7 0
217.8 0
217.9 0
218 0
218.1 0
218.2 0
218.3 0
218.4 0
218.5 0
218.6 0
218.7 0
218.8 0
218.9 0
219 0
219.1 0
219.2 0
219.3 0
219.4 0
219.5 0
219.6 0
219.7 0
219.8 0
219.9 0
220 0
220.1 0
220.2 0
220.3 0
220.4 0
220.5 0
220.6 0
220.7 0
220.8 0
220.9 0
221 0
221.1 0
221.2 0
221.3 0
221.4 0
221.5 0
221.6 0
221.7 0
221.8 0
221.9 0
222 0
222.1 0
222.2 0
222.3 0
222.4 0
222.5 0
222.6 0
222.7 0
222.8 0
222.9 0
223 0
223.1 0
223.2 0
223.3 0
223.4 0
223.5 0
223.6 0
223.7 0
223.8 0
223.9 0
224 0
224.1 0
224.2 0
224.3 0
224.4 0
224.5 0
224.6 0
224.7 0
224.8 0
224.9 0
225 0
225.1 0
225.2 0
225.3 0
225.4 0
225.5 0
225.6 0
225.7 0
225.8 0
225.9 0
226 0
226.1 0
226.2 0
226.3 0
226.4 0
226.5 0
226.6 0
226.7 0
226.8 0
226.9 0
227 0
227.1 0
227.2 0
227.3 0
227.4 0
227.5 0
227.6 0
227.7 0
227.8 0
227.9 0
228 0
228.1 0
228.2 0
228.3 0
228.4 0
228.5 0
228.6 0
228.7 0
228.8 0
228.9 0
229 0
229.1 0
229.2 0
229.3 0
229.4 0
229.5 0
229.6 0
229.7 0
229.8 0
229.9 0
230 0
230.1 0
230.2 0
230.3 0
230.4 0
230.5 0
230.6 0
230.7 0
230.8 0
230.9 0
231 0
231.1 0
231.2 0
231.3 0
231.4 0
231.5 0
231.6 0
231.7 0
231.8 0
231.9 0
232 0
232.1 0
232.2 0
232.3 0
232.4 0
232.5 0
232.6 0
232.7 0
232.8 0
232.9 0
233 0
233.1 0
233.2 0
233.3 0
233.4 0
233.5 0
233.6 0
233.7 0
233.8 0
233.9 0
234 0
234.1 0
234.2 0
234.3 0
234.4 0
234.5 0
234.6 0
234.7 0
234.8 0
234.9 0
235 0
235.1 0
235.2 0
235.3 0
235.4 0
235.5 0
235.6 0
235.7 0
235.8 0
235.9 0
236 0
236.1 0
236.2 0
236.3 0
236.4 0
236.5 0
236.6 0
236.7 0
236.8 0
236.9 0
237 0
237.1 0
237.2 0
237.3 0
237.4 0
237.5 0
237.6 0
237.7 0
237.8 0
237.9 0
238 0
238.1 0
238.2 0
238.3 0
238.4 0
238.5 0
238.6 0
238.7 0
238.8 0
238.9 0
239 0
239.1 0
239.2 0
239.3 0
239.4 0
239.5 0
239.6 0
239.7 0
239.8 0
239.9 0
240 0
240.1 0
240.2 0
240.3 0
240.4 0
240.5 0
240.6 0
240.7 0
240.8 0
240.9 0
241 0
241.1 0
241.2 0
241.3 0
241.4 0
241.5 0
241.6 0
241.7 0
241.8 0
241.9 0
242 0
242.1 0
242.2 0
242.3 0
242.4 0
242.5 0
242.6 0
242.7 0
242.8 0
242.9 0
243 0
243.1 0
243.2 0
243.3 0
243.4 0
243.5 0
243.6 0
243.7 0
243.8 0
243.9 0
244 0
244.1 0
244.2 0
244.3 0
244.4 0
244.5 0
244.6 0
244.7 0
244.8 0
244.9 0
245 0
245.1 0
245.2 0
245.3 0
245.4 0
245.5 0
245.6 0
245.7 0
245.8 0
245.9 0
246 0
246.1 0
246.2 0
246.3 0
246.4 0
246.5 0
246.6 0
246.7 0
246.8 0
246.9 0
247 0
247.1 0
247.2 0
247.3 0
247.4 0
247.5 0
247.6 0
247.7 0
247.8 0
247.9 0
248 0
248.1 0
248.2 0
248.3 0
248.4 0
248.5 0
248.6 0
248.7 0
248.8 0
248.9 0
249 0
249.1 0
249.2 0
249.3 0
249.4 0
249.5 0
249.6 0
249.7 0
249.8 0
249.9 0
250 0
250.1 0
250.2 0
250.3 0
250.4 0
250.5 0
250.6 0
250.7 0
250.8 0
250.9 0
251 0
251.1 0
251.2 0
251.3 0
251.4 0
251.5 0
251.6 0
251.7 0
251.8 0
251.9 0
252 0
252.1 0
252.2 0
252.3 0
252.4 0
252.5 0
252.6 0
252.7 0
252.8 0
252.9 0
253 0
253.1 0
253.2 0
253.3 0
253.4 0
253.5 0
253.6 0
253.7 0
253.8 0
253.9 0
254 0
254.1 0
254.2 0
254.3 0
254.4 0
254.5 0
254.6 0
254.7 0
254.8 0
254.9 0
255 0
255.1 0
255.2 0
255.3 0
255.4 0
255.5 0
255.6 0
255.7 0
255.8 0
255.9 0
256 0
256.1 0
256.2 0
256.3 0
256.4 0
256.5 0
256.6 0
256.7 0
256.8 0
256.9 0
257 0
257.1 0
257.2 0
257.3 0
257.4 0
257.5 0
257.6 0
257.7 0
257.8 0
257.9 0
258 0
258.1 0
258.2 0
258.3 0
258.4 0
258.5 0
258.6 0
258.7 0
258.8 0
258.9 0
259 0
259.1 0
259.2 0
259.3 0
259.4 0
259.5 0
259.6 0
259.7 0
259.8 0
259.9 0
260 0
260.1 0
260.2 0
260.3 0
260.4 0
260.5 0
260.6 0
260.7 0
260.8 0
260.9 0
261 0
261.1 0
261.2 0
261.3 0
261.4 0
261.5 0
261.6 0
261.7 0
261.8 0
261.9 0
262 0
262.1 0
262.2 0
262.3 0
262.4 0
262.5 0
262.6 0
262.7 0
262.8 0
262.9 0
263 0
263.1 0
263.2 0
263.3 0
263.4 0
263.5 0
263.6 0
263.7 0
263.8 0
263.9 0
264 0
264.1 0
264.2 0
264.3 0
264.4 0
264.5 0
264.6 0
264.7 0
264.8 0
264.9 0
265 0
265.1 0
265.2 0
265.3 0
265.4 0
265.5 0
265.6 0
265.7 0
265.8 0
265.9 0
266 0
266.1 0
266.2 0
266.3 0
266.4 0
266.5 0
266.6 0
266.7 0
266.8 0
266.9 0
267 0
267.1 0
267.2 0
267.3 0
267.4 0
267.5 0
267.6 0
267.7 0
267.8 0
267.9 0
268 0
268.1 0
268.2 0
268.3 0
268.4 0
268.5 0
268.6 0
268.7 0
268.8 0
268.9 0
269 0
269.1 0
269.2 0
269.3 0
269.4 0
269.5 0
269.6 0
269.7 0
269.8 0
269.9 0
270 0
270.1 0
270.2 0
270.3 0
270.4 0
270.5 0
270.6 0
270.7 0
270.8 0
270.9 0
271 0
271.1 0
271.2 0
271.3 0
271.4 0
271.5 0
271.6 0
271.7 0
271.8 0
271.9 0
272 0
272.1 0
272.2 0
272.3 0
272.4 0
272.5 0
272.6 0
