0 0.000545569620253165
0.1 0.000648523206751055
0.2 0.000995522388059702
0.3 0.00121303870259094
0.4 0.00143055501712218
0.5 0.00164807133165342
0.6 0.00190909090909091
0.7 0.00214845423936333
0.8 0.00238781756963575
0.9 0.00262718089990817
1 0.00286654423018059
1.1 0.00310590756045301
1.2 0.00334527089072544
1.3 0.00348888888888889
1.4 0.00374468642871547
1.5 0.00400048396854204
1.6 0.00425628150836862
1.7 0.0045120790481952
1.8 0.00476787658802178
1.9 0.00502367412784836
2 0.00527947166767493
2.1 0.00553526920750151
2.2 0.00579106674732809
2.3 0.00604686428715467
2.4 0.00630266182698125
2.5 0.00645614035087719
2.6 0.00670632709506793
2.7 0.00695651383925867
2.8 0.00720670058344942
2.9 0.00745688732764016
3 0.0077070740718309
3.1 0.00795726081602164
3.2 0.00820744756021238
3.3 0.00845763430440312
3.4 0.00870782104859387
3.5 0.00895800779278461
3.6 0.00920819453697535
3.7 0.00945838128116609
3.8 0.00970856802535683
3.9 0.00995875476954757
4 0.0102089415137383
4.1 0.0104090909090909
4.2 0.0106587747216856
4.3 0.0108555555555556
4.4 0.0111080091576123
4.5 0.011360462759669
4.6 0.0116129163617257
4.7 0.0118653699637824
4.8 0.0121178235658391
4.9 0.0123702771678958
5 0.0126227307699525
5.1 0.0128751843720092
5.2 0.0131276379740659
5.3 0.0133800915761227
5.4 0.0136325451781794
5.5 0.0138849987802361
5.6 0.0141374523822928
5.7 0.0143899059843495
5.8 0.0146423595864062
5.9 0.0148948131884629
6 0.0151472667905196
6.1 0.0153997203925763
6.2 0.0156774193548387
6.3 0.0159234196397432
6.4 0.0161694199246477
6.5 0.0164154202095522
6.6 0.0166614204944566
6.7 0.0169074207793611
6.8 0.0171534210642656
6.9 0.0173994213491701
7 0.0176454216340746
7.1 0.0178914219189791
7.2 0.0181374222038835
7.3 0.018383422488788
7.4 0.0186294227736925
7.5 0.018875423058597
7.6 0.0191214233435015
7.7 0.019367423628406
7.8 0.0196134239133104
7.9 0.0198594241982149
8 0.0201054244831194
8.1 0.0203514247680239
8.2 0.0205974250529284
8.3 0.0208434253378329
8.4 0.0210894256227373
8.5 0.0213354259076418
8.6 0.0215814261925463
8.7 0.0218274264774508
8.8 0.0220734267623553
8.9 0.0223194270472598
9 0.0225654273321642
9.1 0.0228114276170687
9.2 0.0230574279019732
9.3 0.0233034281868777
9.4 0.0235494284717822
9.5 0.0237954287566867
9.6 0.0240414290415911
9.7 0.0242874293264956
9.8 0.0245334296114001
9.9 0.0247794298963046
10 0.0250254301812091
10.1 0.0252714304661136
10.2 0.025517430751018
10.3 0.0257634310359225
10.4 0.026009431320827
10.5 0.0262554316057315
10.6 0.026501431890636
10.7 0.0267474321755405
10.8 0.0269934324604449
10.9 0.0272394327453494
11 0.0274854330302539
11.1 0.0277314333151584
11.2 0.0279774336000629
11.3 0.0282234338849674
11.4 0.0284694341698718
11.5 0.0287154344547763
11.6 0.0289614347396808
11.7 0.0292074350245853
11.8 0.0294534353094898
11.9 0.0296994355943943
12 0.0299454358792987
12.1 0.0301914361642032
12.2 0.0303636363636364
12.3 0.0306108956867251
12.4 0.0308581550098138
12.5 0.0311054143329025
12.6 0.0313526736559912
12.7 0.0315999329790799
12.8 0.0318471923021686
12.9 0.0320944516252573
13 0.032341710948346
13.1 0.0325889702714347
13.2 0.0328362295945234
13.3 0.0330834889176122
13.4 0.0333307482407009
13.5 0.0335780075637896
13.6 0.0338252668868783
13.7 0.034072526209967
13.8 0.0343197855330557
13.9 0.0345670448561444
14 0.0348143041792331
14.1 0.0350615635023218
14.2 0.0353088228254105
14.3 0.0355560821484992
14.4 0.0358033414715879
14.5 0.0360506007946767
14.6 0.0362978601177654
14.7 0.0365451194408541
14.8 0.0367923787639428
14.9 0.0370396380870315
15 0.0372868974101202
15.1 0.0375341567332089
15.2 0.0377814160562976
15.3 0.0380286753793863
15.4 0.038275934702475
15.5 0.0385231940255637
15.6 0.0387704533486524
15.7 0.0390177126717412
15.8 0.0392649719948299
15.9 0.0395122313179186
16 0.0397594906410073
16.1 0.040006749964096
16.2 0.0402540092871847
16.3 0.0405012686102734
16.4 0.0407485279333621
16.5 0.0409957872564508
16.6 0.0412430465795395
16.7 0.0414903059026282
16.8 0.0417375652257169
16.9 0.0419848245488057
17 0.0422320838718944
17.1 0.0424793431949831
17.2 0.0427266025180718
17.3 0.0429738618411605
17.4 0.0432211211642492
17.5 0.0434683804873379
17.6 0.0437156398104266
17.7 0.0439628991335153
17.8 0.044210158456604
17.9 0.0444574177796927
18 0.0447046771027814
18.1 0.0449519364258701
18.2 0.0451991957489589
18.3 0.0454464550720476
18.4 0.0456937143951363
18.5 0.045940973718225
18.6 0.0461882330413137
18.7 0.0464354923644024
18.8 0.0466827516874911
18.9 0.0469300110105798
19 0.0471772703336685
19.1 0.0474245296567572
19.2 0.0476717889798459
19.3 0.0479190483029346
19.4 0.0481663076260234
19.5 0.0484135669491121
19.6 0.0486608262722008
19.7 0.0489080855952895
19.8 0.0491553449183782
19.9 0.0494026042414669
20 0.0496498635645556
20.1 0.0498971228876443
20.2 0.050144382210733
20.3 0.0503916415338217
20.4 0.0506389008569104
20.5 0.0508861601799991
20.6 0.0511334195030878
20.7 0.0513806788261765
20.8 0.0516279381492653
20.9 0.051875197472354
21 0.0521224567954427
21.1 0.0523697161185314
21.2 0.0526169754416201
21.3 0.0528642347647088
21.4 0.0531114940877975
21.5 0.0533587534108862
21.6 0.0536060127339749
21.7 0.0538532720570636
21.8 0.0541005313801523
21.9 0.054347790703241
22 0.0545950500263297
22.1 0.0548423093494184
22.2 0.0550895686725071
22.3 0.0553368279955958
22.4 0.0555840873186845
22.5 0.0558313466417732
22.6 0.0560786059648619
22.7 0.0563258652879506
22.8 0.0565731246110393
22.9 0.0568203839341281
23 0.0570676432572168
23.1 0.0573149025803055
23.2 0.0575621619033942
23.3 0.0578094212264829
23.4 0.0580566805495716
23.5 0.0583039398726603
23.6 0.058551199195749
23.7 0.0587984585188377
23.8 0.0590457178419264
23.9 0.0592929771650151
24 0.0595402364881038
24.1 0.0597874958111925
24.2 0.0600347551342812
24.3 0.0602820144573699
24.4 0.0605292737804586
24.5 0.0607765331035473
24.6 0.061023792426636
24.7 0.0612710517497247
24.8 0.0615183110728134
24.9 0.0616666666666667
25 0.0619126984126984
25.1 0.0621587301587301
25.2 0.0624047619047619
25.3 0.0626507936507936
25.4 0.0628968253968254
25.5 0.0631428571428571
25.6 0.0633888888888889
25.7 0.0636349206349206
25.8 0.0638809523809524
25.9 0.0641269841269841
26 0.0643730158730158
26.1 0.0646190476190476
26.2 0.0648650793650793
26.3 0.0651111111111111
26.4 0.0653571428571428
26.5 0.0656031746031746
26.6 0.0658492063492063
26.7 0.0660952380952381
26.8 0.0663412698412698
26.9 0.0665873015873015
27 0.0668333333333333
27.1 0.067079365079365
27.2 0.0673253968253968
27.3 0.0675714285714285
27.4 0.0678174603174603
27.5 0.068063492063492
27.6 0.0683095238095238
27.7 0.0685555555555555
27.8 0.0688015873015872
27.9 0.069047619047619
28 0.0692936507936507
28.1 0.0695396825396825
28.2 0.0697857142857142
28.3 0.070031746031746
28.4 0.0702777777777777
28.5 0.0705238095238094
28.6 0.0707698412698412
28.7 0.0710158730158729
28.8 0.0712619047619047
28.9 0.0715079365079364
29 0.0717539682539682
29.1 0.0719999999999999
29.2 0.0722460317460317
29.3 0.0724920634920634
29.4 0.0727380952380951
29.5 0.0729841269841269
29.6 0.0732301587301586
29.7 0.0734761904761904
29.8 0.0737222222222221
29.9 0.0739682539682539
30 0.0742142857142856
30.1 0.0744603174603174
30.2 0.0747063492063491
30.3 0.0749523809523808
30.4 0.0751984126984126
30.5 0.0754444444444443
30.6 0.0756904761904761
30.7 0.0759365079365078
30.8 0.0761825396825396
30.9 0.0764285714285713
31 0.076674603174603
31.1 0.0769206349206348
31.2 0.0771666666666665
31.3 0.0774126984126983
31.4 0.07765873015873
31.5 0.0779047619047618
31.6 0.0781507936507935
31.7 0.0783968253968253
31.8 0.078642857142857
31.9 0.0788888888888887
32 0.0791349206349205
32.1 0.0793809523809522
32.2 0.079626984126984
32.3 0.0798730158730157
32.4 0.0801190476190475
32.5 0.0803650793650792
32.6 0.080611111111111
32.7 0.0808571428571427
32.8 0.0811031746031745
32.9 0.0813492063492062
33 0.081595238095238
33.1 0.0818412698412697
33.2 0.0820873015873015
33.3 0.0823333333333332
33.4 0.082579365079365
33.5 0.0828253968253967
33.6 0.0830714285714285
33.7 0.0833174603174602
33.8 0.083563492063492
33.9 0.0838095238095237
34 0.0840555555555555
34.1 0.0843015873015872
34.2 0.084547619047619
34.3 0.0847936507936507
34.4 0.0850396825396825
34.5 0.0852857142857142
34.6 0.085531746031746
34.7 0.0857777777777777
34.8 0.0860238095238095
34.9 0.0862698412698412
35 0.086515873015873
35.1 0.0867619047619047
35.2 0.0870079365079365
35.3 0.0872539682539683
35.4 0.0875
35.5 0.0877438016528926
35.6 0.0879876033057851
35.7 0.0882314049586777
35.8 0.0884752066115702
35.9 0.0887190082644628
36 0.0889628099173554
36.1 0.0892066115702479
36.2 0.0894504132231405
36.3 0.089694214876033
36.4 0.0899380165289256
36.5 0.0901818181818182
36.6 0.0904683195592287
36.7 0.0907548209366391
36.8 0.0910413223140496
36.9 0.0913278236914601
37 0.0916143250688705
37.1 0.091900826446281
37.2 0.0921873278236915
37.3 0.0924738292011019
37.4 0.0927603305785124
37.5 0.0930468319559229
37.6 0.0933333333333333
37.7 0.0935198135198135
37.8 0.0937062937062937
37.9 0.0938927738927739
38 0.0940792540792541
38.1 0.0942657342657342
38.2 0.0944522144522144
38.3 0.0946386946386946
38.4 0.0948251748251748
38.5 0.095011655011655
38.6 0.0951981351981352
38.7 0.0953846153846154
38.8 0.0956297548605241
38.9 0.0958748943364328
39 0.0961200338123415
39.1 0.0963651732882502
39.2 0.0966103127641589
39.3 0.0968554522400676
39.4 0.0971005917159763
39.5 0.097345731191885
39.6 0.0975908706677937
39.7 0.0978360101437024
39.8 0.0980811496196111
39.9 0.0983262890955199
40 0.0985714285714286
40.1 0.0988351648351648
40.2 0.0990989010989011
40.3 0.0993626373626374
40.4 0.0996263736263737
40.5 0.0998901098901099
40.6 0.100153846153846
40.7 0.100417582417582
40.8 0.100681318681319
40.9 0.100945054945055
41 0.101208791208791
41.1 0.101472527472527
41.2 0.101736263736264
41.3 0.102
41.4 0.102237037037037
41.5 0.102474074074074
41.6 0.102711111111111
41.7 0.102948148148148
41.8 0.103185185185185
41.9 0.103422222222222
42 0.103659259259259
42.1 0.103896296296296
42.2 0.104133333333333
42.3 0.10437037037037
42.4 0.104607407407407
42.5 0.104844444444444
42.6 0.105081481481481
42.7 0.105318518518519
42.8 0.105555555555556
42.9 0.105801587301587
43 0.106047619047619
43.1 0.106293650793651
43.2 0.106539682539683
43.3 0.106785714285714
43.4 0.107031746031746
43.5 0.107277777777778
43.6 0.10752380952381
43.7 0.107769841269841
43.8 0.108015873015873
43.9 0.108261904761905
44 0.108507936507936
44.1 0.108753968253968
44.2 0.109
44.3 0.109247058823529
44.4 0.109494117647059
44.5 0.109741176470588
44.6 0.109988235294118
44.7 0.110235294117647
44.8 0.110482352941176
44.9 0.110729411764706
45 0.110976470588235
45.1 0.111223529411765
45.2 0.111470588235294
45.3 0.111717647058824
45.4 0.111964705882353
45.5 0.112211764705882
45.6 0.112458823529412
45.7 0.112705882352941
45.8 0.112952941176471
45.9 0.1132
46 0.113448148148148
46.1 0.113696296296296
46.2 0.113944444444444
46.3 0.114192592592593
46.4 0.114440740740741
46.5 0.114688888888889
46.6 0.114937037037037
46.7 0.115185185185185
46.8 0.115433333333333
46.9 0.115681481481481
47 0.11592962962963
47.1 0.116177777777778
47.2 0.116425925925926
47.3 0.116674074074074
47.4 0.116922222222222
47.5 0.11717037037037
47.6 0.117418518518519
47.7 0.117666666666667
47.8 0.117924812030075
47.9 0.118182957393484
48 0.118441102756892
48.1 0.118699248120301
48.2 0.118957393483709
48.3 0.119215538847118
48.4 0.119473684210526
48.5 0.119731829573935
48.6 0.119989974937343
48.7 0.120248120300752
48.8 0.12050626566416
48.9 0.120764411027569
49 0.121022556390977
49.1 0.121280701754386
49.2 0.121538847117795
49.3 0.121796992481203
49.4 0.122055137844612
49.5 0.12231328320802
49.6 0.122571428571429
49.7 0.12281238811314
49.8 0.123053347654851
49.9 0.123294307196563
50 0.123535266738274
50.1 0.123776226279986
50.2 0.124017185821697
50.3 0.124258145363409
50.4 0.12449910490512
50.5 0.124740064446831
50.6 0.124981023988543
50.7 0.125221983530254
50.8 0.125462943071966
50.9 0.125703902613677
51 0.125944862155388
51.1 0.1261858216971
51.2 0.126426781238811
51.3 0.126667740780523
51.4 0.126908700322234
51.5 0.127149659863946
51.6 0.127390619405657
51.7 0.127631578947368
51.8 0.127879927090453
51.9 0.128128275233538
52 0.128376623376623
52.1 0.128624971519708
52.2 0.128873319662793
52.3 0.129121667805878
52.4 0.129370015948963
52.5 0.129618364092048
52.6 0.129866712235133
52.7 0.130115060378218
52.8 0.130363408521303
52.9 0.130611756664388
53 0.130860104807473
53.1 0.131108452950558
53.2 0.131356801093643
53.3 0.131605149236728
53.4 0.131853497379813
53.5 0.132101845522898
53.6 0.132350193665983
53.7 0.132598541809068
53.8 0.132846889952153
53.9 0.133095238095238
54 0.133337386018237
54.1 0.133579533941236
54.2 0.133821681864235
54.3 0.134063829787234
54.4 0.134305977710233
54.5 0.134548125633232
54.6 0.134790273556231
54.7 0.13503242147923
54.8 0.135274569402229
54.9 0.135516717325228
55 0.135758865248227
55.1 0.136001013171226
55.2 0.136243161094225
55.3 0.136485309017224
55.4 0.136727456940223
55.5 0.136969604863222
55.6 0.137211752786221
55.7 0.13745390070922
55.8 0.137696048632219
55.9 0.137938196555218
56 0.138180344478217
56.1 0.138422492401216
56.2 0.138664640324215
56.3 0.138906788247214
56.4 0.139148936170213
56.5 0.139396166435855
56.6 0.139643396701498
56.7 0.139890626967141
56.8 0.140137857232784
56.9 0.140385087498426
57 0.140632317764069
57.1 0.140879548029712
57.2 0.141126778295354
57.3 0.141374008560997
57.4 0.14162123882664
57.5 0.141868469092283
57.6 0.142115699357925
57.7 0.142362929623568
57.8 0.142610159889211
57.9 0.142857390154853
58 0.143104620420496
58.1 0.143351850686139
58.2 0.143599080951781
58.3 0.143846311217424
58.4 0.144093541483067
58.5 0.14434077174871
58.6 0.144588002014352
58.7 0.144835232279995
58.8 0.145082462545638
58.9 0.14532969281128
59 0.145576923076923
59.1 0.145821328671329
59.2 0.146065734265734
59.3 0.14631013986014
59.4 0.146554545454545
59.5 0.146798951048951
59.6 0.147043356643357
59.7 0.147287762237762
59.8 0.147532167832168
59.9 0.147776573426573
60 0.148020979020979
60.1 0.148265384615385
60.2 0.14850979020979
60.3 0.148754195804196
60.4 0.148998601398601
60.5 0.149243006993007
60.6 0.149487412587413
60.7 0.149731818181818
60.8 0.149976223776224
60.9 0.150220629370629
61 0.150465034965035
61.1 0.150709440559441
61.2 0.150953846153846
61.3 0.151198251748252
61.4 0.151442657342657
61.5 0.151687062937063
61.6 0.151931468531469
61.7 0.152175874125874
61.8 0.15242027972028
61.9 0.152664685314685
62 0.152909090909091
62.1 0.153158180040878
62.2 0.153407269172665
62.3 0.153656358304452
62.4 0.153905447436239
62.5 0.154154536568026
62.6 0.154403625699813
62.7 0.154652714831601
62.8 0.154901803963388
62.9 0.155150893095175
63 0.155399982226962
63.1 0.155649071358749
63.2 0.155898160490536
63.3 0.156147249622323
63.4 0.15639633875411
63.5 0.156645427885897
63.6 0.156894517017684
63.7 0.157143606149471
63.8 0.157392695281258
63.9 0.157641784413045
64 0.157890873544833
64.1 0.15813996267662
64.2 0.158389051808407
64.3 0.158638140940194
64.4 0.158887230071981
64.5 0.159136319203768
64.6 0.159385408335555
64.7 0.159634497467342
64.8 0.159883586599129
64.9 0.160132675730916
65 0.160381764862703
65.1 0.16063085399449
65.2 0.160879943126277
65.3 0.161129032258065
65.4 0.161379593965656
65.5 0.161630155673247
65.6 0.161880717380838
65.7 0.162131279088429
65.8 0.16238184079602
65.9 0.162632402503611
66 0.162882964211202
66.1 0.163133525918793
66.2 0.163384087626384
66.3 0.163634649333975
66.4 0.163885211041566
66.5 0.164135772749157
66.6 0.164386334456749
66.7 0.16463689616434
66.8 0.164887457871931
66.9 0.165138019579522
67 0.165388581287113
67.1 0.165639142994704
67.2 0.165889704702295
67.3 0.166140266409886
67.4 0.166390828117477
67.5 0.166641389825068
67.6 0.166891951532659
67.7 0.16714251324025
67.8 0.167393074947842
67.9 0.167643636655433
68 0.167894198363024
68.1 0.168144760070615
68.2 0.168395321778206
68.3 0.168645883485797
68.4 0.168896445193388
68.5 0.169147006900979
68.6 0.16939756860857
68.7 0.169648130316161
68.8 0.169898692023752
68.9 0.170149253731343
69 0.170374689054726
69.1 0.170600124378109
69.2 0.170825559701493
69.3 0.171050995024876
69.4 0.171276430348259
69.5 0.171501865671642
69.6 0.171727300995025
69.7 0.171952736318408
69.8 0.172178171641791
69.9 0.172403606965174
70 0.172629042288557
70.1 0.17285447761194
70.2 0.173079912935323
70.3 0.173305348258707
70.4 0.17353078358209
70.5 0.173756218905473
70.6 0.173981654228856
70.7 0.174207089552239
70.8 0.174432524875622
70.9 0.174657960199005
71 0.174883395522388
71.1 0.175108830845771
71.2 0.175334266169154
71.3 0.175559701492537
71.4 0.17578513681592
71.5 0.176010572139304
71.6 0.176236007462687
71.7 0.17646144278607
71.8 0.176686878109453
71.9 0.176912313432836
72 0.177137748756219
72.1 0.177363184079602
72.2 0.177588619402985
72.3 0.177814054726368
72.4 0.178039490049751
72.5 0.178264925373134
72.6 0.178490360696517
72.7 0.178715796019901
72.8 0.178941231343284
72.9 0.179166666666667
73 0.179419336384439
73.1 0.179672006102212
73.2 0.179924675819985
73.3 0.180177345537757
73.4 0.18043001525553
73.5 0.180682684973303
73.6 0.180935354691075
73.7 0.181188024408848
73.8 0.181440694126621
73.9 0.181693363844394
74 0.181946033562166
74.1 0.182198703279939
74.2 0.182451372997712
74.3 0.182704042715484
74.4 0.182956712433257
74.5 0.18320938215103
74.6 0.183462051868802
74.7 0.183714721586575
74.8 0.183967391304348
74.9 0.18422006102212
75 0.184472730739893
75.1 0.184725400457666
75.2 0.184978070175438
75.3 0.185230739893211
75.4 0.185483409610984
75.5 0.185736079328757
75.6 0.185988749046529
75.7 0.186241418764302
75.8 0.186494088482075
75.9 0.186746758199847
76 0.18699942791762
76.1 0.187252097635393
76.2 0.187504767353165
76.3 0.187757437070938
76.4 0.188010106788711
76.5 0.188262776506484
76.6 0.188515446224256
76.7 0.188768115942029
76.8 0.189020785659802
76.9 0.189273455377574
77 0.189526125095347
77.1 0.18977879481312
77.2 0.190031464530892
77.3 0.190284134248665
77.4 0.190536803966438
77.5 0.190789473684211
77.6 0.191043522267207
77.7 0.191297570850202
77.8 0.191551619433198
77.9 0.191805668016194
78 0.19205971659919
78.1 0.192313765182186
78.2 0.192567813765182
78.3 0.192821862348178
78.4 0.193075910931174
78.5 0.19332995951417
78.6 0.193584008097166
78.7 0.193838056680162
78.8 0.194092105263158
78.9 0.194346153846154
79 0.19460020242915
79.1 0.194854251012146
79.2 0.195108299595142
79.3 0.195362348178138
79.4 0.195616396761134
79.5 0.19587044534413
79.6 0.196124493927126
79.7 0.196378542510122
79.8 0.196632591093118
79.9 0.196886639676113
80 0.197140688259109
80.1 0.197394736842105
80.2 0.197648785425101
80.3 0.197902834008097
80.4 0.198156882591093
80.5 0.198410931174089
80.6 0.198664979757085
80.7 0.198919028340081
80.8 0.199173076923077
80.9 0.199427125506073
81 0.199681174089069
81.1 0.199935222672065
81.2 0.200189271255061
81.3 0.200443319838057
81.4 0.200697368421053
81.5 0.200951417004049
81.6 0.201205465587045
81.7 0.201459514170041
81.8 0.201713562753037
81.9 0.201967611336032
82 0.202221659919028
82.1 0.202475708502024
82.2 0.20272975708502
82.3 0.202983805668016
82.4 0.203237854251012
82.5 0.203491902834008
82.6 0.203745951417004
82.7 0.204
82.8 0.204252863032524
82.9 0.204505726065048
83 0.204758589097572
83.1 0.205011452130096
83.2 0.20526431516262
83.3 0.205517178195144
83.4 0.205770041227668
83.5 0.206022904260193
83.6 0.206275767292717
83.7 0.206528630325241
83.8 0.206781493357765
83.9 0.207034356390289
84 0.207287219422813
84.1 0.207540082455337
84.2 0.207792945487861
84.3 0.208045808520385
84.4 0.208298671552909
84.5 0.208551534585433
84.6 0.208804397617957
84.7 0.209057260650481
84.8 0.209310123683005
84.9 0.209562986715529
85 0.209815849748053
85.1 0.210068712780577
85.2 0.210321575813101
85.3 0.210574438845625
85.4 0.21082730187815
85.5 0.211080164910674
85.6 0.211333027943198
85.7 0.211585890975722
85.8 0.211838754008246
85.9 0.21209161704077
86 0.212344480073294
86.1 0.212597343105818
86.2 0.212850206138342
86.3 0.213103069170866
86.4 0.21335593220339
86.5 0.213608795235914
86.6 0.213861658268438
86.7 0.214114521300962
86.8 0.214367384333486
86.9 0.21462024736601
87 0.214873110398534
87.1 0.215125973431058
87.2 0.215378836463582
87.3 0.215631699496106
87.4 0.21588456252863
87.5 0.216137425561154
87.6 0.216390288593679
87.7 0.216643151626203
87.8 0.216896014658727
87.9 0.217148877691251
88 0.217401740723775
88.1 0.217654603756299
88.2 0.217907466788823
88.3 0.218160329821347
88.4 0.218413192853871
88.5 0.218666055886395
88.6 0.218918918918919
88.7 0.219161061514003
88.8 0.219403204109086
88.9 0.21964534670417
89 0.219887489299254
89.1 0.220129631894338
89.2 0.220371774489421
89.3 0.220613917084505
89.4 0.220856059679589
89.5 0.221098202274673
89.6 0.221340344869757
89.7 0.22158248746484
89.8 0.221824630059924
89.9 0.222066772655008
90 0.222308915250092
90.1 0.222551057845175
90.2 0.222793200440259
90.3 0.223035343035343
90.4 0.223277485630427
90.5 0.22351962822551
90.6 0.223761770820594
90.7 0.224003913415678
90.8 0.224246056010762
90.9 0.224488198605846
91 0.224730341200929
91.1 0.224972483796013
91.2 0.225214626391097
91.3 0.225456768986181
91.4 0.225698911581264
91.5 0.225941054176348
91.6 0.226183196771432
91.7 0.226425339366516
91.8 0.2266674819616
91.9 0.226909624556683
92 0.227151767151767
92.1 0.227393909746851
92.2 0.227636052341935
92.3 0.227878194937018
92.4 0.228120337532102
92.5 0.228362480127186
92.6 0.22860462272227
92.7 0.228846765317354
92.8 0.229088907912437
92.9 0.229331050507521
93 0.229573193102605
93.1 0.229815335697689
93.2 0.230057478292772
93.3 0.230299620887856
93.4 0.23054176348294
93.5 0.230783906078024
93.6 0.231026048673107
93.7 0.231268191268191
93.8 0.231510333863275
93.9 0.231752476458359
94 0.231994619053443
94.1 0.232236761648526
94.2 0.23247890424361
94.3 0.232721046838694
94.4 0.232963189433778
94.5 0.233205332028861
94.6 0.233447474623945
94.7 0.233689617219029
94.8 0.233931759814113
94.9 0.234173902409197
95 0.23441604500428
95.1 0.234658187599364
95.2 0.234900330194448
95.3 0.235142472789532
95.4 0.235384615384615
95.5 0.23562932887509
95.6 0.235874042365564
95.7 0.236118755856038
95.8 0.236363469346512
95.9 0.236608182836986
96 0.23685289632746
96.1 0.237097609817935
96.2 0.237342323308409
96.3 0.237587036798883
96.4 0.237831750289357
96.5 0.238076463779831
96.6 0.238321177270305
96.7 0.23856589076078
96.8 0.238810604251254
96.9 0.239055317741728
97 0.239300031232202
97.1 0.239544744722676
97.2 0.23978945821315
97.3 0.240034171703625
97.4 0.240278885194099
97.5 0.240523598684573
97.6 0.240768312175047
97.7 0.241013025665521
97.8 0.241257739155995
97.9 0.24150245264647
98 0.241747166136944
98.1 0.241991879627418
98.2 0.242236593117892
98.3 0.242481306608366
98.4 0.242726020098841
98.5 0.242970733589315
98.6 0.243215447079789
98.7 0.243460160570263
98.8 0.243704874060737
98.9 0.243949587551211
99 0.244194301041686
99.1 0.24443901453216
99.2 0.244683728022634
99.3 0.244928441513108
99.4 0.245173155003582
99.5 0.245417868494057
99.6 0.245662581984531
99.7 0.245907295475005
99.8 0.246152008965479
99.9 0.246396722455953
100 0.246641435946427
100.1 0.246886149436902
100.2 0.247130862927376
100.3 0.24737557641785
100.4 0.247620289908324
100.5 0.247865003398798
100.6 0.248109716889273
100.7 0.248354430379747
100.8 0.248599143870221
100.9 0.248843857360695
101 0.249088570851169
101.1 0.249333284341643
101.2 0.249577997832118
101.3 0.249822711322592
101.4 0.250067424813066
101.5 0.25031213830354
101.6 0.250556851794014
101.7 0.250801565284489
101.8 0.251046278774963
101.9 0.251290992265437
102 0.251535705755911
102.1 0.251780419246385
102.2 0.252025132736859
102.3 0.252269846227334
102.4 0.252514559717808
102.5 0.252759273208282
102.6 0.253003986698756
102.7 0.25324870018923
102.8 0.253493413679705
102.9 0.253738127170179
103 0.253982840660653
103.1 0.254227554151127
103.2 0.254472267641601
103.3 0.254716981132075
103.4 0.256435788192331
103.5 0.258154595252587
103.6 0.259873402312842
103.7 0.261592209373098
103.8 0.263311016433354
103.9 0.265029823493609
104 0.266748630553865
104.1 0.26846743761412
104.2 0.270186244674376
104.3 0.271905051734632
104.4 0.273623858794887
104.5 0.275342665855143
104.6 0.277061472915399
104.7 0.278780279975654
104.8 0.28049908703591
104.9 0.282217894096165
105 0.283936701156421
105.1 0.285655508216677
105.2 0.287374315276932
105.3 0.289093122337188
105.4 0.290811929397444
105.5 0.292530736457699
105.6 0.294249543517955
105.7 0.295968350578211
105.8 0.297687157638466
105.9 0.299405964698722
106 0.301124771758978
106.1 0.302843578819233
106.2 0.304562385879489
106.3 0.306281192939745
106.4 0.308
106.5 0.308250944822373
106.6 0.308501889644747
106.7 0.30875283446712
106.8 0.309003779289494
106.9 0.309254724111867
107 0.30950566893424
107.1 0.309756613756614
107.2 0.310007558578987
107.3 0.310258503401361
107.4 0.310509448223734
107.5 0.310760393046107
107.6 0.311011337868481
107.7 0.311262282690854
107.8 0.311513227513228
107.9 0.311764172335601
108 0.312015117157974
108.1 0.312266061980348
108.2 0.312517006802721
108.3 0.312767951625095
108.4 0.313018896447468
108.5 0.313269841269841
108.6 0.313520786092215
108.7 0.313771730914588
108.8 0.314022675736961
108.9 0.314273620559335
109 0.314524565381708
109.1 0.314775510204082
109.2 0.315026455026455
109.3 0.315277399848828
109.4 0.315528344671202
109.5 0.315779289493575
109.6 0.316030234315949
109.7 0.316281179138322
109.8 0.316532123960695
109.9 0.316783068783069
110 0.317034013605442
110.1 0.317284958427816
110.2 0.317535903250189
110.3 0.317786848072562
110.4 0.318037792894936
110.5 0.318288737717309
110.6 0.318539682539683
110.7 0.318790627362056
110.8 0.319041572184429
110.9 0.319292517006803
111 0.319543461829176
111.1 0.31979440665155
111.2 0.320045351473923
111.3 0.320296296296296
111.4 0.32054724111867
111.5 0.320798185941043
111.6 0.321049130763417
111.7 0.32130007558579
111.8 0.321551020408163
111.9 0.321801965230537
112 0.32205291005291
112.1 0.322303854875284
112.2 0.322554799697657
112.3 0.32280574452003
112.4 0.323056689342404
112.5 0.323307634164777
112.6 0.32355857898715
112.7 0.323809523809524
112.8 0.324067881552911
112.9 0.324326239296299
113 0.324584597039687
113.1 0.324842954783075
113.2 0.325101312526462
113.3 0.32535967026985
113.4 0.325618028013238
113.5 0.325876385756625
113.6 0.326134743500013
113.7 0.326393101243401
113.8 0.326651458986788
113.9 0.326909816730176
114 0.327168174473564
114.1 0.327426532216951
114.2 0.327684889960339
114.3 0.327943247703727
114.4 0.328201605447114
114.5 0.328459963190502
114.6 0.32871832093389
114.7 0.328976678677277
114.8 0.329235036420665
114.9 0.329493394164053
115 0.32975175190744
115.1 0.330010109650828
115.2 0.330268467394216
115.3 0.330526825137604
115.4 0.330785182880991
115.5 0.331043540624379
115.6 0.331301898367767
115.7 0.331560256111154
115.8 0.331818613854542
115.9 0.33207697159793
116 0.332335329341317
116.1 0.332548628233729
116.2 0.33276192712614
116.3 0.332975226018551
116.4 0.333188524910962
116.5 0.333401823803374
116.6 0.333615122695785
116.7 0.333828421588196
116.8 0.334041720480607
116.9 0.334255019373019
117 0.33446831826543
117.1 0.334681617157841
117.2 0.334894916050252
117.3 0.335108214942664
117.4 0.335321513835075
117.5 0.335534812727486
117.6 0.335748111619898
117.7 0.335961410512309
117.8 0.33617470940472
117.9 0.336388008297131
118 0.336601307189543
118.1 0.336820422157934
118.2 0.337039537126326
118.3 0.337258652094718
118.4 0.337477767063109
118.5 0.337696882031501
118.6 0.337915996999893
118.7 0.338135111968285
118.8 0.338354226936676
118.9 0.338573341905068
119 0.33879245687346
119.1 0.339011571841851
119.2 0.339230686810243
119.3 0.339449801778635
119.4 0.339668916747027
119.5 0.339888031715418
119.6 0.34010714668381
119.7 0.340326261652202
119.8 0.340545376620594
119.9 0.340764491588985
120 0.340983606557377
120.1 0.341243843269867
120.2 0.341504079982357
120.3 0.341764316694847
120.4 0.342024553407337
120.5 0.342284790119826
120.6 0.342545026832316
120.7 0.342805263544806
120.8 0.343065500257296
120.9 0.343325736969786
121 0.343585973682276
121.1 0.343846210394766
121.2 0.344106447107256
121.3 0.344366683819746
121.4 0.344626920532236
121.5 0.344887157244725
121.6 0.345147393957215
121.7 0.345407630669705
121.8 0.345667867382195
121.9 0.345928104094685
122 0.346188340807175
122.1 0.346808439185318
122.2 0.347428537563462
122.3 0.348048635941605
122.4 0.348668734319749
122.5 0.349288832697892
122.6 0.349908931076036
122.7 0.350529029454179
122.8 0.351149127832323
122.9 0.351769226210466
123 0.35238932458861
123.1 0.353009422966753
123.2 0.353629521344897
123.3 0.35424961972304
123.4 0.354869718101183
123.5 0.355489816479327
123.6 0.35610991485747
123.7 0.356730013235614
123.8 0.357350111613757
123.9 0.357970209991901
124 0.358590308370044
124.1 0.360682069547286
124.2 0.362773830724529
124.3 0.364865591901771
124.4 0.366957353079014
124.5 0.369049114256256
124.6 0.371140875433499
124.7 0.373232636610741
124.8 0.375324397787984
124.9 0.377416158965226
125 0.379507920142469
125.1 0.381599681319711
125.2 0.383691442496954
125.3 0.385783203674196
125.4 0.387874964851439
125.5 0.389966726028681
125.6 0.392058487205924
125.7 0.394150248383166
125.8 0.396242009560409
125.9 0.398333770737651
126 0.400425531914894
126.1 0.402535402860133
126.2 0.404645273805372
126.3 0.40675514475061
126.4 0.408865015695849
126.5 0.410974886641088
126.6 0.413084757586327
126.7 0.415194628531566
126.8 0.417304499476805
126.9 0.419414370422044
127 0.421524241367283
127.1 0.423634112312522
127.2 0.425743983257761
127.3 0.427853854203
127.4 0.429963725148239
127.5 0.432073596093478
127.6 0.434183467038717
127.7 0.436293337983956
127.8 0.438403208929194
127.9 0.440513079874433
128 0.442622950819672
128.1 0.44470704991546
128.2 0.446791149011248
128.3 0.448875248107035
128.4 0.450959347202823
128.5 0.453043446298611
128.6 0.455127545394398
128.7 0.457211644490186
128.8 0.459295743585974
128.9 0.461379842681762
129 0.463463941777549
129.1 0.465548040873337
129.2 0.467632139969125
129.3 0.469716239064912
129.4 0.4718003381607
129.5 0.473884437256488
129.6 0.475968536352275
129.7 0.478052635448063
129.8 0.480136734543851
129.9 0.482220833639639
130 0.484304932735426
130.1 0.486373839104119
130.2 0.488442745472812
130.3 0.490511651841506
130.4 0.492580558210199
130.5 0.494649464578892
130.6 0.496718370947585
130.7 0.498787277316278
130.8 0.500856183684972
130.9 0.502925090053665
131 0.504993996422358
131.1 0.507062902791051
131.2 0.509131809159744
131.3 0.511200715528437
131.4 0.513269621897131
131.5 0.515338528265824
131.6 0.517407434634517
131.7 0.51947634100321
131.8 0.521545247371903
131.9 0.523614153740597
132 0.52568306010929
132.1 0.527779188793966
132.2 0.529875317478642
132.3 0.531971446163319
132.4 0.534067574847995
132.5 0.536163703532671
132.6 0.538259832217348
132.7 0.540355960902024
132.8 0.5424520895867
132.9 0.544548218271377
133 0.546644346956053
133.1 0.548740475640729
133.2 0.550836604325406
133.3 0.552932733010082
133.4 0.555028861694759
133.5 0.557124990379435
133.6 0.559221119064111
133.7 0.561317247748788
133.8 0.563413376433464
133.9 0.565509505118141
134 0.567605633802817
134.1 0.569688315075639
134.2 0.571770996348461
134.3 0.573853677621283
134.4 0.575936358894105
134.5 0.578019040166928
134.6 0.58010172143975
134.7 0.582184402712572
134.8 0.584267083985394
134.9 0.586349765258216
135 0.588432446531038
135.1 0.59051512780386
135.2 0.592597809076682
135.3 0.594680490349505
135.4 0.596763171622327
135.5 0.598845852895149
135.6 0.600928534167971
135.7 0.603011215440793
135.8 0.605093896713615
135.9 0.607176577986437
136 0.609259259259259
136.1 0.61134837962963
136.2 0.6134375
136.3 0.61552662037037
136.4 0.617615740740741
136.5 0.619704861111111
136.6 0.621793981481481
136.7 0.623883101851852
136.8 0.625972222222222
136.9 0.628061342592592
137 0.630150462962963
137.1 0.632239583333333
137.2 0.634328703703704
137.3 0.636417824074074
137.4 0.638506944444444
137.5 0.640596064814815
137.6 0.642685185185185
137.7 0.644774305555556
137.8 0.646863425925926
137.9 0.648952546296297
138 0.651041666666667
138.1 0.653208705357143
138.2 0.655375744047619
138.3 0.657542782738095
138.4 0.659709821428571
138.5 0.661876860119048
138.6 0.664043898809524
138.7 0.6662109375
138.8 0.668377976190476
138.9 0.670545014880952
139 0.672712053571429
139.1 0.674879092261905
139.2 0.677046130952381
139.3 0.679213169642857
139.4 0.681380208333334
139.5 0.68354724702381
139.6 0.685714285714286
139.7 0.687723214285714
139.8 0.689732142857143
139.9 0.691741071428572
140 0.69375
140.1 0.695740740740741
140.2 0.697731481481481
140.3 0.699722222222222
140.4 0.701712962962963
140.5 0.703703703703704
140.6 0.705694444444444
140.7 0.707685185185185
140.8 0.709675925925926
140.9 0.711666666666667
141 0.713779761904762
141.1 0.715892857142857
141.2 0.718005952380952
141.3 0.720119047619048
141.4 0.722232142857143
141.5 0.724345238095238
141.6 0.726458333333334
141.7 0.728571428571429
141.8 0.730987917555082
141.9 0.733404406538735
142 0.735820895522388
142.1 0.737846481876333
142.2 0.739872068230277
142.3 0.741897654584222
142.4 0.743923240938167
142.5 0.745948827292111
142.6 0.747974413646056
142.7 0.75
142.8 0.752136752136752
142.9 0.754273504273504
143 0.756410256410256
143.1 0.758547008547009
143.2 0.760683760683761
143.3 0.762820512820513
143.4 0.764957264957265
143.5 0.767094017094017
143.6 0.769230769230769
143.7 0.771367521367522
143.8 0.773504273504274
143.9 0.775641025641026
144 0.777777777777778
144.1 0.78
144.2 0.782222222222222
144.3 0.784444444444444
144.4 0.786666666666667
144.5 0.788888888888889
144.6 0.791111111111111
144.7 0.793333333333334
144.8 0.795555555555556
144.9 0.797777777777778
145 0.8
145.1 0.802
145.2 0.804
145.3 0.806
145.4 0.808
145.5 0.81
145.6 0.812
145.7 0.814
145.8 0.816
145.9 0.818
146 0.82
146.1 0.821888888888889
146.2 0.823777777777778
146.3 0.825666666666667
146.4 0.827555555555556
146.5 0.829444444444445
146.6 0.831333333333333
146.7 0.833222222222222
146.8 0.835111111111111
146.9 0.837
147 0.838888888888889
147.1 0.839
147.2 0.839111111111111
147.3 0.839222222222222
147.4 0.839333333333333
147.5 0.839444444444445
147.6 0.839555555555556
147.7 0.839666666666667
147.8 0.839777777777778
147.9 0.839888888888889
148 0.84
148.1 0.840166666666667
148.2 0.840333333333333
148.3 0.8405
148.4 0.840666666666667
148.5 0.840833333333333
148.6 0.841
148.7 0.841166666666667
148.8 0.841333333333333
148.9 0.8415
149 0.841666666666667
149.1 0.841847826086957
149.2 0.842028985507246
149.3 0.842210144927536
149.4 0.842391304347826
149.5 0.842572463768116
149.6 0.842753623188406
149.7 0.842934782608696
149.8 0.843115942028985
149.9 0.843297101449275
150 0.843478260869565
150.1 0.843591973244147
150.2 0.843705685618729
150.3 0.843819397993311
150.4 0.843933110367893
150.5 0.844046822742475
150.6 0.844160535117057
150.7 0.844274247491639
150.8 0.844387959866221
150.9 0.844501672240803
151 0.844615384615385
151.1 0.844805008944544
151.2 0.844994633273703
151.3 0.845184257602862
151.4 0.845373881932021
151.5 0.845563506261181
151.6 0.84575313059034
151.7 0.845942754919499
151.8 0.846132379248658
151.9 0.846322003577818
152 0.846511627906977
152.1 0.846475849731664
152.2 0.84644007155635
152.3 0.846404293381037
152.4 0.846368515205724
152.5 0.846332737030411
152.6 0.846296958855098
152.7 0.846261180679785
152.8 0.846225402504472
152.9 0.846189624329159
153 0.846153846153846
153.1 0.846538461538461
153.2 0.846923076923077
153.3 0.847307692307692
153.4 0.847692307692308
153.5 0.848076923076923
153.6 0.848461538461539
153.7 0.848846153846154
153.8 0.849230769230769
153.9 0.849615384615385
154 0.85
154.1 0.849857142857143
154.2 0.849714285714286
154.3 0.849571428571429
154.4 0.849428571428572
154.5 0.849285714285714
154.6 0.849142857142857
154.7 0.849
154.8 0.848857142857143
154.9 0.848714285714286
155 0.848571428571429
155.1 0.848714285714286
155.2 0.848857142857143
155.3 0.849
155.4 0.849142857142857
155.5 0.849285714285714
155.6 0.849428571428571
155.7 0.849571428571428
155.8 0.849714285714286
155.9 0.849857142857143
156 0.85
156.1 0.85
156.2 0.85
156.3 0.85
156.4 0.85
156.5 0.85
156.6 0.85
156.7 0.85
156.8 0.85
156.9 0.85
157 0.85
157.1 0.850208333333333
157.2 0.850416666666667
157.3 0.850625
157.4 0.850833333333333
157.5 0.851041666666667
157.6 0.85125
157.7 0.851458333333334
157.8 0.851666666666667
157.9 0.851875
158 0.852083333333333
158.1 0.852113095238095
158.2 0.852142857142857
158.3 0.852172619047619
158.4 0.852202380952381
158.5 0.852232142857143
158.6 0.852261904761905
158.7 0.852291666666667
158.8 0.852321428571429
158.9 0.85235119047619
159 0.852380952380952
159.1 0.852597402597403
159.2 0.852813852813853
159.3 0.853030303030303
159.4 0.853246753246753
159.5 0.853463203463203
159.6 0.853679653679654
159.7 0.853896103896104
159.8 0.854112554112554
159.9 0.854329004329004
160 0.854545454545455
160.1 0.85465775875989
160.2 0.854770062974326
160.3 0.854882367188762
160.4 0.854994671403197
160.5 0.855106975617633
160.6 0.855219279832068
160.7 0.855331584046504
160.8 0.85544388826094
160.9 0.855556192475375
161 0.855668496689811
161.1 0.855780800904247
161.2 0.855893105118682
161.3 0.856005409333118
161.4 0.856117713547554
161.5 0.856230017761989
161.6 0.856342321976425
161.7 0.856454626190861
161.8 0.856566930405296
161.9 0.856679234619732
162 0.856791538834167
162.1 0.856903843048603
162.2 0.857016147263039
162.3 0.857128451477474
162.4 0.85724075569191
162.5 0.857353059906346
162.6 0.857465364120781
162.7 0.857577668335217
162.8 0.857689972549653
162.9 0.857802276764088
163 0.857914580978524
163.1 0.85802688519296
163.2 0.858139189407395
163.3 0.858251493621831
163.4 0.858363797836266
163.5 0.858476102050702
163.6 0.858588406265138
163.7 0.858700710479573
163.8 0.858813014694009
163.9 0.858925318908445
164 0.85903762312288
164.1 0.859149927337316
164.2 0.859262231551752
164.3 0.859374535766187
164.4 0.859486839980623
164.5 0.859599144195059
164.6 0.859711448409494
164.7 0.85982375262393
164.8 0.859936056838365
164.9 0.860048361052801
165 0.860160665267237
165.1 0.860272969481672
165.2 0.860385273696108
165.3 0.860497577910544
165.4 0.860609882124979
165.5 0.860722186339415
165.6 0.860834490553851
165.7 0.860946794768286
165.8 0.861059098982722
165.9 0.861171403197158
166 0.861283707411593
166.1 0.861396011626029
166.2 0.861508315840465
166.3 0.8616206200549
166.4 0.861732924269336
166.5 0.861845228483771
166.6 0.861957532698207
166.7 0.862069836912643
166.8 0.862182141127078
166.9 0.862294445341514
167 0.86240674955595
167.1 0.862519053770385
167.2 0.862631357984821
167.3 0.862743662199257
167.4 0.862855966413692
167.5 0.862968270628128
167.6 0.863080574842564
167.7 0.863192879056999
167.8 0.863305183271435
167.9 0.86341748748587
168 0.863529791700306
168.1 0.863642095914742
168.2 0.863754400129177
168.3 0.863866704343613
168.4 0.863979008558049
168.5 0.864091312772484
168.6 0.86420361698692
168.7 0.864315921201356
168.8 0.864428225415791
168.9 0.864540529630227
169 0.864652833844663
169.1 0.864765138059098
169.2 0.864877442273534
169.3 0.864989746487969
169.4 0.865102050702405
169.5 0.865214354916841
169.6 0.865326659131276
169.7 0.865438963345712
169.8 0.865551267560148
169.9 0.865663571774583
170 0.865775875989019
170.1 0.865888180203455
170.2 0.86600048441789
170.3 0.866112788632326
170.4 0.866225092846762
170.5 0.866337397061197
170.6 0.866449701275633
170.7 0.866562005490068
170.8 0.866674309704504
170.9 0.86678661391894
171 0.866898918133375
171.1 0.867011222347811
171.2 0.867123526562247
171.3 0.867235830776682
171.4 0.867348134991118
171.5 0.867460439205554
171.6 0.867572743419989
171.7 0.867685047634425
171.8 0.867797351848861
171.9 0.867909656063296
172 0.868021960277732
172.1 0.868134264492167
172.2 0.868246568706603
172.3 0.868358872921039
172.4 0.868471177135474
172.5 0.86858348134991
172.6 0.868695785564346
172.7 0.868808089778781
172.8 0.868920393993217
172.9 0.869032698207653
173 0.869145002422088
173.1 0.869257306636524
173.2 0.86936961085096
173.3 0.869481915065395
173.4 0.869594219279831
173.5 0.869706523494266
173.6 0.869818827708702
173.7 0.869931131923138
173.8 0.870043436137573
173.9 0.870155740352009
174 0.870268044566445
174.1 0.87038034878088
174.2 0.870492652995316
174.3 0.870604957209752
174.4 0.870717261424187
174.5 0.870829565638623
174.6 0.870941869853059
174.7 0.871054174067494
174.8 0.87116647828193
174.9 0.871278782496365
175 0.871391086710801
175.1 0.871503390925237
175.2 0.871615695139672
175.3 0.871727999354108
175.4 0.871840303568544
175.5 0.871952607782979
175.6 0.872064911997415
175.7 0.872177216211851
175.8 0.872289520426286
175.9 0.872401824640722
176 0.872514128855158
176.1 0.872626433069593
176.2 0.872738737284029
176.3 0.872851041498464
176.4 0.8729633457129
176.5 0.873075649927336
176.6 0.873187954141771
176.7 0.873300258356207
176.8 0.873412562570643
176.9 0.873524866785078
177 0.873637170999514
177.1 0.87374947521395
177.2 0.873861779428385
177.3 0.873974083642821
177.4 0.874086387857257
177.5 0.874198692071692
177.6 0.874310996286128
177.7 0.874423300500563
177.8 0.874535604714999
177.9 0.874647908929435
178 0.87476021314387
178.1 0.874872517358306
178.2 0.874984821572742
178.3 0.875097125787177
178.4 0.875209430001613
178.5 0.875321734216049
178.6 0.875434038430484
178.7 0.87554634264492
178.8 0.875658646859356
178.9 0.875770951073791
179 0.875883255288227
179.1 0.875995559502663
179.2 0.876107863717098
179.3 0.876220167931534
179.4 0.876332472145969
179.5 0.876444776360405
179.6 0.876557080574841
179.7 0.876669384789276
179.8 0.876781689003712
179.9 0.876893993218148
180 0.877006297432583
180.1 0.877118601647019
180.2 0.877230905861455
180.3 0.87734321007589
180.4 0.877455514290326
180.5 0.877567818504762
180.6 0.877680122719197
180.7 0.877792426933633
180.8 0.877904731148068
180.9 0.878017035362504
181 0.87812933957694
181.1 0.878241643791375
181.2 0.878353948005811
181.3 0.878466252220247
181.4 0.878578556434682
181.5 0.878690860649118
181.6 0.878803164863554
181.7 0.878915469077989
181.8 0.879027773292425
181.9 0.879140077506861
182 0.879252381721296
182.1 0.879364685935732
182.2 0.879476990150167
182.3 0.879589294364603
182.4 0.879701598579039
182.5 0.879813902793474
182.6 0.87992620700791
182.7 0.880038511222346
182.8 0.880150815436781
182.9 0.880263119651217
183 0.880375423865653
183.1 0.880487728080088
183.2 0.880600032294524
183.3 0.88071233650896
183.4 0.880824640723395
183.5 0.880936944937831
183.6 0.881049249152266
183.7 0.881161553366702
183.8 0.881273857581138
183.9 0.881386161795573
184 0.881498466010009
184.1 0.881610770224445
184.2 0.88172307443888
184.3 0.881835378653316
184.4 0.881947682867752
184.5 0.882059987082187
184.6 0.882172291296623
184.7 0.882284595511059
184.8 0.882396899725494
184.9 0.88250920393993
185 0.882621508154365
185.1 0.882733812368801
185.2 0.882846116583237
185.3 0.882958420797672
185.4 0.883070725012108
185.5 0.883183029226544
185.6 0.883295333440979
185.7 0.883407637655415
185.8 0.883519941869851
185.9 0.883632246084286
186 0.883744550298722
186.1 0.883856854513158
186.2 0.883969158727593
186.3 0.884081462942029
186.4 0.884193767156464
186.5 0.8843060713709
186.6 0.884418375585336
186.7 0.884530679799771
186.8 0.884642984014207
186.9 0.884755288228643
187 0.884867592443078
187.1 0.884979896657514
187.2 0.88509220087195
187.3 0.885204505086385
187.4 0.885316809300821
187.5 0.885429113515257
187.6 0.885541417729692
187.7 0.885653721944128
187.8 0.885766026158563
187.9 0.885878330372999
188 0.885990634587435
188.1 0.88610293880187
188.2 0.886215243016306
188.3 0.886327547230742
188.4 0.886439851445177
188.5 0.886552155659613
188.6 0.886664459874049
188.7 0.886776764088484
188.8 0.88688906830292
188.9 0.887001372517356
189 0.887113676731791
189.1 0.887225980946227
189.2 0.887338285160662
189.3 0.887450589375098
189.4 0.887562893589534
189.5 0.887675197803969
189.6 0.887787502018405
189.7 0.887899806232841
189.8 0.888012110447276
189.9 0.888124414661712
190 0.888236718876148
190.1 0.888349023090583
190.2 0.888461327305019
190.3 0.888573631519455
190.4 0.88868593573389
190.5 0.888798239948326
190.6 0.888910544162761
190.7 0.889022848377197
190.8 0.889135152591633
190.9 0.889247456806068
191 0.889359761020504
191.1 0.88947206523494
191.2 0.889584369449375
191.3 0.889696673663811
191.4 0.889808977878247
191.5 0.889921282092682
191.6 0.890033586307118
191.7 0.890145890521554
191.8 0.890258194735989
191.9 0.890370498950425
192 0.890482803164861
192.1 0.890595107379296
192.2 0.890707411593732
192.3 0.890819715808167
192.4 0.890932020022603
192.5 0.891044324237039
192.6 0.891156628451474
192.7 0.89126893266591
192.8 0.891381236880346
192.9 0.891493541094781
193 0.891605845309217
193.1 0.891718149523653
193.2 0.891830453738088
193.3 0.891942757952524
193.4 0.89205506216696
193.5 0.892167366381395
193.6 0.892279670595831
193.7 0.892391974810266
193.8 0.892504279024702
193.9 0.892616583239138
194 0.892728887453573
194.1 0.892841191668009
194.2 0.892953495882445
194.3 0.89306580009688
194.4 0.893178104311316
194.5 0.893290408525752
194.6 0.893402712740187
194.7 0.893515016954623
194.8 0.893627321169059
194.9 0.893739625383494
195 0.89385192959793
195.1 0.893964233812365
195.2 0.894076538026801
195.3 0.894188842241237
195.4 0.894301146455672
195.5 0.894413450670108
195.6 0.894525754884544
195.7 0.894638059098979
195.8 0.894750363313415
195.9 0.894862667527851
196 0.894974971742286
196.1 0.895087275956722
196.2 0.895199580171158
196.3 0.895311884385593
196.4 0.895424188600029
196.5 0.895536492814464
196.6 0.8956487970289
196.7 0.895761101243336
196.8 0.895873405457771
196.9 0.895985709672207
197 0.896098013886643
197.1 0.896210318101078
197.2 0.896322622315514
197.3 0.89643492652995
197.4 0.896547230744385
197.5 0.896659534958821
197.6 0.896771839173257
197.7 0.896884143387692
197.8 0.896996447602128
197.9 0.897108751816563
198 0.897221056030999
198.1 0.897333360245435
198.2 0.89744566445987
198.3 0.897557968674306
198.4 0.897670272888742
198.5 0.897782577103177
198.6 0.897894881317613
198.7 0.898007185532049
198.8 0.898119489746484
198.9 0.89823179396092
199 0.898344098175356
199.1 0.898456402389791
199.2 0.898568706604227
199.3 0.898681010818662
199.4 0.898793315033098
199.5 0.898905619247534
199.6 0.899017923461969
199.7 0.899130227676405
199.8 0.899242531890841
199.9 0.899354836105276
200 0.899467140319712
200.1 0.899579444534148
200.2 0.899691748748583
200.3 0.899804052963019
200.4 0.899916357177455
200.5 0.90002866139189
200.6 0.900140965606326
200.7 0.900253269820761
200.8 0.900365574035197
200.9 0.900477878249633
201 0.900590182464068
201.1 0.900702486678504
201.2 0.90081479089294
201.3 0.900927095107375
201.4 0.901039399321811
201.5 0.901151703536247
201.6 0.901264007750682
201.7 0.901376311965118
201.8 0.901488616179554
201.9 0.901600920393989
202 0.901713224608425
202.1 0.90182552882286
202.2 0.901937833037296
202.3 0.902050137251732
202.4 0.902162441466167
202.5 0.902274745680603
202.6 0.902387049895039
202.7 0.902499354109474
202.8 0.90261165832391
202.9 0.902723962538346
203 0.902836266752781
203.1 0.902948570967217
203.2 0.903060875181653
203.3 0.903173179396088
203.4 0.903285483610524
203.5 0.903397787824959
203.6 0.903510092039395
203.7 0.903622396253831
203.8 0.903734700468266
203.9 0.903847004682702
204 0.903959308897138
204.1 0.904071613111573
204.2 0.904183917326009
204.3 0.904296221540445
204.4 0.90440852575488
204.5 0.904520829969316
204.6 0.904633134183752
204.7 0.904745438398187
204.8 0.904857742612623
204.9 0.904970046827059
205 0.905082351041494
205.1 0.90519465525593
205.2 0.905306959470365
205.3 0.905419263684801
205.4 0.905531567899237
205.5 0.905643872113672
205.6 0.905756176328108
205.7 0.905868480542544
205.8 0.905980784756979
205.9 0.906093088971415
206 0.906205393185851
206.1 0.906317697400286
206.2 0.906430001614722
206.3 0.906542305829158
206.4 0.906654610043593
206.5 0.906766914258029
206.6 0.906879218472464
206.7 0.9069915226869
206.8 0.907103826901336
206.9 0.907216131115771
207 0.907328435330207
207.1 0.907440739544643
207.2 0.907553043759078
207.3 0.907665347973514
207.4 0.90777765218795
207.5 0.907889956402385
207.6 0.908002260616821
207.7 0.908114564831257
207.8 0.908226869045692
207.9 0.908339173260128
208 0.908451477474563
208.1 0.908563781688999
208.2 0.908676085903435
208.3 0.90878839011787
208.4 0.908900694332306
208.5 0.909012998546742
208.6 0.909125302761177
208.7 0.909237606975613
208.8 0.909349911190049
208.9 0.909462215404484
209 0.90957451961892
209.1 0.909686823833356
209.2 0.909799128047791
209.3 0.909911432262227
209.4 0.910023736476662
209.5 0.910136040691098
209.6 0.910248344905534
209.7 0.910360649119969
209.8 0.910472953334405
209.9 0.910585257548841
210 0.910697561763276
210.1 0.910809865977712
210.2 0.910922170192148
210.3 0.911034474406583
210.4 0.911146778621019
210.5 0.911259082835455
210.6 0.91137138704989
210.7 0.911483691264326
210.8 0.911595995478761
210.9 0.911708299693197
211 0.911820603907633
211.1 0.911932908122068
211.2 0.912045212336504
211.3 0.91215751655094
211.4 0.912269820765375
211.5 0.912382124979811
211.6 0.912494429194247
211.7 0.912606733408682
211.8 0.912719037623118
211.9 0.912831341837554
212 0.912943646051989
212.1 0.913055950266425
212.2 0.91316825448086
212.3 0.913280558695296
212.4 0.913392862909732
212.5 0.913505167124167
212.6 0.913617471338603
212.7 0.913729775553039
212.8 0.913842079767474
212.9 0.91395438398191
213 0.914066688196346
213.1 0.914178992410781
213.2 0.914291296625217
213.3 0.914403600839653
213.4 0.914515905054088
213.5 0.914628209268524
213.6 0.914740513482959
213.7 0.914852817697395
213.8 0.914965121911831
213.9 0.915077426126266
214 0.915189730340702
214.1 0.915302034555138
214.2 0.915414338769573
214.3 0.915526642984009
214.4 0.915638947198445
214.5 0.91575125141288
214.6 0.915863555627316
214.7 0.915975859841752
214.8 0.916088164056187
214.9 0.916200468270623
215 0.916312772485058
215.1 0.916425076699494
215.2 0.91653738091393
215.3 0.916649685128365
215.4 0.916761989342801
215.5 0.916874293557237
215.6 0.916986597771672
215.7 0.917098901986108
215.8 0.917211206200544
215.9 0.917323510414979
216 0.917435814629415
216.1 0.917548118843851
216.2 0.917660423058286
216.3 0.917772727272722
216.4 0.917885031487157
216.5 0.917997335701593
216.6 0.918109639916029
216.7 0.918221944130464
216.8 0.9183342483449
216.9 0.918446552559336
217 0.918558856773771
217.1 0.918671160988207
217.2 0.918783465202643
217.3 0.918895769417078
217.4 0.919008073631514
217.5 0.91912037784595
217.6 0.919232682060385
217.7 0.919344986274821
217.8 0.919457290489257
217.9 0.919569594703692
218 0.919681898918128
218.1 0.919794203132563
218.2 0.919906507346999
218.3 0.920018811561435
218.4 0.92013111577587
218.5 0.920243419990306
218.6 0.920355724204742
218.7 0.920468028419177
218.8 0.920580332633613
218.9 0.920692636848049
219 0.920804941062484
219.1 0.92091724527692
219.2 0.921029549491356
219.3 0.921141853705791
219.4 0.921254157920227
219.5 0.921366462134662
219.6 0.921478766349098
219.7 0.921591070563534
219.8 0.921703374777969
219.9 0.921815678992405
220 0.921927983206841
220.1 0.922040287421276
220.2 0.922152591635712
220.3 0.922264895850148
220.4 0.922377200064583
220.5 0.922489504279019
220.6 0.922601808493455
220.7 0.92271411270789
220.8 0.922826416922326
220.9 0.922938721136761
221 0.923051025351197
221.1 0.923163329565633
221.2 0.923275633780068
221.3 0.923387937994504
221.4 0.92350024220894
221.5 0.923612546423375
221.6 0.923724850637811
221.7 0.923837154852247
221.8 0.923949459066682
221.9 0.924061763281118
222 0.924174067495554
222.1 0.924286371709989
222.2 0.924398675924425
222.3 0.92451098013886
222.4 0.924623284353296
222.5 0.924735588567732
222.6 0.924847892782167
222.7 0.924960196996603
222.8 0.925072501211039
222.9 0.925184805425474
223 0.92529710963991
223.1 0.925409413854346
223.2 0.925521718068781
223.3 0.925634022283217
223.4 0.925746326497653
223.5 0.925858630712088
223.6 0.925970934926524
223.7 0.926083239140959
223.8 0.926195543355395
223.9 0.926307847569831
224 0.926420151784266
224.1 0.926532455998702
224.2 0.926644760213138
224.3 0.926757064427573
224.4 0.926869368642009
224.5 0.926981672856445
224.6 0.92709397707088
224.7 0.927206281285316
224.8 0.927318585499752
224.9 0.927430889714187
225 0.927543193928623
225.1 0.927655498143058
225.2 0.927767802357494
225.3 0.92788010657193
225.4 0.927992410786365
225.5 0.928104715000801
225.6 0.928217019215237
225.7 0.928329323429672
225.8 0.928441627644108
225.9 0.928553931858544
226 0.928666236072979
226.1 0.928778540287415
226.2 0.928890844501851
226.3 0.929003148716286
226.4 0.929115452930722
226.5 0.929227757145157
226.6 0.929340061359593
226.7 0.929452365574029
226.8 0.929564669788464
226.9 0.9296769740029
227 0.929789278217336
227.1 0.929901582431771
227.2 0.930013886646207
227.3 0.930126190860643
227.4 0.930238495075078
227.5 0.930350799289514
227.6 0.93046310350395
227.7 0.930575407718385
227.8 0.930687711932821
227.9 0.930800016147256
228 0.930912320361692
228.1 0.931024624576128
228.2 0.931136928790563
228.3 0.931249233004999
228.4 0.931361537219435
228.5 0.93147384143387
228.6 0.931586145648306
228.7 0.931698449862742
228.8 0.931810754077177
228.9 0.931923058291613
229 0.932035362506049
229.1 0.932147666720484
229.2 0.93225997093492
229.3 0.932372275149356
229.4 0.932484579363791
229.5 0.932596883578227
229.6 0.932709187792662
229.7 0.932821492007098
229.8 0.932933796221534
229.9 0.933046100435969
230 0.933158404650405
230.1 0.933270708864841
230.2 0.933383013079276
230.3 0.933495317293712
230.4 0.933607621508148
230.5 0.933719925722583
230.6 0.933832229937019
230.7 0.933944534151455
230.8 0.93405683836589
230.9 0.934169142580326
231 0.934281446794761
231.1 0.934393751009197
231.2 0.934506055223633
231.3 0.934618359438068
231.4 0.934730663652504
231.5 0.93484296786694
231.6 0.934955272081375
231.7 0.935067576295811
231.8 0.935179880510247
231.9 0.935292184724682
232 0.935404488939118
232.1 0.935516793153554
232.2 0.935629097367989
232.3 0.935741401582425
232.4 0.93585370579686
232.5 0.935966010011296
232.6 0.936078314225732
232.7 0.936190618440167
232.8 0.936302922654603
232.9 0.936415226869039
233 0.936527531083474
233.1 0.93663983529791
233.2 0.936752139512346
233.3 0.936864443726781
233.4 0.936976747941217
233.5 0.937089052155653
233.6 0.937201356370088
233.7 0.937313660584524
233.8 0.937425964798959
233.9 0.937538269013395
234 0.937650573227831
234.1 0.937762877442266
234.2 0.937875181656702
234.3 0.937987485871138
234.4 0.938099790085573
234.5 0.938212094300009
234.6 0.938324398514445
234.7 0.93843670272888
234.8 0.938549006943316
234.9 0.938661311157752
235 0.938773615372187
235.1 0.938885919586623
235.2 0.938998223801058
235.3 0.939110528015494
235.4 0.93922283222993
235.5 0.939335136444365
235.6 0.939447440658801
235.7 0.939559744873237
235.8 0.939672049087672
235.9 0.939784353302108
236 0.939896657516544
236.1 0.940008961730979
236.2 0.940121265945415
236.3 0.940233570159851
236.4 0.940345874374286
236.5 0.940458178588722
236.6 0.940570482803157
236.7 0.940682787017593
236.8 0.940795091232029
236.9 0.940907395446464
237 0.9410196996609
237.1 0.941132003875336
237.2 0.941244308089771
237.3 0.941356612304207
237.4 0.941468916518643
237.5 0.941581220733078
237.6 0.941693524947514
237.7 0.94180582916195
237.8 0.941918133376385
237.9 0.942030437590821
238 0.942142741805256
238.1 0.942255046019692
238.2 0.942367350234128
238.3 0.942479654448563
238.4 0.942591958662999
238.5 0.942704262877435
238.6 0.94281656709187
238.7 0.942928871306306
238.8 0.943041175520742
238.9 0.943153479735177
239 0.943265783949613
239.1 0.943378088164049
239.2 0.943490392378484
239.3 0.94360269659292
239.4 0.943715000807355
239.5 0.943827305021791
239.6 0.943939609236227
239.7 0.944051913450662
239.8 0.944164217665098
239.9 0.944276521879534
240 0.944388826093969
240.1 0.944501130308405
240.2 0.944613434522841
240.3 0.944725738737276
240.4 0.944838042951712
240.5 0.944950347166148
240.6 0.945062651380583
240.7 0.945174955595019
240.8 0.945287259809454
240.9 0.94539956402389
241 0.945511868238326
241.1 0.945624172452761
241.2 0.945736476667197
241.3 0.945848780881633
241.4 0.945961085096068
241.5 0.946073389310504
241.6 0.94618569352494
241.7 0.946297997739375
241.8 0.946410301953811
241.9 0.946522606168247
242 0.946634910382682
242.1 0.946747214597118
242.2 0.946859518811554
242.3 0.946971823025989
242.4 0.947084127240425
242.5 0.94719643145486
242.6 0.947308735669296
242.7 0.947421039883732
242.8 0.947533344098167
242.9 0.947645648312603
243 0.947757952527039
243.1 0.947870256741474
243.2 0.94798256095591
243.3 0.948094865170346
243.4 0.948207169384781
243.5 0.948319473599217
243.6 0.948431777813653
243.7 0.948544082028088
243.8 0.948656386242524
243.9 0.948768690456959
244 0.948880994671395
244.1 0.948993298885831
244.2 0.949105603100266
244.3 0.949217907314702
244.4 0.949330211529138
244.5 0.949442515743573
244.6 0.949554819958009
244.7 0.949667124172445
244.8 0.94977942838688
244.9 0.949891732601316
245 0.950004036815752
245.1 0.950116341030187
245.2 0.950228645244623
245.3 0.950340949459058
245.4 0.950453253673494
245.5 0.95056555788793
245.6 0.950677862102365
245.7 0.950790166316801
245.8 0.950902470531237
245.9 0.951014774745672
246 0.951127078960108
246.1 0.951239383174544
246.2 0.951351687388979
246.3 0.951463991603415
246.4 0.951576295817851
246.5 0.951688600032286
246.6 0.951800904246722
246.7 0.951913208461157
246.8 0.952025512675593
246.9 0.952137816890029
247 0.952250121104464
247.1 0.9523624253189
247.2 0.952474729533336
247.3 0.952587033747771
247.4 0.952699337962207
247.5 0.952811642176643
247.6 0.952923946391078
247.7 0.953036250605514
247.8 0.95314855481995
247.9 0.953260859034385
248 0.953373163248821
248.1 0.953485467463256
248.2 0.953597771677692
248.3 0.953710075892128
248.4 0.953822380106563
248.5 0.953934684320999
248.6 0.954046988535435
248.7 0.95415929274987
248.8 0.954271596964306
248.9 0.954383901178742
249 0.954496205393177
249.1 0.954608509607613
249.2 0.954720813822049
249.3 0.954833118036484
249.4 0.95494542225092
249.5 0.955057726465355
249.6 0.955170030679791
249.7 0.955282334894227
249.8 0.955394639108662
249.9 0.955506943323098
250 0.955619247537534
250.1 0.955731551751969
250.2 0.955843855966405
250.3 0.955956160180841
250.4 0.956068464395276
250.5 0.956180768609712
250.6 0.956293072824148
250.7 0.956405377038583
250.8 0.956517681253019
250.9 0.956629985467454
251 0.95674228968189
251.1 0.956854593896326
251.2 0.956966898110761
251.3 0.957079202325197
251.4 0.957191506539633
251.5 0.957303810754068
251.6 0.957416114968504
251.7 0.95752841918294
251.8 0.957640723397375
251.9 0.957753027611811
252 0.957865331826247
252.1 0.957977636040682
252.2 0.958089940255118
252.3 0.958202244469553
252.4 0.958314548683989
252.5 0.958426852898425
252.6 0.95853915711286
252.7 0.958651461327296
252.8 0.958763765541732
252.9 0.958876069756167
253 0.958988373970603
253.1 0.959100678185039
253.2 0.959212982399474
253.3 0.95932528661391
253.4 0.959437590828346
253.5 0.959549895042781
253.6 0.959662199257217
253.7 0.959774503471653
253.8 0.959886807686089
253.9 0.959999111900524
254 0.96011141611496
254.1 0.960223720329396
254.2 0.960336024543831
254.3 0.960448328758267
254.4 0.960560632972703
254.5 0.960672937187138
254.6 0.960785241401574
254.7 0.96089754561601
254.8 0.961009849830446
254.9 0.961122154044881
255 0.961234458259317
255.1 0.961346762473753
255.2 0.961459066688188
255.3 0.961571370902624
255.4 0.96168367511706
255.5 0.961795979331495
255.6 0.961908283545931
255.7 0.962020587760367
255.8 0.962132891974803
255.9 0.962245196189238
256 0.962357500403674
256.1 0.96246980461811
256.2 0.962582108832545
256.3 0.962694413046981
256.4 0.962806717261417
256.5 0.962919021475852
256.6 0.963031325690288
256.7 0.963143629904724
256.8 0.96325593411916
256.9 0.963368238333595
257 0.963480542548031
257.1 0.963592846762467
257.2 0.963705150976902
257.3 0.963817455191338
257.4 0.963929759405774
257.5 0.964042063620209
257.6 0.964154367834645
257.7 0.964266672049081
257.8 0.964378976263517
257.9 0.964491280477952
258 0.964603584692388
258.1 0.964715888906824
258.2 0.964828193121259
258.3 0.964940497335695
258.4 0.965052801550131
258.5 0.965165105764566
258.6 0.965277409979002
258.7 0.965389714193438
258.8 0.965502018407874
258.9 0.965614322622309
259 0.965726626836745
259.1 0.965838931051181
259.2 0.965951235265616
259.3 0.966063539480052
259.4 0.966175843694488
259.5 0.966288147908923
259.6 0.966400452123359
259.7 0.966512756337795
259.8 0.966625060552231
259.9 0.966737364766666
260 0.966849668981102
260.1 0.966961973195538
260.2 0.967074277409973
260.3 0.967186581624409
260.4 0.967298885838845
260.5 0.96741119005328
260.6 0.967523494267716
260.7 0.967635798482152
260.8 0.967748102696588
260.9 0.967860406911023
261 0.967972711125459
261.1 0.968085015339895
261.2 0.96819731955433
261.3 0.968309623768766
261.4 0.968421927983202
261.5 0.968534232197637
261.6 0.968646536412073
261.7 0.968758840626509
261.8 0.968871144840944
261.9 0.96898344905538
262 0.969095753269816
262.1 0.969208057484252
262.2 0.969320361698687
262.3 0.969432665913123
262.4 0.969544970127559
262.5 0.969657274341994
262.6 0.96976957855643
262.7 0.969881882770866
262.8 0.969994186985301
262.9 0.970106491199737
263 0.970218795414173
263.1 0.970331099628609
263.2 0.970443403843044
263.3 0.97055570805748
263.4 0.970668012271916
263.5 0.970780316486351
263.6 0.970892620700787
263.7 0.971004924915223
263.8 0.971117229129658
263.9 0.971229533344094
264 0.97134183755853
264.1 0.971454141772966
264.2 0.971566445987401
264.3 0.971678750201837
264.4 0.971791054416273
264.5 0.971903358630708
264.6 0.972015662845144
264.7 0.97212796705958
264.8 0.972240271274015
264.9 0.972352575488451
265 0.972464879702887
265.1 0.972577183917323
265.2 0.972689488131758
265.3 0.972801792346194
265.4 0.97291409656063
265.5 0.973026400775065
265.6 0.973138704989501
265.7 0.973251009203937
265.8 0.973363313418372
265.9 0.973475617632808
266 0.973587921847244
266.1 0.973700226061679
266.2 0.973812530276115
266.3 0.973924834490551
266.4 0.974037138704987
266.5 0.974149442919422
266.6 0.974261747133858
266.7 0.974374051348294
266.8 0.974486355562729
266.9 0.974598659777165
267 0.974710963991601
267.1 0.974823268206036
267.2 0.974935572420472
267.3 0.975047876634908
267.4 0.975160180849344
267.5 0.975272485063779
267.6 0.975384789278215
267.7 0.975497093492651
267.8 0.975609397707086
267.9 0.975721701921522
268 0.975834006135958
268.1 0.975946310350393
268.2 0.976058614564829
268.3 0.976170918779265
268.4 0.976283222993701
268.5 0.976395527208136
268.6 0.976507831422572
268.7 0.976620135637008
268.8 0.976732439851443
268.9 0.976844744065879
269 0.976957048280315
269.1 0.97706935249475
269.2 0.977181656709186
269.3 0.977293960923622
269.4 0.977406265138058
269.5 0.977518569352493
269.6 0.977630873566929
269.7 0.977743177781365
269.8 0.9778554819958
269.9 0.977967786210236
270 0.978080090424672
270.1 0.978192394639107
270.2 0.978304698853543
270.3 0.978417003067979
270.4 0.978529307282415
270.5 0.97864161149685
270.6 0.978753915711286
270.7 0.978866219925722
270.8 0.978978524140157
270.9 0.979090828354593
271 0.979203132569029
271.1 0.979315436783464
271.2 0.9794277409979
271.3 0.979540045212336
271.4 0.979652349426772
271.5 0.979764653641207
271.6 0.979876957855643
271.7 0.979989262070079
271.8 0.980101566284514
271.9 0.98021387049895
272 0.980326174713386
272.1 0.980438478927821
272.2 0.980550783142257
272.3 0.980663087356693
272.4 0.980775391571129
272.5 0.980887695785564
272.6 0.981
