0 0
0.1 0
0.2 0
0.3 0
0.4 0
0.5 0
0.6 0
0.7 0
0.8 0
0.9 0
1 0
1.1 0
1.2 0
1.3 0
1.4 0
1.5 0
1.6 0
1.7 0
1.8 0
1.9 0
2 0
2.1 0
2.2 0
2.3 0
2.4 0
2.5 0
2.6 0
2.7 0
2.8 0
2.9 0
3 0
3.1 0
3.2 0
3.3 0
3.4 0
3.5 0
3.6 0
3.7 0
3.8 0
3.9 0
4 0
4.1 0
4.2 0
4.3 0
4.4 0
4.5 0
4.6 0
4.7 0
4.8 0
4.9 0
5 0
5.1 0
5.2 0
5.3 0
5.4 0
5.5 0
5.6 0
5.7 0
5.8 0
5.9 0
6 0
6.1 0
6.2 0
6.3 0
6.4 0
6.5 0
6.6 0
6.7 0
6.8 0
6.9 0
7 0
7.1 0
7.2 0
7.3 0
7.4 0
7.5 0
7.6 0
7.7 0
7.8 0
7.9 0
8 0
8.1 0
8.2 0
8.3 0
8.4 0
8.5 0
8.6 0
8.7 0
8.8 0
8.9 0
9 0
9.1 0
9.2 0
9.3 0
9.4 0
9.5 0
9.6 0
9.7 0
9.8 0
9.9 0
10 0
10.1 0
10.2 0
10.3 0
10.4 0
10.5 0
10.6 0
10.7 0
10.8 0
10.9 0
11 0
11.1 0
11.2 0
11.3 0
11.4 0
11.5 0
11.6 0
11.7 0
11.8 0
11.9 0
12 0
12.1 0
12.2 0
12.3 0
12.4 0
12.5 0
12.6 0
12.7 0
12.8 0
12.9 0
13 0
13.1 0
13.2 0
13.3 0
13.4 0
13.5 0
13.6 0
13.7 0
13.8 0
13.9 0
14 0
14.1 0
14.2 0
14.3 0
14.4 0
14.5 0
14.6 0
14.7 0
14.8 0
14.9 0
15 0
15.1 0
15.2 0
15.3 0
15.4 0
15.5 0
15.6 0
15.7 0
15.8 0
15.9 0
16 0
16.1 0
16.2 0
16.3 0
16.4 0
16.5 0
16.6 0
16.7 0
16.8 0
16.9 0
17 0
17.1 0
17.2 0
17.3 0
17.4 0
17.5 0
17.6 0
17.7 0
17.8 0
17.9 0
18 0
18.1 0
18.2 0
18.3 0
18.4 0
18.5 0
18.6 0
18.7 0
18.8 0
18.9 0
19 0
19.1 0
19.2 0
19.3 0
19.4 0
19.5 0
19.6 0
19.7 0
19.8 0
19.9 0
20 0
20.1 0
20.2 0
20.3 0
20.4 0
20.5 0
20.6 0
20.7 0
20.8 0
20.9 0
21 0
21.1 0
21.2 0
21.3 0
21.4 0
21.5 0
21.6 0
21.7 0
21.8 0
21.9 0
22 0
22.1 0
22.2 0
22.3 0
22.4 0
22.5 0
22.6 0
22.7 0
22.8 0
22.9 0
23 0
23.1 0
23.2 0
23.3 0
23.4 0
23.5 0
23.6 0
23.7 0
23.8 0
23.9 0
24 0
24.1 0
24.2 0
24.3 0
24.4 0
24.5 0
24.6 0
24.7 0
24.8 0
24.9 0
25 0
25.1 0
25.2 0
25.3 0
25.4 0
25.5 0
25.6 0
25.7 0
25.8 0
25.9 0
26 0
26.1 0
26.2 0
26.3 0
26.4 0
26.5 0
26.6 0
26.7 0
26.8 0
26.9 0
27 0
27.1 0
27.2 0
27.3 0
27.4 0
27.5 0
27.6 0
27.7 0
27.8 0
27.9 0
28 0
28.1 0
28.2 0
28.3 0
28.4 0
28.5 0
28.6 0
28.7 0
28.8 0
28.9 0
29 0
29.1 0
29.2 0
29.3 0
29.4 0
29.5 0
29.6 0
29.7 0
29.8 0
29.9 0
30 0
30.1 0
30.2 0
30.3 0
30.4 0
30.5 0
30.6 0
30.7 0
30.8 0
30.9 0
31 0
31.1 0
31.2 0
31.3 0
31.4 0
31.5 0
31.6 0
31.7 0
31.8 0
31.9 0
32 0
32.1 0
32.2 0
32.3 0
32.4 0
32.5 0
32.6 0
32.7 0
32.8 0
32.9 0
33 0
33.1 0
33.2 0
33.3 0
33.4 0
33.5 0
33.6 0
33.7 0
33.8 0
33.9 0
34 0
34.1 0
34.2 0
34.3 0
34.4 0
34.5 0
34.6 0
34.7 0
34.8 0
34.9 0
35 0
35.1 0
35.2 0
35.3 0
35.4 0
35.5 0
35.6 0
35.7 0
35.8 0
35.9 0
36 0
36.1 0
36.2 0
36.3 0
36.4 0
36.5 0
36.6 0
36.7 0
36.8 0
36.9 0
37 0
37.1 0
37.2 0
37.3 0
37.4 0
37.5 0
37.6 0
37.7 0
37.8 0
37.9 0
38 0
38.1 0
38.2 0
38.3 0
38.4 0
38.5 0
38.6 0
38.7 0
38.8 0
38.9 0
39 0
39.1 0
39.2 0
39.3 0
39.4 0
39.5 0
39.6 0
39.7 0
39.8 0
39.9 0
40 0
40.1 0
40.2 0
40.3 0
40.4 0
40.5 0
40.6 0
40.7 0
40.8 0
40.9 0
41 0
41.1 0
41.2 0
41.3 0
41.4 0
41.5 0
41.6 0
41.7 0
41.8 0
41.9 0
42 0
42.1 0
42.2 0
42.3 0
42.4 0
42.5 0
42.6 0
42.7 0
42.8 0
42.9 0
43 0
43.1 0
43.2 0
43.3 0
43.4 0
43.5 0
43.6 0
43.7 0
43.8 0
43.9 0
44 0
44.1 0
44.2 0
44.3 0
44.4 0
44.5 0
44.6 0
44.7 0
44.8 0
44.9 0
45 0
45.1 0
45.2 0
45.3 0
45.4 0
45.5 0
45.6 0
45.7 0
45.8 0
45.9 0
46 0
46.1 0
46.2 0
46.3 0
46.4 0
46.5 0
46.6 0
46.7 0
46.8 0
46.9 0
47 0
47.1 0
47.2 0
47.3 0
47.4 0
47.5 0
47.6 0
47.7 0
47.8 0
47.9 0
48 0
48.1 0
48.2 0
48.3 0
48.4 0
48.5 0
48.6 0
48.7 0
48.8 0
48.9 0
49 0
49.1 0
49.2 0
49.3 0
49.4 0
49.5 0
49.6 0
49.7 0
49.8 0
49.9 0
50 0
50.1 0
50.2 0
50.3 0
50.4 0
50.5 0
50.6 0
50.7 0
50.8 0
50.9 0
51 0
51.1 0
51.2 0
51.3 0
51.4 0
51.5 0
51.6 0
51.7 0
51.8 0
51.9 0
52 0
52.1 0
52.2 0
52.3 0
52.4 0
52.5 0
52.6 0
52.7 0
52.8 0
52.9 0
53 0
53.1 0
53.2 0
53.3 0
53.4 0
53.5 0
53.6 0
53.7 0
53.8 0
53.9 0
54 0
54.1 0
54.2 0
54.3 0
54.4 0
54.5 0
54.6 0
54.7 0
54.8 0
54.9 0
55 0
55.1 0
55.2 0
55.3 0
55.4 0
55.5 0
55.6 0
55.7 0
55.8 0
55.9 0
56 0
56.1 0
56.2 0
56.3 0
56.4 0
56.5 0
56.6 0
56.7 0
56.8 0
56.9 0
57 0
57.1 0
57.2 0
57.3 0
57.4 0
57.5 0
57.6 0
57.7 0
57.8 0
57.9 0
58 0
58.1 0
58.2 0
58.3 0
58.4 0
58.5 0
58.6 0
58.7 0
58.8 0
58.9 0
59 0
59.1 0
59.2 0
59.3 0
59.4 0
59.5 0
59.6 0
59.7 0
59.8 0
59.9 0
60 0
60.1 0
60.2 0
60.3 0
60.4 0
60.5 0
60.6 0
60.7 0
60.8 0
60.9 0
61 0
61.1 0
61.2 0
61.3 0
61.4 0
61.5 0
61.6 0
61.7 0
61.8 0
61.9 0
62 0
62.1 0
62.2 0
62.3 0
62.4 0
62.5 0
62.6 0
62.7 0
62.8 0
62.9 0
63 0
63.1 0
63.2 0
63.3 0
63.4 0
63.5 0
63.6 0
63.7 0
63.8 0
63.9 0
64 0
64.1 0
64.2 0
64.3 0
64.4 0
64.5 0
64.6 0
64.7 0
64.8 0
64.9 0
65 0
65.1 0
65.2 0
65.3 0
65.4 0
65.5 0
65.6 0
65.7 0
65.8 0
65.9 0
66 0
66.1 0
66.2 0
66.3 0
66.4 0
66.5 0
66.6 0
66.7 0
66.8 0
66.9 0
67 0
67.1 0
67.2 0
67.3 0
67.4 0
67.5 0
67.6 0
67.7 0
67.8 0
67.9 0
68 0
68.1 0
68.2 0
68.3 0
68.4 0
68.5 0
68.6 0
68.7 0
68.8 0
68.9 0
69 0
69.1 0
69.2 0
69.3 0
69.4 0
69.5 0
69.6 0
69.7 0
69.8 0
69.9 0
70 0
70.1 0
70.2 0
70.3 0
70.4 0
70.5 0
70.6 0
70.7 0
70.8 0
70.9 0
71 0
71.1 0
71.2 0
71.3 0
71.4 0
71.5 0
71.6 0
71.7 0
71.8 0
71.9 0
72 0
72.1 0
72.2 0
72.3 0
72.4 0
72.5 0
72.6 0
72.7 0
72.8 0
72.9 0
73 0
73.1 0
73.2 0
73.3 0
73.4 0
73.5 0
73.6 0
73.7 0
73.8 0
73.9 0
74 0
74.1 0
74.2 0
74.3 0
74.4 0
74.5 0
74.6 0
74.7 0
74.8 0
74.9 0
75 0
75.1 0
75.2 0
75.3 0
75.4 0
75.5 0
75.6 0
75.7 0
75.8 0
75.9 0
76 0
76.1 0
76.2 0
76.3 0
76.4 0
76.5 0
76.6 0
76.7 0
76.8 0
76.9 0
77 0.000500000000000011
77.1 0.00100000000000004
77.2 0.00150000000000005
77.3 0.002
77.4 0.00225298652281508
77.5 0.00250597304563015
77.6 0.00275895956844523
77.7 0.00301194609126031
77.8 0.00326493261407539
77.9 0.00351791913689046
78 0.00377090565970554
78.1 0.00402389218252062
78.2 0.00427687870533569
78.3 0.00452986522815077
78.4 0.00478285175096585
78.5 0.00503583827378092
78.6 0.005288824796596
78.7 0.00554181131941108
78.8 0.00579479784222616
78.9 0.00604778436504123
79 0.00630077088785631
79.1 0.00655375741067139
79.2 0.00680674393348646
79.3 0.00705973045630154
79.4 0.00731271697911662
79.5 0.00756570350193169
79.6 0.00781869002474677
79.7 0.0079957805907173
79.8 0.00799152128158323
79.9 0.00798726197244915
80 0.00798300266331508
80.1 0.00797874335418101
80.2 0.00797448404504693
80.3 0.00797022473591286
80.4 0.00796596542677878
80.5 0.00796170611764471
80.6 0.00795744680851064
80.7 0.0079539406475047
80.8 0.00795043448649876
80.9 0.00794692832549282
81 0.00794342216448688
81.1 0.00793991600348094
81.2 0.007936409842475
81.3 0.00793290368146906
81.4 0.00792939752046312
81.5 0.00792589135945718
81.6 0.00792238519845124
81.7 0.0079188790374453
81.8 0.00791537287643936
81.9 0.00791186671543342
82 0.00790836055442748
82.1 0.00790485439342154
82.2 0.00790134823241559
82.3 0.00789784207140965
82.4 0.00789433591040371
82.5 0.00789082974939777
82.6 0.00788732358839183
82.7 0.00788381742738589
82.8 0.00787912620667037
82.9 0.00787443498595486
83 0.00786974376523934
83.1 0.00786505254452382
83.2 0.0078603613238083
83.3 0.00785567010309278
83.4 0.00785222850941787
83.5 0.00784878691574296
83.6 0.00784534532206806
83.7 0.00784190372839315
83.8 0.00783846213471824
83.9 0.00783502054104333
84 0.00783157894736842
84.1 0.00782529298955892
84.2 0.00781900703174941
84.3 0.00781272107393991
84.4 0.00780769230769231
84.5 0.00780415009826774
84.6 0.00780060788884318
84.7 0.00779706567941862
84.8 0.00779352346999406
84.9 0.0077899812605695
85 0.00778643905114493
85.1 0.0077843137254902
85.2 0.0077801483178888
85.3 0.0077759829102874
85.4 0.00777181750268601
85.5 0.00776765209508461
85.6 0.00776348668748321
85.7 0.00775932127988182
85.8 0.00775390625
85.9 0.00775054880069635
86 0.00774719135139269
86.1 0.00774383390208904
86.2 0.00774047645278538
86.3 0.00773711900348173
86.4 0.00773376155417808
86.5 0.00773040410487442
86.6 0.00772704665557077
86.7 0.00772368920626712
86.8 0.00772033175696346
86.9 0.00771697430765981
87 0.00771361685835616
87.1 0.00770992366412214
87.2 0.00770600900371893
87.3 0.00770209434331572
87.4 0.00769817968291251
87.5 0.00769147478583892
87.6 0.00768476988876534
87.7 0.00767806499169176
87.8 0.00767136009461817
87.9 0.00766666666666667
88 0.00766188426590148
88.1 0.0076571018651363
88.2 0.00765231946437111
88.3 0.00764705882352941
88.4 0.00764423076923077
88.5 0.00764140271493213
88.6 0.00763857466063348
88.7 0.00763461538461538
88.8 0.00763045434098066
88.9 0.00762629329734593
89 0.0076221322537112
89.1 0.00761797121007647
89.2 0.00761381016644175
89.3 0.00760964912280702
89.4 0.00760548807917229
89.5 0.00760132703553756
89.6 0.00759716599190284
89.7 0.00759300494826811
89.8 0.00758884390463338
89.9 0.00758468286099865
90 0.00758052181736392
90.1 0.0075763607737292
90.2 0.00757219973009447
90.3 0.00756803868645974
90.4 0.00756387764282501
90.5 0.00755971659919028
90.6 0.00755555555555556
90.7 0.00755268817204301
90.8 0.00754982078853047
90.9 0.00754695340501792
91 0.00754408602150538
91.1 0.00754121863799283
91.2 0.00753835125448029
91.3 0.00753548387096774
91.4 0.0075326164874552
91.5 0.00752974910394265
91.6 0.00752688172043011
91.7 0.00752108010714376
91.8 0.0075152784938574
91.9 0.00750947688057105
92 0.00750483558994197
92.1 0.0075012573148673
92.2 0.00749767903979263
92.3 0.00749410076471796
92.4 0.00749052248964329
92.5 0.00748694421456862
92.6 0.00748336593949395
92.7 0.00747978766441928
92.8 0.00747620938934461
92.9 0.00747263111426994
93 0.00746905283919527
93.1 0.0074654745641206
93.2 0.00746153846153846
93.3 0.007458157227388
93.4 0.00745477599323753
93.5 0.00745139475908707
93.6 0.0074480135249366
93.7 0.00744463229078614
93.8 0.00744125105663567
93.9 0.00743786982248521
94 0.00743448858833474
94.1 0.00743110735418428
94.2 0.00742772612003381
94.3 0.00742434488588335
94.4 0.00742096365173288
94.5 0.00741758241758242
94.6 0.0074114110527154
94.7 0.00740523968784838
94.8 0.00739906832298137
94.9 0.00739289695811435
95 0.00738672559324733
95.1 0.00738055422838031
95.2 0.007375
95.3 0.007375
95.4 0.007375
95.5 0.007375
95.6 0.00736785714285714
95.7 0.00736071428571429
95.8 0.00735
95.9 0.0073469387755102
96 0.00734387755102041
96.1 0.00733969224053258
96.2 0.00733928571428572
96.3 0.00733484848484849
96.4 0.00733041125541126
96.5 0.00732597402597403
96.6 0.0073215367965368
96.7 0.00731709956709957
96.8 0.00731266233766234
96.9 0.00730822510822511
97 0.00730378787878788
97.1 0.00729935064935065
97.2 0.00729491341991342
97.3 0.00729047619047619
97.4 0.00728603896103896
97.5 0.00728160173160173
97.6 0.0072771645021645
97.7 0.00727272727272727
97.8 0.00726829268292683
97.9 0.00726829268292683
98 0.00726829268292683
98.1 0.00726418474817865
98.2 0.00726007681343047
98.3 0.00725596887868229
98.4 0.00725186094393411
98.5 0.00724775300918594
98.6 0.00724364507443776
98.7 0.00723953713968958
98.8 0.0072354292049414
98.9 0.00723214285714286
99 0.00723684210526316
99.1 0.00723267259056733
99.2 0.00721649484536082
99.3 0.00721268921643804
99.4 0.00720888358751526
99.5 0.00720507795859248
99.6 0.0072012723296697
99.7 0.00719746670074692
99.8 0.00719366107182414
99.9 0.00718985544290136
100 0.00718604981397858
100.1 0.0071822441850558
100.2 0.00717843855613302
100.3 0.00717463292721024
100.4 0.00717082729828746
100.5 0.00716702166936469
100.6 0.00716321604044191
100.7 0.00715941041151913
100.8 0.00715560478259635
100.9 0.00715179915367357
101 0.00714799352475079
101.1 0.00714418789582801
101.2 0.00714038226690523
101.3 0.00713657663798245
101.4 0.00713277100905967
101.5 0.00712896538013689
101.6 0.00712515975121411
101.7 0.00712135412229133
101.8 0.00711754849336855
101.9 0.00711374286444577
102 0.00710993723552299
102.1 0.00710613160660021
102.2 0.00710232597767743
102.3 0.00709852034875465
102.4 0.00709471471983187
102.5 0.00709090909090909
102.6 0.00708571873459113
102.7 0.00708052837827317
102.8 0.00707533802195521
102.9 0.00707014766563725
103 0.00706495730931929
103.1 0.00705976695300132
103.2 0.00705457659668336
103.3 0.0070493862403654
103.4 0.00704419588404744
103.5 0.00703900552772948
103.6 0.00703225806451613
103.7 0.00705084745762712
103.8 0.00701671834591103
103.9 0.00698258923419495
104 0.00694846012247886
104.1 0.00691433101076278
104.2 0.00688020189904669
104.3 0.00684607278733061
104.4 0.00681194367561452
104.5 0.00677781456389844
104.6 0.00674368545218235
104.7 0.00670955634046627
104.8 0.00667542722875018
104.9 0.0066412981170341
105 0.00660716900531801
105.1 0.00657303989360193
105.2 0.00653891078188584
105.3 0.00650478167016976
105.4 0.00647065255845367
105.5 0.00643652344673759
105.6 0.0064023943350215
105.7 0.00636826522330542
105.8 0.00633413611158933
105.9 0.00630000699987325
106 0.00626587788815716
106.1 0.00623174877644107
106.2 0.00619761966472499
106.3 0.0061634905530089
106.4 0.00612936144129282
106.5 0.00609523232957673
106.6 0.00606451612903226
106.7 0.008246280589544
106.8 0.0104280450500558
106.9 0.0126098095105675
107 0.0147915739710792
107.1 0.016973338431591
107.2 0.01871875
107.3 0.0214071502057614
107.4 0.0240955504115227
107.5 0.0267839506172841
107.6 0.0294723508230454
107.7 0.0321607510288068
107.8 0.0348491512345681
107.9 0.0375375514403295
108 0.0402259516460908
108.1 0.0429143518518522
108.2 0.0456027520576135
108.3 0.0482911522633749
108.4 0.0509795524691363
108.5 0.0531542738667419
108.6 0.0558145401563105
108.7 0.058474806445879
108.8 0.0611350727354476
108.9 0.0637953390250161
109 0.0664556053145847
109.1 0.0691158716041533
109.2 0.0717761378937218
109.3 0.0744364041832904
109.4 0.0770966704728589
109.5 0.0797569367624275
109.6 0.0824172030519961
109.7 0.0850774693415646
109.8 0.0877377356311332
109.9 0.0903980019207017
110 0.0930582682102703
110.1 0.0957185344998388
110.2 0.0983788007894074
110.3 0.101039067078976
110.4 0.103699333368545
110.5 0.106359599658113
110.6 0.109019865947682
110.7 0.11168013223725
110.8 0.114340398526819
110.9 0.117000664816387
111 0.119660931105956
111.1 0.122321197395524
111.2 0.124981463685093
111.3 0.127641729974661
111.4 0.13030199626423
111.5 0.132962262553799
111.6 0.135622528843367
111.7 0.138282795132936
111.8 0.140943061422504
111.9 0.143603327712073
112 0.146263594001641
112.1 0.14892386029121
112.2 0.151584126580778
112.3 0.154244392870347
112.4 0.156904659159916
112.5 0.159564925449484
112.6 0.162225191739053
112.7 0.164885458028621
112.8 0.16754572431819
112.9 0.170205990607758
113 0.172866256897327
113.1 0.175526523186895
113.2 0.178186789476464
113.3 0.180847055766033
113.4 0.184571428571429
113.5 0.186243386243386
113.6 0.188874849456691
113.7 0.191506312669996
113.8 0.1941377758833
113.9 0.196769239096605
114 0.19940070230991
114.1 0.202032165523214
114.2 0.204663628736519
114.3 0.207295091949824
114.4 0.209926555163128
114.5 0.212558018376433
114.6 0.215189481589737
114.7 0.217820944803042
114.8 0.220452408016347
114.9 0.223083871229651
115 0.225715334442956
115.1 0.228346797656261
115.2 0.231742764635919
115.3 0.23436980702884
115.4 0.236996849421761
115.5 0.239623891814682
115.6 0.242250934207604
115.7 0.244877976600525
115.8 0.247505018993446
115.9 0.250132061386367
116 0.252759103779288
116.1 0.255386146172209
116.2 0.25801318856513
116.3 0.260640230958051
116.4 0.263267273350973
116.5 0.265894315743894
116.6 0.268521358136815
116.7 0.271148400529736
116.8 0.273775442922657
116.9 0.276402485315578
117 0.279029527708499
117.1 0.281656570101421
117.2 0.284283612494342
117.3 0.286910654887263
117.4 0.289537697280184
117.5 0.292236963519682
117.6 0.29601593625498
117.7 0.295882352941176
117.8 0.298815004262575
117.9 0.301747655583973
118 0.304680306905371
118.1 0.307612958226769
118.2 0.310545609548167
118.3 0.313478260869565
118.4 0.316097308488613
118.5 0.3175
118.6 0.320423136645963
118.7 0.323346273291926
118.8 0.326269409937888
118.9 0.329192546583851
119 0.331825837886642
119.1 0.334459129189433
119.2 0.337092420492224
119.3 0.339725711795016
119.4 0.342359003097807
119.5 0.344992294400598
119.6 0.347625585703389
119.7 0.35025887700618
119.8 0.352892168308971
119.9 0.355524698564908
120 0.356842105263158
120.1 0.36
120.2 0.362824858757062
120.3 0.365649717514124
120.4 0.368474576271186
120.5 0.371299435028249
120.6 0.374124293785311
120.7 0.376666666666667
120.8 0.379344537815126
120.9 0.382022408963586
121 0.384700280112045
121.1 0.387378151260504
121.2 0.390056022408964
121.3 0.392733893557423
121.4 0.395411764705883
121.5 0.398110726643599
121.6 0.4
121.7 0.382894736842103
121.8 0.372631578947368
121.9 0.361877585927929
122 0.35112359290849
122.1 0.340369599889051
122.2 0.329615606869611
122.3 0.318861613850172
122.4 0.308107620830733
122.5 0.297353627811293
122.6 0.286599634791854
122.7 0.275845641772415
122.8 0.265091648752975
122.9 0.254337655733536
123 0.243583662714097
123.1 0.232829669694657
123.2 0.222075676675218
123.3 0.211321683655779
123.4 0.20056769063634
123.5 0.1898136976169
123.6 0.179059704597461
123.7 0.168305711578022
123.8 0.157551718558582
123.9 0.146797725539143
124 0.136043732519704
124.1 0.125289739500265
124.2 0.114535746480825
124.3 0.100555555555556
124.4 0.0992921426098996
124.5 0.0980287296642437
124.6 0.0967653167185877
124.7 0.0955019037729318
124.8 0.0942384908272758
124.9 0.0929750778816199
125 0.0917116649359639
125.1 0.090448251990308
125.2 0.089184839044652
125.3 0.0879214260989961
125.4 0.0866580131533401
125.5 0.0853946002076842
125.6 0.0841311872620283
125.7 0.0828677743163723
125.8 0.0816043613707164
125.9 0.0803409484250604
126 0.0790775354794045
126.1 0.0778141225337485
126.2 0.0765507095880926
126.3 0.0752872966424366
126.4 0.0740238836967807
126.5 0.0727604707511248
126.6 0.0714970578054688
126.7 0.0702336448598129
126.8 0.0689702319141569
126.9 0.067706818968501
127 0.0664434060228451
127.1 0.0651799930771891
127.2 0.0639165801315332
127.3 0.0626531671858772
127.4 0.0613897542402213
127.5 0.06
127.6 0.0587263655462185
127.7 0.057452731092437
127.8 0.0561790966386554
127.9 0.0549054621848739
128 0.0536318277310924
128.1 0.0523581932773109
128.2 0.0510845588235294
128.3 0.0498109243697478
128.4 0.0485372899159663
128.5 0.0472636554621848
128.6 0.0459900210084033
128.7 0.0447163865546218
128.8 0.0434427521008403
128.9 0.0421691176470587
129 0.0408954831932772
129.1 0.0396218487394957
129.2 0.0383482142857142
129.3 0.0370745798319327
129.4 0.0358009453781511
129.5 0.0345273109243696
129.6 0.0332536764705881
129.7 0.0319800420168066
129.8 0.0307064075630251
129.9 0.0294327731092435
130 0.0281591386554621
130.1 0.0268855042016806
130.2 0.0253571428571429
130.3 0.0241502463054187
130.4 0.0229433497536945
130.5 0.0218571428571429
130.6 0.0205
130.7 0.0193611111111111
130.8 0.0182222222222222
130.9 0.0170833333333333
131 0.0159444444444444
131.1 0.0148055555555555
131.2 0.0136666666666666
131.3 0.0125277777777777
131.4 0.0113888888888888
131.5 0.01025
131.6 0.00911111111111109
131.7 0.00797222222222218
131.8 0.00683333333333328
131.9 0.00569444444444439
132 0.00455555555555551
132.1 0.00341666666666665
132.2 0.0022777777777777
132.3 0.00113888888888879
132.4 0
132.5 0
132.6 0
132.7 0
132.8 0
132.9 0
133 0
133.1 0
133.2 0
133.3 0
133.4 0
133.5 0
133.6 0
133.7 0
133.8 0
133.9 0
134 0
134.1 0
134.2 0
134.3 0
134.4 0
134.5 0
134.6 0
134.7 0
134.8 0
134.9 0
135 0
135.1 0
135.2 0
135.3 0
135.4 0
135.5 0
135.6 0
135.7 0
135.8 0
135.9 0
136 0
136.1 0
136.2 0
136.3 0
136.4 0
136.5 0
136.6 0
136.7 0
136.8 0
136.9 0
137 0
137.1 0
137.2 0
137.3 0
137.4 0
137.5 0
137.6 0
137.7 0
137.8 0
137.9 0
138 0
138.1 0
138.2 0
138.3 0
138.4 0
138.5 0
138.6 0
138.7 0
138.8 0
138.9 0
139 0
139.1 0
139.2 0
139.3 0
139.4 0
139.5 0
139.6 0
139.7 0
139.8 0
139.9 0
140 0
140.1 0
140.2 0
140.3 0
140.4 0
140.5 0
140.6 0
140.7 0
140.8 0
140.9 0
141 0
141.1 0
141.2 0
141.3 0
141.4 0
141.5 0
141.6 0
141.7 0
141.8 0
141.9 0
142 0
142.1 0
142.2 0
142.3 0
142.4 0
142.5 0
142.6 0
142.7 0
142.8 0
142.9 0
143 0
143.1 0
143.2 0
143.3 0
143.4 0
143.5 0
143.6 0
143.7 0
143.8 0
143.9 0
144 0
144.1 0
144.2 0
144.3 0
144.4 0
144.5 0
144.6 0
144.7 0
144.8 0
144.9 0
145 0
145.1 0
145.2 0
145.3 0
145.4 0
145.5 0
145.6 0
145.7 0
145.8 0
145.9 0
146 0
146.1 0
146.2 0
146.3 0
146.4 0
146.5 0
146.6 0
146.7 0
146.8 0
146.9 0
147 0
147.1 0
147.2 0
147.3 0
147.4 0
147.5 0
147.6 0
147.7 0
147.8 0
147.9 0
148 0
148.1 0
148.2 0
148.3 0
148.4 0
148.5 0
148.6 0
148.7 0
148.8 0
148.9 0
149 0
149.1 0
149.2 0
149.3 0
149.4 0
149.5 0
149.6 0
149.7 0
149.8 0
149.9 0
150 0
150.1 0
150.2 0
150.3 0
150.4 0
150.5 0
150.6 0
150.7 0
150.8 0
150.9 0
151 0
151.1 0
151.2 0
151.3 0
151.4 0
151.5 0
151.6 0
151.7 0
151.8 0
151.9 0
152 0
152.1 0
152.2 0
152.3 0
152.4 0
152.5 0
152.6 0
152.7 0
152.8 0
152.9 0
153 0
153.1 0
153.2 0
153.3 0
153.4 0
153.5 0
153.6 0
153.7 0
153.8 0
153.9 0
154 0
154.1 0
154.2 0
154.3 0
154.4 0
154.5 0
154.6 0
154.7 0
154.8 0
154.9 0
155 0
155.1 0
155.2 0
155.3 0
155.4 0
155.5 0
155.6 0
155.7 0
155.8 0
155.9 0
156 0
156.1 0
156.2 0
156.3 0
156.4 0
156.5 0
156.6 0
156.7 0
156.8 0
156.9 0
157 0
157.1 0
157.2 0
157.3 0
157.4 0
157.5 0
157.6 0
157.7 0
157.8 0
157.9 0
158 0
158.1 0
158.2 0
158.3 0
158.4 0
158.5 0
158.6 0
158.7 0
158.8 0
158.9 0
159 0
159.1 0
159.2 0
159.3 0
159.4 0
159.5 0
159.6 0
159.7 0
159.8 0
159.9 0
160 0
160.1 0
160.2 0
160.3 0
160.4 0
160.5 0
160.6 0
160.7 0
160.8 0
160.9 0
161 0
161.1 0
161.2 0
161.3 0
161.4 0
161.5 0
161.6 0
161.7 0
161.8 0
161.9 0
162 0
162.1 0
162.2 0
162.3 0
162.4 0
162.5 0
162.6 0
162.7 0
162.8 0
162.9 0
163 0
163.1 0
163.2 0
163.3 0
163.4 0
163.5 0
163.6 0
163.7 0
163.8 0
163.9 0
164 0
164.1 0
164.2 0
164.3 0
164.4 0
164.5 0
164.6 0
164.7 0
164.8 0
164.9 0
165 0
165.1 0
165.2 0
165.3 0
165.4 0
165.5 0
165.6 0
165.7 0
165.8 0
165.9 0
166 0
166.1 0
166.2 0
166.3 0
166.4 0
166.5 0
166.6 0
166.7 0
166.8 0
166.9 0
167 0
167.1 0
167.2 0
167.3 0
167.4 0
167.5 0
167.6 0
167.7 0
167.8 0
167.9 0
168 0
168.1 0
168.2 0
168.3 0
168.4 0
168.5 0
168.6 0
168.7 0
168.8 0
168.9 0
169 0
169.1 0
169.2 0
169.3 0
169.4 0
169.5 0
169.6 0
169.7 0
169.8 0
169.9 0
170 0
170.1 0
170.2 0
170.3 0
170.4 0
170.5 0
170.6 0
170.7 0
170.8 0
170.9 0
171 0
171.1 0
171.2 0
171.3 0
171.4 0
171.5 0
171.6 0
171.7 0
171.8 0
171.9 0
172 0
172.1 0
172.2 0
172.3 0
172.4 0
172.5 0
172.6 0
172.7 0
172.8 0
172.9 0
173 0
173.1 0
173.2 0
173.3 0
173.4 0
173.5 0
173.6 0
173.7 0
173.8 0
173.9 0
174 0
174.1 0
174.2 0
174.3 0
174.4 0
174.5 0
174.6 0
174.7 0
174.8 0
174.9 0
175 0
175.1 0
175.2 0
175.3 0
175.4 0
175.5 0
175.6 0
175.7 0
175.8 0
175.9 0
176 0
176.1 0
176.2 0
176.3 0
176.4 0
176.5 0
176.6 0
176.7 0
176.8 0
176.9 0
177 0
177.1 0
177.2 0
177.3 0
177.4 0
177.5 0
177.6 0
177.7 0
177.8 0
177.9 0
178 0
178.1 0
178.2 0
178.3 0
178.4 0
178.5 0
178.6 0
178.7 0
178.8 0
178.9 0
179 0
179.1 0
179.2 0
179.3 0
179.4 0
179.5 0
179.6 0
179.7 0
179.8 0
179.9 0
180 0
180.1 0
180.2 0
180.3 0
180.4 0
180.5 0
180.6 0
180.7 0
180.8 0
180.9 0
181 0
181.1 0
181.2 0
181.3 0
181.4 0
181.5 0
181.6 0
181.7 0
181.8 0
181.9 0
182 0
182.1 0
182.2 0
182.3 0
182.4 0
182.5 0
182.6 0
182.7 0
182.8 0
182.9 0
183 0
183.1 0
183.2 0
183.3 0
183.4 0
183.5 0
183.6 0
183.7 0
183.8 0
183.9 0
184 0
184.1 0
184.2 0
184.3 0
184.4 0
184.5 0
184.6 0
184.7 0
184.8 0
184.9 0
185 0
185.1 0
185.2 0
185.3 0
185.4 0
185.5 0
185.6 0
185.7 0
185.8 0
185.9 0
186 0
186.1 0
186.2 0
186.3 0
186.4 0
186.5 0
186.6 0
186.7 0
186.8 0
186.9 0
187 0
187.1 0
187.2 0
187.3 0
187.4 0
187.5 0
187.6 0
187.7 0
187.8 0
187.9 0
188 0
188.1 0
188.2 0
188.3 0
188.4 0
188.5 0
188.6 0
188.7 0
188.8 0
188.9 0
189 0
189.1 0
189.2 0
189.3 0
189.4 0
189.5 0
189.6 0
189.7 0
189.8 0
189.9 0
190 0
190.1 0
190.2 0
190.3 0
190.4 0
190.5 0
190.6 0
190.7 0
190.8 0
190.9 0
191 0
191.1 0
191.2 0
191.3 0
191.4 0
191.5 0
191.6 0
191.7 0
191.8 0
191.9 0
192 0
192.1 0
192.2 0
192.3 0
192.4 0
192.5 0
192.6 0
192.7 0
192.8 0
192.9 0
193 0
193.1 0
193.2 0
193.3 0
193.4 0
193.5 0
193.6 0
193.7 0
193.8 0
193.9 0
194 0
194.1 0
194.2 0
194.3 0
194.4 0
194.5 0
194.6 0
194.7 0
194.8 0
194.9 0
195 0
195.1 0
195.2 0
195.3 0
195.4 0
195.5 0
195.6 0
195.7 0
195.8 0
195.9 0
196 0
196.1 0
196.2 0
196.3 0
196.4 0
196.5 0
196.6 0
196.7 0
196.8 0
196.9 0
197 0
197.1 0
197.2 0
197.3 0
197.4 0
197.5 0
197.6 0
197.7 0
197.8 0
197.9 0
198 0
198.1 0
198.2 0
198.3 0
198.4 0
198.5 0
198.6 0
198.7 0
198.8 0
198.9 0
199 0
199.1 0
199.2 0
199.3 0
199.4 0
199.5 0
199.6 0
199.7 0
199.8 0
199.9 0
200 0
200.1 0
200.2 0
200.3 0
200.4 0
200.5 0
200.6 0
200.7 0
200.8 0
200.9 0
201 0
201.1 0
201.2 0
201.3 0
201.4 0
201.5 0
201.6 0
201.7 0
201.8 0
201.9 0
202 0
202.1 0
202.2 0
202.3 0
202.4 0
202.5 0
202.6 0
202.7 0
202.8 0
202.9 0
203 0
203.1 0
203.2 0
203.3 0
203.4 0
203.5 0
203.6 0
203.7 0
203.8 0
203.9 0
204 0
204.1 0
204.2 0
204.3 0
204.4 0
204.5 0
204.6 0
204.7 0
204.8 0
204.9 0
205 0
205.1 0
205.2 0
205.3 0
205.4 0
205.5 0
205.6 0
205.7 0
205.8 0
205.9 0
206 0
206.1 0
206.2 0
206.3 0
206.4 0
206.5 0
206.6 0
206.7 0
206.8 0
206.9 0
207 0
207.1 0
207.2 0
207.3 0
207.4 0
207.5 0
207.6 0
207.7 0
207.8 0
207.9 0
208 0
208.1 0
208.2 0
208.3 0
208.4 0
208.5 0
208.6 0
208.7 0
208.8 0
208.9 0
209 0
209.1 0
209.2 0
209.3 0
209.4 0
209.5 0
209.6 0
209.7 0
209.8 0
209.9 0
210 0
210.1 0
210.2 0
210.3 0
210.4 0
210.5 0
210.6 0
210.7 0
210.8 0
210.9 0
211 0
211.1 0
211.2 0
211.3 0
211.4 0
211.5 0
211.6 0
211.7 0
211.8 0
211.9 0
212 0
212.1 0
212.2 0
212.3 0
212.4 0
212.5 0
212.6 0
212.7 0
212.8 0
212.9 0
213 0
213.1 0
213.2 0
213.3 0
213.4 0
213.5 0
213.6 0
213.7 0
213.8 0
213.9 0
214 0
214.1 0
214.2 0
214.3 0
214.4 0
214.5 0
214.6 0
214.7 0
214.8 0
214.9 0
215 0
215.1 0
215.2 0
215.3 0
215.4 0
215.5 0
215.6 0
215.7 0
215.8 0
215.9 0
216 0
216.1 0
216.2 0
216.3 0
216.4 0
216.5 0
216.6 0
216.7 0
216.8 0
216.9 0
217 0
217.1 0
217.2 0
217.3 0
217.4 0
217.5 0
217.6 0
217.7 0
217.8 0
217.9 0
218 0
218.1 0
218.2 0
218.3 0
218.4 0
218.5 0
218.6 0
218.7 0
218.8 0
218.9 0
219 0
219.1 0
219.2 0
219.3 0
219.4 0
219.5 0
219.6 0
219.7 0
219.8 0
219.9 0
220 0
220.1 0
220.2 0
220.3 0
220.4 0
220.5 0
220.6 0
220.7 0
220.8 0
220.9 0
221 0
221.1 0
221.2 0
221.3 0
221.4 0
221.5 0
221.6 0
221.7 0
221.8 0
221.9 0
222 0
222.1 0
222.2 0
222.3 0
222.4 0
222.5 0
222.6 0
222.7 0
222.8 0
222.9 0
223 0
223.1 0
223.2 0
223.3 0
223.4 0
223.5 0
223.6 0
223.7 0
223.8 0
223.9 0
224 0
224.1 0
224.2 0
224.3 0
224.4 0
224.5 0
224.6 0
224.7 0
224.8 0
224.9 0
225 0
225.1 0
225.2 0
225.3 0
225.4 0
225.5 0
225.6 0
225.7 0
225.8 0
225.9 0
226 0
226.1 0
226.2 0
226.3 0
226.4 0
226.5 0
226.6 0
226.7 0
226.8 0
226.9 0
227 0
227.1 0
227.2 0
227.3 0
227.4 0
227.5 0
227.6 0
227.7 0
227.8 0
227.9 0
228 0
228.1 0
228.2 0
228.3 0
228.4 0
228.5 0
228.6 0
228.7 0
228.8 0
228.9 0
229 0
229.1 0
229.2 0
229.3 0
229.4 0
229.5 0
229.6 0
229.7 0
229.8 0
229.9 0
230 0
230.1 0
230.2 0
230.3 0
230.4 0
230.5 0
230.6 0
230.7 0
230.8 0
230.9 0
231 0
231.1 0
231.2 0
231.3 0
231.4 0
231.5 0
231.6 0
231.7 0
231.8 0
231.9 0
232 0
232.1 0
232.2 0
232.3 0
232.4 0
232.5 0
232.6 0
232.7 0
232.8 0
232.9 0
233 0
233.1 0
233.2 0
233.3 0
233.4 0
233.5 0
233.6 0
233.7 0
233.8 0
233.9 0
234 0
234.1 0
234.2 0
234.3 0
234.4 0
234.5 0
234.6 0
234.7 0
234.8 0
234.9 0
235 0
235.1 0
235.2 0
235.3 0
235.4 0
235.5 0
235.6 0
235.7 0
235.8 0
235.9 0
236 0
236.1 0
236.2 0
236.3 0
236.4 0
236.5 0
236.6 0
236.7 0
236.8 0
236.9 0
237 0
237.1 0
237.2 0
237.3 0
