0 0
0.1 0
0.2 0
0.3 0
0.4 0
0.5 0
0.6 0
0.7 0
0.8 0
0.9 0
1 0
1.1 0
1.2 0
1.3 0
1.4 0
1.5 0
1.6 0
1.7 0
1.8 0
1.9 0
2 0
2.1 0
2.2 0
2.3 0
2.4 0
2.5 0
2.6 0
2.7 0
2.8 0
2.9 0
3 0
3.1 0
3.2 0
3.3 0
3.4 0
3.5 0
3.6 0
3.7 0
3.8 0
3.9 0
4 0
4.1 0
4.2 0
4.3 0
4.4 0
4.5 0
4.6 0
4.7 0
4.8 0
4.9 0
5 0
5.1 0
5.2 0
5.3 0
5.4 0
5.5 0
5.6 0
5.7 0
5.8 0
5.9 0
6 0
6.1 0
6.2 0
6.3 0
6.4 0
6.5 0
6.6 0
6.7 0
6.8 0
6.9 0
7 0
7.1 0
7.2 0
7.3 0
7.4 0
7.5 0
7.6 0
7.7 0
7.8 0
7.9 0
8 0
8.1 0
8.2 0
8.3 0
8.4 0
8.5 0
8.6 0
8.7 0
8.8 0
8.9 0
9 0
9.1 0
9.2 0
9.3 0
9.4 0
9.5 0
9.6 0
9.7 0
9.8 0
9.9 0
10 0
10.1 1.90981432360743e-18
10.2 3.81962864721485e-18
10.3 5.72944297082228e-18
10.4 7.63925729442971e-18
10.5 9.54907161803713e-18
10.6 1.14588859416446e-17
10.7 1.3368700265252e-17
10.8 1.52785145888594e-17
10.9 1.71883289124668e-17
11 1.90981432360743e-17
11.1 2.10079575596817e-17
11.2 2.29177718832891e-17
11.3 2.48275862068966e-17
11.4 2.6737400530504e-17
11.5 2.86472148541114e-17
11.6 3.05570291777188e-17
11.7 3.24668435013263e-17
11.8 3.43766578249337e-17
11.9 3.62864721485411e-17
12 3.81962864721485e-17
12.1 4.0106100795756e-17
12.2 4.20159151193634e-17
12.3 4.39257294429708e-17
12.4 4.58355437665782e-17
12.5 4.77453580901857e-17
12.6 4.96551724137931e-17
12.7 5.15649867374005e-17
12.8 5.34748010610079e-17
12.9 5.53846153846154e-17
13 5.72944297082228e-17
13.1 5.92042440318302e-17
13.2 6.11140583554376e-17
13.3 6.30238726790451e-17
13.4 6.49336870026525e-17
13.5 6.68435013262599e-17
13.6 6.87533156498673e-17
13.7 7.06631299734748e-17
13.8 7.25729442970822e-17
13.9 7.44827586206896e-17
14 7.6392572944297e-17
14.1 7.83023872679044e-17
14.2 8.02122015915119e-17
14.3 8.21220159151193e-17
14.4 8.40318302387267e-17
14.5 8.59416445623341e-17
14.6 8.78514588859416e-17
14.7 8.9761273209549e-17
14.8 9.16710875331565e-17
14.9 9.35809018567639e-17
15 9.54907161803713e-17
15.1 9.74005305039787e-17
15.2 9.93103448275862e-17
15.3 1.01220159151194e-16
15.4 1.03129973474801e-16
15.5 1.05039787798408e-16
15.6 1.06949602122016e-16
15.7 1.08859416445623e-16
15.8 1.10769230769231e-16
15.9 1.09565217391304e-16
16 1.08361204013378e-16
16.1 1.07157190635451e-16
16.2 1.05953177257525e-16
16.3 1.04749163879599e-16
16.4 1.03545150501672e-16
16.5 1.02341137123746e-16
16.6 1.01137123745819e-16
16.7 9.99331103678929e-17
16.8 9.87290969899665e-17
16.9 9.75250836120401e-17
17 9.63210702341137e-17
17.1 9.51170568561872e-17
17.2 9.39130434782608e-17
17.3 9.27090301003344e-17
17.4 9.1505016722408e-17
17.5 9.03010033444815e-17
17.6 8.90969899665551e-17
17.7 8.78929765886287e-17
17.8 8.66889632107023e-17
17.9 8.54849498327758e-17
18 8.42809364548494e-17
18.1 8.3076923076923e-17
18.2 8.18729096989966e-17
18.3 8.06688963210701e-17
18.4 7.94648829431437e-17
18.5 7.82608695652173e-17
18.6 7.70568561872909e-17
18.7 7.58528428093644e-17
18.8 7.4648829431438e-17
18.9 7.34448160535116e-17
19 7.22408026755852e-17
19.1 7.10367892976587e-17
19.2 6.98327759197323e-17
19.3 6.86287625418059e-17
19.4 6.74247491638795e-17
19.5 6.62207357859531e-17
19.6 6.50167224080266e-17
19.7 6.38127090301002e-17
19.8 6.26086956521738e-17
19.9 6.14046822742474e-17
20 6.02006688963209e-17
20.1 5.89966555183945e-17
20.2 5.77926421404681e-17
20.3 5.65886287625417e-17
20.4 5.53846153846152e-17
20.5 5.41806020066888e-17
20.6 5.29765886287624e-17
20.7 5.1772575250836e-17
20.8 5.05685618729096e-17
20.9 4.93645484949831e-17
21 4.81605351170567e-17
21.1 4.69565217391303e-17
21.2 4.57525083612039e-17
21.3 4.45484949832775e-17
21.4 4.33444816053511e-17
21.5 4.21404682274246e-17
21.6 4.09364548494982e-17
21.7 3.97324414715718e-17
21.8 3.85284280936454e-17
21.9 3.7324414715719e-17
22 3.61204013377925e-17
22.1 3.49163879598661e-17
22.2 3.37123745819397e-17
22.3 3.25083612040133e-17
22.4 3.13043478260869e-17
22.5 3.01003344481605e-17
22.6 2.8896321070234e-17
22.7 2.76923076923076e-17
22.8 2.64882943143812e-17
22.9 2.52842809364548e-17
23 2.40802675585284e-17
23.1 2.28762541806019e-17
23.2 2.16722408026755e-17
23.3 2.04682274247491e-17
23.4 1.92642140468227e-17
23.5 1.80602006688963e-17
23.6 1.68561872909699e-17
23.7 1.56521739130434e-17
23.8 1.4448160535117e-17
23.9 1.32441471571906e-17
24 1.20401337792642e-17
24.1 1.08361204013378e-17
24.2 9.63210702341134e-18
24.3 8.42809364548492e-18
24.4 7.2240802675585e-18
24.5 6.02006688963209e-18
24.6 4.81605351170567e-18
24.7 3.61204013377925e-18
24.8 2.40802675585284e-18
24.9 1.20401337792641e-18
25 0
25.1 0
25.2 0
25.3 0
25.4 0
25.5 0
25.6 0
25.7 0
25.8 0
25.9 0
26 0
26.1 0
26.2 0
26.3 0
26.4 0
26.5 0
26.6 0
26.7 0
26.8 0
26.9 0
27 0
27.1 0
27.2 0
27.3 0
27.4 0
27.5 0
27.6 0
27.7 0
27.8 0
27.9 4.31906614785993e-18
28 8.63813229571985e-18
28.1 1.29571984435798e-17
28.2 1.72762645914397e-17
28.3 2.15953307392996e-17
28.4 2.59143968871596e-17
28.5 3.02334630350195e-17
28.6 3.45525291828794e-17
28.7 3.88715953307393e-17
28.8 4.31906614785993e-17
28.9 4.75097276264592e-17
29 5.18287937743191e-17
29.1 5.6147859922179e-17
29.2 6.0466926070039e-17
29.3 6.47859922178989e-17
29.4 6.91050583657588e-17
29.5 7.34241245136188e-17
29.6 7.77431906614787e-17
29.7 8.20622568093386e-17
29.8 8.63813229571985e-17
29.9 9.07003891050585e-17
30 9.50194552529184e-17
30.1 9.93385214007783e-17
30.2 1.03657587548638e-16
30.3 1.07976653696498e-16
30.4 1.11e-16
30.5 1.13044526143791e-16
30.6 1.15089052287582e-16
30.7 1.17133578431373e-16
30.8 1.19178104575163e-16
30.9 1.21222630718954e-16
31 1.23267156862745e-16
31.1 1.25311683006536e-16
31.2 1.27356209150327e-16
31.3 1.29400735294118e-16
31.4 1.31445261437909e-16
31.5 1.33489787581699e-16
31.6 1.3553431372549e-16
31.7 1.37578839869281e-16
31.8 1.39623366013072e-16
31.9 1.41667892156863e-16
32 1.43712418300654e-16
32.1 1.45756944444444e-16
32.2 1.47801470588235e-16
32.3 1.49845996732026e-16
32.4 1.51890522875817e-16
32.5 1.53935049019608e-16
32.6 1.55979575163399e-16
32.7 1.5802410130719e-16
32.8 1.6006862745098e-16
32.9 1.62113153594771e-16
33 1.64157679738562e-16
33.1 1.66202205882353e-16
33.2 1.68246732026144e-16
33.3 1.70291258169935e-16
33.4 1.72335784313726e-16
33.5 1.74380310457516e-16
33.6 1.76424836601307e-16
33.7 1.78469362745098e-16
33.8 1.80513888888889e-16
33.9 1.8255841503268e-16
34 1.84602941176471e-16
34.1 1.86647467320262e-16
34.2 1.88691993464052e-16
34.3 1.90736519607843e-16
34.4 1.92781045751634e-16
34.5 1.94825571895425e-16
34.6 1.96870098039216e-16
34.7 1.98914624183007e-16
34.8 2.00959150326798e-16
34.9 2.03003676470588e-16
35 2.05048202614379e-16
35.1 2.0709272875817e-16
35.2 2.09137254901961e-16
35.3 2.11181781045752e-16
35.4 2.13226307189543e-16
35.5 2.15270833333333e-16
35.6 2.17315359477124e-16
35.7 2.19359885620915e-16
35.8 2.22222222222222e-16
35.9 2.00022675736961e-16
36 1.77823129251701e-16
36.1 1.5562358276644e-16
36.2 1.33424036281179e-16
36.3 1.11224489795918e-16
36.4 1.01113172541744e-16
36.5 9.10018552875696e-17
36.6 8.08905380333952e-17
36.7 7.07792207792207e-17
36.8 6.06679035250463e-17
36.9 5.05565862708719e-17
37 4.04452690166975e-17
37.1 3.03339517625231e-17
37.2 2.02226345083487e-17
37.3 1.01113172541741e-17
37.4 0
37.5 0
37.6 0
37.7 0
37.8 0
37.9 0
38 0
38.1 0
38.2 0
38.3 0
38.4 0
38.5 0
38.6 0
38.7 0
38.8 0
38.9 0
39 0
39.1 0
39.2 0
39.3 0
39.4 0
39.5 0
39.6 0
39.7 0
39.8 0
39.9 0
40 0
40.1 0
40.2 0
40.3 0
40.4 0
40.5 0
40.6 0
40.7 0
40.8 0
40.9 0
41 0
41.1 0
41.2 0
41.3 0
41.4 0
41.5 0
41.6 0
41.7 0
41.8 0
41.9 0
42 0
42.1 0
42.2 0
42.3 0
42.4 0
42.5 0
42.6 0
42.7 0
42.8 0
42.9 0
43 0
43.1 0
43.2 0
43.3 0
43.4 0
43.5 0
43.6 0
43.7 0
43.8 0
43.9 0
44 0
44.1 0
44.2 0
44.3 0
44.4 0
44.5 0
44.6 0
44.7 0
44.8 0
44.9 0
45 0
45.1 0
45.2 0
45.3 0
45.4 0
45.5 0
45.6 0
45.7 0
45.8 0
45.9 0
46 0
46.1 0
46.2 0
46.3 0
46.4 0
46.5 0
46.6 0
46.7 0
46.8 0
46.9 0
47 0
47.1 0
47.2 0
47.3 0
47.4 0
47.5 0
47.6 0
47.7 0
47.8 0
47.9 0
48 0
48.1 0
48.2 0
48.3 0
48.4 0
48.5 0
48.6 0
48.7 0
48.8 0
48.9 0
49 0
49.1 0
49.2 0
49.3 0
49.4 0
49.5 0
49.6 0
49.7 0
49.8 0
49.9 0
50 0
50.1 0
50.2 0
50.3 0
50.4 0
50.5 0
50.6 0
50.7 0
50.8 0
50.9 0
51 0
51.1 0
51.2 0
51.3 0
51.4 0
51.5 0
51.6 0
51.7 0
51.8 0
51.9 0
52 0
52.1 0
52.2 0
52.3 0
52.4 0
52.5 0
52.6 0
52.7 0
52.8 0
52.9 1.97944743935312e-17
53 0
53.1 3.07914046121594e-17
53.2 6.15828092243189e-17
53.3 9.23742138364787e-17
53.4 1.10849056603774e-16
53.5 8.86792452830189e-17
53.6 6.65094339622641e-17
53.7 4.43396226415092e-17
53.8 2.21698113207541e-17
53.9 0
54 0
54.1 0
54.2 0
54.3 0
54.4 0
54.5 0
54.6 0
54.7 0
54.8 0
54.9 0
55 0
55.1 0
55.2 0
55.3 0
55.4 0
55.5 0
55.6 0
55.7 0
55.8 0
55.9 0
56 0
56.1 0
56.2 0
56.3 0
56.4 0
56.5 0
56.6 0
56.7 0
56.8 0
56.9 0
57 0
57.1 0
57.2 0
57.3 0
57.4 0
57.5 0
57.6 1.9493177387914e-17
57.7 3.8986354775828e-17
57.8 5.84795321637421e-17
57.9 7.79727095516563e-17
58 9.74658869395699e-17
58.1 1.11111111111111e-16
58.2 1.05137395459976e-16
58.3 9.91636798088411e-17
58.4 9.31899641577061e-17
58.5 8.72162485065711e-17
58.6 8.12425328554361e-17
58.7 7.52688172043011e-17
58.8 6.9295101553166e-17
58.9 6.3321385902031e-17
59 5.7347670250896e-17
59.1 5.1373954599761e-17
59.2 4.5400238948626e-17
59.3 3.9426523297491e-17
59.4 3.3452807646356e-17
59.5 2.7479091995221e-17
59.6 2.1505376344086e-17
59.7 1.5531660692951e-17
59.8 9.55794504181596e-18
59.9 3.58422939068086e-18
60 0
60.1 0
60.2 0
60.3 0
60.4 0
60.5 0
60.6 0
60.7 0
60.8 0
60.9 0
61 0
61.1 0
61.2 0
61.3 0
61.4 0
61.5 0
61.6 0
61.7 0
61.8 0
61.9 0
62 0
62.1 0
62.2 0
62.3 0
62.4 0
62.5 0
62.6 0
62.7 0
62.8 0
62.9 0
63 0
63.1 0
63.2 0
63.3 0
63.4 0
63.5 0
63.6 0
63.7 0
63.8 0
63.9 0
64 0
64.1 0
64.2 0
64.3 0
64.4 0
64.5 0
64.6 0
64.7 0
64.8 0
64.9 0
65 0
65.1 0
65.2 0
65.3 0
65.4 0
65.5 0
65.6 0
65.7 0
65.8 0
65.9 0
66 0
66.1 0
66.2 0
66.3 1.18203309692672e-17
66.4 2.36406619385345e-17
66.5 3.54609929078017e-17
66.6 4.7281323877069e-17
66.7 5.91016548463362e-17
66.8 7.09219858156033e-17
66.9 8.27423167848707e-17
67 9.45626477541378e-17
67.1 1.11111111111111e-16
67.2 0
67.3 0
67.4 0
67.5 0
67.6 0
67.7 0
67.8 0
67.9 0
68 0
68.1 0
68.2 0
68.3 0
68.4 0
68.5 0
68.6 0
68.7 0
68.8 0
68.9 0
69 0
69.1 0
69.2 0
69.3 0
69.4 0
69.5 0
69.6 0
69.7 0
69.8 5.1605758582503e-18
69.9 1.03211517165006e-17
70 1.54817275747509e-17
70.1 2.06423034330013e-17
70.2 2.58028792912516e-17
70.3 3.09634551495019e-17
70.4 3.61240310077522e-17
70.5 4.12846068660025e-17
70.6 4.64451827242528e-17
70.7 5.16057585825031e-17
70.8 5.67663344407534e-17
70.9 6.19269102990037e-17
71 6.7087486157254e-17
71.1 7.22480620155044e-17
71.2 7.74086378737547e-17
71.3 8.25692137320049e-17
71.4 8.77297895902553e-17
71.5 9.28903654485056e-17
71.6 9.8050941306756e-17
71.7 1.03211517165006e-16
71.8 9.97009213430673e-17
71.9 9.61903255211283e-17
72 9.26797296991893e-17
72.1 8.91691338772503e-17
72.2 8.56585380553113e-17
72.3 8.21479422333723e-17
72.4 7.86373464114333e-17
72.5 7.51267505894943e-17
72.6 7.16161547675553e-17
72.7 6.81055589456163e-17
72.8 6.45949631236773e-17
72.9 6.10843673017383e-17
73 5.75737714797993e-17
73.1 5.40631756578603e-17
73.2 5.05525798359213e-17
73.3 4.70419840139823e-17
73.4 4.35313881920433e-17
73.5 4.00207923701043e-17
73.6 3.65101965481653e-17
73.7 3.29996007262263e-17
73.8 2.94890049042873e-17
73.9 2.59784090823483e-17
74 2.24678132604093e-17
74.1 1.89572174384703e-17
74.2 1.54466216165313e-17
74.3 1.19360257945923e-17
74.4 8.42542997265331e-18
74.5 4.91483415071436e-18
74.6 0
74.7 0
74.8 0
74.9 0
75 0
75.1 0
75.2 0
75.3 0
75.4 0
75.5 0
75.6 0
75.7 0
75.8 0
75.9 0
76 0
76.1 0
76.2 0
76.3 0
76.4 0
76.5 0
76.6 0
76.7 0
76.8 0
76.9 0
77 1.25000000000003e-05
77.1 2.50000000000009e-05
77.2 3.75000000000012e-05
77.3 5e-05
77.4 0.000363010735459062
77.5 0.000676021470918124
77.6 0.000989032206377187
77.7 0.00130204294183625
77.8 0.00161505367729531
77.9 0.00192806441275437
78 0.00224107514821344
78.1 0.0025540858836725
78.2 0.00286709661913156
78.3 0.00318010735459062
78.4 0.00349311809004969
78.5 0.00380612882550875
78.6 0.00411913956096781
78.7 0.00443215029642687
78.8 0.00474516103188594
78.9 0.005058171767345
79 0.00537118250280406
79.1 0.00568419323826312
79.2 0.00599720397372218
79.3 0.00631021470918125
79.4 0.00662322544464031
79.5 0.00693623618009937
79.6 0.00724924691555844
79.7 0.00746835443037975
79.8 0.00765508573480564
79.9 0.00784181703923154
80 0.00802854834365743
80.1 0.00821527964808333
80.2 0.00840201095250922
80.3 0.00858874225693512
80.4 0.00877547356136101
80.5 0.0089622048657869
80.6 0.00914893617021277
80.7 0.00999760370290961
80.8 0.0108462712356065
80.9 0.0116949387683033
81 0.0125436063010002
81.1 0.013392273833697
81.2 0.0142409413663938
81.3 0.0150896088990907
81.4 0.0159382764317875
81.5 0.0167869439644844
81.6 0.0176356114971812
81.7 0.0184842790298781
81.8 0.0193329465625749
81.9 0.0201816140952718
82 0.0210302816279686
82.1 0.0218789491606655
82.2 0.0227276166933623
82.3 0.0235762842260592
82.4 0.024424951758756
82.5 0.0252736192914528
82.6 0.0261222868241497
82.7 0.0269709543568465
82.8 0.0276304344726298
82.9 0.0282899145884132
83 0.0289493947041965
83.1 0.0296088748199798
83.2 0.0302683549357631
83.3 0.0309278350515464
83.4 0.0321637082396714
83.5 0.0333995814277963
83.6 0.0346354546159213
83.7 0.0358713278040463
83.8 0.0371072009921713
83.9 0.0383430741802962
84 0.0395789473684211
84.1 0.0404994672917111
84.2 0.0414199872150011
84.3 0.0423405071382912
84.4 0.0430769230769231
84.5 0.0440664564193976
84.6 0.0450559897618721
84.7 0.0460455231043467
84.8 0.0470350564468212
84.9 0.0480245897892957
85 0.0490141231317702
85.1 0.0496078431372549
85.2 0.0507317687348912
85.3 0.0518556943325276
85.4 0.0529796199301639
85.5 0.0541035455278002
85.6 0.0552274711254366
85.7 0.0563513967230729
85.8 0.0578125
85.9 0.0603482278130645
86 0.062883955626129
86.1 0.0654196834391936
86.2 0.0679554112522581
86.3 0.0704911390653226
86.4 0.0730268668783872
86.5 0.0755625946914517
86.6 0.0780983225045162
86.7 0.0806340503175808
86.8 0.0831697781306453
86.9 0.0857055059437098
87 0.0882412337567743
87.1 0.091030534351145
87.2 0.0875448973070816
87.3 0.0840592602630181
87.4 0.0805736232189546
87.5 0.081160795583716
87.6 0.0817479679484775
87.7 0.0823351403132389
87.8 0.0829223126780004
87.9 0.0833333333333333
88 0.0832855093256815
88.1 0.0832376853180296
88.2 0.0831898613103778
88.3 0.0831372549019608
88.4 0.0842162004662005
88.5 0.0852951460304402
88.6 0.08637409159468
88.7 0.0878846153846154
88.8 0.0888093485461907
88.9 0.089734081707766
89 0.0906588148693412
89.1 0.0915835480309165
89.2 0.0925082811924918
89.3 0.093433014354067
89.4 0.0943577475156423
89.5 0.0952824806772176
89.6 0.0962072138387929
89.7 0.0971319470003681
89.8 0.0980566801619434
89.9 0.0989814133235187
90 0.099906146485094
90.1 0.100830879646669
90.2 0.101755612808245
90.3 0.10268034596982
90.4 0.103605079131395
90.5 0.10452981229297
90.6 0.105454545454545
90.7 0.106349951124145
90.8 0.107245356793744
90.9 0.108140762463343
91 0.109036168132942
91.1 0.109931573802542
91.2 0.110826979472141
91.3 0.11172238514174
91.4 0.112617790811339
91.5 0.113513196480939
91.6 0.114408602150538
91.7 0.115197949950686
91.8 0.115987297750835
91.9 0.116776645550984
92 0.117408123791103
92.1 0.118416988322035
92.2 0.119425852852967
92.3 0.1204347173839
92.4 0.121443581914832
92.5 0.122452446445765
92.6 0.123461310976697
92.7 0.124470175507629
92.8 0.125479040038562
92.9 0.126487904569494
93 0.127496769100427
93.1 0.128505633631359
93.2 0.129615384615385
93.3 0.132535925612849
93.4 0.135456466610313
93.5 0.138377007607777
93.6 0.141297548605241
93.7 0.144218089602705
93.8 0.147138630600169
93.9 0.150059171597633
94 0.152979712595097
94.1 0.155900253592562
94.2 0.158820794590026
94.3 0.16174133558749
94.4 0.164661876584954
94.5 0.167582417582418
94.6 0.167725752508361
94.7 0.167869087434305
94.8 0.168012422360248
94.9 0.168155757286192
95 0.168299092212136
95.1 0.168442427138079
95.2 0.168571428571429
95.3 0.168762755102041
95.4 0.168954081632653
95.5 0.169107142857143
95.6 0.169362244897959
95.7 0.169617346938776
95.8 0.17
95.9 0.17
96 0.17
96.1 0.170133689839572
96.2 0.17
96.3 0.170151515151515
96.4 0.17030303030303
96.5 0.170454545454545
96.6 0.170606060606061
96.7 0.170757575757576
96.8 0.170909090909091
96.9 0.171060606060606
97 0.171212121212121
97.1 0.171363636363636
97.2 0.171515151515152
97.3 0.171666666666667
97.4 0.171818181818182
97.5 0.171969696969697
97.6 0.172121212121212
97.7 0.172272727272727
97.8 0.172439024390244
97.9 0.172574525745257
98 0.172682926829268
98.1 0.172844769559709
98.2 0.173006612290149
98.3 0.173168455020589
98.4 0.173330297751029
98.5 0.17349214048147
98.6 0.17365398321191
98.7 0.17381582594235
98.8 0.173977668672791
98.9 0.174107142857143
99 0.174210526315789
99.1 0.174367281840966
99.2 0.174570446735395
99.3 0.174725795916049
99.4 0.174881145096703
99.5 0.175036494277356
99.6 0.17519184345801
99.7 0.175347192638664
99.8 0.175502541819318
99.9 0.175657890999972
100 0.175813240180625
100.1 0.175968589361279
100.2 0.176123938541933
100.3 0.176279287722587
100.4 0.17643463690324
100.5 0.176589986083894
100.6 0.176745335264548
100.7 0.176900684445202
100.8 0.177056033625855
100.9 0.177211382806509
101 0.177366731987163
101.1 0.177522081167817
101.2 0.177677430348471
101.3 0.177832779529124
101.4 0.177988128709778
101.5 0.178143477890432
101.6 0.178298827071086
101.7 0.178454176251739
101.8 0.178609525432393
101.9 0.178764874613047
102 0.178920223793701
102.1 0.179075572974355
102.2 0.179230922155008
102.3 0.179386271335662
102.4 0.179541620516316
102.5 0.17969696969697
102.6 0.179837974376941
102.7 0.179978979056912
102.8 0.180119983736884
102.9 0.180260988416855
103 0.180401993096826
103.1 0.180542997776797
103.2 0.180684002456769
103.3 0.18082500713674
103.4 0.180966011816711
103.5 0.181107016496683
103.6 0.181290322580645
103.7 0.18135593220339
103.8 0.181375985894309
103.9 0.181396039585229
104 0.181416093276149
104.1 0.181436146967068
104.2 0.181456200657988
104.3 0.181476254348908
104.4 0.181496308039827
104.5 0.181516361730747
104.6 0.181536415421667
104.7 0.181556469112586
104.8 0.181576522803506
104.9 0.181596576494426
105 0.181616630185345
105.1 0.181636683876265
105.2 0.181656737567185
105.3 0.181676791258104
105.4 0.181696844949024
105.5 0.181716898639943
105.6 0.181736952330863
105.7 0.181757006021783
105.8 0.181777059712702
105.9 0.181797113403622
106 0.181817167094542
106.1 0.181837220785461
106.2 0.181857274476381
106.3 0.181877328167301
106.4 0.18189738185822
106.5 0.18191743554914
106.6 0.181935483870968
106.7 0.181386262513904
106.8 0.180837041156841
106.9 0.180287819799777
107 0.179738598442714
107.1 0.179189377085651
107.2 0.17875
107.3 0.178055555555556
107.4 0.177361111111111
107.5 0.176666666666667
107.6 0.175972222222222
107.7 0.175277777777778
107.8 0.174583333333333
107.9 0.173888888888889
108 0.173194444444444
108.1 0.1725
108.2 0.171805555555555
108.3 0.171111111111111
108.4 0.170416666666667
108.5 0.169898218829517
108.6 0.169212020067785
108.7 0.168525821306054
108.8 0.167839622544323
108.9 0.167153423782592
109 0.166467225020861
109.1 0.16578102625913
109.2 0.165094827497399
109.3 0.164408628735668
109.4 0.163722429973937
109.5 0.163036231212206
109.6 0.162350032450475
109.7 0.161663833688743
109.8 0.160977634927012
109.9 0.160291436165281
110 0.15960523740355
110.1 0.158919038641819
110.2 0.158232839880088
110.3 0.157546641118357
110.4 0.156860442356626
110.5 0.156174243594895
110.6 0.155488044833163
110.7 0.154801846071432
110.8 0.154115647309701
110.9 0.15342944854797
111 0.152743249786239
111.1 0.152057051024508
111.2 0.151370852262777
111.3 0.150684653501046
111.4 0.149998454739315
111.5 0.149312255977584
111.6 0.148626057215852
111.7 0.147939858454121
111.8 0.14725365969239
111.9 0.146567460930659
112 0.145881262168928
112.1 0.145195063407197
112.2 0.144508864645466
112.3 0.143822665883735
112.4 0.143136467122004
112.5 0.142450268360272
112.6 0.141764069598541
112.7 0.14107787083681
112.8 0.140391672075079
112.9 0.139705473313348
113 0.139019274551617
113.1 0.138333075789886
113.2 0.137646877028155
113.3 0.136960678266424
113.4 0.136
113.5 0.135449735449735
113.6 0.134771106510237
113.7 0.134092477570738
113.8 0.13341384863124
113.9 0.132735219691741
114 0.132056590752243
114.1 0.131377961812744
114.2 0.130699332873246
114.3 0.130020703933747
114.4 0.129342074994249
114.5 0.12866344605475
114.6 0.127984817115252
114.7 0.127306188175753
114.8 0.126627559236255
114.9 0.125948930296756
115 0.125270301357258
115.1 0.124591672417759
115.2 0.123809964318752
115.3 0.123111297937011
115.4 0.122412631555269
115.5 0.121713965173528
115.6 0.121015298791786
115.7 0.120316632410045
115.8 0.119617966028303
115.9 0.118919299646562
116 0.11822063326482
116.1 0.117521966883078
116.2 0.116823300501337
116.3 0.116124634119595
116.4 0.115425967737854
116.5 0.114727301356112
116.6 0.114028634974371
116.7 0.113329968592629
116.8 0.112631302210888
116.9 0.111932635829146
117 0.111233969447405
117.1 0.110535303065663
117.2 0.109836636683921
117.3 0.10913797030218
117.4 0.108439303920438
117.5 0.107744972439645
117.6 0.106772908366534
117.7 0.107058823529412
117.8 0.106317135549872
117.9 0.105575447570332
118 0.104833759590793
118.1 0.104092071611253
118.2 0.103350383631713
118.3 0.102608695652174
118.4 0.101863354037267
118.5 0.1015
118.6 0.100659161490683
118.7 0.0998183229813664
118.8 0.0989774844720496
118.9 0.0981366459627329
119 0.0974619779261819
119.1 0.0967873098896309
119.2 0.0961126418530799
119.3 0.0954379738165289
119.4 0.0947633057799779
119.5 0.0940886377434269
119.6 0.0934139697068758
119.7 0.0927393016703248
119.8 0.0920646336337738
119.9 0.091494886284033
120 0.0910526315789474
120.1 0.0905263157894737
120.2 0.08977797601348
120.3 0.0890296362374864
120.4 0.0882812964614927
120.5 0.0875329566854991
120.6 0.0867846169095054
120.7 0.0861111111111111
120.8 0.0853921568627451
120.9 0.0846732026143791
121 0.083954248366013
121.1 0.083235294117647
121.2 0.082516339869281
121.3 0.0817973856209149
121.4 0.0810784313725489
121.5 0.0804440599769319
121.6 0.08
121.7 0.083618421052632
121.8 0.0857894736842105
121.9 0.0851434250976585
122 0.0844973765111065
122.1 0.0838513279245545
122.2 0.0832052793380024
122.3 0.0825592307514504
122.4 0.0819131821648984
122.5 0.0812671335783463
122.6 0.0806210849917943
122.7 0.0799750364052423
122.8 0.0793289878186903
122.9 0.0786829392321382
123 0.0780368906455862
123.1 0.0773908420590342
123.2 0.0767447934724822
123.3 0.0760987448859302
123.4 0.0754526962993781
123.5 0.0748066477128261
123.6 0.0741605991262741
123.7 0.0735145505397221
123.8 0.0728685019531701
123.9 0.072222453366618
124 0.071576404780066
124.1 0.070930356193514
124.2 0.070284307606962
124.3 0.0694444444444444
124.4 0.0692865178262375
124.5 0.0691285912080305
124.6 0.0689706645898235
124.7 0.0688127379716165
124.8 0.0686548113534095
124.9 0.0684968847352025
125 0.0683389581169955
125.1 0.0681810314987885
125.2 0.0680231048805816
125.3 0.0678651782623746
125.4 0.0677072516441675
125.5 0.0675493250259606
125.6 0.0673913984077536
125.7 0.0672334717895466
125.8 0.0670755451713396
125.9 0.0669176185531326
126 0.0667596919349256
126.1 0.0666017653167186
126.2 0.0664438386985116
126.3 0.0662859120803046
126.4 0.0661279854620976
126.5 0.0659700588438906
126.6 0.0658121322256836
126.7 0.0656542056074766
126.8 0.0654962789892696
126.9 0.0653383523710626
127 0.0651804257528556
127.1 0.0650224991346486
127.2 0.0648645725164416
127.3 0.0647066458982346
127.4 0.0645487192800276
127.5 0.064375
127.6 0.0642246586134454
127.7 0.0640743172268907
127.8 0.0639239758403361
127.9 0.0637736344537815
128 0.0636232930672269
128.1 0.0634729516806723
128.2 0.0633226102941176
128.3 0.063172268907563
128.4 0.0630219275210084
128.5 0.0628715861344538
128.6 0.0627212447478992
128.7 0.0625709033613445
128.8 0.0624205619747899
128.9 0.0622702205882353
129 0.0621198792016807
129.1 0.0619695378151261
129.2 0.0618191964285714
129.3 0.0616688550420168
129.4 0.0615185136554622
129.5 0.0613681722689076
129.6 0.0612178308823529
129.7 0.0610674894957983
129.8 0.0609171481092437
129.9 0.0607668067226891
130 0.0606164653361344
130.1 0.0604661239495798
130.2 0.0602857142857143
130.3 0.0601625615763547
130.4 0.0600394088669951
130.5 0.0599285714285714
130.6 0.0597142857142857
130.7 0.0594181929181929
130.8 0.0591221001221001
130.9 0.0588260073260073
131 0.0585299145299145
131.1 0.0582338217338217
131.2 0.0579377289377289
131.3 0.0576416361416361
131.4 0.0573455433455433
131.5 0.0570494505494505
131.6 0.0567533577533578
131.7 0.056457264957265
131.8 0.0561611721611722
131.9 0.0558650793650794
132 0.0555689865689866
132.1 0.0552728937728938
132.2 0.054976800976801
132.3 0.0546807081807082
132.4 0.0543846153846154
132.5 0.0529568764568764
132.6 0.0515291375291375
132.7 0.0501013986013985
132.8 0.0486736596736595
132.9 0.0472459207459206
133 0.0458181818181818
133.1 0.0443818181818182
133.2 0.0429454545454544
133.3 0.0415090909090908
133.4 0.0400727272727271
133.5 0.0386363636363635
133.6 0.0372
133.7 0.0357692307692307
133.8 0.0343384615384615
133.9 0.0329076923076923
134 0.031476923076923
134.1 0.0300461538461538
134.2 0.0286153846153845
134.3 0.0271846153846153
134.4 0.025753846153846
134.5 0.0243230769230768
134.6 0.0228923076923076
134.7 0.0214615384615383
134.8 0.0200307692307691
134.9 0.0185999999999998
135 0.0171692307692306
135.1 0.0157384615384614
135.2 0.0143076923076921
135.3 0.0128769230769229
135.4 0.0114461538461536
135.5 0.0100153846153844
135.6 0.00858461538461516
135.7 0.00715384615384588
135.8 0.00572307692307662
135.9 0.00429230769230739
136 0.00286153846153818
136.1 0.00143076923076901
136.2 0
136.3 0
136.4 0
136.5 0
136.6 0
136.7 0
136.8 0
136.9 0
137 0
137.1 0
137.2 0
137.3 0
137.4 0
137.5 0
137.6 0
137.7 0
137.8 0
137.9 0
138 0
138.1 0
138.2 0
138.3 0
138.4 0
138.5 0
138.6 0
138.7 0
138.8 0
138.9 0
139 0
139.1 0
139.2 0
139.3 0
139.4 0
139.5 0
139.6 0
139.7 0
139.8 0
139.9 0
140 0
140.1 0
140.2 0
140.3 0
140.4 0
140.5 0
140.6 0
140.7 0
140.8 0
140.9 0
141 0
141.1 0
141.2 0
141.3 0
141.4 0
141.5 0
141.6 0
141.7 0
141.8 0
141.9 0
142 0
142.1 0
142.2 0
142.3 0
142.4 0
142.5 0
142.6 0
142.7 0
142.8 0
142.9 0
143 0
143.1 0
143.2 0
143.3 0
143.4 0
143.5 0
143.6 0
143.7 0
143.8 0
143.9 0
144 0
144.1 0
144.2 0
144.3 0
144.4 0
144.5 0
144.6 0
144.7 0
144.8 0
144.9 0
145 0
145.1 0
145.2 0
145.3 0
145.4 0
145.5 0
145.6 0
145.7 0
145.8 0
145.9 0
146 0
146.1 0
146.2 0
146.3 0
146.4 0
146.5 0
146.6 0
146.7 0
146.8 0
146.9 0
147 0
147.1 0
147.2 0
147.3 0
147.4 0
147.5 0
147.6 0
147.7 0
147.8 0
147.9 0
148 0
148.1 0
148.2 0
148.3 0
148.4 0
148.5 0
148.6 0
148.7 0
148.8 0
148.9 0
149 0
149.1 0
149.2 0
149.3 0
149.4 0
149.5 0
149.6 0
149.7 0
149.8 0
149.9 0
150 0
150.1 0
150.2 0
150.3 0
150.4 0
150.5 0
150.6 0
150.7 0
150.8 0
150.9 0
151 0
151.1 0
151.2 0
151.3 0
151.4 0
151.5 0
151.6 0
151.7 0
151.8 0
151.9 0
152 0
152.1 0
152.2 0
152.3 0
152.4 0
152.5 0
152.6 0
152.7 0
152.8 0
152.9 0
153 0
153.1 0
153.2 0
153.3 0
153.4 0
153.5 0
153.6 0
153.7 0
153.8 0
153.9 0
154 0
154.1 0
154.2 0
154.3 0
154.4 0
154.5 0
154.6 0
154.7 0
154.8 0
154.9 0
155 0
155.1 0
155.2 0
155.3 0
155.4 0
155.5 0
155.6 0
155.7 0
155.8 0
155.9 0
156 0
156.1 0
156.2 0
156.3 0
156.4 0
156.5 0
156.6 0
156.7 0
156.8 0
156.9 0
157 0
157.1 0
157.2 0
157.3 0
157.4 0
157.5 0
157.6 0
157.7 0
157.8 0
157.9 0
158 0
158.1 0
158.2 0
158.3 0
158.4 0
158.5 0
158.6 0
158.7 0
158.8 0
158.9 0
159 0
159.1 0
159.2 0
159.3 0
159.4 0
159.5 0
159.6 0
159.7 0
159.8 0
159.9 0
160 0
160.1 4.44e-19
160.2 8.88000000000001e-19
160.3 1.332e-18
160.4 1.776e-18
160.5 2.22e-18
160.6 2.664e-18
160.7 3.108e-18
160.8 3.552e-18
160.9 3.996e-18
161 4.44e-18
161.1 4.884e-18
161.2 5.328e-18
161.3 5.772e-18
161.4 6.216e-18
161.5 6.66e-18
161.6 7.104e-18
161.7 7.548e-18
161.8 7.992e-18
161.9 8.43600000000001e-18
162 8.88000000000001e-18
162.1 9.32400000000001e-18
162.2 9.76800000000001e-18
162.3 1.0212e-17
162.4 1.0656e-17
162.5 1.11e-17
162.6 1.1544e-17
162.7 1.1988e-17
162.8 1.2432e-17
162.9 1.2876e-17
163 1.332e-17
163.1 1.3764e-17
163.2 1.4208e-17
163.3 1.4652e-17
163.4 1.5096e-17
163.5 1.554e-17
163.6 1.5984e-17
163.7 1.6428e-17
163.8 1.6872e-17
163.9 1.7316e-17
164 1.776e-17
164.1 1.8204e-17
164.2 1.8648e-17
164.3 1.9092e-17
164.4 1.9536e-17
164.5 1.998e-17
164.6 2.0424e-17
164.7 2.0868e-17
164.8 2.1312e-17
164.9 2.1756e-17
165 2.22e-17
165.1 2.2644e-17
165.2 2.3088e-17
165.3 2.3532e-17
165.4 2.3976e-17
165.5 2.442e-17
165.6 2.4864e-17
165.7 2.5308e-17
165.8 2.5752e-17
165.9 2.6196e-17
166 2.664e-17
166.1 2.7084e-17
166.2 2.7528e-17
166.3 2.7972e-17
166.4 2.8416e-17
166.5 2.886e-17
166.6 2.9304e-17
166.7 2.9748e-17
166.8 3.0192e-17
166.9 3.0636e-17
167 3.108e-17
167.1 3.1524e-17
167.2 3.1968e-17
167.3 3.2412e-17
167.4 3.2856e-17
167.5 3.33e-17
167.6 3.3744e-17
167.7 3.4188e-17
167.8 3.4632e-17
167.9 3.5076e-17
168 3.55200000000001e-17
168.1 3.59640000000001e-17
168.2 3.64080000000001e-17
168.3 3.68520000000001e-17
168.4 3.72960000000001e-17
168.5 3.77400000000001e-17
168.6 3.81840000000001e-17
168.7 3.86280000000001e-17
168.8 3.90720000000001e-17
168.9 3.95160000000001e-17
169 3.99600000000001e-17
169.1 4.04040000000001e-17
169.2 4.08480000000001e-17
169.3 4.12920000000001e-17
169.4 4.17360000000001e-17
169.5 4.21800000000001e-17
169.6 4.26240000000001e-17
169.7 4.30680000000001e-17
169.8 4.35120000000001e-17
169.9 4.39560000000001e-17
170 4.44000000000001e-17
170.1 4.48440000000001e-17
170.2 4.52880000000001e-17
170.3 4.57320000000001e-17
170.4 4.61760000000001e-17
170.5 4.66200000000001e-17
170.6 4.70640000000001e-17
170.7 4.75080000000001e-17
170.8 4.79520000000001e-17
170.9 4.83960000000001e-17
171 4.88400000000001e-17
171.1 4.92840000000001e-17
171.2 4.97280000000001e-17
171.3 5.01720000000001e-17
171.4 5.06160000000001e-17
171.5 5.10600000000001e-17
171.6 5.15040000000001e-17
171.7 5.19480000000001e-17
171.8 5.23920000000001e-17
171.9 5.28360000000001e-17
172 5.32800000000001e-17
172.1 5.37240000000001e-17
172.2 5.41680000000001e-17
172.3 5.46120000000001e-17
172.4 5.50560000000001e-17
172.5 5.55000000000001e-17
172.6 5.59440000000001e-17
172.7 5.63880000000001e-17
172.8 5.68320000000001e-17
172.9 5.72760000000001e-17
173 5.77200000000001e-17
173.1 5.81640000000001e-17
173.2 5.86080000000001e-17
173.3 5.90520000000001e-17
173.4 5.94960000000001e-17
173.5 5.99400000000001e-17
173.6 6.03840000000001e-17
173.7 6.08280000000001e-17
173.8 6.12720000000001e-17
173.9 6.17160000000001e-17
174 6.21600000000001e-17
174.1 6.26040000000001e-17
174.2 6.3048e-17
174.3 6.3492e-17
174.4 6.3936e-17
174.5 6.438e-17
174.6 6.4824e-17
174.7 6.5268e-17
174.8 6.5712e-17
174.9 6.6156e-17
175 6.66e-17
175.1 6.7044e-17
175.2 6.7488e-17
175.3 6.7932e-17
175.4 6.8376e-17
175.5 6.882e-17
175.6 6.9264e-17
175.7 6.9708e-17
175.8 7.0152e-17
175.9 7.0596e-17
176 7.104e-17
176.1 7.1484e-17
176.2 7.1928e-17
176.3 7.2372e-17
176.4 7.2816e-17
176.5 7.326e-17
176.6 7.3704e-17
176.7 7.4148e-17
176.8 7.4592e-17
176.9 7.5036e-17
177 7.54799999999999e-17
177.1 7.5924e-17
177.2 7.6368e-17
177.3 7.6812e-17
177.4 7.7256e-17
177.5 7.76999999999999e-17
177.6 7.8144e-17
177.7 7.8588e-17
177.8 7.9032e-17
177.9 7.9476e-17
178 7.992e-17
178.1 8.0364e-17
178.2 8.0808e-17
178.3 8.1252e-17
178.4 8.1696e-17
178.5 8.214e-17
178.6 8.2584e-17
178.7 8.3028e-17
178.8 8.3472e-17
178.9 8.3916e-17
179 8.436e-17
179.1 8.4804e-17
179.2 8.5248e-17
179.3 8.5692e-17
179.4 8.6136e-17
179.5 8.658e-17
179.6 8.7024e-17
179.7 8.7468e-17
179.8 8.7912e-17
179.9 8.8356e-17
180 8.88e-17
180.1 8.9244e-17
180.2 8.9688e-17
180.3 9.0132e-17
180.4 9.0576e-17
180.5 9.102e-17
180.6 9.1464e-17
180.7 9.1908e-17
180.8 9.2352e-17
180.9 9.2796e-17
181 9.324e-17
181.1 9.3684e-17
181.2 9.4128e-17
181.3 9.4572e-17
181.4 9.5016e-17
181.5 9.546e-17
181.6 9.5904e-17
181.7 9.6348e-17
181.8 9.6792e-17
181.9 9.7236e-17
182 9.768e-17
182.1 9.8124e-17
182.2 9.8568e-17
182.3 9.9012e-17
182.4 9.9456e-17
182.5 9.99e-17
182.6 1.00344e-16
182.7 1.00788e-16
182.8 1.01232e-16
182.9 1.01676e-16
183 1.0212e-16
183.1 1.02564e-16
183.2 1.03008e-16
183.3 1.03452e-16
183.4 1.03896e-16
183.5 1.0434e-16
183.6 1.04784e-16
183.7 1.05228e-16
183.8 1.05672e-16
183.9 1.06116e-16
184 1.0656e-16
184.1 1.07004e-16
184.2 1.07448e-16
184.3 1.07892e-16
184.4 1.08336e-16
184.5 1.0878e-16
184.6 1.09224e-16
184.7 1.09668e-16
184.8 1.10112e-16
184.9 1.10556e-16
185 1.11e-16
185.1 1.10556e-16
185.2 1.10112e-16
185.3 1.09668e-16
185.4 1.09224e-16
185.5 1.0878e-16
185.6 1.08336e-16
185.7 1.07892e-16
185.8 1.07448e-16
185.9 1.07004e-16
186 1.0656e-16
186.1 1.06116e-16
186.2 1.05672e-16
186.3 1.05228e-16
186.4 1.04784e-16
186.5 1.0434e-16
186.6 1.03896e-16
186.7 1.03452e-16
186.8 1.03008e-16
186.9 1.02564e-16
187 1.0212e-16
187.1 1.01676e-16
187.2 1.01232e-16
187.3 1.00788e-16
187.4 1.00344e-16
187.5 9.99000000000001e-17
187.6 9.94560000000001e-17
187.7 9.90120000000001e-17
187.8 9.85680000000001e-17
187.9 9.81240000000001e-17
188 9.76800000000001e-17
188.1 9.72360000000001e-17
188.2 9.67920000000001e-17
188.3 9.63480000000001e-17
188.4 9.59040000000001e-17
188.5 9.54600000000001e-17
188.6 9.50160000000002e-17
188.7 9.45720000000002e-17
188.8 9.41280000000002e-17
188.9 9.36840000000002e-17
189 9.32400000000002e-17
189.1 9.27960000000002e-17
189.2 9.23520000000002e-17
189.3 9.19080000000002e-17
189.4 9.14640000000002e-17
189.5 9.10200000000002e-17
189.6 9.05760000000002e-17
189.7 9.01320000000002e-17
189.8 8.96880000000002e-17
189.9 8.92440000000002e-17
190 8.88000000000002e-17
190.1 8.83560000000002e-17
190.2 8.79120000000002e-17
190.3 8.74680000000002e-17
190.4 8.70240000000002e-17
190.5 8.65800000000002e-17
190.6 8.61360000000002e-17
190.7 8.56920000000002e-17
190.8 8.52480000000002e-17
190.9 8.48040000000002e-17
191 8.43600000000002e-17
191.1 8.39160000000002e-17
191.2 8.34720000000002e-17
191.3 8.30280000000002e-17
191.4 8.25840000000002e-17
191.5 8.21400000000002e-17
191.6 8.16960000000002e-17
191.7 8.12520000000002e-17
191.8 8.08080000000002e-17
191.9 8.03640000000002e-17
192 7.99200000000002e-17
192.1 7.94760000000002e-17
192.2 7.90320000000002e-17
192.3 7.85880000000002e-17
192.4 7.81440000000002e-17
192.5 7.77000000000002e-17
192.6 7.72560000000002e-17
192.7 7.68120000000002e-17
192.8 7.63680000000002e-17
192.9 7.59240000000002e-17
193 7.54800000000002e-17
193.1 7.50360000000002e-17
193.2 7.45920000000002e-17
193.3 7.41480000000002e-17
193.4 7.37040000000002e-17
193.5 7.32600000000002e-17
193.6 7.28160000000002e-17
193.7 7.23720000000002e-17
193.8 7.19280000000002e-17
193.9 7.14840000000002e-17
194 7.10400000000002e-17
194.1 7.05960000000002e-17
194.2 7.01520000000002e-17
194.3 6.97080000000002e-17
194.4 6.92640000000002e-17
194.5 6.88200000000002e-17
194.6 6.83760000000002e-17
194.7 6.79320000000002e-17
194.8 6.74880000000002e-17
194.9 6.70440000000002e-17
195 6.66000000000002e-17
195.1 6.61560000000002e-17
195.2 6.57120000000002e-17
195.3 6.52680000000002e-17
195.4 6.48240000000002e-17
195.5 6.43800000000002e-17
195.6 6.39360000000002e-17
195.7 6.34920000000002e-17
195.8 6.30480000000001e-17
195.9 6.26040000000002e-17
196 6.21600000000002e-17
196.1 6.17160000000001e-17
196.2 6.12720000000001e-17
196.3 6.08280000000001e-17
196.4 6.03840000000001e-17
196.5 5.99400000000002e-17
196.6 5.94960000000001e-17
196.7 5.90520000000001e-17
196.8 5.86080000000001e-17
196.9 5.81640000000001e-17
197 5.77200000000002e-17
197.1 5.72760000000001e-17
197.2 5.68320000000001e-17
197.3 5.63880000000001e-17
197.4 5.59440000000001e-17
197.5 5.55000000000001e-17
197.6 5.50560000000001e-17
197.7 5.46120000000001e-17
197.8 5.41680000000001e-17
197.9 5.37240000000001e-17
198 5.32800000000001e-17
198.1 5.28360000000001e-17
198.2 5.23920000000001e-17
198.3 5.19480000000001e-17
198.4 5.15040000000001e-17
198.5 5.10600000000001e-17
198.6 5.06160000000001e-17
198.7 5.01720000000001e-17
198.8 4.97280000000001e-17
198.9 4.92840000000001e-17
199 4.88400000000001e-17
199.1 4.83960000000001e-17
199.2 4.79520000000001e-17
199.3 4.75080000000001e-17
199.4 4.70640000000001e-17
199.5 4.66200000000001e-17
199.6 4.61760000000001e-17
199.7 4.57320000000001e-17
199.8 4.52880000000001e-17
199.9 4.48440000000001e-17
200 4.44000000000001e-17
200.1 4.39560000000001e-17
200.2 4.35120000000001e-17
200.3 4.30680000000001e-17
200.4 4.26240000000001e-17
200.5 4.21800000000001e-17
200.6 4.17360000000001e-17
200.7 4.12920000000001e-17
200.8 4.08480000000001e-17
200.9 4.04040000000001e-17
201 3.99600000000001e-17
201.1 3.95160000000001e-17
201.2 3.90720000000001e-17
201.3 3.86280000000001e-17
201.4 3.81840000000001e-17
201.5 3.77400000000001e-17
201.6 3.72960000000001e-17
201.7 3.68520000000001e-17
201.8 3.64080000000001e-17
201.9 3.59640000000001e-17
202 3.55200000000001e-17
202.1 3.50760000000001e-17
202.2 3.46320000000001e-17
202.3 3.41880000000001e-17
202.4 3.37440000000001e-17
202.5 3.33e-17
202.6 3.2856e-17
202.7 3.2412e-17
202.8 3.1968e-17
202.9 3.1524e-17
203 3.108e-17
203.1 3.0636e-17
203.2 3.0192e-17
203.3 2.9748e-17
203.4 2.9304e-17
203.5 2.886e-17
203.6 2.8416e-17
203.7 2.7972e-17
203.8 2.7528e-17
203.9 2.7084e-17
204 2.664e-17
204.1 2.6196e-17
204.2 2.5752e-17
204.3 2.5308e-17
204.4 2.4864e-17
204.5 2.442e-17
204.6 2.3976e-17
204.7 2.3532e-17
204.8 2.3088e-17
204.9 2.2644e-17
205 2.22e-17
205.1 2.1756e-17
205.2 2.1312e-17
205.3 2.0868e-17
205.4 2.0424e-17
205.5 1.998e-17
205.6 1.9536e-17
205.7 1.9092e-17
205.8 1.8648e-17
205.9 1.8204e-17
206 1.776e-17
206.1 1.7316e-17
206.2 1.6872e-17
206.3 1.6428e-17
206.4 1.5984e-17
206.5 1.554e-17
206.6 1.5096e-17
206.7 1.4652e-17
206.8 1.4208e-17
206.9 1.3764e-17
207 1.332e-17
207.1 1.2876e-17
207.2 1.2432e-17
207.3 1.1988e-17
207.4 1.1544e-17
207.5 1.11e-17
207.6 1.0656e-17
207.7 1.0212e-17
207.8 9.76799999999996e-18
207.9 9.32399999999996e-18
208 8.87999999999996e-18
208.1 8.43599999999996e-18
208.2 7.99199999999995e-18
208.3 7.54799999999995e-18
208.4 7.10399999999995e-18
208.5 6.65999999999995e-18
208.6 6.21599999999995e-18
208.7 5.77199999999995e-18
208.8 5.32799999999994e-18
208.9 4.88399999999994e-18
209 4.43999999999995e-18
209.1 3.99599999999994e-18
209.2 3.55199999999994e-18
209.3 3.10799999999993e-18
209.4 2.66399999999994e-18
209.5 2.21999999999994e-18
209.6 1.77599999999993e-18
209.7 1.33199999999992e-18
209.8 8.87999999999922e-19
209.9 4.43999999999936e-19
210 0
210.1 0
210.2 0
210.3 0
210.4 0
210.5 0
210.6 0
210.7 0
210.8 0
210.9 0
211 0
211.1 0
211.2 0
211.3 0
211.4 0
211.5 0
211.6 0
211.7 0
211.8 0
211.9 0
212 0
212.1 0
212.2 0
212.3 0
212.4 0
212.5 0
212.6 0
212.7 0
212.8 0
212.9 0
213 0
213.1 0
213.2 0
213.3 0
213.4 0
213.5 0
213.6 0
213.7 0
213.8 0
213.9 0
214 0
214.1 0
214.2 0
214.3 0
214.4 0
214.5 0
214.6 0
214.7 0
214.8 0
214.9 0
215 0
215.1 0
215.2 0
215.3 0
215.4 0
215.5 0
215.6 0
215.7 0
215.8 0
215.9 0
216 0
216.1 0
216.2 0
216.3 0
216.4 0
216.5 0
216.6 0
216.7 0
216.8 0
216.9 0
217 0
217.1 0
217.2 0
217.3 0
217.4 0
217.5 0
217.6 0
217.7 0
217.8 0
217.9 0
218 0
218.1 0
218.2 0
218.3 0
218.4 0
218.5 0
218.6 0
218.7 0
218.8 0
218.9 0
219 0
219.1 0
219.2 0
219.3 0
219.4 0
219.5 0
219.6 0
219.7 0
219.8 0
219.9 0
220 0
220.1 0
220.2 0
220.3 0
220.4 0
220.5 0
220.6 0
220.7 0
220.8 0
220.9 0
221 0
221.1 0
221.2 0
221.3 0
221.4 0
221.5 0
221.6 0
221.7 0
221.8 0
221.9 0
222 0
222.1 0
222.2 0
222.3 0
222.4 0
222.5 0
222.6 0
222.7 0
222.8 0
222.9 0
223 0
223.1 0
223.2 0
223.3 0
223.4 0
223.5 0
223.6 0
223.7 0
223.8 0
223.9 0
224 0
224.1 0
224.2 0
224.3 0
224.4 0
224.5 0
224.6 0
224.7 0
224.8 0
224.9 0
225 0
225.1 0
225.2 0
225.3 0
225.4 0
225.5 0
225.6 0
225.7 0
225.8 0
225.9 0
226 0
226.1 0
226.2 0
226.3 0
226.4 0
226.5 0
226.6 0
226.7 0
226.8 0
226.9 0
227 0
227.1 0
227.2 0
227.3 0
227.4 0
227.5 0
227.6 0
227.7 0
227.8 0
227.9 0
228 0
228.1 0
228.2 0
228.3 0
228.4 0
228.5 0
228.6 0
228.7 0
228.8 0
228.9 0
229 0
229.1 0
229.2 0
229.3 0
229.4 0
229.5 0
229.6 0
229.7 0
229.8 0
229.9 0
230 0
230.1 0
230.2 0
230.3 0
230.4 0
230.5 0
230.6 0
230.7 0
230.8 0
230.9 0
231 0
231.1 0
231.2 0
231.3 0
231.4 0
231.5 0
231.6 0
231.7 0
231.8 0
231.9 0
232 0
232.1 0
232.2 0
232.3 0
232.4 0
232.5 0
232.6 0
232.7 0
232.8 0
232.9 0
233 0
233.1 0
233.2 0
233.3 0
233.4 0
233.5 0
233.6 0
233.7 0
233.8 0
233.9 0
234 0
234.1 0
234.2 0
234.3 0
234.4 0
234.5 0
234.6 0
234.7 0
234.8 0
234.9 0
235 0
235.1 0
235.2 0
235.3 0
235.4 0
235.5 0
235.6 0
235.7 0
235.8 0
235.9 0
236 0
236.1 0
236.2 0
236.3 0
236.4 0
236.5 0
236.6 0
236.7 0
236.8 0
236.9 0
237 0
237.1 0
237.2 0
237.3 0
