0 0.2
0.1 0.2
0.2 0.200493533015657
0.3 0.200987066031314
0.4 0.201480599046971
0.5 0.201974132062628
0.6 0.202467665078285
0.7 0.202961198093942
0.8 0.203454731109598
0.9 0.203948264125255
1 0.204441797140912
1.1 0.204935330156569
1.2 0.205428863172226
1.3 0.205922396187883
1.4 0.20641592920354
1.5 0.206909462219197
1.6 0.207402995234854
1.7 0.207896528250511
1.8 0.208390061266168
1.9 0.208883594281824
2 0.209377127297481
2.1 0.209870660313138
2.2 0.210364193328795
2.3 0.210857726344452
2.4 0.211153846153846
2.5 0.211672332136582
2.6 0.212190818119319
2.7 0.212709304102055
2.8 0.213227790084791
2.9 0.213746276067527
3 0.214264762050264
3.1 0.214783248033
3.2 0.215094339622642
3.3 0.215595065312046
3.4 0.216095791001451
3.5 0.216596516690856
3.6 0.217097242380261
3.7 0.217597968069666
3.8 0.218098693759071
3.9 0.218599419448476
4 0.218683921209345
4.1 0.219456258083377
4.2 0.220228594957409
4.3 0.220769230769231
4.4 0.221264102564103
4.5 0.221758974358974
4.6 0.222253846153846
4.7 0.222748717948718
4.8 0.22324358974359
4.9 0.223738461538461
5 0.224233333333333
5.1 0.224728205128205
5.2 0.225223076923077
5.3 0.225717948717949
5.4 0.22621282051282
5.5 0.226707692307692
5.6 0.227202564102564
5.7 0.227697435897436
5.8 0.228192307692308
5.9 0.228687179487179
6 0.229182051282051
6.1 0.229676923076923
6.2 0.230171794871795
6.3 0.230666666666667
6.4 0.231174579985391
6.5 0.231682493304115
6.6 0.232190406622839
6.7 0.232698319941563
6.8 0.233206233260287
6.9 0.233714146579011
7 0.234222059897736
7.1 0.23472997321646
7.2 0.235237886535184
7.3 0.235745799853908
7.4 0.236253713172632
7.5 0.236761626491356
7.6 0.23726953981008
7.7 0.237777453128804
7.8 0.238285366447529
7.9 0.238793279766253
8 0.239301193084977
8.1 0.239809106403701
8.2 0.240317019722425
8.3 0.240824933041149
8.4 0.241332846359873
8.5 0.241840759678598
8.6 0.242348672997322
8.7 0.242856586316046
8.8 0.24336449963477
8.9 0.243872412953494
9 0.244380326272218
9.1 0.244888239590942
9.2 0.245396152909666
9.3 0.245904066228391
9.4 0.246411979547115
9.5 0.246919892865839
9.6 0.247427806184563
9.7 0.247935719503287
9.8 0.248443632822011
9.9 0.248951546140735
10 0.249459459459459
10.1 0.249959495304323
10.2 0.250459531149186
10.3 0.25095956699405
10.4 0.251459602838913
10.5 0.251959638683777
10.6 0.25245967452864
10.7 0.252959710373503
10.8 0.253459746218367
10.9 0.25395978206323
11 0.254459817908094
11.1 0.254959853752957
11.2 0.25545988959782
11.3 0.255959925442684
11.4 0.256459961287547
11.5 0.256959997132411
11.6 0.257460032977274
11.7 0.257960068822137
11.8 0.258460104667001
11.9 0.258960140511864
12 0.259460176356728
12.1 0.259960212201591
12.2 0.260460248046455
12.3 0.260960283891318
12.4 0.261460319736182
12.5 0.261960355581045
12.6 0.262460391425908
12.7 0.262960427270772
12.8 0.263460463115635
12.9 0.263960498960499
13 0.264460534805362
13.1 0.264960570650226
13.2 0.265460606495089
13.3 0.265960642339952
13.4 0.266460678184816
13.5 0.266960714029679
13.6 0.267460749874543
13.7 0.267960785719406
13.8 0.26846082156427
13.9 0.268960857409133
14 0.269460893253997
14.1 0.26996092909886
14.2 0.270460964943723
14.3 0.270961000788587
14.4 0.27146103663345
14.5 0.271961072478314
14.6 0.272461108323177
14.7 0.272961144168041
14.8 0.273461180012904
14.9 0.273961215857767
15 0.274461251702631
15.1 0.274961287547494
15.2 0.275461323392358
15.3 0.275961359237221
15.4 0.276461395082085
15.5 0.276961430926948
15.6 0.277461466771812
15.7 0.277961502616675
15.8 0.278461538461538
15.9 0.278960047003525
16 0.279458555545512
16.1 0.279957064087499
16.2 0.280455572629486
16.3 0.280954081171472
16.4 0.281452589713459
16.5 0.281951098255446
16.6 0.282449606797433
16.7 0.28294811533942
16.8 0.283446623881406
16.9 0.283945132423393
17 0.28444364096538
17.1 0.284942149507367
17.2 0.285440658049354
17.3 0.28593916659134
17.4 0.286437675133327
17.5 0.286936183675314
17.6 0.287434692217301
17.7 0.287933200759288
17.8 0.288431709301274
17.9 0.288930217843261
18 0.289428726385248
18.1 0.289927234927235
18.2 0.290425743469222
18.3 0.290924252011208
18.4 0.291422760553195
18.5 0.291921269095182
18.6 0.292419777637169
18.7 0.292918286179156
18.8 0.293416794721142
18.9 0.293915303263129
19 0.294413811805116
19.1 0.294912320347103
19.2 0.29541082888909
19.3 0.295909337431076
19.4 0.296407845973063
19.5 0.29690635451505
19.6 0.297404863057037
19.7 0.297903371599024
19.8 0.29840188014101
19.9 0.298900388682997
20 0.299398897224984
20.1 0.299897405766971
20.2 0.300395914308958
20.3 0.300894422850944
20.4 0.301392931392931
20.5 0.301891439934918
20.6 0.302389948476905
20.7 0.302888457018891
20.8 0.303386965560878
20.9 0.303885474102865
21 0.304383982644852
21.1 0.304882491186839
21.2 0.305380999728825
21.3 0.305879508270812
21.4 0.306378016812799
21.5 0.306876525354786
21.6 0.307375033896773
21.7 0.307873542438759
21.8 0.308372050980746
21.9 0.308870559522733
22 0.30936906806472
22.1 0.309867576606707
22.2 0.310366085148693
22.3 0.31086459369068
22.4 0.311363102232667
22.5 0.311861610774654
22.6 0.312360119316641
22.7 0.312858627858627
22.8 0.313357136400614
22.9 0.313855644942601
23 0.314354153484588
23.1 0.314852662026575
23.2 0.315351170568561
23.3 0.315849679110548
23.4 0.316348187652535
23.5 0.316846696194522
23.6 0.317345204736509
23.7 0.317843713278496
23.8 0.318342221820482
23.9 0.318840730362469
24 0.319339238904456
24.1 0.319837747446443
24.2 0.32033625598843
24.3 0.320834764530416
24.4 0.321333273072403
24.5 0.32183178161439
24.6 0.322330290156377
24.7 0.322828798698364
24.8 0.323327307240351
24.9 0.323825815782337
25 0.324324324324324
25.1 0.324794884169884
25.2 0.325265444015444
25.3 0.325736003861004
25.4 0.326206563706564
25.5 0.326677123552123
25.6 0.327147683397683
25.7 0.327618243243243
25.8 0.328088803088803
25.9 0.328559362934363
26 0.329029922779923
26.1 0.329500482625482
26.2 0.329971042471042
26.3 0.330441602316602
26.4 0.330912162162162
26.5 0.331382722007722
26.6 0.331853281853282
26.7 0.332323841698842
26.8 0.332794401544401
26.9 0.333264961389961
27 0.333735521235521
27.1 0.334206081081081
27.2 0.334676640926641
27.3 0.335147200772201
27.4 0.335617760617761
27.5 0.33608832046332
27.6 0.33655888030888
27.7 0.33702944015444
27.8 0.3375
27.9 0.337986381322957
28 0.338472762645914
28.1 0.338959143968872
28.2 0.339445525291829
28.3 0.339931906614786
28.4 0.340418287937743
28.5 0.3409046692607
28.6 0.341391050583658
28.7 0.341877431906615
28.8 0.342363813229572
28.9 0.342850194552529
29 0.343336575875486
29.1 0.343822957198444
29.2 0.344309338521401
29.3 0.344795719844358
29.4 0.345282101167315
29.5 0.345768482490272
29.6 0.34625486381323
29.7 0.346741245136187
29.8 0.347227626459144
29.9 0.347714007782101
30 0.348200389105058
30.1 0.348686770428015
30.2 0.349173151750973
30.3 0.34965953307393
30.4 0.35
30.5 0.35096625188537
30.6 0.351932503770739
30.7 0.352898755656109
30.8 0.353865007541478
30.9 0.354831259426848
31 0.355797511312217
31.1 0.356763763197587
31.2 0.357730015082956
31.3 0.358696266968326
31.4 0.359662518853695
31.5 0.360628770739065
31.6 0.361595022624434
31.7 0.362561274509804
31.8 0.363527526395173
31.9 0.364493778280543
32 0.365460030165912
32.1 0.366426282051282
32.2 0.367392533936651
32.3 0.368358785822021
32.4 0.369325037707391
32.5 0.37029128959276
32.6 0.37125754147813
32.7 0.372223793363499
32.8 0.373190045248869
32.9 0.374156297134238
33 0.375122549019608
33.1 0.376088800904977
33.2 0.377055052790347
33.3 0.378021304675716
33.4 0.378987556561086
33.5 0.379953808446455
33.6 0.380920060331825
33.7 0.381886312217194
33.8 0.382852564102564
33.9 0.383818815987933
34 0.384785067873303
34.1 0.385751319758673
34.2 0.386717571644042
34.3 0.387683823529412
34.4 0.388650075414781
34.5 0.389616327300151
34.6 0.39058257918552
34.7 0.39154883107089
34.8 0.392515082956259
34.9 0.393481334841629
35 0.394447586726998
35.1 0.395413838612368
35.2 0.396380090497738
35.3 0.397346342383107
35.4 0.398312594268477
35.5 0.399278846153846
35.6 0.400245098039216
35.7 0.401211349924585
35.8 0.402564102564103
35.9 0.403479853479854
36 0.404395604395605
36.1 0.405311355311355
36.2 0.406227106227106
36.3 0.407142857142857
36.4 0.408089620303361
36.5 0.409036383463864
36.6 0.409983146624368
36.7 0.410929909784872
36.8 0.411876672945375
36.9 0.412823436105879
37 0.413770199266383
37.1 0.414716962426886
37.2 0.41566372558739
37.3 0.416610488747893
37.4 0.417557251908397
37.5 0.418121981617074
37.6 0.418686711325752
37.7 0.419251441034429
37.8 0.419816170743107
37.9 0.420380900451784
38 0.420945630160461
38.1 0.421510359869139
38.2 0.422075089577816
38.3 0.422639819286493
38.4 0.423204548995171
38.5 0.423769278703848
38.6 0.424334008412526
38.7 0.424898738121203
38.8 0.42546346782988
38.9 0.426028197538558
39 0.426592927247235
39.1 0.427157656955912
39.2 0.42772238666459
39.3 0.428287116373267
39.4 0.428851846081945
39.5 0.429416575790622
39.6 0.429981305499299
39.7 0.430546035207977
39.8 0.431110764916654
39.9 0.431675494625331
40 0.432240224334009
40.1 0.432804954042686
40.2 0.433369683751363
40.3 0.433934413460041
40.4 0.434499143168718
40.5 0.435063872877395
40.6 0.435628602586073
40.7 0.43619333229475
40.8 0.436758062003428
40.9 0.437322791712105
41 0.437887521420782
41.1 0.43845225112946
41.2 0.439016980838137
41.3 0.439581710546814
41.4 0.440146440255492
41.5 0.440711169964169
41.6 0.441275899672846
41.7 0.441840629381524
41.8 0.442405359090201
41.9 0.442857142857143
42 0.44343685300207
42.1 0.444016563146998
42.2 0.444596273291926
42.3 0.445175983436853
42.4 0.445755693581781
42.5 0.446335403726708
42.6 0.446915113871636
42.7 0.447494824016563
42.8 0.448074534161491
42.9 0.448654244306418
43 0.449233954451346
43.1 0.449813664596273
43.2 0.450393374741201
43.3 0.450973084886128
43.4 0.451552795031056
43.5 0.452090111406882
43.6 0.452627427782707
43.7 0.453164744158533
43.8 0.453702060534359
43.9 0.454239376910184
44 0.45477669328601
44.1 0.455314009661836
44.2 0.455851326037661
44.3 0.456388642413487
44.4 0.456925958789313
44.5 0.457463275165139
44.6 0.458000591540964
44.7 0.45853790791679
44.8 0.459075224292616
44.9 0.459612540668441
45 0.460149857044267
45.1 0.460687173420093
45.2 0.461224489795918
45.3 0.461699578616872
45.4 0.462174667437825
45.5 0.462649756258779
45.6 0.463124845079732
45.7 0.463599933900686
45.8 0.464075022721639
45.9 0.464550111542593
46 0.464835164835165
46.1 0.465284394116881
46.2 0.465733623398598
46.3 0.466182852680315
46.4 0.466632081962031
46.5 0.467081311243748
46.6 0.467530540525464
46.7 0.467979769807181
46.8 0.468428999088898
46.9 0.468878228370614
47 0.469327457652331
47.1 0.469776686934047
47.2 0.470225916215764
47.3 0.470675145497481
47.4 0.471124374779197
47.5 0.471573604060914
47.6 0.471903996024724
47.7 0.472234387988534
47.8 0.472564779952344
47.9 0.472895171916154
48 0.473225563879965
48.1 0.473555955843775
48.2 0.473886347807585
48.3 0.474216739771395
48.4 0.474547131735205
48.5 0.474877523699016
48.6 0.475207915662826
48.7 0.475538307626636
48.8 0.475868699590446
48.9 0.476199091554256
49 0.476529483518066
49.1 0.476859875481877
49.2 0.477190267445687
49.3 0.477520659409497
49.4 0.477851051373307
49.5 0.478181443337117
49.6 0.478511835300928
49.7 0.478842227264738
49.8 0.479172619228548
49.9 0.479503011192358
50 0.479833403156168
50.1 0.480163795119978
50.2 0.480494187083789
50.3 0.480824579047599
50.4 0.481154971011409
50.5 0.481485362975219
50.6 0.481815754939029
50.7 0.48214614690284
50.8 0.482608695652174
50.9 0.482641537318396
51 0.482674378984618
51.1 0.48270722065084
51.2 0.482740062317062
51.3 0.482772903983283
51.4 0.482805745649505
51.5 0.482838587315727
51.6 0.482871428981949
51.7 0.482904270648171
51.8 0.482937112314393
51.9 0.482969953980615
52 0.483002795646837
52.1 0.483035637313059
52.2 0.483068478979281
52.3 0.483101320645503
52.4 0.483134162311725
52.5 0.483167003977947
52.6 0.483193277310924
52.7 0.484026944110978
52.8 0.484860610911031
52.9 0.485037119070449
53 0.486111111111111
53.1 0.486038318192406
53.2 0.485965525273701
53.3 0.485892732354996
53.4 0.485849056603774
53.5 0.486279245283019
53.6 0.486709433962264
53.7 0.487139622641509
53.8 0.487569811320755
53.9 0.488
54 0.4885
54.1 0.489
54.2 0.4895
54.3 0.49
54.4 0.4905
54.5 0.491
54.6 0.4915
54.7 0.492
54.8 0.4925
54.9 0.493
55 0.4935
55.1 0.494
55.2 0.4945
55.3 0.495
55.4 0.4955
55.5 0.496
55.6 0.49611758874703
55.7 0.496235177494061
55.8 0.496352766241091
55.9 0.496470354988122
56 0.496587943735152
56.1 0.496705532482182
56.2 0.496823121229213
56.3 0.496940709976243
56.4 0.497058298723273
56.5 0.497175887470304
56.6 0.497293476217334
56.7 0.497411064964365
56.8 0.497528653711395
56.9 0.497646242458425
57 0.497763831205456
57.1 0.497881419952486
57.2 0.497999008699516
57.3 0.498116597446547
57.4 0.498234186193577
57.5 0.498316498316498
57.6 0.498297443402141
57.7 0.498278388487783
57.8 0.498259333573425
57.9 0.498240278659068
58 0.49822122374471
58.1 0.49820788530466
58.2 0.498218351466266
58.3 0.498228817627873
58.4 0.49823928378948
58.5 0.498249749951086
58.6 0.498260216112693
58.7 0.498270682274299
58.8 0.498281148435906
58.9 0.498291614597513
59 0.498302080759119
59.1 0.498312546920726
59.2 0.498323013082333
59.3 0.498333479243939
59.4 0.498343945405546
59.5 0.498354411567153
59.6 0.498364877728759
59.7 0.498375343890366
59.8 0.498385810051973
59.9 0.498396276213579
60 0.498402555910543
60.1 0.498782899741366
60.2 0.499163243572189
60.3 0.499543587403012
60.4 0.5
60.5 0.500119209403238
60.6 0.500238418806475
60.7 0.500357628209713
60.8 0.500476837612951
60.9 0.500596047016189
61 0.500715256419426
61.1 0.500834465822664
61.2 0.500953675225902
61.3 0.50107288462914
61.4 0.501192094032377
61.5 0.501311303435615
61.6 0.501466275659824
61.7 0.501356029369612
61.8 0.501245783079399
61.9 0.501135536789187
62 0.501025290498975
62.1 0.500915044208762
62.2 0.50080479791855
62.3 0.500694551628338
62.4 0.500584305338125
62.5 0.500474059047913
62.6 0.500363812757701
62.7 0.500253566467488
62.8 0.500143320177276
62.9 0.5
63 0.499829345711458
63.1 0.499658691422915
63.2 0.499488037134373
63.3 0.499317382845831
63.4 0.499146728557289
63.5 0.498976074268746
63.6 0.498805419980204
63.7 0.498583569405099
63.8 0.49852709687968
63.9 0.498470624354261
64 0.498414151828843
64.1 0.498357679303424
64.2 0.498301206778005
64.3 0.498244734252586
64.4 0.498188261727167
64.5 0.498131789201749
64.6 0.49807531667633
64.7 0.498018844150911
64.8 0.497962371625492
64.9 0.497905899100074
65 0.497849426574655
65.1 0.497792954049236
65.2 0.497736481523817
65.3 0.497680008998399
65.4 0.49762353647298
65.5 0.497567063947561
65.6 0.497510591422142
65.7 0.497454118896724
65.8 0.497397646371305
65.9 0.497341173845886
66 0.497267759562842
66.1 0.497227365706585
66.2 0.497191011235955
66.3 0.497208403376226
66.4 0.497225795516496
66.5 0.497243187656766
66.6 0.497260579797037
66.7 0.497277971937307
66.8 0.497295364077578
66.9 0.497312756217848
67 0.497330148358119
67.1 0.497354497354497
67.2 0.497474747474748
67.3 0.497628830038802
67.4 0.497782912602857
67.5 0.497936995166912
67.6 0.498091077730967
67.7 0.498245160295022
67.8 0.498399242859077
67.9 0.498614958448754
68 0.498445395284821
68.1 0.498275832120888
68.2 0.498106268956955
68.3 0.497936705793022
68.4 0.497767142629089
68.5 0.497597579465156
68.6 0.49746192893401
68.7 0.497488105409526
68.8 0.497524752475248
68.9 0.497508537701843
69 0.497492322928438
69.1 0.497476108155033
69.2 0.497459893381628
69.3 0.497443678608224
69.4 0.497427463834819
69.5 0.497411249061414
69.6 0.497395034288009
69.7 0.497378819514604
69.8 0.497279250943604
69.9 0.497179682372604
70 0.497080113801603
70.1 0.496980545230603
70.2 0.496880976659602
70.3 0.496781408088602
70.4 0.496681839517602
70.5 0.496582270946601
70.6 0.496482702375601
70.7 0.4963831338046
70.8 0.4962835652336
70.9 0.496183996662599
71 0.496084428091599
71.1 0.495984859520599
71.2 0.495885290949598
71.3 0.495785722378598
71.4 0.495686153807597
71.5 0.495586585236597
71.6 0.495487016665596
71.7 0.495387448094596
71.8 0.495380020680685
71.9 0.495372593266773
72 0.495365165852862
72.1 0.495357738438951
72.2 0.495350311025039
72.3 0.495342883611128
72.4 0.495335456197217
72.5 0.495328028783306
72.6 0.495320601369394
72.7 0.495313173955483
72.8 0.495305746541572
72.9 0.49529831912766
73 0.495290891713749
73.1 0.495283464299838
73.2 0.495276036885926
73.3 0.495268609472015
73.4 0.495261182058104
73.5 0.495253754644193
73.6 0.495246327230281
73.7 0.49523889981637
73.8 0.495231472402459
73.9 0.495224044988547
74 0.495216617574636
74.1 0.495209190160725
74.2 0.495201762746813
74.3 0.495194335332902
74.4 0.495186907918991
74.5 0.49517948050508
74.6 0.495169082125604
74.7 0.495029826107212
74.8 0.49489057008882
74.9 0.494751314070428
75 0.494612058052036
75.1 0.494472802033644
75.2 0.494333546015252
75.3 0.49419428999686
75.4 0.494055033978468
75.5 0.493915777960077
75.6 0.493776521941685
75.7 0.493637265923293
75.8 0.493498009904901
75.9 0.493358753886509
76 0.493219497868117
76.1 0.493080241849725
76.2 0.492940985831333
76.3 0.492801729812941
76.4 0.492662473794549
76.5 0.492730545873682
76.6 0.492798617952815
76.7 0.492866690031948
76.8 0.492934762111081
76.9 0.493023255813954
77 0.491520688613712
77.1 0.49001812141347
77.2 0.488515554213228
77.3 0.487012987012987
77.4 0.48515750126069
77.5 0.483302015508393
77.6 0.481446529756096
77.7 0.479591044003798
77.8 0.477735558251501
77.9 0.475880072499204
78 0.474024586746907
78.1 0.47216910099461
78.2 0.470313615242313
78.3 0.468458129490015
78.4 0.466602643737718
78.5 0.464747157985421
78.6 0.462891672233124
78.7 0.461036186480827
78.8 0.45918070072853
78.9 0.457325214976232
79 0.455469729223935
79.1 0.453614243471638
79.2 0.451758757719341
79.3 0.449903271967044
79.4 0.448047786214747
79.5 0.446192300462449
79.6 0.444336814710152
79.7 0.443037974683544
79.8 0.440620043690337
79.9 0.43820211269713
80 0.435784181703923
80.1 0.433366250710716
80.2 0.430948319717509
80.3 0.428530388724302
80.4 0.426112457731095
80.5 0.423694526737888
80.6 0.421276595744681
80.7 0.41810969995838
80.8 0.414942804172079
80.9 0.411775908385779
81 0.408609012599478
81.1 0.405442116813177
81.2 0.402275221026876
81.3 0.399108325240576
81.4 0.395941429454275
81.5 0.392774533667974
81.6 0.389607637881673
81.7 0.386440742095373
81.8 0.383273846309072
81.9 0.380106950522771
82 0.37694005473647
82.1 0.373773158950169
82.2 0.370606263163869
82.3 0.367439367377568
82.4 0.364272471591267
82.5 0.361105575804966
82.6 0.357938680018666
82.7 0.354771784232365
82.8 0.349251400949651
82.9 0.343731017666937
83 0.338210634384223
83.1 0.33269025110151
83.2 0.327169867818796
83.3 0.321649484536082
83.4 0.315098054414386
83.5 0.30854662429269
83.6 0.301995194170994
83.7 0.295443764049298
83.8 0.288892333927602
83.9 0.282340903805906
84 0.275789473684211
84.1 0.270520988706584
84.2 0.265252503728958
84.3 0.259984018751331
84.4 0.255769230769231
84.5 0.250290232643174
84.6 0.244811234517117
84.7 0.23933223639106
84.8 0.233853238265003
84.9 0.228374240138946
85 0.222895242012889
85.1 0.219607843137255
85.2 0.214192813255439
85.3 0.208777783373623
85.4 0.203362753491807
85.5 0.197947723609992
85.6 0.192532693728176
85.7 0.18711766384636
85.8 0.180078125
85.9 0.166331703244275
86 0.152585281488549
86.1 0.138838859732824
86.2 0.125092437977099
86.3 0.111346016221373
86.4 0.0975995944656481
86.5 0.0838531727099229
86.6 0.0701067509541975
86.7 0.0563603291984722
86.8 0.0426139074427467
86.9 0.0288674856870214
87 0.0151210639312965
87.1 0
87.2 0
87.3 0
87.4 0
87.5 0
87.6 0
87.7 0
87.8 0
87.9 0
88 0
88.1 0
88.2 0
88.3 0
88.4 0
88.5 0
88.6 0
88.7 0
88.8 0
88.9 0
89 0
89.1 0
89.2 0
89.3 0
89.4 0
89.5 0
89.6 0
89.7 0
89.8 0
89.9 0
90 0
90.1 0
90.2 0
90.3 0
90.4 0
90.5 0
90.6 0
90.7 0
90.8 0
90.9 0
91 0
91.1 0
91.2 0
91.3 0
91.4 0
91.5 0
91.6 0
91.7 0
91.8 0
91.9 0
92 0
92.1 0
92.2 0
92.3 0
92.4 0
92.5 0
92.6 0
92.7 0
92.8 0
92.9 0
93 0
93.1 0
93.2 0
93.3 0
93.4 0
93.5 0
93.6 0
93.7 0
93.8 0
93.9 0
94 0
94.1 0
94.2 0
94.3 0
94.4 0
94.5 0
94.6 0
94.7 0
94.8 0
94.9 0
95 0
95.1 0
95.2 0
95.3 0
95.4 0
95.5 0
95.6 0
95.7 0
95.8 0
95.9 0
96 0
96.1 0
96.2 0
96.3 0
96.4 0
96.5 0
96.6 0
96.7 0
96.8 0
96.9 0
97 0
97.1 0
97.2 0
97.3 0
97.4 0
97.5 0
97.6 0
97.7 0
97.8 0
97.9 0
98 0
98.1 0
98.2 0
98.3 0
98.4 0
98.5 0
98.6 0
98.7 0
98.8 0
98.9 0
99 0
99.1 0
99.2 0
99.3 0
99.4 0
99.5 0
99.6 0
99.7 0
99.8 0
99.9 0
100 0
100.1 0
100.2 0
100.3 0
100.4 0
100.5 0
100.6 0
100.7 0
100.8 0
100.9 0
101 0
101.1 0
101.2 0
101.3 0
101.4 0
101.5 0
101.6 0
101.7 0
101.8 0
101.9 0
102 0
102.1 0
102.2 0
102.3 0
102.4 0
102.5 0
102.6 0
102.7 0
102.8 0
102.9 0
103 0
103.1 0
103.2 0
103.3 0
103.4 0
103.5 0
103.6 0
103.7 0
103.8 0
103.9 0
104 0
104.1 0
104.2 0
104.3 0
104.4 0
104.5 0
104.6 0
104.7 0
104.8 0
104.9 0
105 0
105.1 0
105.2 0
105.3 0
105.4 0
105.5 0
105.6 0
105.7 0
105.8 0
105.9 0
106 0
106.1 0
106.2 0
106.3 0
106.4 0
106.5 0
106.6 0
106.7 0
106.8 0
106.9 0
107 0
107.1 0
107.2 0
107.3 0
107.4 0
107.5 0
107.6 0
107.7 0
107.8 0
107.9 0
108 0
108.1 0
108.2 0
108.3 0
108.4 0
108.5 0
108.6 0
108.7 0
108.8 0
108.9 0
109 0
109.1 0
109.2 0
109.3 0
109.4 0
109.5 0
109.6 0
109.7 0
109.8 0
109.9 0
110 0
110.1 0
110.2 0
110.3 0
110.4 0
110.5 0
110.6 0
110.7 0
110.8 0
110.9 0
111 0
111.1 0
111.2 0
111.3 0
111.4 0
111.5 0
111.6 0
111.7 0
111.8 0
111.9 0
112 0
112.1 0
112.2 0
112.3 0
112.4 0
112.5 0
112.6 0
112.7 0
112.8 0
112.9 0
113 0
113.1 0
113.2 0
113.3 0
113.4 0
113.5 0
113.6 0
113.7 0
113.8 0
113.9 0
114 0
114.1 0
114.2 0
114.3 0
114.4 0
114.5 0
114.6 0
114.7 0
114.8 0
114.9 0
115 0
115.1 0
115.2 0
115.3 0
115.4 0
115.5 0
115.6 0
115.7 0
115.8 0
115.9 0
116 0
116.1 0
116.2 0
116.3 0
116.4 0
116.5 0
116.6 0
116.7 0
116.8 0
116.9 0
117 0
117.1 0
117.2 0
117.3 0
117.4 0
117.5 0
117.6 0
117.7 0
117.8 0
117.9 0
118 0
118.1 0
118.2 0
118.3 0
118.4 0
118.5 0
118.6 0
118.7 0
118.8 0
118.9 0
119 0
119.1 0
119.2 0
119.3 0
119.4 0
119.5 0
119.6 0
119.7 0
119.8 0
119.9 0
120 0
120.1 0
120.2 0
120.3 0
120.4 0
120.5 0
120.6 0
120.7 0
120.8 0
120.9 0
121 0
121.1 0
121.2 0
121.3 0
121.4 0
121.5 0
121.6 0
121.7 0
121.8 0
121.9 0
122 0
122.1 0
122.2 0
122.3 0
122.4 0
122.5 0
122.6 0
122.7 0
122.8 0
122.9 0
123 0
123.1 0
123.2 0
123.3 0
123.4 0
123.5 0
123.6 0
123.7 0
123.8 0
123.9 0
124 0
124.1 0
124.2 0
124.3 0
124.4 0
124.5 0
124.6 0
124.7 0
124.8 0
124.9 0
125 0
125.1 0
125.2 0
125.3 0
125.4 0
125.5 0
125.6 0
125.7 0
125.8 0
125.9 0
126 0
126.1 0
126.2 0
126.3 0
126.4 0
126.5 0
126.6 0
126.7 0
126.8 0
126.9 0
127 0
127.1 0
127.2 0
127.3 0
127.4 0
127.5 0
127.6 0
127.7 0
127.8 0
127.9 0
128 0
128.1 0
128.2 0
128.3 0
128.4 0
128.5 0
128.6 0
128.7 0
128.8 0
128.9 0
129 0
129.1 0
129.2 0
129.3 0
129.4 0
129.5 0
129.6 0
129.7 0
129.8 0
129.9 0
130 0
130.1 0
130.2 0
130.3 0
130.4 0
130.5 0
130.6 0
130.7 0
130.8 0
130.9 0
131 0
131.1 0
131.2 0
131.3 0
131.4 0
131.5 0
131.6 0
131.7 0
131.8 0
131.9 0
132 0
132.1 0
132.2 0
132.3 0
132.4 0
132.5 0
132.6 0
132.7 0
132.8 0
132.9 0
133 0
133.1 0
133.2 0
133.3 0
133.4 0
133.5 0
133.6 0
133.7 0
133.8 0
133.9 0
134 0
134.1 0
134.2 0
134.3 0
134.4 0
134.5 0
134.6 0
134.7 0
134.8 0
134.9 0
135 0
135.1 0
135.2 0
135.3 0
135.4 0
135.5 0
135.6 0
135.7 0
135.8 0
135.9 0
136 0
136.1 0
136.2 0
136.3 0
136.4 0
136.5 0
136.6 0
136.7 0
136.8 0
136.9 0
137 0
137.1 0
137.2 0
137.3 0
137.4 0
137.5 0
137.6 0
137.7 0
137.8 0
137.9 0
138 0
138.1 0
138.2 0
138.3 0
138.4 0
138.5 0
138.6 0
138.7 0
138.8 0
138.9 0
139 0
139.1 0
139.2 0
139.3 0
139.4 0
139.5 0
139.6 0
139.7 0
139.8 0
139.9 0
140 0
140.1 0
140.2 0
140.3 0
140.4 0
140.5 0
140.6 0
140.7 0
140.8 0
140.9 0
141 0
141.1 0
141.2 0
141.3 0
141.4 0
141.5 0
141.6 0
141.7 0
141.8 0
141.9 0
142 0
142.1 0
142.2 0
142.3 0
142.4 0
142.5 0
142.6 0
142.7 0
142.8 0
142.9 0
143 0
143.1 0
143.2 0
143.3 0
143.4 0
143.5 0
143.6 0
143.7 0
143.8 0
143.9 0
144 0
144.1 0
144.2 0
144.3 0
144.4 0
144.5 0
144.6 0
144.7 0
144.8 0
144.9 0
145 0
145.1 0
145.2 0
145.3 0
145.4 0
145.5 0
145.6 0
145.7 0
145.8 0
145.9 0
146 0
146.1 0
146.2 0
146.3 0
146.4 0
146.5 0
146.6 0
146.7 0
146.8 0
146.9 0
147 0
147.1 0
147.2 0
147.3 0
147.4 0
147.5 0
147.6 0
147.7 0
147.8 0
147.9 0
148 0
148.1 0
148.2 0
148.3 0
148.4 0
148.5 0
148.6 0
148.7 0
148.8 0
148.9 0
149 0
149.1 0
149.2 0
149.3 0
149.4 0
149.5 0
149.6 0
149.7 0
149.8 0
149.9 0
150 0
150.1 0
150.2 0
150.3 0
150.4 0
150.5 0
150.6 0
150.7 0
150.8 0
150.9 0
151 0
151.1 0
151.2 0
151.3 0
151.4 0
151.5 0
151.6 0
151.7 0
151.8 0
151.9 0
152 0
152.1 0
152.2 0
152.3 0
152.4 0
152.5 0
152.6 0
152.7 0
152.8 0
152.9 0
153 0
153.1 0
153.2 0
153.3 0
153.4 0
153.5 0
153.6 0
153.7 0
153.8 0
153.9 0
154 0
154.1 0
154.2 0
154.3 0
154.4 0
154.5 0
154.6 0
154.7 0
154.8 0
154.9 0
155 0
155.1 0
155.2 0
155.3 0
155.4 0
155.5 0
155.6 0
155.7 0
155.8 0
155.9 0
156 0
156.1 0
156.2 0
156.3 0
156.4 0
156.5 0
156.6 0
156.7 0
156.8 0
156.9 0
157 0
157.1 0
157.2 0
157.3 0
157.4 0
157.5 0
157.6 0
157.7 0
157.8 0
157.9 0
158 0
158.1 0
158.2 0
158.3 0
158.4 0
158.5 0
158.6 0
158.7 0
158.8 0
158.9 0
159 0
159.1 0
159.2 0
159.3 0
159.4 0
159.5 0
159.6 0
159.7 0
159.8 0
159.9 0
160 0
160.1 0
160.2 0
160.3 0
160.4 0
160.5 0
160.6 0
160.7 0
160.8 0
160.9 0
161 0
161.1 0
161.2 0
161.3 0
161.4 0
161.5 0
161.6 0
161.7 0
161.8 0
161.9 0
162 0
162.1 0
162.2 0
162.3 0
162.4 0
162.5 0
162.6 0
162.7 0
162.8 0
162.9 0
163 0
163.1 0
163.2 0
163.3 0
163.4 0
163.5 0
163.6 0
163.7 0
163.8 0
163.9 0
164 0
164.1 0
164.2 0
164.3 0
164.4 0
164.5 0
164.6 0
164.7 0
164.8 0
164.9 0
165 0
165.1 0
165.2 0
165.3 0
165.4 0
165.5 0
165.6 0
165.7 0
165.8 0
165.9 0
166 0
166.1 0
166.2 0
166.3 0
166.4 0
166.5 0
166.6 0
166.7 0
166.8 0
166.9 0
167 0
167.1 0
167.2 0
167.3 0
167.4 0
167.5 0
167.6 0
167.7 0
167.8 0
167.9 0
168 0
168.1 0
168.2 0
168.3 0
168.4 0
168.5 0
168.6 0
168.7 0
168.8 0
168.9 0
169 0
169.1 0
169.2 0
169.3 0
169.4 0
169.5 0
169.6 0
169.7 0
169.8 0
169.9 0
170 0
170.1 0
170.2 0
170.3 0
170.4 0
170.5 0
170.6 0
170.7 0
170.8 0
170.9 0
171 0
171.1 0
171.2 0
171.3 0
171.4 0
171.5 0
171.6 0
171.7 0
171.8 0
171.9 0
172 0
172.1 0
172.2 0
172.3 0
172.4 0
172.5 0
172.6 0
172.7 0
172.8 0
172.9 0
173 0
173.1 0
173.2 0
173.3 0
173.4 0
173.5 0
173.6 0
173.7 0
173.8 0
173.9 0
174 0
174.1 0
174.2 0
174.3 0
174.4 0
174.5 0
174.6 0
174.7 0
174.8 0
174.9 0
175 0
175.1 0
175.2 0
175.3 0
175.4 0
175.5 0
175.6 0
175.7 0
175.8 0
175.9 0
176 0
176.1 0
176.2 0
176.3 0
176.4 0
176.5 0
176.6 0
176.7 0
176.8 0
176.9 0
177 0
177.1 0
177.2 0
177.3 0
177.4 0
177.5 0
177.6 0
177.7 0
177.8 0
177.9 0
178 0
178.1 0
178.2 0
178.3 0
178.4 0
178.5 0
178.6 0
178.7 0
178.8 0
178.9 0
179 0
179.1 0
179.2 0
179.3 0
179.4 0
179.5 0
179.6 0
179.7 0
179.8 0
179.9 0
180 0
180.1 0
180.2 0
180.3 0
180.4 0
180.5 0
180.6 0
180.7 0
180.8 0
180.9 0
181 0
181.1 0
181.2 0
181.3 0
181.4 0
181.5 0
181.6 0
181.7 0
181.8 0
181.9 0
182 0
182.1 0
182.2 0
182.3 0
182.4 0
182.5 0
182.6 0
182.7 0
182.8 0
182.9 0
183 0
183.1 0
183.2 0
183.3 0
183.4 0
183.5 0
183.6 0
183.7 0
183.8 0
183.9 0
184 0
184.1 0
184.2 0
184.3 0
184.4 0
184.5 0
184.6 0
184.7 0
184.8 0
184.9 0
185 0
185.1 0
185.2 0
185.3 0
185.4 0
185.5 0
185.6 0
185.7 0
185.8 0
185.9 0
186 0
186.1 0
186.2 0
186.3 0
186.4 0
186.5 0
186.6 0
186.7 0
186.8 0
186.9 0
187 0
187.1 0
187.2 0
187.3 0
187.4 0
187.5 0
187.6 0
187.7 0
187.8 0
187.9 0
188 0
188.1 0
188.2 0
188.3 0
188.4 0
188.5 0
188.6 0
188.7 0
188.8 0
188.9 0
189 0
189.1 0
189.2 0
189.3 0
189.4 0
189.5 0
189.6 0
189.7 0
189.8 0
189.9 0
190 0
190.1 0
190.2 0
190.3 0
190.4 0
190.5 0
190.6 0
190.7 0
190.8 0
190.9 0
191 0
191.1 0
191.2 0
191.3 0
191.4 0
191.5 0
191.6 0
191.7 0
191.8 0
191.9 0
192 0
192.1 0
192.2 0
192.3 0
192.4 0
192.5 0
192.6 0
192.7 0
192.8 0
192.9 0
193 0
193.1 0
193.2 0
193.3 0
193.4 0
193.5 0
193.6 0
193.7 0
193.8 0
193.9 0
194 0
194.1 0
194.2 0
194.3 0
194.4 0
194.5 0
194.6 0
194.7 0
194.8 0
194.9 0
195 0
195.1 0
195.2 0
195.3 0
195.4 0
195.5 0
195.6 0
195.7 0
195.8 0
195.9 0
196 0
196.1 0
196.2 0
196.3 0
196.4 0
196.5 0
196.6 0
196.7 0
196.8 0
196.9 0
197 0
197.1 0
197.2 0
197.3 0
197.4 0
197.5 0
197.6 0
197.7 0
197.8 0
197.9 0
198 0
198.1 0
198.2 0
198.3 0
198.4 0
198.5 0
198.6 0
198.7 0
198.8 0
198.9 0
199 0
199.1 0
199.2 0
199.3 0
199.4 0
199.5 0
199.6 0
199.7 0
199.8 0
199.9 0
200 0
200.1 0
200.2 0
200.3 0
200.4 0
200.5 0
200.6 0
200.7 0
200.8 0
200.9 0
201 0
201.1 0
201.2 0
201.3 0
201.4 0
201.5 0
201.6 0
201.7 0
201.8 0
201.9 0
202 0
202.1 0
202.2 0
202.3 0
202.4 0
202.5 0
202.6 0
202.7 0
202.8 0
202.9 0
203 0
203.1 0
203.2 0
203.3 0
203.4 0
203.5 0
203.6 0
203.7 0
203.8 0
203.9 0
204 0
204.1 0
204.2 0
204.3 0
204.4 0
204.5 0
204.6 0
204.7 0
204.8 0
204.9 0
205 0
205.1 0
205.2 0
205.3 0
205.4 0
205.5 0
205.6 0
205.7 0
205.8 0
205.9 0
206 0
206.1 0
206.2 0
206.3 0
206.4 0
206.5 0
206.6 0
206.7 0
206.8 0
206.9 0
207 0
207.1 0
207.2 0
207.3 0
207.4 0
207.5 0
207.6 0
207.7 0
207.8 0
207.9 0
208 0
208.1 0
208.2 0
208.3 0
208.4 0
208.5 0
208.6 0
208.7 0
208.8 0
208.9 0
209 0
209.1 0
209.2 0
209.3 0
209.4 0
209.5 0
209.6 0
209.7 0
209.8 0
209.9 0
210 0
210.1 0
210.2 0
210.3 0
210.4 0
210.5 0
210.6 0
210.7 0
210.8 0
210.9 0
211 0
211.1 0
211.2 0
211.3 0
211.4 0
211.5 0
211.6 0
211.7 0
211.8 0
211.9 0
212 0
212.1 0
212.2 0
212.3 0
212.4 0
212.5 0
212.6 0
212.7 0
212.8 0
212.9 0
213 0
213.1 0
213.2 0
213.3 0
213.4 0
213.5 0
213.6 0
213.7 0
213.8 0
213.9 0
214 0
214.1 0
214.2 0
214.3 0
214.4 0
214.5 0
214.6 0
214.7 0
214.8 0
214.9 0
215 0
215.1 0
215.2 0
215.3 0
215.4 0
215.5 0
215.6 0
215.7 0
215.8 0
215.9 0
216 0
216.1 0
216.2 0
216.3 0
216.4 0
216.5 0
216.6 0
216.7 0
216.8 0
216.9 0
217 0
217.1 0
217.2 0
217.3 0
217.4 0
217.5 0
217.6 0
217.7 0
217.8 0
217.9 0
218 0
218.1 0
218.2 0
218.3 0
218.4 0
218.5 0
218.6 0
218.7 0
218.8 0
218.9 0
219 0
219.1 0
219.2 0
219.3 0
219.4 0
219.5 0
219.6 0
219.7 0
219.8 0
219.9 0
220 0
220.1 0
220.2 0
220.3 0
220.4 0
220.5 0
220.6 0
220.7 0
220.8 0
220.9 0
221 0
221.1 0
221.2 0
221.3 0
221.4 0
221.5 0
221.6 0
221.7 0
221.8 0
221.9 0
222 0
222.1 0
222.2 0
222.3 0
222.4 0
222.5 0
222.6 0
222.7 0
222.8 0
222.9 0
223 0
223.1 0
223.2 0
223.3 0
223.4 0
223.5 0
223.6 0
223.7 0
223.8 0
223.9 0
224 0
224.1 0
224.2 0
224.3 0
224.4 0
224.5 0
224.6 0
224.7 0
224.8 0
224.9 0
225 0
225.1 0
225.2 0
225.3 0
225.4 0
225.5 0
225.6 0
225.7 0
225.8 0
225.9 0
226 0
226.1 0
226.2 0
226.3 0
226.4 0
226.5 0
226.6 0
226.7 0
226.8 0
226.9 0
227 0
227.1 0
227.2 0
227.3 0
227.4 0
227.5 0
227.6 0
227.7 0
227.8 0
227.9 0
228 0
228.1 0
228.2 0
228.3 0
228.4 0
228.5 0
228.6 0
228.7 0
228.8 0
228.9 0
229 0
229.1 0
229.2 0
229.3 0
229.4 0
229.5 0
229.6 0
229.7 0
229.8 0
229.9 0
230 0
230.1 0
230.2 0
230.3 0
230.4 0
230.5 0
230.6 0
230.7 0
230.8 0
230.9 0
231 0
231.1 0
231.2 0
231.3 0
231.4 0
231.5 0
231.6 0
231.7 0
231.8 0
231.9 0
232 0
232.1 0
232.2 0
232.3 0
232.4 0
232.5 0
232.6 0
232.7 0
232.8 0
232.9 0
233 0
233.1 0
233.2 0
233.3 0
233.4 0
233.5 0
233.6 0
233.7 0
233.8 0
233.9 0
234 0
234.1 0
234.2 0
234.3 0
234.4 0
234.5 0
234.6 0
234.7 0
234.8 0
234.9 0
235 0
235.1 0
235.2 0
235.3 0
235.4 0
235.5 0
235.6 0
235.7 0
235.8 0
235.9 0
236 0
236.1 0
236.2 0
236.3 0
236.4 0
236.5 0
236.6 0
236.7 0
236.8 0
236.9 0
237 0
237.1 0
237.2 0
237.3 0
