0 0
0.1 0
0.2 0
0.3 0
0.4 0
0.5 0
0.6 0
0.7 0
0.8 0
0.9 0
1 0
1.1 0
1.2 0
1.3 0
1.4 0
1.5 0
1.6 0
1.7 0
1.8 0
1.9 0
2 0
2.1 0
2.2 0
2.3 0
2.4 0
2.5 0
2.6 0
2.7 0
2.8 0
2.9 0
3 0
3.1 0
3.2 0
3.3 0
3.4 0
3.5 0
3.6 0
3.7 0
3.8 0
3.9 0
4 0
4.1 0
4.2 0
4.3 0
4.4 0
4.5 0
4.6 0
4.7 0
4.8 0
4.9 0
5 0
5.1 0
5.2 0
5.3 0
5.4 0
5.5 0
5.6 0
5.7 0
5.8 0
5.9 0
6 0
6.1 0
6.2 0
6.3 0
6.4 0
6.5 0
6.6 0
6.7 0
6.8 0
6.9 0
7 0
7.1 0
7.2 0
7.3 0
7.4 0
7.5 0
7.6 0
7.7 0
7.8 0
7.9 0
8 0
8.1 0
8.2 0
8.3 0
8.4 0
8.5 0
8.6 0
8.7 0
8.8 0
8.9 0
9 0
9.1 0
9.2 0
9.3 0
9.4 0
9.5 0
9.6 0
9.7 0
9.8 0
9.9 0
10 0
10.1 0
10.2 0
10.3 0
10.4 0
10.5 0
10.6 0
10.7 0
10.8 0
10.9 0
11 0
11.1 0
11.2 0
11.3 0
11.4 0
11.5 0
11.6 0
11.7 0
11.8 0
11.9 0
12 0
12.1 0
12.2 0
12.3 0
12.4 0
12.5 0
12.6 0
12.7 0
12.8 0
12.9 0
13 0
13.1 0
13.2 0
13.3 0
13.4 0
13.5 0
13.6 0
13.7 0
13.8 0
13.9 0
14 0
14.1 0
14.2 0
14.3 0
14.4 0
14.5 0
14.6 0
14.7 0
14.8 0
14.9 0
15 0
15.1 0
15.2 0
15.3 0
15.4 0
15.5 0
15.6 0
15.7 0
15.8 0
15.9 0
16 0
16.1 0
16.2 0
16.3 0
16.4 0
16.5 0
16.6 0
16.7 0
16.8 0
16.9 0
17 0
17.1 0
17.2 0
17.3 0
17.4 0
17.5 0
17.6 0
17.7 0
17.8 0
17.9 0
18 0
18.1 0
18.2 0
18.3 0
18.4 0
18.5 0
18.6 0
18.7 0
18.8 0
18.9 0
19 0
19.1 0
19.2 0
19.3 0
19.4 0
19.5 0
19.6 0
19.7 0
19.8 0
19.9 0
20 0
20.1 0
20.2 0
20.3 0
20.4 0
20.5 0
20.6 0
20.7 0
20.8 0
20.9 0
21 0
21.1 0
21.2 0
21.3 0
21.4 0
21.5 0
21.6 0
21.7 0
21.8 0
21.9 0
22 0
22.1 0
22.2 0
22.3 0
22.4 0
22.5 0
22.6 0
22.7 0
22.8 0
22.9 0
23 0
23.1 0
23.2 0
23.3 0
23.4 0
23.5 0
23.6 0
23.7 0
23.8 0
23.9 0
24 0
24.1 0
24.2 0
24.3 0
24.4 0
24.5 0
24.6 0
24.7 0
24.8 0
24.9 0
25 0
25.1 0
25.2 0
25.3 0
25.4 0
25.5 0
25.6 0
25.7 0
25.8 0
25.9 0
26 0
26.1 0
26.2 0
26.3 0
26.4 0
26.5 0
26.6 0
26.7 0
26.8 0
26.9 0
27 0
27.1 0
27.2 0
27.3 0
27.4 0
27.5 0
27.6 0
27.7 0
27.8 0
27.9 0
28 0
28.1 0
28.2 0
28.3 0
28.4 0
28.5 0
28.6 0
28.7 0
28.8 0
28.9 0
29 0
29.1 0
29.2 0
29.3 0
29.4 0
29.5 0
29.6 0
29.7 0
29.8 0
29.9 0
30 0
30.1 0
30.2 0
30.3 0
30.4 0
30.5 0
30.6 0
30.7 0
30.8 0
30.9 0
31 0
31.1 0
31.2 0
31.3 0
31.4 0
31.5 0
31.6 0
31.7 0
31.8 0
31.9 0
32 0
32.1 0
32.2 0
32.3 0
32.4 0
32.5 0
32.6 0
32.7 0
32.8 0
32.9 0
33 0
33.1 0
33.2 0
33.3 0
33.4 0
33.5 0
33.6 0
33.7 0
33.8 0
33.9 0
34 0
34.1 0
34.2 0
34.3 0
34.4 0
34.5 0
34.6 0
34.7 0
34.8 0
34.9 0
35 0
35.1 0
35.2 0
35.3 0
35.4 0
35.5 0
35.6 0
35.7 0
35.8 0
35.9 0
36 0
36.1 0
36.2 0
36.3 0
36.4 0
36.5 0
36.6 0
36.7 0
36.8 0
36.9 0
37 0
37.1 0
37.2 0
37.3 0
37.4 0
37.5 0
37.6 0
37.7 0
37.8 0
37.9 0
38 0
38.1 0
38.2 0
38.3 0
38.4 0
38.5 0
38.6 0
38.7 0
38.8 0
38.9 0
39 0
39.1 0
39.2 0
39.3 0
39.4 0
39.5 0
39.6 0
39.7 0
39.8 0
39.9 0
40 0
40.1 0
40.2 0
40.3 0
40.4 0
40.5 0
40.6 0
40.7 0
40.8 0
40.9 0
41 0
41.1 0
41.2 0
41.3 0
41.4 0
41.5 0
41.6 0
41.7 0
41.8 0
41.9 0
42 0
42.1 0
42.2 0
42.3 0
42.4 0
42.5 0
42.6 0
42.7 0
42.8 0
42.9 0
43 0
43.1 0
43.2 0
43.3 0
43.4 0
43.5 0
43.6 0
43.7 0
43.8 0
43.9 0
44 0
44.1 0
44.2 0
44.3 0
44.4 0
44.5 0
44.6 0
44.7 0
44.8 0
44.9 0
45 0
45.1 0
45.2 0
45.3 0
45.4 0
45.5 0
45.6 0
45.7 0
45.8 0
45.9 0
46 0
46.1 0
46.2 0
46.3 0
46.4 0
46.5 0
46.6 0
46.7 0
46.8 0
46.9 0
47 0
47.1 0
47.2 0
47.3 0
47.4 0
47.5 0
47.6 0
47.7 0
47.8 0
47.9 0
48 0
48.1 0
48.2 0
48.3 0
48.4 0
48.5 0
48.6 0
48.7 0
48.8 0
48.9 0
49 0
49.1 0
49.2 0
49.3 0
49.4 0
49.5 0
49.6 0
49.7 0
49.8 0
49.9 0
50 0
50.1 0
50.2 0
50.3 0
50.4 0
50.5 0
50.6 0
50.7 0
50.8 0
50.9 0
51 0
51.1 0
51.2 0
51.3 0
51.4 0
51.5 0
51.6 0
51.7 0
51.8 0
51.9 0
52 0
52.1 0
52.2 0
52.3 0
52.4 0
52.5 0
52.6 0
52.7 0
52.8 0
52.9 0
53 0
53.1 0
53.2 0
53.3 0
53.4 0
53.5 0
53.6 0
53.7 0
53.8 0
53.9 0
54 0
54.1 0
54.2 0
54.3 0
54.4 0
54.5 0
54.6 0
54.7 0
54.8 0
54.9 0
55 0
55.1 0
55.2 0
55.3 0
55.4 0
55.5 0
55.6 0
55.7 0
55.8 0
55.9 0
56 0
56.1 0
56.2 0
56.3 0
56.4 0
56.5 0
56.6 0
56.7 0
56.8 0
56.9 0
57 0
57.1 0
57.2 0
57.3 0
57.4 0
57.5 0
57.6 0
57.7 0
57.8 0
57.9 0
58 0
58.1 0
58.2 0
58.3 0
58.4 0
58.5 0
58.6 0
58.7 0
58.8 0
58.9 0
59 0
59.1 0
59.2 0
59.3 0
59.4 0
59.5 0
59.6 0
59.7 0
59.8 0
59.9 0
60 0
60.1 0
60.2 0
60.3 0
60.4 0
60.5 0
60.6 0
60.7 0
60.8 0
60.9 0
61 0
61.1 0
61.2 0
61.3 0
61.4 0
61.5 0
61.6 0
61.7 0
61.8 0
61.9 0
62 0
62.1 0
62.2 0
62.3 0
62.4 0
62.5 0
62.6 0
62.7 0
62.8 0
62.9 0
63 0
63.1 0
63.2 0
63.3 0
63.4 0
63.5 0
63.6 0
63.7 0
63.8 0
63.9 0
64 0
64.1 0
64.2 0
64.3 0
64.4 0
64.5 0
64.6 0
64.7 0
64.8 0
64.9 0
65 0
65.1 0
65.2 0
65.3 0
65.4 0
65.5 0
65.6 0
65.7 0
65.8 0
65.9 0
66 0
66.1 0
66.2 0
66.3 0
66.4 0
66.5 0
66.6 0
66.7 0
66.8 0
66.9 0
67 0
67.1 0
67.2 0
67.3 0
67.4 0
67.5 0
67.6 0
67.7 0
67.8 0
67.9 0
68 0
68.1 0
68.2 0
68.3 0
68.4 0
68.5 0
68.6 0
68.7 0
68.8 0
68.9 0
69 0
69.1 0
69.2 0
69.3 0
69.4 0
69.5 0
69.6 0
69.7 0
69.8 0
69.9 0
70 0
70.1 0
70.2 0
70.3 0
70.4 0
70.5 0
70.6 0
70.7 0
70.8 0
70.9 0
71 0
71.1 0
71.2 0
71.3 0
71.4 0
71.5 0
71.6 0
71.7 0
71.8 0
71.9 0
72 0
72.1 0
72.2 0
72.3 0
72.4 0
72.5 0
72.6 0
72.7 0
72.8 0
72.9 0
73 0
73.1 0
73.2 0
73.3 0
73.4 0
73.5 0
73.6 0
73.7 0
73.8 0
73.9 0
74 0
74.1 0
74.2 0
74.3 0
74.4 0
74.5 0
74.6 0
74.7 0
74.8 0
74.9 0
75 0
75.1 0
75.2 0
75.3 0
75.4 0
75.5 0
75.6 0
75.7 0
75.8 0
75.9 0
76 0
76.1 0
76.2 0
76.3 0
76.4 0
76.5 0
76.6 0
76.7 0
76.8 0
76.9 0
77 0.00172077922077926
77.1 0.00344155844155856
77.2 0.00516233766233782
77.3 0.00688311688311688
77.4 0.0088893305060586
77.5 0.0108955441290003
77.6 0.012901757751942
77.7 0.0149079713748838
77.8 0.0169141849978255
77.9 0.0189203986207672
78 0.0209266122437089
78.1 0.0229328258666506
78.2 0.0249390394895924
78.3 0.0269452531125341
78.4 0.0289514667354758
78.5 0.0309576803584175
78.6 0.0329638939813592
78.7 0.0349701076043009
78.8 0.0369763212272427
78.9 0.0389825348501844
79 0.0409887484731261
79.1 0.0429949620960678
79.2 0.0450011757190096
79.3 0.0470073893419513
79.4 0.049013602964893
79.5 0.0510198165878347
79.6 0.0530260302107765
79.7 0.0544303797468354
79.8 0.0551910704132627
79.9 0.05595176107969
80 0.0567124517461173
80.1 0.0574731424125446
80.2 0.0582338330789719
80.3 0.0589945237453992
80.4 0.0597552144118264
80.5 0.0605159050782537
80.6 0.0612765957446809
80.7 0.0641183938923852
80.8 0.0669601920400897
80.9 0.0698019901877941
81 0.0726437883354984
81.1 0.0754855864832029
81.2 0.0783273846309073
81.3 0.0811691827786117
81.4 0.0840109809263161
81.5 0.0868527790740204
81.6 0.0896945772217249
81.7 0.0925363753694293
81.8 0.0953781735171337
81.9 0.0982199716648381
82 0.101061769812542
82.1 0.103903567960247
82.2 0.106745366107951
82.3 0.109587164255656
82.4 0.11242896240336
82.5 0.115270760551064
82.6 0.118112558698769
82.7 0.120954356846473
82.8 0.12378498809371
82.9 0.126615619340948
83 0.129446250588185
83.1 0.132276881835423
83.2 0.13510751308266
83.3 0.137938144329897
83.4 0.14295449965119
83.5 0.147970854972483
83.6 0.152987210293776
83.7 0.158003565615069
83.8 0.163019920936362
83.9 0.168036276257655
84 0.173052631578947
84.1 0.177006392499467
84.2 0.180960153419988
84.3 0.184913914340508
84.4 0.188076923076923
84.5 0.192260158142511
84.6 0.196443393208099
84.7 0.200626628273687
84.8 0.204809863339275
84.9 0.208993098404863
85 0.213176333470451
85.1 0.215686274509804
85.2 0.220119233481064
85.3 0.224552192452324
85.4 0.228985151423583
85.5 0.233418110394843
85.6 0.237851069366103
85.7 0.242284028337363
85.8 0.248046875
85.9 0.253149059823146
86 0.258251244646291
86.1 0.263353429469437
86.2 0.268455614292582
86.3 0.273557799115728
86.4 0.278659983938873
86.5 0.283762168762019
86.6 0.288864353585164
86.7 0.29396653840831
86.8 0.299068723231456
86.9 0.304170908054601
87 0.309273092877746
87.1 0.314885496183206
87.2 0.316793474896822
87.3 0.318701453610438
87.4 0.320609432324054
87.5 0.328322903127029
87.6 0.336036373930005
87.7 0.343749844732981
87.8 0.351463315535957
87.9 0.356862745098039
88 0.356862745098039
88.1 0.356862745098039
88.2 0.356862745098039
88.3 0.356862745098039
88.4 0.361858974358975
88.5 0.36685520361991
88.6 0.371851432880845
88.7 0.378846153846154
88.8 0.383042980411402
88.9 0.387239806976649
89 0.391436633541897
89.1 0.395633460107145
89.2 0.399830286672392
89.3 0.40402711323764
89.4 0.408223939802888
89.5 0.412420766368135
89.6 0.416617592933383
89.7 0.42081441949863
89.8 0.425011246063878
89.9 0.429208072629126
90 0.433404899194373
90.1 0.437601725759621
90.2 0.441798552324869
90.3 0.445995378890116
90.4 0.450192205455364
90.5 0.454389032020612
90.6 0.458585858585859
90.7 0.462619745845552
90.8 0.466653633105246
90.9 0.47068752036494
91 0.474721407624634
91.1 0.478755294884327
91.2 0.482789182144021
91.3 0.486823069403715
91.4 0.490856956663409
91.5 0.494890843923103
91.6 0.498924731182796
91.7 0.503025267667828
91.8 0.507125804152861
91.9 0.511226340637894
92 0.514506769825919
92.1 0.519188346381946
92.2 0.523869922937973
92.3 0.528551499494
92.4 0.533233076050027
92.5 0.537914652606054
92.6 0.542596229162081
92.7 0.547277805718108
92.8 0.551959382274135
92.9 0.556640958830163
93 0.561322535386189
93.1 0.566004111942217
93.2 0.571153846153846
93.3 0.581036911806143
93.4 0.590919977458439
93.5 0.600803043110736
93.6 0.610686108763032
93.7 0.620569174415329
93.8 0.630452240067625
93.9 0.640335305719922
94 0.650218371372218
94.1 0.660101437024515
94.2 0.669984502676811
94.3 0.679867568329108
94.4 0.689750633981404
94.5 0.6996336996337
94.6 0.699945585815151
94.7 0.700257471996602
94.8 0.700569358178054
94.9 0.700881244359505
95 0.701193130540957
95.1 0.701505016722408
95.2 0.701785714285714
95.3 0.701785714285714
95.4 0.701785714285714
95.5 0.701785714285714
95.6 0.702227891156463
95.7 0.702670068027211
95.8 0.703333333333333
95.9 0.703401360544218
96 0.703469387755102
96.1 0.703666375641166
96.2 0.703571428571429
96.3 0.703787878787879
96.4 0.704004329004329
96.5 0.704220779220779
96.6 0.70443722943723
96.7 0.70465367965368
96.8 0.70487012987013
96.9 0.70508658008658
97 0.70530303030303
97.1 0.705519480519481
97.2 0.705735930735931
97.3 0.705952380952381
97.4 0.706168831168831
97.5 0.706385281385282
97.6 0.706601731601732
97.7 0.706818181818182
97.8 0.707317073170732
97.9 0.707317073170732
98 0.707317073170732
98.1 0.707432557280118
98.2 0.707548041389505
98.3 0.707663525498891
98.4 0.707779009608278
98.5 0.707894493717665
98.6 0.708009977827051
98.7 0.708125461936438
98.8 0.708240946045824
98.9 0.708333333333333
99 0.710526315789474
99.1 0.710745044429255
99.2 0.711340206185567
99.3 0.711547527761211
99.4 0.711754849336855
99.5 0.711962170912499
99.6 0.712169492488143
99.7 0.712376814063787
99.8 0.712584135639431
99.9 0.712791457215075
100 0.712998778790719
100.1 0.713206100366363
100.2 0.713413421942007
100.3 0.71362074351765
100.4 0.713828065093294
100.5 0.714035386668938
100.6 0.714242708244582
100.7 0.714450029820226
100.8 0.71465735139587
100.9 0.714864672971514
101 0.715071994547158
101.1 0.715279316122802
101.2 0.715486637698446
101.3 0.71569395927409
101.4 0.715901280849734
101.5 0.716108602425378
101.6 0.716315924001022
101.7 0.716523245576666
101.8 0.71673056715231
101.9 0.716937888727954
102 0.717145210303598
102.1 0.717352531879242
102.2 0.717559853454886
102.3 0.71776717503053
102.4 0.717974496606174
102.5 0.718181818181818
102.6 0.718285625308177
102.7 0.718389432434537
102.8 0.718493239560896
102.9 0.718597046687255
103 0.718700853813614
103.1 0.718804660939974
103.2 0.718908468066333
103.3 0.719012275192692
103.4 0.719116082319051
103.5 0.71921988944541
103.6 0.719354838709677
103.7 0.722033898305085
103.8 0.722164436481826
103.9 0.722294974658567
104 0.722425512835308
104.1 0.722556051012049
104.2 0.72268658918879
104.3 0.722817127365532
104.4 0.722947665542273
104.5 0.723078203719014
104.6 0.723208741895755
104.7 0.723339280072496
104.8 0.723469818249237
104.9 0.723600356425978
105 0.72373089460272
105.1 0.723861432779461
105.2 0.723991970956202
105.3 0.724122509132943
105.4 0.724253047309684
105.5 0.724383585486425
105.6 0.724514123663166
105.7 0.724644661839908
105.8 0.724775200016649
105.9 0.72490573819339
106 0.725036276370131
106.1 0.725166814546872
106.2 0.725297352723613
106.3 0.725427890900354
106.4 0.725558429077095
106.5 0.725688967253836
106.6 0.725806451612903
106.7 0.724589822024472
106.8 0.72337319243604
106.9 0.722156562847608
107 0.720939933259177
107.1 0.719723303670745
107.2 0.71875
107.3 0.717261904761905
107.4 0.71577380952381
107.5 0.714285714285714
107.6 0.712797619047619
107.7 0.711309523809524
107.8 0.709821428571428
107.9 0.708333333333333
108 0.706845238095238
108.1 0.705357142857143
108.2 0.703869047619047
108.3 0.702380952380952
108.4 0.700892857142857
108.5 0.698982188295166
108.6 0.697441195472533
108.7 0.695900202649901
108.8 0.694359209827269
108.9 0.692818217004637
109 0.691277224182005
109.1 0.689736231359373
109.2 0.688195238536741
109.3 0.686654245714109
109.4 0.685113252891477
109.5 0.683572260068845
109.6 0.682031267246213
109.7 0.680490274423581
109.8 0.678949281600949
109.9 0.677408288778317
110 0.675867295955685
110.1 0.674326303133053
110.2 0.672785310310421
110.3 0.671244317487789
110.4 0.669703324665157
110.5 0.668162331842525
110.6 0.666621339019893
110.7 0.665080346197261
110.8 0.663539353374629
110.9 0.661998360551997
111 0.660457367729365
111.1 0.658916374906733
111.2 0.657375382084101
111.3 0.655834389261468
111.4 0.654293396438836
111.5 0.652752403616204
111.6 0.651211410793572
111.7 0.64967041797094
111.8 0.648129425148308
111.9 0.646588432325676
112 0.645047439503044
112.1 0.643506446680412
112.2 0.64196545385778
112.3 0.640424461035148
112.4 0.638883468212516
112.5 0.637342475389884
112.6 0.635801482567252
112.7 0.63426048974462
112.8 0.632719496921988
112.9 0.631178504099356
113 0.629637511276724
113.1 0.628096518454092
113.2 0.62655552563146
113.3 0.625014532808828
113.4 0.622857142857143
113.5 0.624338624338624
113.6 0.622779063316148
113.7 0.621219502293671
113.8 0.619659941271194
113.9 0.618100380248718
114 0.616540819226241
114.1 0.614981258203764
114.2 0.613421697181288
114.3 0.611862136158811
114.4 0.610302575136335
114.5 0.608743014113858
114.6 0.607183453091381
114.7 0.605623892068905
114.8 0.604064331046428
114.9 0.602504770023951
115 0.600945209001475
115.1 0.599385647978998
115.2 0.597883353156249
115.3 0.59630829835034
115.4 0.594733243544431
115.5 0.593158188738522
115.6 0.591583133932613
115.7 0.590008079126705
115.8 0.588433024320796
115.9 0.586857969514887
116 0.585282914708978
116.1 0.583707859903069
116.2 0.582132805097161
116.3 0.580557750291252
116.4 0.578982695485343
116.5 0.577407640679434
116.6 0.575832585873525
116.7 0.574257531067616
116.8 0.572682476261707
116.9 0.571107421455799
117 0.56953236664989
117.1 0.567957311843981
117.2 0.566382257038072
117.3 0.564807202232163
117.4 0.563232147426254
117.5 0.560955804458144
117.6 0.557768924302789
117.7 0.559411764705882
117.8 0.557480818414322
117.9 0.555549872122762
118 0.553618925831202
118.1 0.551687979539642
118.2 0.549757033248082
118.3 0.547826086956522
118.4 0.546583850931677
118.5 0.545
118.6 0.543843167701863
118.7 0.542686335403727
118.8 0.54152950310559
118.9 0.540372670807453
119 0.538883544264388
119.1 0.537394417721322
119.2 0.535905291178256
119.3 0.53441616463519
119.4 0.532927038092125
119.5 0.531437911549059
119.6 0.529948785005993
119.7 0.528459658462927
119.8 0.526970531919862
119.9 0.52536351230042
120 0.524736842105263
120.1 0.522631578947368
120.2 0.521055605114481
120.3 0.519479631281594
120.4 0.517903657448706
120.5 0.516327683615819
120.6 0.514751709782932
120.7 0.513333333333333
120.8 0.511831932773109
120.9 0.510330532212885
121 0.508829131652661
121.1 0.507327731092437
121.2 0.505826330532213
121.3 0.504324929971989
121.4 0.502823529411765
121.5 0.501162629757785
121.6 0.5
121.7 0.512828947368422
121.8 0.520526315789474
121.9 0.531572706469732
122 0.54261909714999
122.1 0.553665487830248
122.2 0.564711878510506
122.3 0.575758269190764
122.4 0.586804659871022
122.5 0.59785105055128
122.6 0.608897441231538
122.7 0.619943831911796
122.8 0.630990222592054
122.9 0.642036613272312
123 0.65308300395257
123.1 0.664129394632828
123.2 0.675175785313086
123.3 0.686222175993344
123.4 0.697268566673602
123.5 0.70831495735386
123.6 0.719361348034118
123.7 0.730407738714376
123.8 0.741454129394634
123.9 0.752500520074892
124 0.76354691075515
124.1 0.774593301435408
124.2 0.785639692115666
124.3 0.8
124.4 0.800389408099689
124.5 0.800778816199377
124.6 0.801168224299065
124.7 0.801557632398754
124.8 0.801947040498442
124.9 0.802336448598131
125 0.802725856697819
125.1 0.803115264797508
125.2 0.803504672897196
125.3 0.803894080996885
125.4 0.804283489096573
125.5 0.804672897196262
125.6 0.80506230529595
125.7 0.805451713395638
125.8 0.805841121495327
125.9 0.806230529595015
126 0.806619937694704
126.1 0.807009345794392
126.2 0.807398753894081
126.3 0.807788161993769
126.4 0.808177570093458
126.5 0.808566978193146
126.6 0.808956386292835
126.7 0.809345794392523
126.8 0.809735202492212
126.9 0.8101246105919
127 0.810514018691589
127.1 0.810903426791277
127.2 0.811292834890966
127.3 0.811682242990654
127.4 0.812071651090343
127.5 0.8125
127.6 0.812828256302521
127.7 0.813156512605042
127.8 0.813484768907563
127.9 0.813813025210084
128 0.814141281512605
128.1 0.814469537815126
128.2 0.814797794117647
128.3 0.815126050420168
128.4 0.815454306722689
128.5 0.81578256302521
128.6 0.816110819327731
128.7 0.816439075630252
128.8 0.816767331932773
128.9 0.817095588235294
129 0.817423844537815
129.1 0.817752100840336
129.2 0.818080357142857
129.3 0.818408613445378
129.4 0.818736869747899
129.5 0.81906512605042
129.6 0.819393382352941
129.7 0.819721638655462
129.8 0.820049894957983
129.9 0.820378151260504
130 0.820706407563025
130.1 0.821034663865546
130.2 0.821428571428572
130.3 0.823891625615764
130.4 0.826354679802956
130.5 0.828571428571429
130.6 0.828571428571429
130.7 0.828693528693529
130.8 0.828815628815629
130.9 0.828937728937729
131 0.829059829059829
131.1 0.829181929181929
131.2 0.829304029304029
131.3 0.829426129426129
131.4 0.82954822954823
131.5 0.82967032967033
131.6 0.82979242979243
131.7 0.82991452991453
131.8 0.83003663003663
131.9 0.83015873015873
132 0.83028083028083
132.1 0.83040293040293
132.2 0.830525030525031
132.3 0.830647130647131
132.4 0.830769230769231
132.5 0.831701631701632
132.6 0.832634032634033
132.7 0.833566433566434
132.8 0.834498834498835
132.9 0.835431235431235
133 0.836363636363636
133.1 0.83680303030303
133.2 0.837242424242424
133.3 0.837681818181818
133.4 0.838121212121212
133.5 0.838560606060606
133.6 0.839
133.7 0.839409039865244
133.8 0.839818079730488
133.9 0.840227119595732
134 0.840636159460977
134.1 0.841045199326221
134.2 0.841454239191465
134.3 0.841863279056709
134.4 0.842272318921954
134.5 0.842681358787198
134.6 0.843090398652442
134.7 0.843499438517686
134.8 0.843908478382931
134.9 0.844317518248175
135 0.844726558113419
135.1 0.845135597978663
135.2 0.845544637843908
135.3 0.845953677709152
135.4 0.846362717574396
135.5 0.846771757439641
135.6 0.847180797304885
135.7 0.847589837170129
135.8 0.847998877035373
135.9 0.848407916900618
136 0.848816956765862
136.1 0.849225996631106
136.2 0.84963503649635
136.3 0.849680656934306
136.4 0.849726277372263
136.5 0.849771897810219
136.6 0.849817518248175
136.7 0.849863138686131
136.8 0.849908759124088
136.9 0.849954379562044
137 0.85
137.1 0.85
137.2 0.85
137.3 0.85
137.4 0.85
137.5 0.85
137.6 0.85
137.7 0.85
137.8 0.85
137.9 0.85
138 0.85
138.1 0.85
138.2 0.85
138.3 0.85
138.4 0.85
138.5 0.85
138.6 0.85
138.7 0.85
138.8 0.85
138.9 0.85
139 0.85
139.1 0.85
139.2 0.85
139.3 0.85
139.4 0.85
139.5 0.85
139.6 0.85
139.7 0.85
139.8 0.85
139.9 0.85
140 0.85
140.1 0.85
140.2 0.85
140.3 0.85
140.4 0.85
140.5 0.85
140.6 0.85
140.7 0.85
140.8 0.85
140.9 0.85
141 0.85
141.1 0.85
141.2 0.85
141.3 0.85
141.4 0.85
141.5 0.85
141.6 0.85
141.7 0.85
141.8 0.85
141.9 0.85
142 0.85
142.1 0.85
142.2 0.85
142.3 0.85
142.4 0.85
142.5 0.85
142.6 0.85
142.7 0.85
142.8 0.85
142.9 0.85
143 0.85
143.1 0.85
143.2 0.85
143.3 0.85
143.4 0.85
143.5 0.85
143.6 0.85
143.7 0.85
143.8 0.85
143.9 0.85
144 0.85
144.1 0.85
144.2 0.85
144.3 0.85
144.4 0.85
144.5 0.85
144.6 0.85
144.7 0.85
144.8 0.85
144.9 0.85
145 0.85
145.1 0.85
145.2 0.85
145.3 0.85
145.4 0.85
145.5 0.85
145.6 0.85
145.7 0.85
145.8 0.85
145.9 0.85
146 0.85
146.1 0.84993670886076
146.2 0.849873417721519
146.3 0.849810126582279
146.4 0.849746835443038
146.5 0.849683544303797
146.6 0.849620253164557
146.7 0.849556962025316
146.8 0.849493670886076
146.9 0.849430379746835
147 0.849367088607595
147.1 0.849430379746835
147.2 0.849493670886076
147.3 0.849556962025316
147.4 0.849620253164557
147.5 0.849683544303798
147.6 0.849746835443038
147.7 0.849810126582279
147.8 0.849873417721519
147.9 0.84993670886076
148 0.85
148.1 0.85
148.2 0.85
148.3 0.85
148.4 0.85
148.5 0.85
148.6 0.85
148.7 0.85
148.8 0.85
148.9 0.85
149 0.85
149.1 0.85
149.2 0.85
149.3 0.85
149.4 0.85
149.5 0.85
149.6 0.85
149.7 0.85
149.8 0.85
149.9 0.85
150 0.85
150.1 0.850217391304348
150.2 0.850434782608696
150.3 0.850652173913043
150.4 0.850869565217391
150.5 0.851086956521739
150.6 0.851304347826087
150.7 0.851521739130435
150.8 0.851739130434783
150.9 0.851956521739131
151 0.852173913043478
151.1 0.85133152173913
151.2 0.850489130434783
151.3 0.849646739130435
151.4 0.848804347826087
151.5 0.847961956521739
151.6 0.847119565217391
151.7 0.846277173913043
151.8 0.845434782608696
151.9 0.844592391304348
152 0.84375
152.1 0.842708333333333
152.2 0.841666666666667
152.3 0.840625
152.4 0.839583333333333
152.5 0.838541666666667
152.6 0.8375
152.7 0.836458333333333
152.8 0.835416666666666
152.9 0.834375
153 0.833333333333333
153.1 0.832282608695652
153.2 0.831231884057971
153.3 0.83018115942029
153.4 0.829130434782609
153.5 0.828079710144927
153.6 0.827028985507246
153.7 0.825978260869565
153.8 0.824927536231884
153.9 0.823876811594203
154 0.822826086956522
154.1 0.821901502952227
154.2 0.820976918947933
154.3 0.820052334943639
154.4 0.819127750939345
154.5 0.818203166935051
154.6 0.817278582930757
154.7 0.816353998926462
154.8 0.815429414922168
154.9 0.814504830917874
155 0.81358024691358
155.1 0.812627627627628
155.2 0.811675008341675
155.3 0.810722389055722
155.4 0.80976976976977
155.5 0.808817150483817
155.6 0.807864531197864
155.7 0.806911911911912
155.8 0.805959292625959
155.9 0.805006673340007
156 0.804054054054054
156.1 0.803085268366958
156.2 0.802116482679863
156.3 0.801147696992767
156.4 0.800178911305672
156.5 0.799210125618576
156.6 0.798241339931481
156.7 0.797272554244385
156.8 0.79630376855729
156.9 0.795334982870194
157 0.794366197183099
157.1 0.793311930405965
157.2 0.792257663628832
157.3 0.791203396851698
157.4 0.790149130074565
157.5 0.789094863297432
157.6 0.788040596520298
157.7 0.786986329743165
157.8 0.785932062966031
157.9 0.784877796188898
158 0.783823529411765
158.1 0.782784926470588
158.2 0.781746323529412
158.3 0.780707720588235
158.4 0.779669117647059
158.5 0.778630514705882
158.6 0.777591911764706
158.7 0.776553308823529
158.8 0.775514705882353
158.9 0.774476102941176
159 0.7734375
159.1 0.772427083333333
159.2 0.771416666666667
159.3 0.77040625
159.4 0.769395833333333
159.5 0.768385416666667
159.6 0.767375
159.7 0.766364583333333
159.8 0.765354166666667
159.9 0.76434375
160 0.763333333333333
160.1 0.76235
160.2 0.761366666666667
160.3 0.760383333333333
160.4 0.7594
160.5 0.758416666666667
160.6 0.757433333333333
160.7 0.75645
160.8 0.755466666666667
160.9 0.754483333333333
161 0.7535
161.1 0.752516666666667
161.2 0.751533333333333
161.3 0.75055
161.4 0.749566666666667
161.5 0.748583333333333
161.6 0.7476
161.7 0.746616666666667
161.8 0.745633333333333
161.9 0.74465
162 0.743666666666667
162.1 0.742683333333333
162.2 0.7417
162.3 0.740716666666667
162.4 0.739733333333333
162.5 0.73875
162.6 0.737766666666667
162.7 0.736783333333333
162.8 0.7358
162.9 0.734816666666667
163 0.733833333333333
163.1 0.73285
163.2 0.731866666666667
163.3 0.730883333333333
163.4 0.7299
163.5 0.728916666666667
163.6 0.727933333333333
163.7 0.72695
163.8 0.725966666666667
163.9 0.724983333333333
164 0.724
164.1 0.723016666666667
164.2 0.722033333333333
164.3 0.72105
164.4 0.720066666666667
164.5 0.719083333333333
164.6 0.7181
164.7 0.717116666666667
164.8 0.716133333333333
164.9 0.71515
165 0.714166666666667
165.1 0.713183333333333
165.2 0.7122
165.3 0.711216666666667
165.4 0.710233333333333
165.5 0.70925
165.6 0.708266666666667
165.7 0.707283333333333
165.8 0.7063
165.9 0.705316666666667
166 0.704333333333333
166.1 0.70335
166.2 0.702366666666667
166.3 0.701383333333333
166.4 0.7004
166.5 0.699416666666667
166.6 0.698433333333333
166.7 0.69745
166.8 0.696466666666667
166.9 0.695483333333333
167 0.6945
167.1 0.693516666666667
167.2 0.692533333333333
167.3 0.69155
167.4 0.690566666666667
167.5 0.689583333333333
167.6 0.6886
167.7 0.687616666666667
167.8 0.686633333333333
167.9 0.68565
168 0.684666666666667
168.1 0.683683333333333
168.2 0.6827
168.3 0.681716666666667
168.4 0.680733333333333
168.5 0.67975
168.6 0.678766666666667
168.7 0.677783333333333
168.8 0.6768
168.9 0.675816666666667
169 0.674833333333333
169.1 0.67385
169.2 0.672866666666667
169.3 0.671883333333333
169.4 0.6709
169.5 0.669916666666666
169.6 0.668933333333333
169.7 0.66795
169.8 0.666966666666666
169.9 0.665983333333333
170 0.665
170.1 0.664016666666666
170.2 0.663033333333333
170.3 0.66205
170.4 0.661066666666666
170.5 0.660083333333333
170.6 0.6591
170.7 0.658116666666666
170.8 0.657133333333333
170.9 0.65615
171 0.655166666666666
171.1 0.654183333333333
171.2 0.6532
171.3 0.652216666666666
171.4 0.651233333333333
171.5 0.65025
171.6 0.649266666666666
171.7 0.648283333333333
171.8 0.6473
171.9 0.646316666666666
172 0.645333333333333
172.1 0.64435
172.2 0.643366666666666
172.3 0.642383333333333
172.4 0.6414
172.5 0.640416666666666
172.6 0.639433333333333
172.7 0.63845
172.8 0.637466666666666
172.9 0.636483333333333
173 0.6355
173.1 0.634516666666666
173.2 0.633533333333333
173.3 0.63255
173.4 0.631566666666666
173.5 0.630583333333333
173.6 0.6296
173.7 0.628616666666666
173.8 0.627633333333333
173.9 0.62665
174 0.625666666666666
174.1 0.624683333333333
174.2 0.6237
174.3 0.622716666666666
174.4 0.621733333333333
174.5 0.62075
174.6 0.619766666666666
174.7 0.618783333333333
174.8 0.6178
174.9 0.616816666666666
175 0.615833333333333
175.1 0.61485
175.2 0.613866666666666
175.3 0.612883333333333
175.4 0.6119
175.5 0.610916666666666
175.6 0.609933333333333
175.7 0.60895
175.8 0.607966666666666
175.9 0.606983333333333
176 0.606
176.1 0.605016666666666
176.2 0.604033333333333
176.3 0.60305
176.4 0.602066666666666
176.5 0.601083333333333
176.6 0.6001
176.7 0.599116666666666
176.8 0.598133333333333
176.9 0.59715
177 0.596166666666666
177.1 0.595183333333333
177.2 0.5942
177.3 0.593216666666666
177.4 0.592233333333333
177.5 0.59125
177.6 0.590266666666666
177.7 0.589283333333333
177.8 0.5883
177.9 0.587316666666666
178 0.586333333333333
178.1 0.58535
178.2 0.584366666666666
178.3 0.583383333333333
178.4 0.5824
178.5 0.581416666666666
178.6 0.580433333333333
178.7 0.57945
178.8 0.578466666666666
178.9 0.577483333333333
179 0.5765
179.1 0.575516666666666
179.2 0.574533333333333
179.3 0.57355
179.4 0.572566666666666
179.5 0.571583333333333
179.6 0.5706
179.7 0.569616666666666
179.8 0.568633333333333
179.9 0.56765
180 0.566666666666666
180.1 0.565683333333333
180.2 0.5647
180.3 0.563716666666666
180.4 0.562733333333333
180.5 0.56175
180.6 0.560766666666666
180.7 0.559783333333333
180.8 0.5588
180.9 0.557816666666666
181 0.556833333333333
181.1 0.55585
181.2 0.554866666666666
181.3 0.553883333333333
181.4 0.5529
181.5 0.551916666666666
181.6 0.550933333333333
181.7 0.549949999999999
181.8 0.548966666666666
181.9 0.547983333333333
182 0.546999999999999
182.1 0.546016666666666
182.2 0.545033333333333
182.3 0.544049999999999
182.4 0.543066666666666
182.5 0.542083333333333
182.6 0.541099999999999
182.7 0.540116666666666
182.8 0.539133333333333
182.9 0.538149999999999
183 0.537166666666666
183.1 0.536183333333333
183.2 0.535199999999999
183.3 0.534216666666666
183.4 0.533233333333333
183.5 0.532249999999999
183.6 0.531266666666666
183.7 0.530283333333333
183.8 0.529299999999999
183.9 0.528316666666666
184 0.527333333333333
184.1 0.526349999999999
184.2 0.525366666666666
184.3 0.524383333333333
184.4 0.5234
184.5 0.522416666666666
184.6 0.521433333333333
184.7 0.52045
184.8 0.519466666666666
184.9 0.518483333333333
185 0.5175
185.1 0.51651
185.2 0.51552
185.3 0.51453
185.4 0.51354
185.5 0.51255
185.6 0.51156
185.7 0.51057
185.8 0.50958
185.9 0.50859
186 0.5076
186.1 0.50661
186.2 0.50562
186.3 0.504629999999999
186.4 0.503639999999999
186.5 0.502649999999999
186.6 0.501659999999999
186.7 0.500669999999999
186.8 0.499679999999999
186.9 0.498689999999999
187 0.497699999999999
187.1 0.496709999999999
187.2 0.495719999999999
187.3 0.494729999999999
187.4 0.493739999999999
187.5 0.492749999999999
187.6 0.491759999999999
187.7 0.490769999999999
187.8 0.489779999999999
187.9 0.488789999999999
188 0.487799999999999
188.1 0.486809999999999
188.2 0.485819999999999
188.3 0.484829999999999
188.4 0.483839999999999
188.5 0.482849999999999
188.6 0.481859999999999
188.7 0.480869999999999
188.8 0.479879999999999
188.9 0.478889999999999
189 0.477899999999999
189.1 0.47691
189.2 0.47592
189.3 0.47493
189.4 0.47394
189.5 0.47295
189.6 0.47196
189.7 0.47097
189.8 0.46998
189.9 0.46899
190 0.468
190.1 0.46701
190.2 0.46602
190.3 0.46503
190.4 0.46404
190.5 0.46305
190.6 0.46206
190.7 0.46107
190.8 0.46008
190.9 0.45909
191 0.4581
191.1 0.45711
191.2 0.45612
191.3 0.45513
191.4 0.45414
191.5 0.45315
191.6 0.45216
191.7 0.45117
191.8 0.45018
191.9 0.44919
192 0.4482
192.1 0.44721
192.2 0.44622
192.3 0.44523
192.4 0.44424
192.5 0.44325
192.6 0.44226
192.7 0.44127
192.8 0.44028
192.9 0.43929
193 0.4383
193.1 0.43731
193.2 0.43632
193.3 0.43533
193.4 0.43434
193.5 0.43335
193.6 0.43236
193.7 0.43137
193.8 0.43038
193.9 0.42939
194 0.4284
194.1 0.42741
194.2 0.42642
194.3 0.42543
194.4 0.42444
194.5 0.42345
194.6 0.42246
194.7 0.42147
194.8 0.42048
194.9 0.41949
195 0.4185
195.1 0.41751
195.2 0.41652
195.3 0.41553
195.4 0.41454
195.5 0.41355
195.6 0.41256
195.7 0.41157
195.8 0.41058
195.9 0.40959
196 0.4086
196.1 0.40761
196.2 0.40662
196.3 0.40563
196.4 0.40464
196.5 0.40365
196.6 0.40266
196.7 0.40167
196.8 0.40068
196.9 0.39969
197 0.3987
197.1 0.39771
197.2 0.39672
197.3 0.39573
197.4 0.39474
197.5 0.39375
197.6 0.39276
197.7 0.39177
197.8 0.39078
197.9 0.38979
198 0.3888
198.1 0.38781
198.2 0.38682
198.3 0.38583
198.4 0.38484
198.5 0.38385
198.6 0.38286
198.7 0.38187
198.8 0.38088
198.9 0.37989
199 0.3789
199.1 0.37791
199.2 0.37692
199.3 0.37593
199.4 0.37494
199.5 0.37395
199.6 0.37296
199.7 0.37197
199.8 0.37098
199.9 0.36999
200 0.369
200.1 0.368010000000001
200.2 0.367020000000001
200.3 0.366030000000001
200.4 0.365040000000001
200.5 0.364050000000001
200.6 0.363060000000001
200.7 0.362070000000001
200.8 0.361080000000001
200.9 0.360090000000001
201 0.359100000000001
201.1 0.358110000000001
201.2 0.357120000000001
201.3 0.356130000000001
201.4 0.355140000000001
201.5 0.354150000000001
201.6 0.353160000000001
201.7 0.352170000000001
201.8 0.351180000000001
201.9 0.350190000000001
202 0.349200000000001
202.1 0.348210000000001
202.2 0.347220000000001
202.3 0.346230000000001
202.4 0.345240000000001
202.5 0.344250000000001
202.6 0.343260000000001
202.7 0.342270000000001
202.8 0.341280000000001
202.9 0.340290000000001
203 0.339300000000001
203.1 0.338310000000001
203.2 0.337320000000001
203.3 0.336330000000001
203.4 0.335340000000001
203.5 0.334350000000001
203.6 0.333360000000001
203.7 0.332370000000001
203.8 0.331380000000001
203.9 0.330390000000001
204 0.329400000000001
204.1 0.328410000000001
204.2 0.327420000000001
204.3 0.326430000000001
204.4 0.325440000000001
204.5 0.324450000000001
204.6 0.323460000000001
204.7 0.322470000000001
204.8 0.321480000000001
204.9 0.320490000000001
205 0.319500000000001
205.1 0.318510000000001
205.2 0.317520000000001
205.3 0.316530000000001
205.4 0.315540000000001
205.5 0.314550000000001
205.6 0.313560000000001
205.7 0.312570000000001
205.8 0.311580000000001
205.9 0.310590000000001
206 0.309600000000001
206.1 0.308610000000001
206.2 0.307620000000001
206.3 0.306630000000001
206.4 0.305640000000001
206.5 0.304650000000001
206.6 0.30366
206.7 0.30267
206.8 0.30168
206.9 0.30069
207 0.2997
207.1 0.29871
207.2 0.29772
207.3 0.29673
207.4 0.29574
207.5 0.29475
207.6 0.29376
207.7 0.29277
207.8 0.29178
207.9 0.29079
208 0.2898
208.1 0.28881
208.2 0.28782
208.3 0.28683
208.4 0.28584
208.5 0.28485
208.6 0.28386
208.7 0.28287
208.8 0.28188
208.9 0.28089
209 0.2799
209.1 0.27891
209.2 0.27792
209.3 0.27693
209.4 0.27594
209.5 0.27495
209.6 0.27396
209.7 0.27297
209.8 0.27198
209.9 0.27099
210 0.27
210.1 0.269010989010989
210.2 0.268021978021978
210.3 0.267032967032967
210.4 0.266043956043956
210.5 0.265054945054945
210.6 0.264065934065934
210.7 0.263076923076923
210.8 0.262087912087912
210.9 0.261098901098901
211 0.26010989010989
211.1 0.259120879120879
211.2 0.258131868131868
211.3 0.257142857142857
211.4 0.256153846153846
211.5 0.255164835164835
211.6 0.254175824175824
211.7 0.253186813186813
211.8 0.252197802197802
211.9 0.251208791208791
212 0.25021978021978
212.1 0.249230769230769
212.2 0.248241758241758
212.3 0.247252747252747
212.4 0.246263736263736
212.5 0.245274725274725
212.6 0.244285714285714
212.7 0.243296703296703
212.8 0.242307692307692
212.9 0.241318681318681
213 0.24032967032967
213.1 0.239340659340659
213.2 0.238351648351648
213.3 0.237362637362637
213.4 0.236373626373626
213.5 0.235384615384615
213.6 0.234395604395604
213.7 0.233406593406593
213.8 0.232417582417582
213.9 0.231428571428571
214 0.23043956043956
214.1 0.229450549450549
214.2 0.228461538461538
214.3 0.227472527472527
214.4 0.226483516483516
214.5 0.225494505494505
214.6 0.224505494505494
214.7 0.223516483516483
214.8 0.222527472527472
214.9 0.221538461538461
215 0.22054945054945
215.1 0.219560439560439
215.2 0.218571428571428
215.3 0.217582417582417
215.4 0.216593406593406
215.5 0.215604395604395
215.6 0.214615384615384
215.7 0.213626373626373
215.8 0.212637362637362
215.9 0.211648351648351
216 0.21065934065934
216.1 0.209670329670329
216.2 0.208681318681318
216.3 0.207692307692307
216.4 0.206703296703296
216.5 0.205714285714285
216.6 0.204725274725274
216.7 0.203736263736263
216.8 0.202747252747252
216.9 0.201758241758241
217 0.20076923076923
217.1 0.199780219780219
217.2 0.198791208791208
217.3 0.197802197802197
217.4 0.196813186813186
217.5 0.195824175824175
217.6 0.194835164835164
217.7 0.193846153846153
217.8 0.192857142857142
217.9 0.191868131868131
218 0.19087912087912
218.1 0.189890109890109
218.2 0.188901098901098
218.3 0.187912087912087
218.4 0.186923076923076
218.5 0.185934065934065
218.6 0.184945054945054
218.7 0.183956043956043
218.8 0.182967032967032
218.9 0.181978021978021
219 0.18098901098901
219.1 0.179999999999999
219.2 0.179010989010988
219.3 0.178021978021977
219.4 0.177032967032966
219.5 0.176043956043955
219.6 0.175054945054944
219.7 0.174065934065933
219.8 0.173076923076922
219.9 0.172087912087911
220 0.1710989010989
220.1 0.170109890109889
220.2 0.169120879120878
220.3 0.168131868131867
220.4 0.167142857142856
220.5 0.166153846153845
220.6 0.165164835164834
220.7 0.164175824175823
220.8 0.163186813186812
220.9 0.162197802197801
221 0.16120879120879
221.1 0.160219780219779
221.2 0.159230769230768
221.3 0.158241758241757
221.4 0.157252747252746
221.5 0.156263736263735
221.6 0.155274725274724
221.7 0.154285714285713
221.8 0.153296703296702
221.9 0.152307692307691
222 0.15131868131868
222.1 0.150329670329669
222.2 0.149340659340658
222.3 0.148351648351647
222.4 0.147362637362636
222.5 0.146373626373625
222.6 0.145384615384614
222.7 0.144395604395603
222.8 0.143406593406592
222.9 0.142417582417582
223 0.141428571428571
223.1 0.14043956043956
223.2 0.139450549450549
223.3 0.138461538461538
223.4 0.137472527472527
223.5 0.136483516483516
223.6 0.135494505494505
223.7 0.134505494505494
223.8 0.133516483516483
223.9 0.132527472527472
224 0.131538461538461
224.1 0.13054945054945
224.2 0.129560439560439
224.3 0.128571428571428
224.4 0.127582417582417
224.5 0.126593406593406
224.6 0.125604395604395
224.7 0.124615384615384
224.8 0.123626373626373
224.9 0.122637362637362
225 0.121648351648351
225.1 0.12065934065934
225.2 0.119670329670329
225.3 0.118681318681318
225.4 0.117692307692307
225.5 0.116703296703296
225.6 0.115714285714285
225.7 0.114725274725274
225.8 0.113736263736263
225.9 0.112747252747252
226 0.111758241758241
226.1 0.11076923076923
226.2 0.109780219780219
226.3 0.108791208791208
226.4 0.107802197802197
226.5 0.106813186813186
226.6 0.105824175824175
226.7 0.104835164835164
226.8 0.103846153846153
226.9 0.102857142857142
227 0.101868131868131
227.1 0.10087912087912
227.2 0.0998901098901092
227.3 0.0989010989010982
227.4 0.0979120879120872
227.5 0.0969230769230763
227.6 0.0959340659340653
227.7 0.0949450549450543
227.8 0.0939560439560433
227.9 0.0929670329670323
228 0.0919780219780214
228.1 0.0909890109890104
228.2 0.0899999999999994
228.3 0.0890109890109884
228.4 0.0880219780219774
228.5 0.0870329670329664
228.6 0.0860439560439555
228.7 0.0850549450549445
228.8 0.0840659340659335
228.9 0.0830769230769225
229 0.0820879120879115
229.1 0.0810989010989005
229.2 0.0801098901098896
229.3 0.0791208791208786
229.4 0.0781318681318676
229.5 0.0771428571428566
229.6 0.0761538461538456
229.7 0.0751648351648346
229.8 0.0741758241758237
229.9 0.0731868131868127
230 0.0721978021978017
230.1 0.0712087912087907
230.2 0.0702197802197797
230.3 0.0692307692307687
230.4 0.0682417582417578
230.5 0.0672527472527468
230.6 0.0662637362637358
230.7 0.0652747252747248
230.8 0.0642857142857138
230.9 0.0632967032967029
231 0.0623076923076919
231.1 0.0613186813186809
231.2 0.0603296703296699
231.3 0.0593406593406589
231.4 0.0583516483516479
231.5 0.057362637362637
231.6 0.056373626373626
231.7 0.055384615384615
231.8 0.054395604395604
231.9 0.053406593406593
232 0.052417582417582
232.1 0.0514285714285711
232.2 0.0504395604395601
232.3 0.0494505494505491
232.4 0.0484615384615381
232.5 0.0474725274725271
232.6 0.0464835164835161
232.7 0.0454945054945052
232.8 0.0445054945054942
232.9 0.0435164835164832
233 0.0425274725274722
233.1 0.0415384615384612
233.2 0.0405494505494502
233.3 0.0395604395604393
233.4 0.0385714285714283
233.5 0.0375824175824173
233.6 0.0365934065934063
233.7 0.0356043956043953
233.8 0.0346153846153844
233.9 0.0336263736263734
234 0.0326373626373624
234.1 0.0316483516483514
234.2 0.0306593406593404
234.3 0.0296703296703294
234.4 0.0286813186813185
234.5 0.0276923076923075
234.6 0.0267032967032965
234.7 0.0257142857142855
234.8 0.0247252747252745
234.9 0.0237362637362635
235 0.0227472527472526
235.1 0.0217582417582416
235.2 0.0207692307692306
235.3 0.0197802197802196
235.4 0.0187912087912086
235.5 0.0178021978021976
235.6 0.0168131868131867
235.7 0.0158241758241757
235.8 0.0148351648351647
235.9 0.0138461538461537
236 0.0128571428571427
236.1 0.0118681318681317
236.2 0.0108791208791207
236.3 0.00989010989010977
236.4 0.00890109890109879
236.5 0.00791208791208782
236.6 0.00692307692307682
236.7 0.00593406593406583
236.8 0.00494505494505485
236.9 0.00395604395604388
237 0.00296703296703292
237.1 0.00197802197802189
237.2 0.00098901098901089
237.3 0
