0 0
0.1 0
0.2 0.0004515
0.3 0.000902892857142857
0.4 0.00135428571428571
0.5 0.00180734693877551
0.6 0.00226040816326531
0.7 0.00294
0.8 0.00294
0.9 0.00344222222222222
1 0.00394444444444444
1.1 0.00444666666666667
1.2 0.0052
1.3 0.0052
1.4 0.0056875
1.5 0.006175
1.6 0.0066625
1.7 0.00715
1.8 0.0076375
1.9 0.008125
2 0.00857753164556962
2.1 0.00903006329113924
2.2 0.00948259493670886
2.3 0.00993512658227848
2.4 0.0103876582278481
2.5 0.0108401898734177
2.6 0.0112927215189873
2.7 0.0117
2.8 0.0121619047619048
2.9 0.0126238095238095
3 0.0130857142857143
3.1 0.013547619047619
3.2 0.0140095238095238
3.3 0.0144714285714286
3.4 0.0149333333333333
3.5 0.0153952380952381
3.6 0.0158571428571429
3.7 0.016305069124424
3.8 0.0167529953917051
3.9 0.0172009216589862
4 0.0176488479262673
4.1 0.0180967741935484
4.2 0.0185447004608295
4.3 0.0189926267281106
4.4 0.0194405529953917
4.5 0.0198884792626728
4.6 0.0203364055299539
4.7 0.020784331797235
4.8 0.0212322580645161
4.9 0.0216801843317972
5 0.0221281105990783
5.1 0.0225779723502304
5.2 0.0228
5.3 0.0232609756097561
5.4 0.0237219512195122
5.5 0.0241829268292683
5.6 0.0246439024390244
5.7 0.0251048780487805
5.8 0.0255658536585366
5.9 0.0260268292682927
6 0.0264878048780488
6.1 0.0269487804878049
6.2 0.027409756097561
6.3 0.0278707317073171
6.4 0.0283317073170732
6.5 0.0287926829268293
6.6 0.0292536585365854
6.7 0.0297146341463415
6.8 0.0301756097560976
6.9 0.0306365853658537
7 0.0310975609756098
7.1 0.0315585365853659
7.2 0.0320123787044322
7.3 0.0324662208234986
7.4 0.0329200629425649
7.5 0.0333739050616313
7.6 0.0338277471806976
7.7 0.034281589299764
7.8 0.0347354314188303
7.9 0.0351892735378967
8 0.035643115656963
8.1 0.0360969577760294
8.2 0.0365507998950957
8.3 0.0370046420141621
8.4 0.0374584841332284
8.5 0.0379123262522948
8.6 0.0383661683713611
8.7 0.0388200104904275
8.8 0.0392738526094938
8.9 0.0397276947285602
9 0.04
9.1 0.0389473684210526
9.2 0.0378947368421053
9.3 0.0368421052631579
9.4 0.0357894736842105
9.5 0.0347368421052631
9.6 0.0336842105263158
9.7 0.0326315789473684
9.8 0.031578947368421
9.9 0.03
10 0.03
10.1 0.028936170212766
10.2 0.0278723404255319
10.3 0.0268085106382979
10.4 0.0257446808510638
10.5 0.0246808510638298
10.6 0.0236170212765957
10.7 0.0225531914893617
10.8 0.0214893617021277
10.9 0.02
11 0.02
11.1 0.02
11.2 0.02
11.3 0.02
11.4 0.02
11.5 0.02
11.6 0.02
11.7 0.02
11.8 0.02
11.9 0.02
12 0.0209803921568627
12.1 0.0219607843137255
12.2 0.0229411764705882
12.3 0.023921568627451
12.4 0.0249019607843137
12.5 0.0258823529411765
12.6 0.0268627450980392
12.7 0.027843137254902
12.8 0.0288235294117647
12.9 0.03
13 0.0280392156862745
13.1 0.026078431372549
13.2 0.0241176470588235
13.3 0.022156862745098
13.4 0.0201960784313725
13.5 0.018235294117647
13.6 0.0162745098039215
13.7 0.014313725490196
13.8 0.0123529411764705
13.9 0.01
14 0.0109803921568627
14.1 0.0119607843137255
14.2 0.0129411764705882
14.3 0.013921568627451
14.4 0.0149019607843137
14.5 0.0158823529411765
14.6 0.0168627450980392
14.7 0.017843137254902
14.8 0.0188235294117647
14.9 0.02
15 0.019
15.1 0.018
15.2 0.017
15.3 0.016
15.4 0.015
15.5 0.014
15.6 0.013
15.7 0.012
15.8 0.011
15.9 0.01
16 0.01
16.1 0.01
16.2 0.01
16.3 0.01
16.4 0.01
16.5 0.01
16.6 0.01
16.7 0.01
16.8 0.01
16.9 0.01
17 0.01
17.1 0.01
17.2 0.01
17.3 0.01
17.4 0.01
17.5 0.01
17.6 0.01
17.7 0.01
17.8 0.01
17.9 0.01
18 0.00896907216494845
18.1 0.0079381443298969
18.2 0.00690721649484536
18.3 0.00587628865979381
18.4 0.00484536082474226
18.5 0.00381443298969071
18.6 0.00278350515463916
18.7 0.00175257731958762
18.8 0.000721649484536066
18.9 0
19 0
19.1 0
19.2 0
19.3 0
19.4 0
19.5 0
19.6 0
19.7 0
19.8 0
19.9 0
20 0
20.1 0
20.2 0
20.3 0
20.4 0
20.5 0
20.6 0
20.7 0
20.8 9.74139743499895e-18
20.9 0
21 1.18140351871264e-17
21.1 2.36280703742528e-17
21.2 3.54421055613792e-17
21.3 4.72561407485055e-17
21.4 5.90701759356319e-17
21.5 7.08842111227583e-17
21.6 8.26982463098847e-17
21.7 9.45122814970112e-17
21.8 1.11051930758988e-16
21.9 1.00373860493701e-16
22 8.96957902284134e-17
22.1 7.90177199631261e-17
22.2 6.83396496978387e-17
22.3 5.76615794325514e-17
22.4 4.69835091672641e-17
22.5 3.63054389019769e-17
22.6 2.56273686366895e-17
22.7 1.49492983714022e-17
22.8 0
22.9 0
23 0
23.1 0
23.2 0
23.3 0
23.4 0
23.5 0
23.6 0
23.7 0
23.8 0
23.9 0
24 0
24.1 0
24.2 0
24.3 0
24.4 0
24.5 0
24.6 0
24.7 0
24.8 0
24.9 0
25 0
25.1 0
25.2 0
25.3 0
25.4 0
25.5 0
25.6 0
25.7 0
25.8 0
25.9 0
26 0
26.1 0
26.2 0
26.3 0
26.4 0
26.5 0
26.6 0
26.7 0
26.8 0
26.9 0
27 0
27.1 0
27.2 0
27.3 0
27.4 0
27.5 0
27.6 0
27.7 0
27.8 0
27.9 0
28 0
28.1 0
28.2 0
28.3 0
28.4 0
28.5 0
28.6 0
28.7 0
28.8 0
28.9 0
29 0
29.1 0
29.2 0
29.3 0
29.4 0
29.5 0
29.6 0
29.7 0
29.8 0
29.9 0
30 0
30.1 0
30.2 0
30.3 0
30.4 0
30.5 0
30.6 0
30.7 0
30.8 0
30.9 0
31 0
31.1 0
31.2 0
31.3 0
31.4 0
31.5 0
31.6 0
31.7 0
31.8 0
31.9 0
32 0
32.1 0
32.2 0
32.3 0
32.4 0
32.5 0
32.6 0
32.7 0
32.8 0
32.9 0
33 0.00048192771084337
33.1 0.000963855421686742
33.2 0.00144578313253011
33.3 0.00192771084337349
33.4 0.00240963855421686
33.5 0.00289156626506022
33.6 0.0033734939759036
33.7 0.004
33.8 0.00372222222222222
33.9 0.00344444444444444
34 0.00316666666666667
34.1 0.00288888888888889
34.2 0.00261111111111111
34.3 0.00233333333333333
34.4 0.00205555555555556
34.5 0.00177777777777778
34.6 0.0015
34.7 0.00122222222222222
34.8 0.000944444444444444
34.9 0.000666666666666669
35 0.000388888888888892
35.1 0
35.2 0.000166666666666667
35.3 0.000333333333333335
35.4 0.000500000000000001
35.5 0.000666666666666668
35.6 0.000833333333333335
35.7 0.001
35.8 0.00116666666666667
35.9 0.00133333333333334
36 0.0015
36.1 0.00166666666666667
36.2 0.00183333333333334
36.3 0.002
36.4 0.002
36.5 0.002
36.6 0.002
36.7 0.002
36.8 0.002
36.9 0.002
37 0.002
37.1 0.002
37.2 0.002
37.3 0.002
37.4 0.002
37.5 0.002
37.6 0.002625
37.7 0.00325
37.8 0.003875
37.9 0.0045
38 0.00512499999999999
38.1 0.006
38.2 0.00533333333333333
38.3 0.00466666666666666
38.4 0.00399999999999999
38.5 0.00333333333333333
38.6 0.00266666666666666
38.7 0.002
38.8 0.00133333333333332
38.9 0.000666666666666648
39 0
39.1 6.4935064935065e-06
39.2 1.2987012987013e-05
39.3 1.94805194805195e-05
39.4 2.5974025974026e-05
39.5 3.24675324675325e-05
39.6 3.8961038961039e-05
39.7 4.54545454545455e-05
39.8 5.1948051948052e-05
39.9 5.84415584415586e-05
40 6.4935064935065e-05
40.1 7.14285714285715e-05
40.2 7.7922077922078e-05
40.3 8.44155844155846e-05
40.4 9.09090909090911e-05
40.5 1e-04
40.6 0.00088
40.7 0.00166
40.8 0.00244000000000001
40.9 0.00322000000000002
41 0.004
41.1 0.00366101694915254
41.2 0.00332203389830508
41.3 0.00298305084745762
41.4 0.00264406779661015
41.5 0.0023050847457627
41.6 0.002
41.7 0.00195169082125604
41.8 0.00190338164251208
41.9 0.00185507246376812
42 0.00180676328502415
42.1 0.00175845410628019
42.2 0.00171014492753623
42.3 0.00166183574879227
42.4 0.00161352657004831
42.5 0.00156521739130435
42.6 0.00151690821256039
42.7 0.00146859903381643
42.8 0.00142028985507246
42.9 0.0013719806763285
43 0.00132367149758454
43.1 0.00127536231884058
43.2 0.00122705314009662
43.3 0.00117874396135266
43.4 0.0011304347826087
43.5 0.00108212560386473
43.6 0.00103381642512077
43.7 0.001
43.8 0.00157692307692308
43.9 0.00215384615384617
44 0.00273076923076924
44.1 0.00330769230769231
44.2 0.004
44.3 0.004
44.4 0.004
44.5 0.004
44.6 0.004
44.7 0.004
44.8 0.00362962962962962
44.9 0.00325925925925925
45 0.003
45.1 0.003
45.2 0.003
45.3 0.003
45.4 0.003
45.5 0.003
45.6 0.003
45.7 0.00209090909090909
45.8 0.00118181818181817
45.9 0
46 0.00133333333333331
46.1 0.00266666666666664
46.2 0.004
46.3 0.00282352941176469
46.4 0.00164705882352938
46.5 0
46.6 0.000307692307692308
46.7 0.000615384615384618
46.8 0.000923076923076928
46.9 0.00123076923076924
47 0.00153846153846154
47.1 0.00124818577648767
47.2 0.000957910014513791
47.3 0.000667634252539914
47.4 0.000377358490566034
47.5 0
47.6 0
47.7 0
47.8 0
47.9 0
48 0
48.1 0
48.2 0
48.3 0
48.4 0
48.5 0
48.6 0
48.7 0
48.8 0
48.9 0
49 0
49.1 0
49.2 0
49.3 2.84493284493289e-17
49.4 5.6898656898658e-17
49.5 8.53479853479862e-17
49.6 1.10952380952381e-16
49.7 8.45351473922899e-17
49.8 5.81179138321988e-17
49.9 3.17006802721074e-17
50 0
50.1 0.000470588235294117
50.2 0.000941176470588235
50.3 0.00141176470588235
50.4 0.00188235294117647
50.5 0.00235294117647059
50.6 0.0028235294117647
50.7 0.00329411764705882
50.8 0.0028235294117647
50.9 0.00235294117647058
51 0.00188235294117646
51.1 0.00141176470588235
51.2 0.000941176470588227
51.3 0.000470588235294103
51.4 0
51.5 0
51.6 0
51.7 0
51.8 0
51.9 0
52 0.000533333333333333
52.1 0.00106666666666667
52.2 0.0016
52.3 0.00213333333333334
52.4 0.00266666666666668
52.5 0.00320000000000001
52.6 0.00296296296296297
52.7 0.00272592592592593
52.8 0.0024888888888889
52.9 0.00225185185185186
53 0.00201481481481482
53.1 0.00177777777777778
53.2 0.00154074074074075
53.3 0.00130370370370371
53.4 0.00106666666666667
53.5 0.000829629629629632
53.6 0.000592592592592595
53.7 0.000355555555555557
53.8 0.000961722558035921
53.9 0.00156788956051629
54 0.00217405656299665
54.1 0.00278022356547701
54.2 0.00338639056795737
54.3 0.00399255757043774
54.4 0.00459872457291811
54.5 0.00502304147465438
54.6 0.0037350821221789
54.7 0.00244712276970341
54.8 0.00115916341722792
54.9 0
55 0
55.1 0
55.2 0
55.3 0
55.4 0
55.5 0
55.6 0
55.7 0
55.8 0
55.9 0
56 0
56.1 0
56.2 0
56.3 0
56.4 0.00154971124683203
56.5 0
56.6 0.00171030308588198
56.7 0.00342060617176396
56.8 0.00513090925764595
56.9 0.00684121234352794
57 0.00855151542940991
57.1 0.0102618185152919
57.2 0.0119721216011739
57.3 0.0136824246870559
57.4 0.0153927277729379
57.5 0.0171030308588198
57.6 0.0188133339447018
57.7 0.0205236370305838
57.8 0.0222339401164658
57.9 0.0239442432023478
58 0.0256545462882297
58.1 0.0273648493741117
58.2 0.0290751524599937
58.3 0.0307854555458757
58.4 0.0330088495575221
58.5 0.0328870042608981
58.6 0.032765158964274
58.7 0.0326433136676499
58.8 0.0325214683710259
58.9 0.0323996230744018
59 0.0322777777777778
59.1 0.0321416801416801
59.2 0.0320055825055825
59.3 0.0318694848694849
59.4 0.0317333872333872
59.5 0.0315972895972896
59.6 0.031461191961192
59.7 0.0313250943250943
59.8 0.0312162162162162
59.9 0.031083810338723
60 0.088044664894627
60.1 0.080180107032722
60.2 0.072315549170817
60.3 0.064450991308912
60.4 0.056586433447007
60.5 0.0487218755851021
60.6 0.0408573177231971
60.7 0.0329927598612921
60.8 0.0219823788546256
60.9 0.0494704521001244
61 0.0769585253456221
61.1 0.071889400921659
61.2 0.0649464624559501
61.3 0.0580035239902412
61.4 0.0510605855245322
61.5 0.0441176470588235
61.6 0.0375654314589273
61.7 0.0310132158590308
61.8 0.0443018508657277
61.9 0.0575904858724246
62 0.0708791208791209
62.1 0.0602493943520567
62.2 0.0496196678249925
62.3 0.0389899412979282
62.4 0.0283602147708638
62.5 0.0219877767548424
62.6 0.0180090497737557
62.7 0.018
62.8 0.0180033517680577
62.9 0.0180067035361153
63 0.0972048539695604
63.1 0.117766960399105
63.2 0.13832906682865
63.3 0.158891173258194
63.4 0.179453279687739
63.5 0.200015386117283
63.6 0.220577492546828
63.7 0.241139598976373
63.8 0.277597911937986
63.9 0.314056224899598
64 0.312160637017479
64.1 0.309885931558935
64.2 0.203181818181818
64.3 0.0601063829787234
64.4 0.166926173309156
64.5 0.273745963639584
64.6 0.337837837837838
64.7 0.276068595769681
64.8 0.265873015873016
64.9 0.178316942719112
65 0.0907608695652174
65.1 0.138531816453292
65.2 0.186302763341366
65.3 0.268578210965122
65.4 0.383763837638376
65.5 0.147761194029851
65.6 0.152040816326531
65.7 0.237669718093002
65.8 0.306172839506173
65.9 0.198466854535689
66 0.0907608695652174
66.1 0.154329529758593
66.2 0.217898189951968
66.3 0.28146685014534
66.4 0.325964912280702
66.5 0.310894941634241
66.6 0.273929961089492
66.7 0.236964980544744
66.8 0.2
66.9 0.303933518005546
67 0.365204293628814
67.1 0.426475069252085
67.2 0.5
67.3 0.449065420560747
67.4 0.398130841121492
67.5 0.347196261682243
67.6 0.117989417989418
67.7 0.131042568542569
67.8 0.144095719095719
67.9 0.157148869648871
68 0.17020202020202
68.1 0.468553459119497
68.2 0.447405471918465
68.3 0.432601880877743
68.4 0.387418700377932
68.5 0.342235519878123
68.6 0.297052339378311
68.7 0.251869158878505
68.8 0.268172331792331
68.9 0.284475504706157
69 0.300778677619984
69.1 0.317081850533808
69.2 0.319197572476454
69.3 0.227830188679245
69.4 0.243300640013299
69.5 0.258771091347353
69.6 0.274241542681407
69.7 0.289711994015461
69.8 0.305182445349514
69.9 0.320652896683569
70 0.336123348017621
70.1 0.330716860232279
70.2 0.325310372446936
70.3 0.319903884661594
70.4 0.314497396876251
70.5 0.309090909090909
70.6 0.287354558240633
70.7 0.205045871559633
70.8 0.243881856540084
70.9 0.257940928270043
71 0.272
71.1 0.296074626865673
71.2 0.320149253731343
71.3 0.314592893139481
71.4 0.309036532547618
71.5 0.303480171955755
71.6 0.254731538969328
71.7 0.223815450999916
71.8 0.230360106452339
71.9 0.236904761904762
72 0.294293359545656
72.1 0.351681957186544
72.2 0.380386433138728
72.3 0.409090909090909
72.4 0.438538205980066
72.5 0.401352928549394
72.6 0.367886178861789
72.7 0.451492537313433
72.8 0.473498233215548
72.9 0.416088246154954
73 0.365467689734174
73.1 0.410491851984527
73.2 0.455516014234875
73.3 0.487084870848708
73.4 0.471947194719472
73.5 0.454671608239661
73.6 0.43739602175985
73.7 0.4149377593361
73.8 0.426168224299065
73.9 0.41777251355717
74 0.4112619924141
74.1 0.425019490034815
74.2 0.559375
74.3 0.524893292682927
74.4 0.505160651227724
74.5 0.478059408045061
74.6 0.457788944723618
74.7 0.510703363914373
74.8 0.474885844748858
74.9 0.54746835443038
75 0.525708667046999
75.1 0.509803921568628
75.2 0.4
75.3 0.557142857142857
75.4 0.549486334560961
75.5 0.495980410447756
75.6 0.583916083916084
75.7 0.603715170278638
75.8 0.501018267045681
75.9 0.40782941754376
76 0.380468749999978
76.1 0.317593698320685
76.2 0.388311688311688
76.3 0.434041022109211
76.4 0.542069350414481
76.5 0.490196078431373
76.6 0.541526610644261
76.7 0.583166922683052
76.8 0.553435114503817
76.9 0.413081193615537
77 0.272727272727273
77.1 0.457075471698113
77.2 0.363128491620112
77.3 0.555394303086255
77.4 0.531914893617021
77.5 0.620220800549732
77.6 0.329032258064516
77.7 0.31283545676335
77.8 0.296638655462185
77.9 0.313703943115709
78 0.319857458835095
78.1 0.453943434562143
78.2 0.601024424620563
78.3 0.624
78.4 0.458791208791209
78.5 0.447142857142857
78.6 0.3056
78.7 0.31399751552795
78.8 0.319875776397516
78.9 0.597701149425287
79 0.254228855721393
79.1 0.35
79.2 0.505376344086022
79.3 0.369230769230769
79.4 0.440196078431373
79.5 0.256338028169014
79.6 0.319447102604998
79.7 0.444313442016156
79.8 0.498220640569395
79.9 0.278
80 0.258078602620087
80.1 0.35
80.2 0.266935483870963
80.3 0.183870967741935
80.4 0.285666326083791
80.5 0.317187835420394
80.6 0.376344086021505
80.7 0.3994708994709
80.8 0.321138211382114
80.9 0.299594941099233
81 0.273743016759777
81.1 0.338862559241706
81.2 0.214815895005461
81.3 0.0907692307692308
81.4 0.322429906542056
81.5 0.28884533009825
81.6 0.241826923076923
81.7 0.308968609865471
81.8 0.301760076607166
81.9 0.231450729621243
82 0.17520325203252
82.1 0.197041420118343
82.2 0.220744680851064
82.3 0.07
82.4 0.0782782672540388
82.5 0.0955444779349248
82.6 0.0800724637681159
82.7 0.0748953974895397
82.8 0.0360881542699725
82.9 0.0370063694267516
83 0.0309905660377358
83.1 0.03
83.2 0.0260185185185185
83.3 0.025
83.4 0.02
83.5 0.02
83.6 0.0139940828402367
83.7 0.0132031723932176
83.8 0.0120168067226891
83.9 0.00900840336134437
84 0.006
84.1 0.0109941520467836
84.2 0.0104970760233918
84.3 0.01
84.4 0.01
84.5 0.0109714285714286
84.6 0.00855813953488369
84.7 0.008
84.8 0.00750032163303808
84.9 0.006996336996337
85 0.00700168962492906
85.1 0.00700704225352113
85.2 0.00601532567049808
85.3 0.00599221789883268
85.4 0.00599616815409654
85.5 0.00553249015451808
85.6 0.00497607655502392
85.7 0.005
85.8 0.0047174129353234
85.9 0.004
86 0.00233201581027684
86.1 0.001
86.2 0.001
86.3 0.000312499999999961
86.4 0.000117187499999981
86.5 0
86.6 0
86.7 0
86.8 0
86.9 0
87 0
87.1 0
87.2 0
87.3 0
87.4 0
87.5 0
87.6 0
87.7 0
87.8 0
87.9 0
88 0
88.1 0
88.2 0
88.3 0
88.4 0
88.5 0
88.6 0
88.7 0
88.8 0
88.9 0
89 0
89.1 0
89.2 0
89.3 0
89.4 0
89.5 0
89.6 0
89.7 0
89.8 0
89.9 0
90 0
90.1 0
90.2 0
90.3 0
90.4 0
90.5 0
90.6 0
90.7 0
90.8 0
90.9 0
91 0
91.1 0
91.2 0
91.3 0
91.4 0
91.5 0
91.6 0
91.7 0
91.8 0
91.9 0
92 0
92.1 0
92.2 0
92.3 0
92.4 0
92.5 0
92.6 0
92.7 0
92.8 0
92.9 0
93 0
93.1 0
93.2 0
93.3 0
93.4 0
93.5 0
93.6 0
93.7 0
93.8 0
93.9 0
94 0
94.1 0
94.2 0
94.3 0
94.4 0
94.5 0
94.6 0
94.7 0
94.8 0
94.9 0
95 0
95.1 0
95.2 0
95.3 0
95.4 0
95.5 0
95.6 0
95.7 0
95.8 0
95.9 0
96 0
96.1 0
96.2 0
96.3 0
96.4 0
96.5 0
96.6 0
96.7 0
96.8 0
96.9 0
97 0
97.1 0
97.2 0
97.3 0
97.4 0
97.5 0
97.6 0
97.7 0
97.8 0
97.9 0
98 0
98.1 0
98.2 0
98.3 0
98.4 0
98.5 0
98.6 0
98.7 0
98.8 0
98.9 0
99 0
99.1 0
99.2 0
99.3 0
99.4 0
99.5 0
99.6 0
99.7 0
99.8 0
99.9 0
100 0
100.1 0
100.2 0
100.3 0
100.4 0
100.5 0
100.6 0
100.7 0
100.8 0
100.9 0
101 0
101.1 0
101.2 0
101.3 0
101.4 0
101.5 0
101.6 0
101.7 0
101.8 0
101.9 0
102 0
102.1 0
102.2 0
102.3 0
102.4 0
102.5 0
102.6 0
102.7 0
102.8 0
102.9 0
103 0
103.1 0
103.2 0
103.3 0
103.4 0
103.5 0
103.6 0
103.7 0
103.8 0
