0 0
0.1 0
0.2 0
0.3 0
0.4 0
0.5 0
0.6 0
0.7 0
0.8 0
0.9 0
1 0
1.1 0
1.2 0
1.3 0
1.4 0
1.5 0
1.6 0
1.7 0
1.8 0
1.9 0
2 0
2.1 0
2.2 0
2.3 0
2.4 0
2.5 0
2.6 0
2.7 0
2.8 0
2.9 0
3 0
3.1 0
3.2 0
3.3 0
3.4 0
3.5 0
3.6 0
3.7 0
3.8 0
3.9 0
4 0
4.1 0
4.2 0
4.3 0
4.4 0
4.5 0
4.6 0
4.7 0
4.8 0
4.9 0
5 0
5.1 0
5.2 0
5.3 0
5.4 0
5.5 0
5.6 0
5.7 0
5.8 0
5.9 0
6 0
6.1 0
6.2 0
6.3 0
6.4 0
6.5 0
6.6 0
6.7 0
6.8 0
6.9 0
7 0
7.1 0
7.2 0
7.3 0
7.4 0
7.5 0
7.6 0
7.7 0
7.8 0
7.9 0
8 0
8.1 0
8.2 0
8.3 0
8.4 0
8.5 0
8.6 0
8.7 0
8.8 0
8.9 0
9 0
9.1 0
9.2 0
9.3 0
9.4 0
9.5 0
9.6 0
9.7 0
9.8 0
9.9 0
10 0
10.1 0
10.2 0
10.3 0
10.4 0
10.5 0
10.6 0
10.7 0
10.8 0
10.9 0
11 0
11.1 0
11.2 0
11.3 0
11.4 0
11.5 0
11.6 0
11.7 0
11.8 0
11.9 0
12 0
12.1 0
12.2 0
12.3 0
12.4 0
12.5 0
12.6 0
12.7 0
12.8 0
12.9 0
13 0
13.1 0
13.2 0
13.3 0
13.4 0
13.5 0
13.6 0
13.7 0
13.8 0
13.9 0
14 0
14.1 0
14.2 0
14.3 0
14.4 0
14.5 0
14.6 0
14.7 0
14.8 0
14.9 0
15 0
15.1 0
15.2 0
15.3 0
15.4 0
15.5 0
15.6 0
15.7 0
15.8 0
15.9 0
16 0
16.1 0
16.2 0
16.3 0
16.4 0
16.5 0
16.6 0
16.7 0
16.8 0
16.9 0
17 0
17.1 0
17.2 0
17.3 0
17.4 0
17.5 0
17.6 0
17.7 0
17.8 0
17.9 0
18 0
18.1 0
18.2 0
18.3 0
18.4 0
18.5 0
18.6 0
18.7 0
18.8 0
18.9 0
19 0
19.1 0
19.2 0
19.3 0
19.4 0
19.5 0
19.6 0
19.7 0
19.8 0
19.9 0
20 0
20.1 0
20.2 0
20.3 0
20.4 0
20.5 0
20.6 0
20.7 0
20.8 0
20.9 0
21 0
21.1 0
21.2 0
21.3 0
21.4 0
21.5 0
21.6 0
21.7 0
21.8 0
21.9 0
22 0
22.1 0
22.2 0
22.3 0
22.4 0
22.5 0
22.6 0
22.7 0
22.8 0
22.9 0
23 0
23.1 0
23.2 0
23.3 0
23.4 0
23.5 0
23.6 0
23.7 0
23.8 0
23.9 0
24 0
24.1 0
24.2 0
24.3 0
24.4 0
24.5 0
24.6 0
24.7 0
24.8 0
24.9 0
25 0
25.1 0
25.2 0
25.3 0
25.4 0
25.5 0
25.6 0
25.7 0
25.8 0
25.9 0
26 0
26.1 0
26.2 0
26.3 0
26.4 0
26.5 0
26.6 0
26.7 0
26.8 0
26.9 0
27 0
27.1 0
27.2 0
27.3 0
27.4 0
27.5 0
27.6 0
27.7 0
27.8 0
27.9 0
28 0
28.1 0
28.2 0
28.3 0
28.4 0
28.5 0
28.6 0
28.7 0
28.8 0
28.9 0
29 0
29.1 0
29.2 0
29.3 0
29.4 0
29.5 0
29.6 0
29.7 0
29.8 0
29.9 0
30 0
30.1 0
30.2 0
30.3 0
30.4 0
30.5 0
30.6 0
30.7 0
30.8 0
30.9 0
31 0
31.1 0
31.2 0
31.3 0
31.4 0
31.5 0
31.6 0
31.7 0
31.8 0
31.9 0
32 0
32.1 0
32.2 0
32.3 0
32.4 0
32.5 0
32.6 0
32.7 0
32.8 0
32.9 0
33 0
33.1 0
33.2 0
33.3 0
33.4 0
33.5 0
33.6 0
33.7 0
33.8 0
33.9 0
34 0
34.1 0
34.2 0
34.3 0
34.4 0
34.5 0
34.6 0
34.7 0
34.8 0
34.9 0
35 0
35.1 0
35.2 0
35.3 0
35.4 0
35.5 0
35.6 0
35.7 0
35.8 0
35.9 0
36 0
36.1 0
36.2 0
36.3 0
36.4 0
36.5 0
36.6 0
36.7 0
36.8 0
36.9 0
37 0
37.1 0
37.2 0
37.3 0
37.4 0
37.5 0
37.6 0
37.7 0
37.8 0
37.9 0
38 0
38.1 0
38.2 0
38.3 0
38.4 0
38.5 0
38.6 0
38.7 0
38.8 0
38.9 0
39 0
39.1 0
39.2 0
39.3 0
39.4 0
39.5 0
39.6 0
39.7 0
39.8 0
39.9 0
40 0
40.1 0
40.2 0
40.3 0
40.4 0
40.5 0
40.6 0
40.7 0
40.8 0
40.9 0
41 0
41.1 0
41.2 0
41.3 0
41.4 0
41.5 0
41.6 0
41.7 0
41.8 0
41.9 0
42 0
42.1 0
42.2 0
42.3 0
42.4 0
42.5 0
42.6 0
42.7 0
42.8 0
42.9 0
43 0
43.1 0
43.2 0
43.3 0
43.4 0
43.5 0
43.6 0
43.7 0
43.8 0
43.9 0
44 0
44.1 0
44.2 0
44.3 0
44.4 0
44.5 0
44.6 0
44.7 0
44.8 0
44.9 0
45 0
45.1 0
45.2 0
45.3 0
45.4 0
45.5 0
45.6 0
45.7 0
45.8 0
45.9 0
46 0
46.1 0
46.2 0
46.3 0
46.4 0
46.5 0
46.6 0
46.7 0
46.8 0
46.9 0
47 0
47.1 0
47.2 0
47.3 0
47.4 0
47.5 0
47.6 0
47.7 0
47.8 0
47.9 0
48 0
48.1 0
48.2 0
48.3 0
48.4 0
48.5 0
48.6 0
48.7 0
48.8 0
48.9 0
49 0
49.1 0
49.2 0
49.3 0
49.4 0
49.5 0
49.6 0
49.7 0
49.8 0
49.9 0
50 0
50.1 0
50.2 0
50.3 0
50.4 0
50.5 0
50.6 0
50.7 0
50.8 0
50.9 0
51 0
51.1 0.00208333333333333
51.2 0.00416666666666667
51.3 0.00625
51.4 0.00833333333333335
51.5 0.0104166666666667
51.6 0.0125
51.7 0.0145833333333333
51.8 0.0166666666666667
51.9 0.01875
52 0.02
52.1 0.0268181818181816
52.2 0.035
52.3 0.0310526315789473
52.4 0.0271052631578946
52.5 0.023157894736842
52.6 0.02
52.7 0.0213636363636364
52.8 0.0227272727272727
52.9 0.0240909090909091
53 0.0254545454545454
53.1 0.0268181818181818
53.2 0.0281818181818182
53.3 0.0295454545454545
53.4 0.0309090909090909
53.5 0.0322727272727273
53.6 0.0336363636363636
53.7 0.035
53.8 0.0353067484662577
53.9 0.0356134969325153
54 0.035920245398773
54.1 0.0362269938650307
54.2 0.0365337423312883
54.3 0.036840490797546
54.4 0.0371472392638037
54.5 0.0374539877300614
54.6 0.037760736196319
54.7 0.0380674846625767
54.8 0.0383742331288344
54.9 0.038680981595092
55 0.0389877300613497
55.1 0.0392944785276074
55.2 0.039601226993865
55.3 0.04
55.4 0.0549407114624506
55.5 0.0459568730781483
55.6 0.0445597663185407
55.7 0.0431626595589331
55.8 0.0417655527993254
55.9 0.0403684460397178
56 0.0389713392801102
56.1 0.0375742325205026
56.2 0.0361771257608949
56.3 0.0347800190012873
56.4 0.0333829122416797
56.5 0.0319858054820721
56.6 0.0305886987224644
56.7 0.0291915919628568
56.8 0.0277944852032492
56.9 0.0263973784436416
57 0.0250002716840339
57.1 0.0236031649244263
57.2 0.0222060581648187
57.3 0.0208089514052111
57.4 0.0194118446456034
57.5 0.0180147378859958
57.6 0.0166176311263882
57.7 0.0152205243667806
57.8 0.0138234176071729
57.9 0.0124263108475653
58 0.0110292040879577
58.1 0.00963209732835007
58.2 0.00823499056874244
58.3 0.00683788380913481
58.4 0.00502164502164502
58.5 0.00683167074471423
58.6 0.00864169646778344
58.7 0.0104517221908527
58.8 0.0122617479139219
58.9 0.0140717736369911
59 0.0158817993600603
59.1 0.0176918250831295
59.2 0.0195018508061987
59.3 0.0213118765292679
59.4 0.0231219022523371
59.5 0.0249319279754063
59.6 0.0267419536984755
59.7 0.0285519794215448
59.8 0.03
59.9 0.0400961538461541
60 0.0442511867694349
60.1 0.0395784264397403
60.2 0.0349056661100456
60.3 0.0302329057803509
60.4 0.0255601454506563
60.5 0.0208873851209616
60.6 0.016214624791267
60.7 0.0115418644615723
60.8 0.005
60.9 0.005
61 0.005
61.1 0.01
61.2 0.0116666666666667
61.3 0.0133333333333333
61.4 0.015
61.5 0.0166666666666666
61.6 0.0183333333333333
61.7 0.02
61.8 0.0213103448275862
61.9 0.0226206896551724
62 0.0239310344827586
62.1 0.0252503748125937
62.2 0.0265697151424288
62.3 0.0278890554722639
62.4 0.029208395802099
62.5 0.03
62.6 0.02
62.7 0.0227027027027027
62.8 0.0254054054054054
62.9 0.0281081081081081
63 0.0310972203750499
63.1 0.0348922602423068
63.2 0.0386873001095637
63.3 0.0424823399768207
63.4 0.0462773798440776
63.5 0.0500724197113345
63.6 0.0538674595785914
63.7 0.0576624994458483
63.8 0.0614575393131053
63.9 0.0652525791803622
64 0.0690476190476191
64.1 0.0728231292517007
64.2 0.0765986394557824
64.3 0.080374149659864
64.4 0.0841496598639457
64.5 0.0879251700680274
64.6 0.0917006802721091
64.7 0.0954761904761907
64.8 0.0992517006802723
64.9 0.103027210884354
65 0.106802721088435
65.1 0.110602735717943
65.2 0.114402750347451
65.3 0.118202764976959
65.4 0.122002779606466
65.5 0.125802794235974
65.6 0.129602808865482
65.7 0.13340282349499
65.8 0.137202838124497
65.9 0.141002852754005
66 0.144802867383513
66.1 0.148603123631587
66.2 0.152403379879661
66.3 0.156203636127735
66.4 0.160003892375809
66.5 0.163804148623883
66.6 0.167604404871957
66.7 0.171404661120031
66.8 0.175204917368105
66.9 0.17900517361618
67 0.182805429864253
67.1 0.18781512605042
67.2 0.177259470096282
67.3 0.166703814142144
67.4 0.155092592592593
67.5 0.21011673151751
67.6 0.205403163739946
67.7 0.200689595962383
67.8 0.19597602818482
67.9 0.191262460407257
68 0.187962962962963
68.1 0.183227465214761
68.2 0.178965517241379
68.3 0.134262333853649
68.4 0.0895591504659165
68.5 0.0448559670781893
68.6 0.0442764354577584
68.7 0.0681093450189696
68.8 0.0919422545801805
68.9 0.115775164141392
69 0.139608073702603
69.1 0.161057692307692
69.2 0.16025049031079
69.3 0.159443288313888
69.4 0.158636086316986
69.5 0.157909604519774
69.6 0.173134406304895
69.7 0.188359208090016
69.8 0.203584009875137
69.9 0.218808811660258
70 0.234033613445378
70.1 0.235057129571196
70.2 0.236080645697014
70.3 0.237104161822832
70.4 0.23812767794865
70.5 0.239151194074468
70.6 0.240174710200286
70.7 0.241198226326104
70.8 0.242221742451922
70.9 0.24324525857774
71 0.244268774703557
71.1 0.245309298303556
71.2 0.246349821903555
71.3 0.247390345503553
71.4 0.248430869103552
71.5 0.24978354978355
71.6 0.255385308050553
71.7 0.260987066317557
71.8 0.266588824584561
71.9 0.272190582851564
72 0.277792341118568
72.1 0.285074626865672
72.2 0.235879411496488
72.3 0.167006109979633
72.4 0.193308872282144
72.5 0.219611634584653
72.6 0.24591439688716
72.7 0.258182098162643
72.8 0.270449799438126
72.9 0.273153732680272
73 0.288851351351351
73.1 0.287224056117186
73.2 0.28559676088302
73.3 0.283969465648855
73.4 0.250686512719454
73.5 0.22406015037594
73.6 0.153181818181818
73.7 0.0739116883116878
73.8 0.0407198283985729
73.9 0.166125496999761
74 0.253909465020576
74.1 0.0465
74.2 0.139169526143793
74.3 0.194771241830065
74.4 0.104946996466431
74.5 0.411067193675889
74.6 0.38100529495115
74.7 0.432171065566542
74.8 0.182173532988751
74.9 0.519713261648746
75 0.393939393939394
75.1 0.691358024691358
75.2 0.263694267515924
75.3 0.397651775486828
75.4 0.32495164410058
75.5 0.328047909537271
75.6 0.420468925607424
75.7 0.402000287294438
75.8 0.425991189427313
75.9 0.236389950945022
76 0.370027195027195
76.1 0.448877805486284
76.2 0.535463102386308
76.3 0.337499999999989
76.4 0.216861075635027
76.5 0.258774617438673
76.6 0.189913624508806
76.7 0.121052631578947
76.8 0.4
76.9 0.330196078431369
77 0.421814329523276
77.1 0.385110747142456
77.2 0.559241706161137
77.3 0.417120853080561
77.4 0.275
77.5 0.6
77.6 0.575692963752664
77.7 0.551385927505328
77.8 0.514925373134328
77.9 0.428122545168885
78 0.480262355094563
78.1 0.191946308724832
78.2 0.33432666373958
78.3 0.547897196261682
78.4 0.48970190235586
78.5 0.419867549668874
78.6 0.442953020134228
78.7 0.247091307933848
78.8 0.266987265544104
78.9 0.393927375118571
79 0.518638556744279
79.1 0.399551386689347
79.2 0.280464216634429
79.3 0.795121951219512
79.4 0.831523239760702
79.5 0.867924528301887
79.6 0.911949685534594
79.7 0.955974842767299
79.8 1
79.9 1
80 1
80.1 1
80.2 1
80.3 1
80.4 1
80.5 1
80.6 1
80.7 1
80.8 1
80.9 1
81 1
81.1 1
81.2 1
81.3 1
81.4 1
81.5 1
81.6 1
81.7 1
81.8 1
81.9 1
82 1
82.1 1
82.2 1
82.3 1
82.4 1
82.5 1
82.6 1
82.7 1
82.8 1
82.9 1
83 1
83.1 1
83.2 1
83.3 1
83.4 1
83.5 1
83.6 1
83.7 1
83.8 1
83.9 1
84 1
84.1 1
84.2 1
84.3 1
84.4 1
84.5 1
84.6 1
84.7 1
84.8 1
84.9 1
85 1
85.1 1
85.2 1
85.3 1
85.4 1
85.5 1
85.6 1
85.7 1
85.8 1
85.9 1
86 1
86.1 1
86.2 1
86.3 1
86.4 1
86.5 1
86.6 1
86.7 1
86.8 1
86.9 1
87 1
87.1 1
87.2 1
87.3 1
87.4 1
87.5 1
87.6 1
87.7 1
87.8 1
87.9 1
88 1
88.1 1
88.2 1
88.3 1
88.4 1
88.5 1
88.6 1
88.7 1
88.8 1
88.9 1
89 1
89.1 1
89.2 1
89.3 1
89.4 1
89.5 1
89.6 1
89.7 1
89.8 1
89.9 1
90 1
90.1 1
90.2 1
90.3 1
90.4 1
90.5 1
90.6 1
90.7 1
90.8 1
90.9 1
91 1
91.1 1
91.2 1
91.3 1
91.4 1
91.5 1
91.6 1
91.7 1
91.8 1
91.9 1
92 1
92.1 1
92.2 1
92.3 1
92.4 1
92.5 1
92.6 1
92.7 1
92.8 1
92.9 1
93 1
93.1 1
93.2 1
93.3 1
93.4 1
93.5 1
93.6 1
93.7 1
93.8 1
93.9 1
94 1
94.1 1
94.2 1
94.3 1
94.4 1
94.5 1
94.6 1
94.7 1
94.8 1
94.9 1
95 1
95.1 1
95.2 1
95.3 1
95.4 1
95.5 1
95.6 1
95.7 1
95.8 1
95.9 1
96 1
96.1 1
96.2 1
96.3 1
96.4 1
96.5 1
96.6 1
96.7 1
96.8 1
96.9 1
97 1
97.1 1
97.2 1
97.3 1
97.4 1
97.5 1
97.6 1
97.7 1
97.8 1
97.9 1
98 1
98.1 1
98.2 1
98.3 1
98.4 1
98.5 1
98.6 1
98.7 1
98.8 1
98.9 1
99 1
99.1 1
99.2 1
99.3 1
99.4 1
99.5 1
99.6 1
99.7 1
99.8 1
99.9 1
100 1
100.1 1
100.2 1
100.3 1
100.4 1
100.5 1
100.6 1
100.7 1
100.8 1
100.9 1
101 1
101.1 1
101.2 1
101.3 1
101.4 1
101.5 1
101.6 1
101.7 1
101.8 1
101.9 1
102 1
102.1 1
102.2 1
102.3 1
102.4 1
102.5 1
102.6 1
102.7 1
102.8 1
102.9 1
103 1
103.1 1
103.2 1
103.3 1
103.4 1
103.5 1
103.6 1
103.7 1
103.8 1
