0 6e-23
0.1 6e-23
0.2 4.14372413793103e-20
0.3 8.28144827586207e-20
0.4 1.24191724137931e-19
0.5 1.65568965517241e-19
0.6 2.06946206896552e-19
0.7 2.48323448275862e-19
0.8 2.89700689655172e-19
0.9 3.31077931034483e-19
1 3.72455172413793e-19
1.1 4.13832413793104e-19
1.2 4.55209655172414e-19
1.3 4.96586896551724e-19
1.4 5.37964137931035e-19
1.5 5.79341379310345e-19
1.6 6.20718620689655e-19
1.7 6.62095862068966e-19
1.8 7.03473103448276e-19
1.9 7.44850344827586e-19
2 7.86227586206897e-19
2.1 8.27604827586207e-19
2.2 8.68982068965517e-19
2.3 9.10359310344828e-19
2.4 9.51736551724138e-19
2.5 9.93113793103448e-19
2.6 1.03449103448276e-18
2.7 1.07586827586207e-18
2.8 1.11724551724138e-18
2.9 1.15862275862069e-18
3 1.2e-18
3.1 5e-19
3.2 5.6e-19
3.3 6.2e-19
3.4 6.8e-19
3.5 7.4e-19
3.6 8e-19
3.7 8.6e-19
3.8 9.2e-19
3.9 9.8e-19
4 1.04e-18
4.1 1.1e-18
4.2 6.09999999999998e-19
4.3 1.2e-19
4.4 1.28571428571429e-19
4.5 1.37142857142857e-19
4.6 1.45714285714286e-19
4.7 1.54285714285714e-19
4.8 1.62857142857143e-19
4.9 1.71428571428572e-19
5 1.8e-19
5.1 1.948e-19
5.2 2.096e-19
5.3 2.244e-19
5.4 2.392e-19
5.5 2.54e-19
5.6 2.688e-19
5.7 2.836e-19
5.8 2.984e-19
5.9 3.132e-19
6 3.28e-19
6.1 3.428e-19
6.2 3.576e-19
6.3 3.724e-19
6.4 3.872e-19
6.5 4.02e-19
6.6 4.168e-19
6.7 4.316e-19
6.8 4.464e-19
6.9 4.612e-19
7 4.76e-19
7.1 4.908e-19
7.2 5.056e-19
7.3 5.204e-19
7.4 5.352e-19
7.5 5.5e-19
7.6 5.648e-19
7.7 5.796e-19
7.8 5.944e-19
7.9 6.092e-19
8 6.24e-19
8.1 6.388e-19
8.2 6.536e-19
8.3 6.684e-19
8.4 6.832e-19
8.5 6.98e-19
8.6 7.128e-19
8.7 7.276e-19
8.8 7.424e-19
8.9 7.572e-19
9 7.72e-19
9.1 7.868e-19
9.2 8.016e-19
9.3 8.164e-19
9.4 8.312e-19
9.5 8.46e-19
9.6 8.608e-19
9.7 8.756e-19
9.8 8.904e-19
9.9 9.052e-19
10 9.2e-19
10.1 9.473e-19
10.2 9.746e-19
10.3 1.0019e-18
10.4 1.0292e-18
10.5 1.0565e-18
10.6 1.0838e-18
10.7 1.1111e-18
10.8 1.1384e-18
10.9 1.1657e-18
11 1.193e-18
11.1 1.2203e-18
11.2 1.2476e-18
11.3 1.2749e-18
11.4 1.3022e-18
11.5 1.3295e-18
11.6 1.3568e-18
11.7 1.3841e-18
11.8 1.4114e-18
11.9 1.4387e-18
12 1.466e-18
12.1 1.4933e-18
12.2 1.5206e-18
12.3 1.5479e-18
12.4 1.5752e-18
12.5 1.6025e-18
12.6 1.6298e-18
12.7 1.6571e-18
12.8 1.6844e-18
12.9 1.7117e-18
13 1.739e-18
13.1 1.7663e-18
13.2 1.7936e-18
13.3 1.8209e-18
13.4 1.8482e-18
13.5 1.8755e-18
13.6 1.9028e-18
13.7 1.9301e-18
13.8 1.9574e-18
13.9 1.9847e-18
14 2.012e-18
14.1 2.0393e-18
14.2 2.0666e-18
14.3 2.0939e-18
14.4 2.1212e-18
14.5 2.1485e-18
14.6 2.1758e-18
14.7 2.2031e-18
14.8 2.2304e-18
14.9 2.2577e-18
15 2.285e-18
15.1 2.3123e-18
15.2 2.3396e-18
15.3 2.3669e-18
15.4 2.3942e-18
15.5 2.4215e-18
15.6 2.4488e-18
15.7 2.4761e-18
15.8 2.5034e-18
15.9 2.5307e-18
16 2.558e-18
16.1 2.5853e-18
16.2 2.6126e-18
16.3 2.6399e-18
16.4 2.6672e-18
16.5 2.6945e-18
16.6 2.7218e-18
16.7 2.7491e-18
16.8 2.7764e-18
16.9 2.8037e-18
17 2.831e-18
17.1 2.8583e-18
17.2 2.8856e-18
17.3 2.9129e-18
17.4 2.9402e-18
17.5 2.9675e-18
17.6 2.9948e-18
17.7 3.0221e-18
17.8 3.0494e-18
17.9 3.0767e-18
18 3.104e-18
18.1 3.1313e-18
18.2 3.1586e-18
18.3 3.1859e-18
18.4 3.2132e-18
18.5 3.2405e-18
18.6 3.2678e-18
18.7 3.2951e-18
18.8 3.3224e-18
18.9 3.3497e-18
19 3.377e-18
19.1 3.4043e-18
19.2 3.4316e-18
19.3 3.4589e-18
19.4 3.4862e-18
19.5 3.5135e-18
19.6 3.5408e-18
19.7 3.5681e-18
19.8 3.5954e-18
19.9 3.6227e-18
20 3.65e-18
20.1 3.6868e-18
20.2 3.7236e-18
20.3 3.7604e-18
20.4 3.7972e-18
20.5 3.834e-18
20.6 3.8708e-18
20.7 3.9076e-18
20.8 3.9444e-18
20.9 3.9812e-18
21 4.018e-18
21.1 4.0548e-18
21.2 4.0916e-18
21.3 4.1284e-18
21.4 4.1652e-18
21.5 4.202e-18
21.6 4.23879999999999e-18
21.7 4.2756e-18
21.8 4.31239999999999e-18
21.9 4.3492e-18
22 4.38599999999999e-18
22.1 4.42279999999999e-18
22.2 4.4596e-18
22.3 4.4964e-18
22.4 4.5332e-18
22.5 4.56999999999999e-18
22.6 4.6068e-18
22.7 4.6436e-18
22.8 4.6804e-18
22.9 4.7172e-18
23 4.754e-18
23.1 4.7908e-18
23.2 4.8276e-18
23.3 4.8644e-18
23.4 4.9012e-18
23.5 4.938e-18
23.6 4.9748e-18
23.7 5.0116e-18
23.8 5.0484e-18
23.9 5.0852e-18
24 5.122e-18
24.1 5.1588e-18
24.2 5.1956e-18
24.3 5.2324e-18
24.4 5.2692e-18
24.5 5.306e-18
24.6 5.3428e-18
24.7 5.3796e-18
24.8 5.4164e-18
24.9 5.4532e-18
25 5.49e-18
25.1 5.5268e-18
25.2 5.5636e-18
25.3 5.6004e-18
25.4 5.6372e-18
25.5 5.674e-18
25.6 5.7108e-18
25.7 5.7476e-18
25.8 5.7844e-18
25.9 5.8212e-18
26 5.858e-18
26.1 5.8948e-18
26.2 5.9316e-18
26.3 5.9684e-18
26.4 6.0052e-18
26.5 6.042e-18
26.6 6.0788e-18
26.7 6.1156e-18
26.8 6.1524e-18
26.9 6.1892e-18
27 6.226e-18
27.1 6.2628e-18
27.2 6.2996e-18
27.3 6.3364e-18
27.4 6.3732e-18
27.5 6.41e-18
27.6 6.4468e-18
27.7 6.4836e-18
27.8 6.5204e-18
27.9 6.5572e-18
28 6.594e-18
28.1 6.6308e-18
28.2 6.6676e-18
28.3 6.7044e-18
28.4 6.7412e-18
28.5 6.778e-18
28.6 6.8148e-18
28.7 6.8516e-18
28.8 6.8884e-18
28.9 6.9252e-18
29 6.962e-18
29.1 6.9988e-18
29.2 7.0356e-18
29.3 7.0724e-18
29.4 7.1092e-18
29.5 7.146e-18
29.6 7.1828e-18
29.7 7.2196e-18
29.8 7.2564e-18
29.9 7.2932e-18
30 7.33e-18
30.1 7.3687e-18
30.2 7.4074e-18
30.3 7.4461e-18
30.4 7.4848e-18
30.5 7.5235e-18
30.6 7.5622e-18
30.7 7.6009e-18
30.8 7.6396e-18
30.9 7.6783e-18
31 7.717e-18
31.1 7.7557e-18
31.2 7.7944e-18
31.3 7.8331e-18
31.4 7.8718e-18
31.5 7.9105e-18
31.6 7.94919999999999e-18
31.7 7.98789999999999e-18
31.8 8.02659999999999e-18
31.9 8.06529999999999e-18
32 8.10399999999999e-18
32.1 8.14269999999999e-18
32.2 8.18139999999999e-18
32.3 8.22009999999999e-18
32.4 8.25879999999999e-18
32.5 8.29749999999999e-18
32.6 8.33619999999999e-18
32.7 8.37489999999999e-18
32.8 8.41359999999999e-18
32.9 8.45229999999999e-18
33 8.49099999999999e-18
33.1 8.52969999999999e-18
33.2 8.56839999999999e-18
33.3 8.60709999999999e-18
33.4 8.64579999999999e-18
33.5 8.68449999999999e-18
33.6 8.72319999999999e-18
33.7 8.76189999999999e-18
33.8 8.80059999999999e-18
33.9 8.83929999999999e-18
34 8.87799999999999e-18
34.1 8.91669999999999e-18
34.2 8.95539999999999e-18
34.3 8.99409999999999e-18
34.4 9.03279999999998e-18
34.5 9.07149999999998e-18
34.6 9.11019999999998e-18
34.7 9.14889999999998e-18
34.8 9.18759999999998e-18
34.9 9.22629999999998e-18
35 9.26499999999998e-18
35.1 9.30369999999998e-18
35.2 9.34239999999998e-18
35.3 9.38109999999998e-18
35.4 9.41979999999998e-18
35.5 9.45849999999998e-18
35.6 9.49719999999998e-18
35.7 9.53589999999998e-18
35.8 9.57459999999998e-18
35.9 9.61329999999998e-18
36 9.65199999999998e-18
36.1 9.69069999999998e-18
36.2 9.72939999999998e-18
36.3 9.76809999999998e-18
36.4 9.80679999999998e-18
36.5 9.84549999999998e-18
36.6 9.88419999999998e-18
36.7 9.92289999999999e-18
36.8 9.96159999999999e-18
36.9 1.00003e-17
37 1.0039e-17
37.1 1.00777e-17
37.2 1.01164e-17
37.3 1.01551e-17
37.4 1.01938e-17
37.5 1.02325e-17
37.6 1.02712e-17
37.7 1.03099e-17
37.8 1.03486e-17
37.9 1.03873e-17
38 1.0426e-17
38.1 1.04647e-17
38.2 1.05034e-17
38.3 1.05421e-17
38.4 1.05808e-17
38.5 1.06195e-17
38.6 1.06582e-17
38.7 1.06969e-17
38.8 1.07356e-17
38.9 1.07743e-17
39 1.0813e-17
39.1 1.08517e-17
39.2 1.08904e-17
39.3 1.09291e-17
39.4 1.09678e-17
39.5 1.10065e-17
39.6 1.10452e-17
39.7 1.10839e-17
39.8 1.11226e-17
39.9 1.11613e-17
40 1.12e-17
40.1 1.125e-17
40.2 1.13e-17
40.3 1.135e-17
40.4 1.14e-17
40.5 1.145e-17
40.6 1.15e-17
40.7 1.155e-17
40.8 1.16e-17
40.9 1.165e-17
41 1.17e-17
41.1 1.175e-17
41.2 1.18e-17
41.3 1.185e-17
41.4 1.19e-17
41.5 1.195e-17
41.6 1.2e-17
41.7 1.205e-17
41.8 1.21e-17
41.9 1.215e-17
42 1.22e-17
42.1 1.225e-17
42.2 1.23e-17
42.3 1.235e-17
42.4 1.24e-17
42.5 1.245e-17
42.6 1.25e-17
42.7 1.255e-17
42.8 1.26e-17
42.9 1.265e-17
43 1.27e-17
43.1 1.275e-17
43.2 1.28e-17
43.3 1.285e-17
43.4 1.29e-17
43.5 1.295e-17
43.6 1.3e-17
43.7 1.305e-17
43.8 1.31e-17
43.9 1.315e-17
44 1.32e-17
44.1 1.325e-17
44.2 1.33e-17
44.3 1.335e-17
44.4 1.34e-17
44.5 1.345e-17
44.6 1.35e-17
44.7 1.355e-17
44.8 1.36e-17
44.9 1.365e-17
45 1.37e-17
45.1 1.375e-17
45.2 1.38e-17
45.3 1.385e-17
45.4 1.39e-17
45.5 1.395e-17
45.6 1.4e-17
45.7 1.405e-17
45.8 1.41e-17
45.9 1.415e-17
46 1.42e-17
46.1 1.425e-17
46.2 1.43e-17
46.3 1.435e-17
46.4 1.44e-17
46.5 1.445e-17
46.6 1.45e-17
46.7 1.455e-17
46.8 1.46e-17
46.9 1.465e-17
47 1.47e-17
47.1 1.475e-17
47.2 1.48e-17
47.3 1.485e-17
47.4 1.49e-17
47.5 1.495e-17
47.6 1.5e-17
47.7 1.505e-17
47.8 1.51e-17
47.9 1.515e-17
48 1.52e-17
48.1 1.525e-17
48.2 1.53e-17
48.3 1.535e-17
48.4 1.54e-17
48.5 1.545e-17
48.6 1.55e-17
48.7 1.555e-17
48.8 1.56e-17
48.9 1.565e-17
49 1.57e-17
49.1 1.575e-17
49.2 1.58e-17
49.3 1.585e-17
49.4 1.59e-17
49.5 1.595e-17
49.6 1.6e-17
49.7 1.605e-17
49.8 1.61e-17
49.9 1.615e-17
50 1.62e-17
50.1 1.6244e-17
50.2 1.6288e-17
50.3 1.6332e-17
50.4 1.6376e-17
50.5 1.642e-17
50.6 1.6464e-17
50.7 1.6508e-17
50.8 1.6552e-17
50.9 1.6596e-17
51 1.664e-17
51.1 1.6684e-17
51.2 1.6728e-17
51.3 1.6772e-17
51.4 1.6816e-17
51.5 1.686e-17
51.6 1.6904e-17
51.7 1.6948e-17
51.8 1.6992e-17
51.9 1.7036e-17
52 1.708e-17
52.1 1.7124e-17
52.2 1.7168e-17
52.3 1.7212e-17
52.4 1.7256e-17
52.5 1.73e-17
52.6 1.7344e-17
52.7 1.7388e-17
52.8 1.7432e-17
52.9 1.7476e-17
53 1.752e-17
53.1 1.7564e-17
53.2 1.7608e-17
53.3 1.7652e-17
53.4 1.7696e-17
53.5 1.774e-17
53.6 1.7784e-17
53.7 1.7828e-17
53.8 1.7872e-17
53.9 1.7916e-17
54 1.796e-17
54.1 1.8004e-17
54.2 1.8048e-17
54.3 1.8092e-17
54.4 1.8136e-17
54.5 1.818e-17
54.6 1.8224e-17
54.7 1.8268e-17
54.8 1.8312e-17
54.9 1.8356e-17
55 1.84e-17
55.1 1.8444e-17
55.2 1.8488e-17
55.3 1.8532e-17
55.4 1.8576e-17
55.5 1.862e-17
55.6 1.8664e-17
55.7 1.8708e-17
55.8 1.8752e-17
55.9 1.8796e-17
56 1.884e-17
56.1 1.8884e-17
56.2 1.8928e-17
56.3 1.8972e-17
56.4 1.9016e-17
56.5 1.906e-17
56.6 1.9104e-17
56.7 1.9148e-17
56.8 1.9192e-17
56.9 1.9236e-17
57 1.928e-17
57.1 1.9324e-17
57.2 1.9368e-17
57.3 1.9412e-17
57.4 1.9456e-17
57.5 1.95e-17
57.6 1.9544e-17
57.7 1.9588e-17
57.8 1.9632e-17
57.9 1.9676e-17
58 1.972e-17
58.1 1.9764e-17
58.2 1.9808e-17
58.3 1.9852e-17
58.4 1.9896e-17
58.5 1.994e-17
58.6 1.9984e-17
58.7 2.0028e-17
58.8 2.0072e-17
58.9 2.0116e-17
59 2.016e-17
59.1 2.0204e-17
59.2 2.0248e-17
59.3 2.0292e-17
59.4 2.0336e-17
59.5 2.038e-17
59.6 2.0424e-17
59.7 2.0468e-17
59.8 2.0512e-17
59.9 2.0556e-17
60 2.06e-17
60.1 2.0637e-17
60.2 2.0674e-17
60.3 2.0711e-17
60.4 2.0748e-17
60.5 2.0785e-17
60.6 2.0822e-17
60.7 2.0859e-17
60.8 2.0896e-17
60.9 2.0933e-17
61 2.097e-17
61.1 2.1007e-17
61.2 2.1044e-17
61.3 2.1081e-17
61.4 2.1118e-17
61.5 2.1155e-17
61.6 2.1192e-17
61.7 2.1229e-17
61.8 2.1266e-17
61.9 2.1303e-17
62 2.134e-17
62.1 2.1377e-17
62.2 2.1414e-17
62.3 2.1451e-17
62.4 2.1488e-17
62.5 2.1525e-17
62.6 2.1562e-17
62.7 2.1599e-17
62.8 2.1636e-17
62.9 2.1673e-17
63 2.171e-17
63.1 2.1747e-17
63.2 2.1784e-17
63.3 2.1821e-17
63.4 2.1858e-17
63.5 2.1895e-17
63.6 2.1932e-17
63.7 2.1969e-17
63.8 2.2006e-17
63.9 2.2043e-17
64 2.208e-17
64.1 2.2117e-17
64.2 2.2154e-17
64.3 2.2191e-17
64.4 2.2228e-17
64.5 2.2265e-17
64.6 2.2302e-17
64.7 2.2339e-17
64.8 2.2376e-17
64.9 2.2413e-17
65 2.245e-17
65.1 2.2487e-17
65.2 2.2524e-17
65.3 2.2561e-17
65.4 2.2598e-17
65.5 2.2635e-17
65.6 2.2672e-17
65.7 2.2709e-17
65.8 2.2746e-17
65.9 2.2783e-17
66 2.282e-17
66.1 2.2857e-17
66.2 2.2894e-17
66.3 2.2931e-17
66.4 2.2968e-17
66.5 2.3005e-17
66.6 2.3042e-17
66.7 2.3079e-17
66.8 2.3116e-17
66.9 2.3153e-17
67 2.319e-17
67.1 2.3227e-17
67.2 2.3264e-17
67.3 2.3301e-17
67.4 2.3338e-17
67.5 2.3375e-17
67.6 2.3412e-17
67.7 2.3449e-17
67.8 2.3486e-17
67.9 2.3523e-17
68 2.356e-17
68.1 2.3597e-17
68.2 2.3634e-17
68.3 2.3671e-17
68.4 2.3708e-17
68.5 2.3745e-17
68.6 2.3782e-17
68.7 2.3819e-17
68.8 2.3856e-17
68.9 2.3893e-17
69 2.393e-17
69.1 2.3967e-17
69.2 2.4004e-17
69.3 2.4041e-17
69.4 2.4078e-17
69.5 2.4115e-17
69.6 2.4152e-17
69.7 2.4189e-17
69.8 2.4226e-17
69.9 2.4263e-17
70 2.43e-17
70.1 2.4327e-17
70.2 2.4354e-17
70.3 2.4381e-17
70.4 2.4408e-17
70.5 2.4435e-17
70.6 2.4462e-17
70.7 2.4489e-17
70.8 2.4516e-17
70.9 2.4543e-17
71 2.457e-17
71.1 2.4597e-17
71.2 2.4624e-17
71.3 2.4651e-17
71.4 2.4678e-17
71.5 2.4705e-17
71.6 2.4732e-17
71.7 2.4759e-17
71.8 2.4786e-17
71.9 2.4813e-17
72 2.484e-17
72.1 2.4867e-17
72.2 2.4894e-17
72.3 2.4921e-17
72.4 2.4948e-17
72.5 2.4975e-17
72.6 2.5002e-17
72.7 2.5029e-17
72.8 2.5056e-17
72.9 2.5083e-17
73 2.511e-17
73.1 2.5137e-17
73.2 2.5164e-17
73.3 2.5191e-17
73.4 2.5218e-17
73.5 2.5245e-17
73.6 2.5272e-17
73.7 2.5299e-17
73.8 2.5326e-17
73.9 2.5353e-17
74 2.538e-17
74.1 2.5407e-17
74.2 2.5434e-17
74.3 2.5461e-17
74.4 2.5488e-17
74.5 2.5515e-17
74.6 2.5542e-17
74.7 2.5569e-17
74.8 2.5596e-17
74.9 2.5623e-17
75 2.565e-17
75.1 2.5677e-17
75.2 2.5704e-17
75.3 2.5731e-17
75.4 2.5758e-17
75.5 2.5785e-17
75.6 2.5812e-17
75.7 2.5839e-17
75.8 2.5866e-17
75.9 2.5893e-17
76 2.592e-17
76.1 2.5947e-17
76.2 2.5974e-17
76.3 2.6001e-17
76.4 2.6028e-17
76.5 2.6055e-17
76.6 2.6082e-17
76.7 2.6109e-17
76.8 2.6136e-17
76.9 2.6163e-17
77 2.619e-17
77.1 2.6217e-17
77.2 2.6244e-17
77.3 2.6271e-17
77.4 2.6298e-17
77.5 2.6325e-17
77.6 2.6352e-17
77.7 2.6379e-17
77.8 2.6406e-17
77.9 2.6433e-17
78 2.646e-17
78.1 2.6487e-17
78.2 2.6514e-17
78.3 2.6541e-17
78.4 2.6568e-17
78.5 2.6595e-17
78.6 2.6622e-17
78.7 2.6649e-17
78.8 2.6676e-17
78.9 2.6703e-17
79 2.673e-17
79.1 2.6757e-17
79.2 2.6784e-17
79.3 2.6811e-17
79.4 2.6838e-17
79.5 2.6865e-17
79.6 2.6892e-17
79.7 2.6919e-17
79.8 2.6946e-17
79.9 2.6973e-17
80 2.7e-17
80.1 2.6886e-17
80.2 2.6772e-17
80.3 2.6658e-17
80.4 2.6544e-17
80.5 2.643e-17
80.6 2.6316e-17
80.7 2.6202e-17
80.8 2.6088e-17
80.9 2.5974e-17
81 2.586e-17
81.1 2.5746e-17
81.2 2.5632e-17
81.3 2.5518e-17
81.4 2.5404e-17
81.5 2.529e-17
81.6 2.5176e-17
81.7 2.5062e-17
81.8 2.4948e-17
81.9 2.4834e-17
82 2.472e-17
82.1 2.4606e-17
82.2 2.4492e-17
82.3 2.4378e-17
82.4 2.4264e-17
82.5 2.415e-17
82.6 2.4036e-17
82.7 2.3922e-17
82.8 2.3808e-17
82.9 2.3694e-17
83 2.358e-17
83.1 2.3466e-17
83.2 2.3352e-17
83.3 2.3238e-17
83.4 2.3124e-17
83.5 2.301e-17
83.6 2.2896e-17
83.7 2.2782e-17
83.8 2.2668e-17
83.9 2.2554e-17
84 2.244e-17
84.1 2.2326e-17
84.2 2.2212e-17
84.3 2.2098e-17
84.4 2.1984e-17
84.5 2.187e-17
84.6 2.1756e-17
84.7 2.1642e-17
84.8 2.1528e-17
84.9 2.1414e-17
85 2.13e-17
85.1 2.1186e-17
85.2 2.1072e-17
85.3 2.0958e-17
85.4 2.0844e-17
85.5 2.073e-17
85.6 2.0616e-17
85.7 2.0502e-17
85.8 2.0388e-17
85.9 2.0274e-17
86 2.016e-17
86.1 2.0046e-17
86.2 1.9932e-17
86.3 1.9818e-17
86.4 1.9704e-17
86.5 1.959e-17
86.6 1.9476e-17
86.7 1.9362e-17
86.8 1.9248e-17
86.9 1.9134e-17
87 1.902e-17
87.1 1.8906e-17
87.2 1.8792e-17
87.3 1.8678e-17
87.4 1.8564e-17
87.5 1.845e-17
87.6 1.8336e-17
87.7 1.8222e-17
87.8 1.8108e-17
87.9 1.7994e-17
88 1.788e-17
88.1 1.7766e-17
88.2 1.7652e-17
88.3 1.7538e-17
88.4 1.7424e-17
88.5 1.731e-17
88.6 1.7196e-17
88.7 1.7082e-17
88.8 1.6968e-17
88.9 1.6854e-17
89 1.674e-17
89.1 1.6626e-17
89.2 1.6512e-17
89.3 1.6398e-17
89.4 1.6284e-17
89.5 1.617e-17
89.6 1.6056e-17
89.7 1.5942e-17
89.8 1.5828e-17
89.9 1.5714e-17
90 1.56e-17
90.1 1.55910714285714e-17
90.2 1.55821428571429e-17
90.3 1.55732142857143e-17
90.4 1.55642857142857e-17
90.5 1.55553571428571e-17
90.6 1.55464285714286e-17
90.7 1.55375e-17
90.8 1.55285714285714e-17
90.9 1.55196428571429e-17
91 1.55107142857143e-17
91.1 1.55e-17
91.2 1.55e-17
91.3 1.54934782608696e-17
91.4 1.54869565217391e-17
91.5 1.54804347826087e-17
91.6 1.54739130434783e-17
91.7 1.54673913043478e-17
91.8 1.54608695652174e-17
91.9 1.5454347826087e-17
92 1.54478260869565e-17
92.1 1.54413043478261e-17
92.2 1.54347826086957e-17
92.3 1.54282608695652e-17
92.4 1.54217391304348e-17
92.5 1.54152173913044e-17
92.6 1.54086956521739e-17
92.7 1.54021739130435e-17
92.8 1.53956521739131e-17
92.9 1.53891304347826e-17
93 1.53826086956522e-17
93.1 1.53760869565218e-17
93.2 1.53695652173913e-17
93.3 1.53630434782609e-17
93.4 1.53565217391305e-17
93.5 1.535e-17
93.6 1.53434782608696e-17
93.7 1.53369565217391e-17
93.8 1.53304347826087e-17
93.9 1.53239130434783e-17
94 1.53173913043478e-17
94.1 1.53108695652174e-17
94.2 1.5304347826087e-17
94.3 1.52978260869565e-17
94.4 1.52913043478261e-17
94.5 1.52847826086957e-17
94.6 1.52782608695652e-17
94.7 1.52717391304348e-17
94.8 1.52652173913044e-17
94.9 1.52586956521739e-17
95 1.52521739130435e-17
95.1 1.52456521739131e-17
95.2 1.52391304347826e-17
95.3 1.52326086956522e-17
95.4 1.52260869565218e-17
95.5 1.52195652173913e-17
95.6 1.52130434782609e-17
95.7 1.52065217391305e-17
95.8 1.52e-17
95.9 1.51934782608696e-17
96 1.51869565217392e-17
96.1 1.51804347826087e-17
96.2 1.51739130434783e-17
96.3 1.51673913043479e-17
96.4 1.51608695652174e-17
96.5 1.5154347826087e-17
96.6 1.51478260869566e-17
96.7 1.51413043478261e-17
96.8 1.51347826086957e-17
96.9 1.51282608695653e-17
97 1.51217391304348e-17
97.1 1.51152173913044e-17
97.2 1.5108695652174e-17
97.3 1.51021739130435e-17
97.4 1.50956521739131e-17
97.5 1.50891304347827e-17
97.6 1.50826086956522e-17
97.7 1.50760869565218e-17
97.8 1.50695652173914e-17
97.9 1.50630434782609e-17
98 1.50565217391305e-17
98.1 1.505e-17
98.2 1.50434782608696e-17
98.3 1.50369565217392e-17
98.4 1.50304347826087e-17
98.5 1.50239130434783e-17
98.6 1.50173913043479e-17
98.7 1.50108695652174e-17
98.8 1.5004347826087e-17
98.9 1.49978260869566e-17
99 1.49913043478261e-17
99.1 1.49847826086957e-17
99.2 1.49782608695653e-17
99.3 1.49717391304348e-17
99.4 1.49652173913044e-17
99.5 1.4958695652174e-17
99.6 1.49521739130435e-17
99.7 1.49456521739131e-17
99.8 1.49391304347826e-17
99.9 1.49326086956522e-17
100 1.49260869565218e-17
100.1 1.49195652173913e-17
100.2 1.49130434782609e-17
100.3 1.49065217391305e-17
100.4 1.49e-17
100.5 1.48934782608696e-17
100.6 1.48869565217392e-17
100.7 1.48804347826087e-17
100.8 1.48739130434783e-17
100.9 1.48673913043479e-17
101 1.48608695652174e-17
101.1 1.4854347826087e-17
101.2 1.48478260869565e-17
101.3 1.48413043478261e-17
101.4 1.48347826086957e-17
101.5 1.48282608695652e-17
101.6 1.48217391304348e-17
101.7 1.48152173913044e-17
101.8 1.48086956521739e-17
101.9 1.48021739130435e-17
102 1.47956521739131e-17
102.1 1.47891304347826e-17
102.2 1.47826086956522e-17
102.3 1.47760869565218e-17
102.4 1.47695652173913e-17
102.5 1.47630434782609e-17
102.6 1.47565217391305e-17
102.7 1.475e-17
102.8 1.47434782608696e-17
102.9 1.47369565217391e-17
103 1.47304347826087e-17
103.1 1.47239130434783e-17
103.2 1.47173913043478e-17
103.3 1.47108695652174e-17
103.4 1.4704347826087e-17
103.5 1.46978260869565e-17
103.6 1.46913043478261e-17
103.7 1.46847826086957e-17
103.8 1.46782608695652e-17
103.9 1.46717391304348e-17
104 1.46652173913044e-17
104.1 1.46586956521739e-17
104.2 1.46521739130435e-17
104.3 1.4645652173913e-17
104.4 1.46391304347826e-17
104.5 1.46326086956522e-17
104.6 1.46260869565217e-17
104.7 1.46195652173913e-17
104.8 1.46130434782609e-17
104.9 1.46065217391304e-17
105 1.46e-17
105.1 1.68222222222223e-17
105.2 1.46e-17
105.3 2.06e-17
105.4 1.84214285714285e-17
105.5 1.6242857142857e-17
105.6 1.45e-17
105.7 1.72e-17
105.8 1.99000000000002e-17
105.9 2.26e-17
106 2.05e-17
106.1 2.13484848484849e-17
106.2 2.21969696969698e-17
106.3 2.33e-17
106.4 2.14249999999998e-17
106.5 2.03e-17
106.6 2.55e-17
106.7 2.19736842105263e-17
106.8 1.88e-17
106.9 2.89e-17
107 2.69e-17
107.1 3.80818181818187e-17
107.2 4.92636363636372e-17
107.3 6.38e-17
107.4 5.37615384615376e-17
107.5 4.37230769230755e-17
107.6 3.77e-17
107.7 5.89e-17
107.8 5.09512820512818e-17
107.9 4.30025641025637e-17
108 3.50538461538459e-17
108.1 2.79e-17
108.2 2.85e-17
108.3 2.66052631578947e-17
108.4 2.49e-17
108.5 2.98411764705882e-17
108.6 3.33e-17
108.7 2.92310344827587e-17
108.8 2.51620689655172e-17
108.9 2.15e-17
109 4.36e-17
109.1 3.81555555555554e-17
109.2 3.27111111111109e-17
109.3 2.72666666666662e-17
109.4 2.67823899371066e-17
109.5 1.91e-17
109.6 2.07969696969698e-17
109.7 2.24939393939395e-17
109.8 2.47e-17
109.9 2.33226415094339e-17
110 2.19452830188679e-17
110.1 2.05679245283018e-17
110.2 1.91905660377357e-17
110.3 1.74e-17
110.4 2.28000000000003e-17
110.5 2.82e-17
110.6 2.59499999999999e-17
110.7 2.37e-17
110.8 2.42e-17
110.9 2.33153846153845e-17
111 2.24307692307691e-17
111.1 2.19e-17
111.2 3.68e-17
111.3 3.04521739130428e-17
111.4 2.22e-17
111.5 2.99142857142858e-17
111.6 3.76285714285716e-17
111.7 4.53428571428574e-17
111.8 5.30571428571433e-17
111.9 6.07714285714291e-17
112 6.84857142857147e-17
112.1 7.62000000000008e-17
112.2 8.16e-17
112.3 7.18631578947364e-17
112.4 6.21263157894729e-17
112.5 5.23894736842098e-17
112.6 4.46e-17
112.7 4.51e-17
112.8 4.29918918918918e-17
112.9 4.08837837837837e-17
113 3.87756756756757e-17
113.1 3.73e-17
113.2 3.91636363636364e-17
113.3 4.10272727272728e-17
113.4 4.28909090909092e-17
113.5 4.55e-17
113.6 4.42894736842105e-17
113.7 4.32e-17
113.8 4.36782608695653e-17
113.9 4.43e-17
114 4.30619047619046e-17
114.1 4.17e-17
114.2 4.27e-17
114.3 4.36e-17
114.4 4.26963855421687e-17
114.5 4.17927710843373e-17
114.6 4.0889156626506e-17
114.7 3.99855421686746e-17
114.8 3.90819277108433e-17
114.9 3.81783132530119e-17
115 3.72746987951806e-17
115.1 3.61e-17
115.2 3.7864705882353e-17
115.3 3.96294117647061e-17
115.4 4.13941176470591e-17
115.5 4.31588235294121e-17
115.6 4.51e-17
115.7 4.33839506172839e-17
115.8 4.16679012345679e-17
115.9 3.99518518518518e-17
116 3.82358024691358e-17
116.1 3.65197530864197e-17
116.2 3.48037037037036e-17
116.3 3.30876543209876e-17
116.4 3.13716049382715e-17
116.5 2.96555555555554e-17
116.6 2.79395061728394e-17
116.7 2.62234567901233e-17
116.8 2.45074074074072e-17
116.9 2.27913580246912e-17
117 2.10753086419751e-17
117.1 1.93592592592591e-17
117.2 1.73e-17
117.3 1.706e-17
117.4 1.82736363636364e-17
117.5 1.67e-17
117.6 1.9075e-17
117.7 2.24e-17
117.8 2.15818181818181e-17
117.9 2.07636363636363e-17
118 1.97e-17
118.1 2.19439024390245e-17
118.2 2.41878048780489e-17
118.3 2.64317073170735e-17
118.4 2.89e-17
118.5 2.9e-17
118.6 3.07954545454546e-17
118.7 3.25909090909091e-17
118.8 3.43863636363637e-17
118.9 3.69e-17
119 3.49806451612903e-17
119.1 3.30612903225806e-17
119.2 3.1141935483871e-17
119.3 2.92225806451613e-17
119.4 2.73032258064516e-17
119.5 2.5e-17
119.6 2.67619047619049e-17
119.7 2.87e-17
119.8 2.74647058823529e-17
119.9 2.62294117647058e-17
120 2.49941176470587e-17
120.1 2.37588235294116e-17
120.2 2.25235294117646e-17
120.3 2.12882352941174e-17
120.4 2.03e-17
120.5 2.24944444444445e-17
120.6 2.46888888888891e-17
120.7 2.68833333333337e-17
120.8 2.82e-17
120.9 2.61999999999999e-17
121 2.88999999999999e-17
121.1 3.16e-17
121.2 3.43000000000001e-17
121.3 3.70000000000002e-17
121.4 3.97000000000003e-17
121.5 4.24e-17
121.6 4.11916666666666e-17
121.7 3.99833333333332e-17
121.8 3.87749999999998e-17
121.9 3.75666666666664e-17
122 3.66e-17
122.1 3.33096774193546e-17
122.2 3.00193548387092e-17
122.3 2.64e-17
122.4 2.54e-17
122.5 2.376e-17
122.6 2.212e-17
122.7 2.048e-17
122.8 1.88399999999999e-17
122.9 1.72e-17
123 1.92e-17
123.1 2.06e-17
123.2 1.77874999999999e-17
123.3 1.49749999999998e-17
123.4 1.16e-17
123.5 1.07e-17
123.6 9.79999999999994e-18
123.7 8.89999999999992e-18
123.8 7.99999999999987e-18
123.9 7.09999999999985e-18
124 6.56e-18
124.1 6.18666666666665e-18
124.2 5.81333333333331e-18
124.3 5.43999999999996e-18
124.4 5.06666666666662e-18
124.5 4.69333333333329e-18
124.6 4.32e-18
124.7 4.32e-18
124.8 4.32e-18
124.9 4.32e-18
125 4.04934782608696e-18
125.1 3.77869565217391e-18
125.2 3.50804347826087e-18
125.3 3.23739130434782e-18
125.4 2.96673913043478e-18
125.5 2.69608695652173e-18
125.6 2.42543478260869e-18
125.7 2.15478260869565e-18
125.8 1.83e-18
125.9 1.77e-18
126 1.71e-18
126.1 1.65e-18
126.2 1.59e-18
126.3 1.53e-18
126.4 1.47e-18
126.5 1.41e-18
126.6 1.35e-18
126.7 1.29e-18
126.8 1.22999999999999e-18
126.9 1.16999999999999e-18
127 1.11e-18
127.1 1.16073891625616e-18
127.2 1.21147783251232e-18
127.3 1.26221674876847e-18
127.4 1.31295566502463e-18
127.5 1.36369458128079e-18
127.6 1.41443349753695e-18
127.7 1.46517241379311e-18
127.8 1.51591133004926e-18
127.9 1.56665024630542e-18
128 1.61738916256158e-18
128.1 1.66812807881774e-18
128.2 1.71886699507389e-18
128.3 1.76960591133005e-18
128.4 1.82034482758621e-18
128.5 1.87108374384237e-18
128.6 1.92182266009853e-18
128.7 1.97256157635468e-18
128.8 2.02330049261084e-18
128.9 2.074039408867e-18
129 2.14e-18
129.1 1.93423076923077e-18
129.2 1.72846153846154e-18
129.3 1.5226923076923e-18
129.4 1.31692307692307e-18
129.5 1.07e-18
129.6 1.192e-18
129.7 1.31400000000001e-18
129.8 1.43600000000001e-18
129.9 1.55800000000001e-18
130 1.68e-18
130.1 1.91e-18
130.2 1.79333333333332e-18
130.3 1.67666666666664e-18
130.4 1.55999999999997e-18
130.5 1.49e-18
130.6 1.56297297297297e-18
130.7 1.63594594594595e-18
130.8 1.70891891891893e-18
130.9 1.76e-18
131 2.79e-18
131.1 2.68e-18
131.2 3.1e-18
131.3 2.75714285714282e-18
131.4 2.41428571428566e-18
131.5 2.14e-18
131.6 2.64e-18
131.7 2.42653846153845e-18
131.8 2.21307692307691e-18
131.9 1.99961538461537e-18
132 1.78615384615384e-18
132.1 1.53e-18
132.2 2.09774193548392e-18
132.3 2.66548387096782e-18
132.4 3.29e-18
132.5 3.30481481481481e-18
132.6 3.31962962962963e-18
132.7 3.33e-18
132.8 2.56e-18
132.9 2.67739130434783e-18
133 2.83e-18
133.1 2.65727272727273e-18
133.2 3.11183673469386e-18
133.3 2.83892757102838e-18
133.4 2.5660184073629e-18
133.5 2.29310924369742e-18
133.6 2.02020008003196e-18
133.7 1.72e-18
133.8 4.35529411764725e-18
133.9 6.2e-18
134 5.93e-18
134.1 8.52e-18
134.2 6.56411764705868e-18
134.3 4.60823529411741e-18
134.4 1.87e-18
134.5 1.60478260869564e-18
134.6 1.26e-18
134.7 1.52666666666668e-18
134.8 1.79333333333335e-18
134.9 2.14e-18
135 3.97333333333326e-18
135.1 5.80666666666647e-18
135.2 7.09e-18
135.3 5.88499999999993e-18
135.4 4.68e-18
135.5 7.12117647058842e-18
135.6 8.83e-18
135.7 6.84176470588221e-18
135.8 4.85352941176446e-18
135.9 2.07e-18
136 2.00846153846154e-18
136.1 1.94692307692307e-18
136.2 1.91e-18
136.3 3.56e-18
136.4 2.71e-18
136.5 3.95444444444459e-18
136.6 4.95e-18
136.7 3.48e-18
136.8 2.46e-17
136.9 1.92976190476189e-17
137 1.39952380952379e-17
137.1 8.69285714285699e-18
137.2 2.33e-18
137.3 2.49e-18
137.4 2.49e-18
137.5 2.13736842105263e-18
137.6 1.78473684210526e-18
137.7 1.43210526315785e-18
137.8 1.15e-18
137.9 1.746e-18
138 9.37632258064581e-18
138.1 2.64e-18
138.2 2.54e-17
138.3 2.10872727272726e-17
138.4 1.67745454545452e-17
138.5 1.2461818181818e-17
138.6 8.14909090909077e-18
138.7 1.68e-18
138.8 1.68e-18
138.9 1.47974999999999e-18
139 1.27949999999998e-18
139.1 1.07924999999998e-18
139.2 8.79e-19
139.3 1.33226530612247e-18
139.4 1.78553061224493e-18
139.5 2.23879591836738e-18
139.6 2.69206122448982e-18
139.7 2.61322580645161e-17
139.8 1.88481720430103e-17
139.9 1.15640860215047e-17
140 4.28e-18
140.1 3.83587500000001e-18
140.2 3.39175e-18
140.3 2.94762499999999e-18
140.4 2.5035e-18
140.5 2.059375e-18
140.6 1.61525000000002e-18
140.7 1.17112499999998e-18
140.8 7.27e-19
140.9 8.79285714285717e-19
141 1.03157142857143e-18
141.1 1.11434166666663e-17
141.2 2.10576470588233e-17
141.3 1.70038107416876e-17
141.4 1.2949974424552e-17
141.5 8.89613810741647e-18
141.6 4.84230179028109e-18
141.7 2.41e-18
141.8 2.47333333333334e-18
141.9 2.53666666666667e-18
142 2.6e-18
142.1 2.29063492063492e-18
142.2 1.98126984126982e-18
142.3 1.67190476190473e-18
142.4 1.36253968253965e-18
142.5 1.05317460317457e-18
142.6 6.51e-19
142.7 1.20248148148152e-18
142.8 1.75396296296302e-18
142.9 1.43523076923077e-17
143 1.1790612244898e-17
143.1 9.22891679748835e-18
143.2 6.6672213500785e-18
143.3 4.10552590266873e-18
143.4 1.8e-18
143.5 1.70708737864078e-18
143.6 1.61417475728155e-18
143.7 1.52126213592233e-18
143.8 1.4283495145631e-18
143.9 1.33543689320388e-18
144 1.24252427184466e-18
144.1 1.14961165048544e-18
144.2 1.05669902912621e-18
144.3 9.63786407766984e-19
144.4 8.43e-19
144.5 1.00621428571429e-18
144.6 1.16942857142856e-18
144.7 1.3e-18
144.8 1.12e-17
144.9 7.332e-18
145 6.8465e-18
145.1 1.53e-18
145.2 1.44708333333333e-18
145.3 1.36416666666667e-18
145.4 1.28125e-18
145.5 1.19833333333333e-18
145.6 1.11541666666667e-18
145.7 1.0325e-18
145.8 9.49583333333332e-19
145.9 8.66666666666666e-19
146 7.83750000000001e-19
146.1 7.00833333333337e-19
146.2 6.17916666666664e-19
146.3 5.35e-19
146.4 9.15555555555601e-19
146.5 1.22e-18
146.6 5.93e-18
146.7 3.89190476190456e-18
146.8 1.65e-18
146.9 1.35111111111109e-18
147 1.05222222222219e-18
147.1 8.43e-19
147.2 8.2075e-19
147.3 7.985e-19
147.4 7.7625e-19
147.5 7.54e-19
147.6 7.3175e-19
147.7 7.095e-19
147.8 6.8725e-19
147.9 6.65e-19
148 6.4275e-19
148.1 6.20500000000001e-19
148.2 5.98249999999999e-19
148.3 5.76e-19
148.4 3.71e-18
148.5 3.71e-18
148.6 7.63e-19
148.7 7.58337423312883e-19
148.8 7.53674846625767e-19
148.9 7.4901226993865e-19
149 7.44349693251534e-19
149.1 7.39687116564417e-19
149.2 7.350245398773e-19
149.3 7.30361963190184e-19
149.4 7.25699386503067e-19
149.5 7.2103680981595e-19
149.6 7.16374233128834e-19
149.7 7.11711656441717e-19
149.8 7.07049079754601e-19
149.9 7.02386503067484e-19
150 6.97723926380367e-19
150.1 6.93061349693251e-19
150.2 6.87e-19
150.3 1.87e-18
150.4 1.31269230769229e-18
150.5 7.55384615384596e-19
150.6 4.21e-19
150.7 4.25431137724551e-19
150.8 4.29862275449102e-19
150.9 4.34293413173653e-19
151 4.38724550898204e-19
151.1 4.43155688622755e-19
151.2 4.47586826347305e-19
151.3 4.52017964071856e-19
151.4 4.56449101796407e-19
151.5 4.60880239520958e-19
151.6 4.65311377245509e-19
151.7 4.6974251497006e-19
151.8 4.74173652694611e-19
151.9 4.78604790419162e-19
152 4.83035928143713e-19
152.1 4.87467065868263e-19
152.2 4.91898203592815e-19
152.3 4.95e-19
152.4 7.63e-19
152.5 4.6e-19
152.6 4.5688e-19
152.7 4.5376e-19
152.8 4.5064e-19
152.9 4.4752e-19
153 4.444e-19
153.1 4.4128e-19
153.2 4.3816e-19
153.3 4.3504e-19
153.4 4.3192e-19
153.5 4.288e-19
153.6 4.2568e-19
153.7 4.2256e-19
153.8 4.1944e-19
153.9 4.1632e-19
154 4.132e-19
154.1 4.1008e-19
154.2 4.0696e-19
154.3 4.0384e-19
154.4 4.0072e-19
154.5 3.976e-19
154.6 3.9448e-19
154.7 3.91359999999999e-19
154.8 3.88239999999999e-19
154.9 3.8512e-19
155 3.82e-19
155.1 3.70272727272727e-19
155.2 3.58545454545454e-19
155.3 3.46818181818181e-19
155.4 3.35090909090908e-19
155.5 3.23363636363635e-19
155.6 3.11636363636362e-19
155.7 2.99909090909089e-19
155.8 2.88181818181816e-19
155.9 2.76454545454543e-19
156 2.64727272727271e-19
156.1 2.53e-19
156.2 2.56428571428572e-19
156.3 2.59857142857143e-19
156.4 2.65e-19
156.5 2.65e-19
156.6 2.42999999999997e-19
156.7 2.1e-19
156.8 2.1e-19
156.9 2.20666666666667e-19
157 2.31333333333333e-19
157.1 2.42e-19
157.2 2.52666666666667e-19
157.3 2.63333333333334e-19
157.4 2.74e-19
157.5 2.66076923076923e-19
157.6 2.9e-19
157.7 2.79181818181818e-19
157.8 2.68363636363636e-19
157.9 2.57545454545454e-19
158 2.46727272727272e-19
158.1 2.3590909090909e-19
158.2 2.25090909090907e-19
158.3 2.14272727272725e-19
158.4 2.03454545454543e-19
158.5 1.92636363636362e-19
158.6 1.81818181818179e-19
158.7 1.71e-19
158.8 1.89800000000001e-19
158.9 2.08600000000002e-19
159 2.27400000000002e-19
159.1 2.46200000000005e-19
159.2 2.65e-19
159.3 2.566e-19
159.4 2.482e-19
159.5 2.398e-19
159.6 2.31399999999999e-19
159.7 2.22999999999999e-19
159.8 2.14599999999999e-19
159.9 2.06199999999999e-19
160 1.97799999999999e-19
160.1 1.89399999999999e-19
160.2 1.80999999999998e-19
160.3 1.72599999999998e-19
160.4 1.64199999999998e-19
160.5 1.55799999999998e-19
160.6 1.47399999999997e-19
160.7 1.39e-19
160.8 1.58384615384616e-19
160.9 1.77769230769232e-19
161 1.97153846153848e-19
161.1 2.16538461538464e-19
161.2 2.35923076923081e-19
161.3 2.65e-19
161.4 2.65e-19
161.5 2.50454545454545e-19
161.6 2.3590909090909e-19
161.7 2.21363636363635e-19
161.8 2.06818181818181e-19
161.9 1.92272727272726e-19
162 1.77727272727272e-19
162.1 1.63181818181816e-19
162.2 1.48636363636362e-19
162.3 1.34090909090907e-19
162.4 1.19545454545453e-19
162.5 1.05e-19
162.6 1.22466666666667e-19
162.7 1.39933333333335e-19
162.8 1.57400000000001e-19
162.9 1.74866666666668e-19
163 1.92333333333335e-19
163.1 2.09800000000003e-19
163.2 2.36e-19
163.3 2.36e-19
163.4 2.21616666666666e-19
163.5 2.07233333333333e-19
163.6 1.92849999999999e-19
163.7 1.78466666666666e-19
163.8 1.64083333333332e-19
163.9 1.49699999999999e-19
164 1.35316666666666e-19
164.1 1.20933333333332e-19
164.2 1.06549999999998e-19
164.3 9.21666666666644e-20
164.4 7.77833333333314e-20
164.5 6.34e-20
164.6 8.17466666666674e-20
164.7 1.00093333333335e-19
164.8 1.18440000000002e-19
164.9 1.36786666666668e-19
165 1.55133333333335e-19
165.1 1.73480000000003e-19
165.2 2.01e-19
165.3 2.01e-19
165.4 1.89076923076923e-19
165.5 1.77153846153846e-19
165.6 1.65230769230769e-19
165.7 1.53307692307691e-19
165.8 1.41384615384614e-19
165.9 1.29461538461537e-19
166 1.1753846153846e-19
166.1 1.05615384615383e-19
166.2 9.36923076923056e-20
166.3 8.17692307692285e-20
166.4 6.98461538461517e-20
166.5 5.79230769230752e-20
166.6 4.6e-20
166.7 7.93333333333342e-20
166.8 1.12666666666668e-19
166.9 1.46000000000001e-19
167 1.45750000000001e-19
167.1 1.96e-19
167.2 1.70499999999999e-19
167.3 1.45e-19
167.4 1.44e-19
167.5 1.43e-19
167.6 1.42e-19
167.7 1.296e-19
167.8 1.172e-19
167.9 1.048e-19
168 9.23999999999996e-20
168.1 7.9999999999999e-20
168.2 6.75999999999986e-20
168.3 5.51999999999986e-20
168.4 4.94500000000003e-20
168.5 5.04e-20
168.6 4.39666666666663e-20
168.7 3.75333333333328e-20
168.8 3.11e-20
168.9 5.986e-20
169 7.2676e-20
169.1 9.56e-20
169.2 9.19e-20
169.3 1.71e-19
169.4 1.71e-19
169.5 1.59921428571429e-19
169.6 1.48842857142857e-19
169.7 1.37764285714285e-19
169.8 1.26685714285714e-19
169.9 1.15607142857143e-19
170 1.04528571428571e-19
170.1 9.34499999999996e-20
170.2 8.23714285714281e-20
170.3 7.12928571428566e-20
170.4 6.02142857142853e-20
170.5 4.91357142857141e-20
170.6 3.80571428571421e-20
170.7 2.69785714285704e-20
170.8 1.59e-20
170.9 2.166e-20
171 2.2636e-20
171.1 2.58714285714285e-20
171.2 2.41e-20
171.3 7.85500000000031e-20
171.4 1.33e-19
171.5 9.27999999999977e-20
171.6 5.26e-20
171.7 8.35600000000035e-20
171.8 1.3e-19
171.9 1.3e-19
172 1.034e-19
172.1 7.67999999999987e-20
172.2 5.01999999999979e-20
172.3 2.36e-20
172.4 3.06000000000004e-20
172.5 3.76000000000006e-20
172.6 4.46e-20
172.7 4.05882352941175e-20
172.8 3.6576470588235e-20
172.9 3.25647058823526e-20
173 2.85529411764701e-20
173.1 2.45411764705875e-20
173.2 2.0529411764705e-20
173.3 1.65176470588225e-20
173.4 1.05e-20
173.5 1.05e-20
173.6 4.37857142857175e-20
173.7 7.70714285714343e-20
173.8 1.27e-19
173.9 1.27e-19
174 9.71428571428567e-20
174.1 6.72857142857106e-20
174.2 2.25e-20
174.3 2.25e-20
174.4 9.19e-20
174.5 8.098e-20
174.6 7.00599999999996e-20
174.7 5.91399999999993e-20
174.8 4.82199999999992e-20
174.9 3.72999999999993e-20
175 2.63799999999996e-20
175.1 1e-20
175.2 1e-20
175.3 1.54400000000006e-20
175.4 2.36e-20
175.5 2.36e-20
175.6 1.9873333333333e-20
175.7 1.61466666666661e-20
175.8 1.24199999999992e-20
175.9 6.83e-21
176 6.83e-21
176.1 4.40980000000042e-20
176.2 1e-19
176.3 1e-19
176.4 8.46649999999998e-20
176.5 6.93299999999999e-20
176.6 5.3994999999999e-20
176.7 3.86599999999985e-20
176.8 2.33249999999984e-20
176.9 7.99e-21
177 2.5834e-20
177.1 5.26e-20
177.2 5.26e-20
177.3 3.44879999999979e-20
177.4 7.32e-21
177.5 7.32e-21
177.6 6.90799999999998e-21
177.7 6.49599999999996e-21
177.8 6.08399999999995e-21
177.9 5.67199999999995e-21
178 5.26e-21
178.1 1.33e-20
178.2 1.33e-20
178.3 1.00999999999999e-20
178.4 6.89999999999997e-21
178.5 6.78857142857141e-21
178.6 2.1e-21
178.7 6.51e-21
178.8 5.955e-21
178.9 3.48000000000007e-20
179 4.46e-20
179.1 2.88319999999982e-20
179.2 5.18e-21
179.3 8.54888888888878e-21
179.4 6.81916666666649e-21
179.5 5.08944444444423e-21
179.6 3.35972222222177e-21
179.7 1.63e-21
179.8 1.08650000000005e-20
179.9 2.01e-20
180 1.48571428571428e-20
180.1 9.61428571428507e-21
180.2 1.75e-21
180.3 1.75e-21
180.4 2.82500000000006e-21
180.5 3.9e-21
180.6 3.48333333333331e-21
180.7 3.06666666666663e-21
180.8 6.91666666666684e-21
180.9 7.45e-21
181 6.00999999999998e-21
181.1 4.56999999999982e-21
181.2 2.41e-21
181.3 2.41e-21
181.4 6.2e-21
181.5 6.2e-21
181.6 4.54999999999967e-21
181.7 2.9e-21
181.8 1e-20
181.9 1e-20
182 7.84857142857139e-21
182.1 5.69714285714259e-21
182.2 2.47e-21
182.3 4.06750000000004e-21
182.4 4.6e-21
182.5 3.292e-21
182.6 1.33e-21
182.7 1.33e-21
182.8 3.1400000000001e-21
182.9 4.95e-21
183 4.17e-21
183.1 3.38999999999996e-21
183.2 2.60999999999993e-21
183.3 1.82999999999992e-21
183.4 1.05e-21
183.5 1.27000000000001e-21
183.6 1.49e-21
183.7 1.1e-21
183.8 1.1e-21
183.9 3.41e-21
184 3.41e-21
184.1 1.13e-21
184.2 2.0100000000001e-21
184.3 3.33e-21
184.4 3.33e-21
184.5 3.87000000000001e-21
184.6 1.24e-21
184.7 3.04800000000021e-21
184.8 5.76e-21
184.9 5.76e-21
185 4.52857142857141e-21
185.1 3.29714285714271e-21
185.2 1.45e-21
185.3 1.45e-21
185.4 1.73000000000002e-21
185.5 2.01e-21
185.6 1.71724999999998e-21
185.7 1.42449999999997e-21
185.8 1.13174999999997e-21
185.9 8.39e-22
186 1.17950000000002e-21
186.1 1.52e-21
186.2 1.24371428571426e-21
186.3 9.67428571428524e-22
186.4 5.53e-22
186.5 5.53e-22
186.6 9.59e-22
186.7 7.53799999999977e-22
186.8 4.46e-22
186.9 4.46e-22
187 5.17428571428573e-22
187.1 1.91e-21
187.2 6.96e-22
187.3 6.96e-22
187.4 1.59e-21
187.5 1.152e-21
187.6 4.95e-22
187.7 4.95e-22
187.8 8.99285714285721e-22
187.9 1.30357142857143e-21
188 1.15425274725275e-21
188.1 1.91e-21
188.2 1.55955555555555e-21
188.3 1.2091111111111e-21
188.4 8.5866666666666e-22
188.5 6.99199999999996e-22
188.6 4.31777777777779e-22
188.7 4.6e-22
188.8 3.96999999999996e-22
188.9 3.33999999999995e-22
189 2.71e-22
189.1 3.33e-22
189.2 3.33e-22
189.3 2.93666666666664e-22
189.4 2.5433333333333e-22
189.5 2.15e-22
189.6 2.65000000000003e-22
189.7 3.15000000000004e-22
189.8 3.65e-22
189.9 3.274e-22
190 3.88142857142858e-22
190.1 2.71e-22
190.2 5.4e-22
190.3 5.4e-22
190.4 4.52499999999995e-22
190.5 3.65e-22
190.6 5.24000000000032e-22
190.7 6.83e-22
190.8 6.00599999999995e-22
190.9 5.18199999999992e-22
191 4.3579999999999e-22
191.1 3.53399999999979e-22
191.2 2.71e-22
191.3 3.69800000000011e-22
191.4 5.18e-22
191.5 5.18e-22
191.6 4.29249999999995e-22
191.7 3.40499999999992e-22
191.8 2.51749999999991e-22
191.9 1.63e-22
192 1.61444444444444e-22
192.1 1.59888888888889e-22
192.2 1.58333333333333e-22
192.3 1.56e-22
192.4 1.56e-22
192.5 1.57e-22
192.6 2.36e-22
192.7 1.59e-22
192.8 1.59e-22
192.9 1.59e-22
193 1.59e-22
193.1 1.59e-22
193.2 2.03800000000001e-22
193.3 2.15e-22
193.4 1.98142857142857e-22
193.5 1.81285714285714e-22
193.6 1.56e-22
193.7 1.56e-22
193.8 1.77600000000002e-22
193.9 2.1e-22
194 2.1e-22
194.1 1.71e-22
194.2 1.93000000000001e-22
194.3 2.15e-22
194.4 2.00249999999999e-22
194.5 1.85499999999999e-22
194.6 1.70749999999996e-22
194.7 1.56e-22
