5 0
6 0
7 0
8 0
9 0
10 0
11 0
12 0
13 0
14 0
15 0
16 0
17 0
18 0
19 0
20 0
21 0
22 0
23 0
24 0
25 0
26 0
27 0
28 0
29 0
30 0
31 0
32 0
33 0
34 0
35 0
36 0
37 0
38 0
39 0
40 0
41 0
42 0
43 0
44 0
45 0
46 0
47 0
48 0
49 0
50 0
51 0
52 0
53 0
54 0
55 0
56 0
57 0
58 0
59 0
60 0
61 0
62 0
63 0
64 0
65 0
66 0
67 0
68 0
69 0
70 0.0013046
71 0.0013046
72 0.02
73 0.02
74 0.12
75 0.12
76 0.26067
77 0.26067
78 0.25979
79 0.25979
80 0.2
81 0.2
82 0.17011
83 0.17011
84 0.19
85 0.19
86 0.28
87 0.28
88 0.32
89 0.32
90 0.33889
91 0.33889
92 0.31026
93 0.31026
94 0.22
95 0.22
96 0.18985
97 0.18985
98 0.19
99 0.19
100 0.21
101 0.21
102 0.21
103 0.21
104 0.21
105 0.017991
106 0.065966
107 0.065966
108 0.21984
109 0.28179
110 0.29992
111 0.3
112 0.29982
113 0.29985
114 0.29921
115 0.30029
116 0.30015
117 0.2999
118 0.29993
119 0.3
120 0.29974
121 0.3
122 0.29948
123 0.29946
124 0.29953
125 0.3
126 0.3
127 0.3
128 0.30023
129 0.29987
130 0.29966
131 0.3
132 0.30008
133 0.30009
134 0.3
135 0.30012
136 0.29984
137 0.29976
138 0.29907
139 0.3
140 0.29969
141 0.3
142 0.3
143 0.3
144 0.30028
145 0.30028
146 0.3
147 0.3
148 0.2946
149 0.28865
150 0.27893
151 0.27893
152 0.26777
153 0.26268
154 0.26268
155 0.24909
156 0.2404
157 0.2404
158 0.23117
159 0.22269
160 0.21886
161 0.21262
162 0.20799
163 0.1986
164 0.19415
165 0.18632
166 0.18172
167 0.17483
168 0.16844
169 0.16034
170 0.15424
171 0.14788
172 0.14221
173 0.1369
174 0.1288
175 0.12324
176 0.11951
177 0.11117
178 0.10608
179 0.09801
180 0.089474
181 0.084028
182 0.07582
183 0.073399
184 0.0661
185 0.53094
186 1
187 1
188 1
189 1
190 1
191 1
192 1
193 1
194 1
195 1
196 1
197 1
198 1
199 1
200 1
201 1
202 1
203 1
204 1
205 1
206 1
207 1
208 1
209 1
210 1
211 1
212 1
213 1
214 1
215 1
216 1
217 1
218 1
219 1
220 1
221 1
222 1
223 1
224 1
225 1
226 1
227 1
228 1
229 1
230 1
231 1
