5 0
6 0
7 0
8 0
9 0
10 0
11 0
12 0
13 0
14 0
15 0
16 0
17 0
18 0
19 0
20 0
21 0
22 0
23 0
24 0
25 0
26 0
27 0
28 0
29 0
30 0
31 0
32 0
33 0
34 0
35 0
36 0
37 0
38 0
39 0
40 0
41 0
42 0
43 0
44 0
45 0
46 0
47 0
48 0
49 0
50 0
51 0
52 0
53 0
54 0
55 0
56 0
57 0
58 0
59 0
60 0
61 0
62 0
63 0
64 0
65 0
66 0
67 0
68 0
69 0
70 0
71 0
72 0
73 0
74 0
75 0
76 0
77 0
78 0
79 0
80 0
81 0
82 0
83 0
84 0
85 0
86 0
87 0
88 0
89 0
90 0
91 0
92 0
93 0
94 0
95 0
96 0
97 0
98 0
99 0
100 0
101 0
102 0
103 0
104 0
105 0
106 0
107 0
108 1.1111e-16
109 0.48047
110 0.59919
111 0.59977
112 0.60102
113 0.5997
114 0.59983
115 0.60023
116 0.59992
117 0.60039
118 0.59987
119 0.60163
120 0.59945
121 0.60064
122 0.5999
123 0.6
124 0.60023
125 0.6
126 0.59923
127 0.59924
128 0.59922
129 0.59995
130 0.59958
131 0.59966
132 0.59944
133 0.60029
134 0.6
135 0.60024
136 0.59872
137 0.5999
138 0.60047
139 0.59929
140 0.5998
141 0.60073
142 0.60073
143 0.5994
144 0.59936
145 0.59936
146 0.6
147 0.6
148 0.60556
149 0.61135
150 0.6219
151 0.6219
152 0.6327
153 0.63818
154 0.63818
155 0.65055
156 0.65859
157 0.65859
158 0.66886
159 0.67647
160 0.68149
161 0.68692
162 0.69284
163 0.7011
164 0.70612
165 0.71368
166 0.71795
167 0.72789
168 0.73134
169 0.74002
170 0.74566
171 0.75212
172 0.75847
173 0.7619
174 0.77157
175 0.77465
176 0.78049
177 0.78858
178 0.79054
179 0.80216
180 0.81053
181 0.81481
182 0.82382
183 0.82759
184 0.83398
185 0.41927
186 0
187 0
188 0
189 0
190 0
191 0
192 0
193 0
194 0
195 0
196 0
197 0
198 0
199 0
200 0
201 0
202 0
203 0
204 0
205 0
206 0
207 0
208 0
209 0
210 0
211 0
212 0
213 0
214 0
215 0
216 0
217 0
218 0
219 0
220 0
221 0
222 0
223 0
224 0
225 0
226 0
227 0
228 0
229 0
230 0
231 0
