6 3.65e-19
6.1 3.65e-19
6.2 3.65e-19
6.3 3.98153846153846e-19
6.4 4.01e-19
6.5 4.39461538461539e-19
6.6 4.42e-19
6.7 4.62e-19
6.8 4.62e-19
6.9 4.55e-19
7 4.86375e-19
7.1 4.85e-19
7.2 5.17e-19
7.3 5.4e-19
7.4 5.61e-19
7.5 5.66e-19
7.6 5.64e-19
7.7 5.88e-19
7.8 5.77e-19
7.9 6.126e-19
8 6.44e-19
8.1 6.66e-19
8.2 7.03e-19
8.3 6.94e-19
8.4 7.11e-19
8.5 7.48e-19
8.6 7.81e-19
8.7 7.83e-19
8.8 8.09875e-19
8.9 8.26e-19
9 8.57e-19
9.1 8.74e-19
9.2 8.90896551724138e-19
9.3 9.1e-19
9.4 9.23e-19
9.5 9.73e-19
9.6 9.8721052631579e-19
9.7 1e-18
9.8 1.06e-18
9.9 1.065e-18
10 1.07e-18
10.1 1.095e-18
10.2 1.11e-18
10.3 1.15e-18
10.4 1.17857142857143e-18
10.5 1.21e-18
10.6 1.22578947368421e-18
10.7 1.24e-18
10.8 1.27888888888889e-18
10.9 1.31e-18
11 1.33941176470588e-18
11.1 1.36e-18
11.2 1.39529411764706e-18
11.3 1.42e-18
11.4 1.43666666666667e-18
11.5 1.45e-18
11.6 1.49e-18
11.7 1.53e-18
11.8 1.55727272727273e-18
11.9 1.59e-18
12 1.62461538461538e-18
12.1 1.65923076923077e-18
12.2 1.68e-18
12.3 1.72e-18
12.4 1.76e-18
12.5 1.792e-18
12.6 1.84e-18
12.7 1.84e-18
12.8 1.92e-18
12.9 1.93e-18
13 1.96103448275862e-18
13.1 2e-18
13.2 2.02e-18
13.3 2.06e-18
13.4 2.08777777777778e-18
13.5 2.11e-18
13.6 2.21e-18
13.7 2.22666666666667e-18
13.8 2.24e-18
13.9 2.29e-18
14 2.30578947368421e-18
14.1 2.32e-18
14.2 2.44e-18
14.3 2.44e-18
14.4 2.46e-18
14.5 2.46e-18
14.6 2.46e-18
14.7 2.535e-18
14.8 2.58e-18
14.9 2.68e-18
15 2.69363636363636e-18
15.1 2.71e-18
15.2 2.75285714285714e-18
15.3 2.8e-18
15.4 2.825e-18
15.5 2.85e-18
15.6 2.89210526315789e-18
15.7 2.93e-18
15.8 2.96e-18
15.9 2.99e-18
16 3.04e-18
16.1 3.09e-18
16.2 3.12809523809524e-18
16.3 3.17e-18
16.4 3.22652173913043e-18
16.5 3.3e-18
16.6 3.328e-18
16.7 3.37e-18
16.8 3.37e-18
16.9 3.39777777777778e-18
17 3.42e-18
17.1 3.48363636363636e-18
17.2 3.56e-18
17.3 3.58692307692308e-18
17.4 3.61384615384615e-18
17.5 3.63e-18
17.6 3.67761904761905e-18
17.7 3.73e-18
17.8 3.77444444444444e-18
17.9 3.81888888888889e-18
18 3.85e-18
18.1 3.91086956521739e-18
18.2 3.99e-18
18.3 4.0158064516129e-18
18.4 4.04161290322581e-18
18.5 4.07e-18
18.6 4.1148275862069e-18
18.7 4.15965517241379e-18
18.8 4.2e-18
18.9 4.24074074074074e-18
19 4.28148148148148e-18
19.1 4.31e-18
19.2 4.38037037037037e-18
19.3 4.45074074074074e-18
19.4 4.5e-18
19.5 4.55714285714286e-18
19.6 4.61428571428571e-18
19.7 4.66e-18
19.8 4.70333333333333e-18
19.9 4.74666666666667e-18
20 4.79e-18
20.1 4.84454545454545e-18
20.2 4.89909090909091e-18
20.3 4.97e-18
20.4 5.01444444444444e-18
20.5 5.05888888888889e-18
20.6 5.10333333333333e-18
20.7 5.13e-18
20.8 5.18161290322581e-18
20.9 5.23322580645161e-18
21 5.29e-18
21.1 5.37157894736842e-18
21.2 5.45315789473684e-18
21.3 5.53473684210526e-18
21.4 5.6e-18
21.5 5.60285714285714e-18
21.6 5.60571428571429e-18
21.7 5.61e-18
21.8 5.61e-18
21.9 5.67176470588235e-18
22 5.73352941176471e-18
22.1 5.82e-18
22.2 5.85863636363636e-18
22.3 5.89727272727273e-18
22.4 5.93590909090909e-18
22.5 5.99e-18
22.6 6.04217391304348e-18
22.7 6.09434782608696e-18
22.8 6.14652173913043e-18
22.9 6.19869565217391e-18
23 6.23e-18
23.1 6.27358974358974e-18
23.2 6.31717948717949e-18
23.3 6.36076923076923e-18
23.4 6.4e-18
23.5 6.45227272727273e-18
23.6 6.50454545454545e-18
23.7 6.55681818181818e-18
23.8 6.63e-18
23.9 6.68490196078431e-18
24 6.73980392156863e-18
24.1 6.79470588235294e-18
24.2 6.84960784313726e-18
24.3 6.91e-18
24.4 6.956e-18
24.5 7.002e-18
24.6 7.048e-18
24.7 7.094e-18
24.8 7.14e-18
24.9 7.168e-18
25 7.2035e-18
25.1 7.21e-18
25.2 7.26e-18
25.3 7.31e-18
25.4 7.38692307692308e-18
25.5 7.46384615384615e-18
25.6 7.51e-18
25.7 7.5795652173913e-18
25.8 7.67e-18
25.9 7.67666666666667e-18
26 7.68333333333333e-18
26.1 7.69e-18
26.2 7.77214285714286e-18
26.3 7.85428571428571e-18
26.4 7.92e-18
26.5 7.91230769230769e-18
26.6 7.90461538461538e-18
26.7 7.9e-18
26.8 7.996e-18
26.9 8.14e-18
27 8.14e-18
27.1 8.12e-18
27.2 8.09e-18
27.3 8.09e-18
27.4 8.222e-18
27.5 8.29982608695652e-18
27.6 8.42e-18
27.7 8.48153846153846e-18
27.8 8.54307692307692e-18
27.9 8.58e-18
28 8.63714285714286e-18
28.1 8.69428571428571e-18
28.2 8.74e-18
28.3 8.81666666666667e-18
28.4 8.89333333333333e-18
28.5 8.97e-18
28.6 9.00030303030303e-18
28.7 9.03060606060606e-18
28.8 9.07e-18
28.9 9.15108108108108e-18
29 9.23216216216216e-18
29.1 9.31324324324324e-18
29.2 9.37e-18
29.3 9.4075e-18
29.4 9.445e-18
29.5 9.49e-18
29.6 9.42157894736842e-18
29.7 9.35315789473684e-18
29.8 9.28473684210526e-18
29.9 9.23e-18
30 9.37117647058823e-18
30.1 9.51235294117647e-18
30.2 9.71e-18
30.3 9.75634146341463e-18
30.4 9.80268292682927e-18
30.5 9.8490243902439e-18
30.6 9.9e-18
30.7 9.95e-18
30.8 1e-17
30.9 1.005e-17
31 1.01e-17
31.1 1.01512820512821e-17
31.2 1.02025641025641e-17
31.3 1.02538461538462e-17
31.4 1.03e-17
31.5 1.03e-17
31.6 1.03e-17
31.7 1.03e-17
31.8 1.03e-17
31.9 1.04e-17
32 1.05e-17
32.1 1.06e-17
32.2 1.07e-17
32.3 1.0746511627907e-17
32.4 1.0793023255814e-17
32.5 1.08395348837209e-17
32.6 1.09e-17
32.7 1.09434782608696e-17
32.8 1.09869565217391e-17
32.9 1.10304347826087e-17
33 1.10739130434783e-17
33.1 1.11e-17
33.2 1.11487804878049e-17
33.3 1.11975609756098e-17
33.4 1.12463414634146e-17
33.5 1.13e-17
33.6 1.13212765957447e-17
33.7 1.13425531914894e-17
33.8 1.1363829787234e-17
33.9 1.13851063829787e-17
34 1.14e-17
34.1 1.15363636363636e-17
34.2 1.16727272727273e-17
34.3 1.18090909090909e-17
34.4 1.2e-17
34.5 1.2e-17
34.6 1.2e-17
34.7 1.2e-17
34.8 1.2e-17
34.9 1.2e-17
35 1.20961538461538e-17
35.1 1.21923076923077e-17
35.2 1.22884615384615e-17
35.3 1.23846153846154e-17
35.4 1.25e-17
35.5 1.25e-17
35.6 1.25e-17
35.7 1.25e-17
35.8 1.25e-17
35.9 1.25e-17
36 1.25701754385965e-17
36.1 1.2640350877193e-17
36.2 1.27105263157895e-17
36.3 1.2780701754386e-17
36.4 1.28508771929825e-17
36.5 1.29e-17
36.6 1.29196078431373e-17
36.7 1.29392156862745e-17
36.8 1.29588235294118e-17
36.9 1.2978431372549e-17
37 1.3e-17
37.1 1.30526315789474e-17
37.2 1.31052631578947e-17
37.3 1.31578947368421e-17
37.4 1.32105263157895e-17
37.5 1.32631578947368e-17
37.6 1.33e-17
37.7 1.33909090909091e-17
37.8 1.34818181818182e-17
37.9 1.35727272727273e-17
38 1.36636363636364e-17
38.1 1.36951515151515e-17
38.2 1.37266666666667e-17
38.3 1.37581818181818e-17
38.4 1.3789696969697e-17
38.5 1.38212121212121e-17
38.6 1.38527272727273e-17
38.7 1.38984210526316e-17
38.8 1.39441148325359e-17
38.9 1.39898086124402e-17
39 1.40355023923445e-17
39.1 1.40811961722488e-17
39.2 1.41268899521531e-17
39.3 1.41725837320574e-17
39.4 1.42e-17
39.5 1.42338983050847e-17
39.6 1.42677966101695e-17
39.7 1.43016949152542e-17
39.8 1.4335593220339e-17
39.9 1.43694915254237e-17
40 1.44e-17
40.1 1.44461538461538e-17
40.2 1.44923076923077e-17
40.3 1.45384615384615e-17
40.4 1.45846153846154e-17
40.5 1.46307692307692e-17
40.6 1.47475440222428e-17
40.7 1.48643188137164e-17
40.8 1.498109360519e-17
40.9 1.50978683966636e-17
41 1.52146431881372e-17
41.1 1.53314179796108e-17
41.2 1.54481927710843e-17
41.3 1.56e-17
41.4 1.5641095890411e-17
41.5 1.56821917808219e-17
41.6 1.57232876712329e-17
41.7 1.57643835616438e-17
41.8 1.58054794520548e-17
41.9 1.58465753424658e-17
42 1.59e-17
42.1 1.59533333333333e-17
42.2 1.60066666666667e-17
42.3 1.606e-17
42.4 1.61133333333333e-17
42.5 1.61666666666667e-17
42.6 1.622e-17
42.7 1.62733333333333e-17
42.8 1.63266666666667e-17
42.9 1.638e-17
43 1.64333333333333e-17
43.1 1.64866666666667e-17
43.2 1.654e-17
43.3 1.65933333333333e-17
43.4 1.66466666666667e-17
43.5 1.67e-17
43.6 1.67641025641026e-17
43.7 1.68282051282051e-17
43.8 1.68923076923077e-17
43.9 1.69564102564103e-17
44 1.70205128205128e-17
44.1 1.70846153846154e-17
44.2 1.7148717948718e-17
44.3 1.72e-17
44.4 1.72379746835443e-17
44.5 1.72759493670886e-17
44.6 1.73139240506329e-17
44.7 1.73518987341772e-17
44.8 1.73898734177215e-17
44.9 1.74278481012658e-17
45 1.74658227848101e-17
45.1 1.75e-17
45.2 1.74878048780488e-17
45.3 1.74756097560976e-17
45.4 1.74634146341463e-17
45.5 1.74512195121951e-17
45.6 1.74390243902439e-17
45.7 1.74268292682927e-17
45.8 1.74146341463415e-17
45.9 1.74e-17
46 1.74449438202247e-17
46.1 1.74898876404494e-17
46.2 1.75348314606742e-17
46.3 1.75797752808989e-17
46.4 1.76247191011236e-17
46.5 1.76696629213483e-17
46.6 1.7714606741573e-17
46.7 1.77595505617978e-17
46.8 1.78e-17
46.9 1.78224719101124e-17
47 1.78449438202247e-17
47.1 1.78674157303371e-17
47.2 1.78898876404494e-17
47.3 1.79123595505618e-17
47.4 1.79348314606742e-17
47.5 1.79573033707865e-17
47.6 1.79797752808989e-17
47.7 1.8e-17
47.8 1.80760869565217e-17
47.9 1.81521739130435e-17
48 1.82282608695652e-17
48.1 1.8304347826087e-17
48.2 1.83804347826087e-17
48.3 1.84565217391304e-17
48.4 1.85326086956522e-17
48.5 1.86086956521739e-17
48.6 1.87e-17
48.7 1.87e-17
48.8 1.87e-17
48.9 1.87e-17
49 1.87e-17
49.1 1.87e-17
49.2 1.87e-17
49.3 1.87e-17
49.4 1.87e-17
49.5 1.87e-17
49.6 1.87e-17
49.7 1.8749504950495e-17
49.8 1.87990099009901e-17
49.9 1.88485148514852e-17
50 1.88980198019802e-17
50.1 1.89475247524752e-17
50.2 1.89970297029703e-17
50.3 1.90465346534653e-17
50.4 1.90960396039604e-17
50.5 1.91455445544554e-17
50.6 1.92e-17
50.7 1.92849056603774e-17
50.8 1.93698113207547e-17
50.9 1.94547169811321e-17
51 1.95396226415094e-17
51.1 1.96245283018868e-17
51.2 1.97094339622642e-17
51.3 1.97943396226415e-17
51.4 1.98792452830189e-17
51.5 1.99641509433962e-17
51.6 2.00490566037736e-17
51.7 2.01e-17
51.8 2.01094339622641e-17
51.9 2.01188679245283e-17
52 2.01283018867925e-17
52.1 2.01377358490566e-17
52.2 2.01471698113208e-17
52.3 2.01566037735849e-17
52.4 2.01660377358491e-17
52.5 2.01754716981132e-17
52.6 2.01849056603774e-17
52.7 2.01943396226415e-17
52.8 2.02e-17
52.9 2.0227027027027e-17
53 2.02540540540541e-17
53.1 2.02810810810811e-17
53.2 2.03081081081081e-17
53.3 2.03351351351351e-17
53.4 2.03621621621622e-17
53.5 2.03891891891892e-17
53.6 2.04162162162162e-17
53.7 2.04432432432432e-17
53.8 2.04702702702703e-17
53.9 2.05e-17
54 2.05333333333333e-17
54.1 2.05666666666667e-17
54.2 2.06e-17
54.3 2.06333333333333e-17
54.4 2.06666666666667e-17
54.5 2.07e-17
54.6 2.07333333333333e-17
54.7 2.07666666666667e-17
54.8 2.08e-17
54.9 2.08333333333333e-17
55 2.08666666666667e-17
55.1 2.09e-17
55.2 2.09396825396825e-17
55.3 2.09793650793651e-17
55.4 2.10190476190476e-17
55.5 2.10587301587302e-17
55.6 2.10984126984127e-17
55.7 2.11380952380952e-17
55.8 2.11777777777778e-17
55.9 2.12174603174603e-17
56 2.12571428571429e-17
56.1 2.12968253968254e-17
56.2 2.13365079365079e-17
56.3 2.13761904761905e-17
56.4 2.14e-17
56.5 2.07867e-17
56.6 2.09068950322955e-17
56.7 2.09866e-17
56.8 2.09119e-17
56.9 2.11117e-17
57 2.11118118836973e-17
57.1 2.11119e-17
57.2 2.13367e-17
57.3 2.14118e-17
57.4 2.14460314667576e-17
57.5 2.14869e-17
57.6 2.14442503530026e-17
57.7 2.14121e-17
57.8 2.1612e-17
57.9 2.15122e-17
58 2.16622e-17
58.1 2.18621e-17
58.2 2.18380841061889e-17
58.3 2.18123e-17
58.4 2.175998028371e-17
58.5 2.17126e-17
58.6 2.16698924195551e-17
58.7 2.16379e-17
58.8 2.16380244501982e-17
58.9 2.16381e-17
59 2.18379e-17
59.1 2.17881e-17
59.2 2.177014761201e-17
59.3 2.17521952240201e-17
59.4 2.17384e-17
59.5 2.19632e-17
59.6 2.18635e-17
59.7 2.20634e-17
59.8 2.20534876479823e-17
59.9 2.20435752959645e-17
60 2.20386e-17
60.1 2.20388e-17
60.2 2.19634480908887e-17
60.3 2.19141e-17
60.4 2.20391e-17
60.5 2.21645518688569e-17
60.6 2.22389e-17
60.7 2.2339e-17
60.8 2.22911173365845e-17
60.9 2.22642e-17
61 2.22963554387697e-17
61.1 2.23143e-17
61.2 2.23644e-17
61.3 2.22896e-17
61.4 2.25394e-17
61.5 2.25238619042497e-17
61.6 2.25145e-17
61.7 2.25449569826777e-17
61.8 2.25646e-17
61.9 2.25898e-17
62 2.25628396206714e-17
62.1 2.25358792413428e-17
62.2 2.25151e-17
62.3 2.2665e-17
62.4 2.26901e-17
62.5 2.27049814178752e-17
62.6 2.27152e-17
62.7 2.26910698942141e-17
62.8 2.26654e-17
62.9 2.27409087325194e-17
63 2.27904e-17
63.1 2.28069219802111e-17
63.2 2.28156e-17
63.3 2.27907e-17
63.4 2.27409e-17
63.5 2.26325665640367e-17
63.6 2.25413e-17
63.7 2.25556490498894e-17
63.8 2.25664e-17
63.9 2.27662e-17
64 2.26664e-17
64.1 2.28913e-17
64.2 2.31161e-17
64.3 2.29664e-17
64.4 2.27167e-17
64.5 2.24921e-17
64.6 2.2585413593016e-17
64.7 2.2642e-17
64.8 2.24174e-17
64.9 2.27026226505999e-17
65 2.30418e-17
65.1 2.30861245345579e-17
65.2 2.31169e-17
65.3 2.29422e-17
65.4 2.26926e-17
65.5 2.25928e-17
65.6 2.25583098936955e-17
65.7 2.25181e-17
65.8 2.26358835558984e-17
65.9 2.27429e-17
66 2.27651762810403e-17
66.1 2.2793e-17
66.2 2.275596616597e-17
66.3 2.27183e-17
66.4 2.24686e-17
66.5 2.2244e-17
66.6 2.23689e-17
66.7 2.2419e-17
66.8 2.25329126314227e-17
66.9 2.26438e-17
67 2.27140458905416e-17
67.1 2.27688e-17
67.2 2.28089718892698e-17
67.3 2.24694e-17
67.4 2.20852470957573e-17
67.5 2.17454e-17
67.6 2.18703e-17
67.7 2.21201e-17
67.8 2.23698e-17
67.9 2.25946e-17
68 2.26730992666941e-17
68.1 2.27196e-17
68.2 2.28700409249726e-17
68.3 2.32441e-17
68.4 2.30944e-17
68.5 2.27198920337512e-17
68.6 2.2262122634824e-17
68.7 2.18711e-17
68.8 2.2046e-17
68.9 2.22957e-17
69 2.25205e-17
69.1 2.27204e-17
69.2 2.27425199121781e-17
69.3 2.27705e-17
69.4 2.27253125433883e-17
69.5 2.26707e-17
69.6 2.24211e-17
69.7 2.19968646921489e-17
69.8 2.17721e-17
69.9 2.15474e-17
70 2.16724e-17
70.1 2.17793455527075e-17
70.2 2.18972e-17
70.3 2.2122e-17
70.4 2.23468e-17
70.5 2.25965e-17
70.6 2.28213e-17
70.7 2.25967e-17
70.8 2.21805201698079e-17
70.9 2.16976773474715e-17
71 2.13734e-17
71.1 2.1208113212136e-17
71.2 2.11388143030305e-17
71.3 2.13986e-17
71.4 2.15414797857076e-17
71.5 2.16234e-17
71.6 2.18482e-17
71.7 2.2247923944552e-17
71.8 2.25974e-17
71.9 2.25462142933676e-17
72 2.24727e-17
72.1 2.23640535796257e-17
72.2 2.22731e-17
72.3 2.20234e-17
72.4 2.17988e-17
72.5 2.15492e-17
72.6 2.13245e-17
72.7 2.10749e-17
72.8 2.08253e-17
72.9 2.06006e-17
73 2.06756e-17
73.1 2.10502604200992e-17
73.2 2.16746615778565e-17
73.3 2.23243769667635e-17
73.4 2.26484e-17
73.5 2.24648857866081e-17
73.6 2.18086952173431e-17
73.7 2.11597068749348e-17
73.8 2.08259e-17
73.9 2.05763e-17
74 2.03516e-17
74.1 2.04126236240365e-17
74.2 2.03889511484248e-17
74.3 2.00772e-17
74.4 1.98275e-17
74.5 1.95779e-17
74.6 1.98097672656801e-17
74.7 2.04770211476649e-17
74.8 2.14821176797627e-17
74.9 2.24757103824333e-17
75 2.26611277663651e-17
75.1 2.17981986784176e-17
75.2 2.03096163299271e-17
75.3 1.91419350220367e-17
75.4 1.83892049641195e-17
75.5 1.80554e-17
75.6 1.85936794910215e-17
75.7 1.90293e-17
75.8 1.94796611072865e-17
75.9 1.9379e-17
76 1.91294e-17
76.1 1.86927773280839e-17
76.2 1.85552e-17
76.3 1.878e-17
76.4 1.91969223688485e-17
76.5 1.95292e-17
76.6 1.97789e-17
76.7 1.94418915977805e-17
76.8 1.85833057788826e-17
76.9 1.77095697092983e-17
77 1.72072704830613e-17
77.1 1.71076e-17
77.2 1.73573e-17
77.3 1.7607e-17
77.4 1.79814018783395e-17
77.5 1.83313e-17
77.6 1.82315e-17
77.7 1.79818e-17
77.8 1.77322e-17
77.9 1.73142226177514e-17
78 1.7158e-17
78.1 1.72341601104057e-17
78.2 1.73103202208114e-17
78.3 1.73579e-17
78.4 1.72988542991144e-17
78.5 1.72581e-17
78.6 1.70335e-17
78.7 1.67839e-17
78.8 1.67167700620652e-17
78.9 1.66591e-17
79 1.68224773797855e-17
79.1 1.69089e-17
79.2 1.71337e-17
79.3 1.71074223570713e-17
79.4 1.70839e-17
79.5 1.68342e-17
79.6 1.65846e-17
79.7 1.64696502229254e-17
79.8 1.6385e-17
79.9 1.64914250903336e-17
80 1.65848e-17
80.1 1.65068370829683e-17
80.2 1.64601e-17
80.3 1.62354e-17
80.4 1.61744569270874e-17
80.5 1.61356e-17
80.6 1.62613736547352e-17
80.7 1.68023271362122e-17
80.8 1.68599e-17
80.9 1.68690043264312e-17
81 1.68781086528625e-17
81.1 1.6885e-17
81.2 1.69231009744812e-17
81.3 1.696e-17
81.4 1.71848e-17
81.5 1.6960819394686e-17
81.6 1.63985078998009e-17
81.7 1.61113e-17
81.8 1.62004329239848e-17
81.9 1.63112e-17
82 1.67271222597662e-17
82.1 1.70603e-17
82.2 1.71476874009965e-17
82.3 1.66601411892825e-17
82.4 1.62864e-17
82.5 1.64114e-17
82.6 1.67867752886717e-17
82.7 1.74740001025165e-17
82.8 1.78597e-17
82.9 1.76101e-17
83 1.71733936786294e-17
83.1 1.71495772429638e-17
83.2 1.72611659299073e-17
83.3 1.76352e-17
83.4 1.786e-17
83.5 1.81097e-17
83.6 1.83089270624346e-17
83.7 1.78850292149248e-17
83.8 1.73450291245761e-17
83.9 1.71611e-17
84 1.74861196364571e-17
84.1 1.80102194783765e-17
84.2 1.85096195557923e-17
84.3 1.87599667349547e-17
84.4 1.80116948974493e-17
84.5 1.75108785025662e-17
84.6 1.72606636316459e-17
84.7 1.77608199529693e-17
84.8 1.82609771225856e-17
84.9 1.87464731614196e-17
85 1.9110702516283e-17
85.1 1.90372131125199e-17
85.2 1.82867436047576e-17
85.3 1.78629400357134e-17
85.4 1.85881656533999e-17
85.5 1.92093e-17
85.6 1.9647208948641e-17
85.7 1.96937181730079e-17
85.8 1.96088773942758e-17
85.9 1.89861217207585e-17
86 1.83873591899491e-17
86.1 1.8785241387506e-17
86.2 1.92845e-17
86.3 1.95093e-17
86.4 1.9809e-17
86.5 1.98624276797659e-17
86.6 1.99339e-17
86.7 1.95204903344724e-17
86.8 1.95102908064751e-17
86.9 1.96184726958998e-17
87 1.97266545853244e-17
87.1 1.9834836474749e-17
87.2 1.99342e-17
87.3 1.97345e-17
87.4 1.94849e-17
87.5 1.95508752739731e-17
87.6 1.97089661076064e-17
87.7 2.0251434852406e-17
87.8 2.04838e-17
87.9 1.98624600919824e-17
88 1.9316811081591e-17
88.1 1.92559535475121e-17
88.2 1.93361799589541e-17
88.3 1.98356970859879e-17
88.4 2.08384308482095e-17
88.5 2.11343981252257e-17
88.6 2.02870372543445e-17
88.7 1.97851e-17
88.8 1.94112229368394e-17
88.9 1.94114466543386e-17
89 2.04274430006984e-17
89.1 2.20371401904751e-17
89.2 2.2731569836096e-17
89.3 2.1688596952274e-17
89.4 2.04401967539737e-17
89.5 1.94445051627019e-17
89.6 1.92494075444699e-17
89.7 2.01993823106985e-17
89.8 2.20689694433775e-17
89.9 2.38255085501713e-17
90 2.37362701999011e-17
90.1 2.19998726374125e-17
90.2 2.08681027962867e-17
90.3 1.98691981453875e-17
90.4 1.92372969745682e-17
90.5 2.03759872977396e-17
90.6 2.21253414849235e-17
90.7 2.36107624952539e-17
90.8 2.34593346640989e-17
90.9 2.24661970720853e-17
91 2.12148939177358e-17
91.1 2.04600946388266e-17
91.2 1.99609e-17
91.3 2.04730079676655e-17
91.4 2.20929286398019e-17
91.5 2.35923291243399e-17
91.6 2.38581540190258e-17
91.7 2.27413050322819e-17
91.8 2.16196784219215e-17
91.9 2.03671855876603e-17
92 1.96160839242535e-17
92.1 1.95961768310981e-17
92.2 2.08544471558303e-17
92.3 2.28438284611332e-17
92.4 2.42188356475656e-17
92.5 2.37885428819682e-17
92.6 2.23008075023223e-17
92.7 2.09272655406875e-17
92.8 1.99144916735886e-17
92.9 1.98398589118204e-17
93 2.08577730229699e-17
93.1 2.27168991683753e-17
93.2 2.35572342385187e-17
93.3 2.30358357898768e-17
93.4 2.23129217213731e-17
93.5 2.1066089410743e-17
93.6 2.03143357841072e-17
93.7 2.02123116696951e-17
93.8 2.12417394457074e-17
93.9 2.2112343254147e-17
94 2.28655154617371e-17
94.1 2.25145739651866e-17
94.2 2.17627357724323e-17
94.3 2.10164748102947e-17
94.4 2.01383361039445e-17
94.5 1.97625e-17
94.6 1.96800424920174e-17
94.7 2.00122e-17
94.8 2.0262e-17
94.9 2.04368e-17
95 1.98139856078093e-17
95.1 1.91913357543684e-17
95.2 1.85656348247832e-17
95.3 1.77539725189765e-17
95.4 1.74922057552776e-17
95.5 1.71411e-17
95.6 1.73908e-17
95.7 1.77655299992198e-17
95.8 1.76725238778718e-17
95.9 1.68483445030385e-17
96 1.62924e-17
96.1 1.54684e-17
96.2 1.59061355932386e-17
96.3 1.59488285024798e-17
96.4 1.59929e-17
96.5 1.62426e-17
96.6 1.66671e-17
96.7 1.57184e-17
96.8 1.49721009515206e-17
96.9 1.447e-17
97 1.40873445201602e-17
97.1 1.39862690447139e-17
97.2 1.39208e-17
97.3 1.36961e-17
97.4 1.35218528261101e-17
97.5 1.3846e-17
97.6 1.37461e-17
97.7 1.35458731379318e-17
97.8 1.38491431763194e-17
97.9 1.43217227217405e-17
98 1.35796236494456e-17
98.1 1.2743626509617e-17
98.2 1.24805014233091e-17
98.3 1.23232e-17
98.4 1.18943716730254e-17
98.5 1.16491e-17
98.6 1.12453990186729e-17
98.7 1.10249e-17
98.8 1.11909110319701e-17
98.9 1.12747e-17
99 1.14495e-17
99.1 1.23708157894738e-17
99.2 1.32e-17
99.3 1.39309904853331e-17
99.4 1.46619809706661e-17
99.5 1.53929714559992e-17
99.6 1.61239619413323e-17
99.7 1.68549524266653e-17
99.8 1.75859429119984e-17
99.9 1.86593124139638e-17
100 1.75956167151725e-17
100.1 1.53626667754755e-17
100.2 1.60173079287749e-17
100.3 1.68451317207205e-17
100.4 1.72858856260985e-17
100.5 1.84682093220846e-17
100.6 1.3827513079674e-17
100.7 1.31702443419816e-17
100.8 1.28619593289564e-17
100.9 1.33315900215903e-17
101 1.26410762653188e-17
101.1 1.48167868679283e-17
101.2 1.76773722309582e-17
101.3 2.13282116324921e-17
101.4 1.64283766803804e-17
101.5 1.0983427185324e-17
101.6 1.08878588384501e-17
101.7 1.21030958652177e-17
101.8 1.18964848322995e-17
101.9 1.17926106790575e-17
102 1.09584378581643e-17
102.1 1.14876367554082e-17
102.2 1.22224054649516e-17
102.3 1.229039117394e-17
102.4 1.33511167237068e-17
102.5 1.43468397989562e-17
102.6 1.52297970378305e-17
102.7 2.17353794702115e-17
102.8 2.03287349949443e-17
102.9 1.40185668422108e-17
103 8.76234515532604e-18
103.1 6.66609657942209e-18
103.2 5.17969833583353e-18
103.3 4.53244866732176e-18
103.4 4.66362794048986e-18
103.5 5.49492182493416e-18
103.6 5.70111574619958e-18
103.7 7.46928868140105e-18
103.8 7.52766063990515e-18
103.9 6.55642425990027e-18
104 5.93227691977142e-18
104.1 5.88394805463496e-18
104.2 6.99000112659977e-18
104.3 6.51216085217831e-18
104.4 3.89375615001704e-18
104.5 2.83469809920339e-18
104.6 2.67865840336686e-18
104.7 2.7810117645762e-18
104.8 3.68558806723877e-18
104.9 4.88511485905629e-18
105 8.18825583855268e-18
105.1 1.23933237196916e-17
105.2 1.48325039476978e-17
105.3 1.8309868200377e-17
105.4 1.59954771421413e-17
105.5 1.69922604825984e-17
105.6 1.87434402760941e-17
105.7 1.92570318082956e-17
105.8 1.37533451122496e-17
105.9 8.98888399803658e-18
106 3.63994885841572e-18
106.1 1.92983092159102e-18
106.2 6.34593226782796e-19
106.3 2.95571589530717e-19
106.4 1.31083274684406e-19
106.5 1.47981067217004e-19
106.6 6.32953497621958e-19
106.7 3.19102051309288e-18
106.8 2.05095667179132e-18
106.9 6.16808944352912e-19
107 1.9779452247537e-19
107.1 8.31519572208564e-20
107.2 4.0933187403527e-19
107.3 2.63267816014914e-18
107.4 5.24516568225056e-18
107.5 7.7766440135918e-18
107.6 7.95706029397071e-18
107.7 8.13635237714753e-18
107.8 6.1155932966483e-18
107.9 3.9037067759341e-18
108 2.15947944906269e-18
108.1 6.48256564905665e-19
108.2 1.34169492016403e-18
108.3 2.03367750799747e-18
108.4 3.46055379102397e-18
108.5 2.43442484441787e-18
108.6 2.24535423935459e-18
108.7 2.02917533413057e-18
108.8 3.14206309198666e-18
108.9 6.72754948636042e-18
109 1.03338834035784e-17
109.1 8.8000540691428e-18
109.2 2.94776392871425e-18
109.3 8.14871918291475e-19
109.4 7.14178721681905e-19
109.5 1.20350108926931e-18
109.6 1.16492648993246e-18
109.7 2.26398372083751e-18
109.8 3.8749773576355e-18
109.9 2.97943732702603e-18
110 1.17886610195969e-18
110.1 1.01824740097856e-18
110.2 7.34845634263815e-19
110.3 1.18446787464156e-18
110.4 1.10669548501479e-18
110.5 9.49478738590609e-19
110.6 1.03693018887559e-18
110.7 1.94448078145241e-18
110.8 3.37390808538525e-18
110.9 3.6970844331777e-18
111 3.94680055141899e-18
111.1 8.05555333380145e-18
111.2 1.10383766837142e-17
111.3 1.97792507263773e-17
111.4 2.06628381485564e-17
111.5 2.75461183973518e-17
111.6 2.21775166417066e-17
111.7 1.04596343217782e-17
111.8 4.51001757412992e-18
111.9 2.54054031195884e-18
112 3.23817353154876e-18
112.1 9.88249136085385e-18
112.2 1.12845720809955e-17
112.3 1.22940155359886e-17
112.4 1.10114047080394e-17
112.5 7.97271948030291e-18
112.6 9.39989102897944e-18
112.7 1.32914197265435e-17
112.8 1.80655346358932e-17
112.9 1.72171594074689e-17
113 1.04223405416844e-17
113.1 4.16950788753867e-18
113.2 2.66465053360291e-18
113.3 2.62135085157326e-18
113.4 2.04504446485541e-18
113.5 1.62610472354884e-18
113.6 9.63724074281095e-19
113.7 7.87799910030141e-19
113.8 7.63641827127325e-19
113.9 5.26218492483064e-19
114 9.31159434059024e-19
114.1 1.33610037563499e-18
114.2 1.74104131721095e-18
114.3 2.14598225878691e-18
114.4 2.55092320036288e-18
114.5 2.95586414193883e-18
114.6 3.3608050835148e-18
114.7 3.76574602509076e-18
114.8 4.39719518527135e-18
114.9 4.74231171317829e-18
115 5.1940513124031e-18
115.1 5.21496458604651e-18
115.2 5.25648912674419e-18
115.3 4.7419933228682e-18
115.4 4.36272929767442e-18
115.5 4.10163449806202e-18
115.6 3.81841402945736e-18
115.7 3.97812691007752e-18
115.8 3.00060257713177e-18
115.9 2.62616956511628e-18
116 2.33459121434109e-18
116.1 2.0708531744186e-18
116.2 2.03756473023256e-18
116.3 2.21970091744187e-18
116.4 2.50890908992248e-18
116.5 2.84759009224806e-18
116.6 3.59136733255814e-18
116.7 4.34632864689922e-18
116.8 5.60308182790702e-18
116.9 6.31787517364341e-18
117 7.22258752015504e-18
117.1 8.73086194651163e-18
117.2 9.47339730077519e-18
117.3 9.7280248996124e-18
117.4 9.84260772868217e-18
117.5 1.00782029050388e-17
117.6 8.86393598914729e-18
117.7 7.91988578255814e-18
117.8 6.028935694186e-18
117.9 5.24641040775194e-18
118 4.12646293488372e-18
118.1 2.84414951085271e-18
118.2 2.63628978953488e-18
118.3 2.97184259341087e-18
118.4 2.88062185813954e-18
118.5 3.30165235697674e-18
118.6 3.6646222255814e-18
118.7 3.64681421317829e-18
118.8 4.3133695155039e-18
118.9 5.09379604728682e-18
119 5.8960080127907e-18
119.1 8.99554641937985e-18
119.2 1.19292384263566e-17
119.3 1.1843841011628e-17
119.4 1.45428788139535e-17
119.5 1.36107488565891e-17
119.6 1.16418679612403e-17
119.7 1.10492567604651e-17
119.8 9.26553484883717e-18
119.9 8.1662592627907e-18
120 7.19406455426357e-18
120.1 6.00049300852713e-18
120.2 5.70233331705426e-18
120.3 4.81574955775192e-18
120.4 4.40327136124031e-18
120.5 4.1407462627907e-18
120.6 3.95916985271318e-18
120.7 4.01530921860465e-18
120.8 4.41708338410854e-18
120.9 4.8205570875969e-18
121 5.4482753255814e-18
121.1 6.70526825503876e-18
121.2 7.6113158748062e-18
121.3 1.00068441546512e-17
121.4 1.14282897751938e-17
121.5 1.31762798837209e-17
121.6 1.60398484728682e-17
121.7 1.75664945116279e-17
121.8 1.88485152131783e-17
121.9 2.06742679224806e-17
122 2.44704689031008e-17
122.1 2.30060318527132e-17
122.2 2.17594982906977e-17
122.3 1.75360480968991e-17
122.4 1.46719825348837e-17
122.5 1.11860499077519e-17
122.6 6.55986928527132e-18
122.7 4.63984901472868e-18
122.8 2.78255108914726e-18
122.9 2.47648352170543e-18
123 2.43741162403101e-18
123.1 2.64096188062016e-18
123.2 2.87730633914729e-18
123.3 3.4804129515504e-18
123.4 3.64782709759142e-18
123.5 3.98689180497554e-18
123.6 4.75133959511219e-18
123.7 9.79234711783399e-18
123.8 2.1136921667677e-17
123.9 1.68651912511335e-17
124 1.58033781216249e-17
124.1 2.27550104280294e-17
124.2 9.5281727843067e-18
124.3 7.61512895351328e-18
124.4 7.13992038241107e-18
124.5 6.56299197656843e-18
124.6 5.00135231826825e-18
124.7 6.22663259341085e-18
124.8 6.21219198178295e-18
124.9 6.29730595813953e-18
125 6.4066050372093e-18
125.1 6.62457078372093e-18
125.2 6.75921220232558e-18
125.3 7.10048674767443e-18
125.4 7.24213329922481e-18
125.5 7.37390428992248e-18
125.6 7.51064064031008e-18
125.7 7.57665174418605e-18
125.8 7.5667614379845e-18
125.9 7.49214778837209e-18
126 7.45298851085271e-18
126.1 7.50660915271318e-18
126.2 7.59940327131783e-18
126.3 7.72950203023256e-18
126.4 7.88353303643411e-18
126.5 8.0888276131783e-18
126.6 8.31597152015504e-18
126.7 8.48692800232558e-18
126.8 8.65689927674419e-18
126.9 8.6951028372093e-18
127 8.62038323953488e-18
127.1 8.46953285968992e-18
127.2 8.27450323023256e-18
127.3 8.07622634728682e-18
127.4 7.96178824108527e-18
127.5 7.97401486589147e-18
127.6 8.09758525813954e-18
127.7 8.26852317209302e-18
127.8 8.46334855116279e-18
127.9 8.66201318217054e-18
128 8.83340001007752e-18
128.1 8.90788477441861e-18
128.2 8.91591279767442e-18
128.3 8.86733506511628e-18
128.4 8.72685558062015e-18
128.5 8.50405335968992e-18
128.6 8.25583452635659e-18
128.7 8.04410879302326e-18
128.8 7.90814575426357e-18
128.9 7.86742128527132e-18
129 7.92656761007752e-18
129.1 8.07714165116279e-18
129.2 8.25705456744186e-18
129.3 8.43839395968992e-18
129.4 8.59943282945737e-18
129.5 8.62612081860465e-18
129.6 8.53416882325581e-18
129.7 8.3251627875969e-18
129.8 8.05736103875969e-18
129.9 7.74715166666667e-18
130 7.48988246589147e-18
130.1 7.30454872248062e-18
130.2 7.20071525271318e-18
130.3 7.22019003565891e-18
130.4 7.32277288139535e-18
130.5 7.5378998751938e-18
130.6 7.8180090751938e-18
130.7 8.08967738217054e-18
130.8 8.17980969224806e-18
130.9 7.95281105426357e-18
131 7.4932029e-18
131.1 7.00800009689923e-18
131.2 6.54675793953488e-18
131.3 6.21115598449612e-18
131.4 6.0015404744186e-18
131.5 5.93005283875969e-18
131.6 6.03898055348837e-18
131.7 6.35525081007752e-18
131.8 6.75744494496124e-18
131.9 7.08121457674419e-18
132 7.20234816356589e-18
132.1 7.11326659612403e-18
132.2 6.94683638992248e-18
132.3 6.67985491937985e-18
132.4 6.23904763100775e-18
132.5 5.75907123488372e-18
132.6 5.28053879069767e-18
132.7 4.90745743565892e-18
132.8 4.73494122325581e-18
132.9 4.73375613410853e-18
133 4.91562417441861e-18
133.1 5.21669907596899e-18
133.2 5.47304532713178e-18
133.3 5.63628070775194e-18
133.4 5.64657951472868e-18
133.5 5.54125731085271e-18
133.6 5.33165272325581e-18
133.7 5.1214419379845e-18
133.8 4.8589452379845e-18
133.9 4.5712274379845e-18
134 4.49262271395349e-18
134.1 4.35803481550388e-18
134.2 4.16300190930233e-18
134.3 3.97119878062015e-18
134.4 3.84193886821705e-18
134.5 3.85581697209302e-18
134.6 3.93015100620155e-18
134.7 3.97429530387597e-18
134.8 3.98582616666667e-18
134.9 3.96472721085271e-18
135 3.84495128837209e-18
135.1 3.69634220155039e-18
135.2 3.56155442170543e-18
135.3 3.45860239612403e-18
135.4 3.39345744496124e-18
135.5 3.28920564418605e-18
135.6 3.10792304883721e-18
135.7 2.92899424806202e-18
135.8 2.76193927596899e-18
135.9 2.61840258914729e-18
136 2.51789064573643e-18
136.1 2.47406528449612e-18
136.2 2.50530139457364e-18
136.3 2.59941931782946e-18
136.4 2.69410084108527e-18
136.5 2.72369967131783e-18
136.6 2.66768591395349e-18
136.7 2.54027626976744e-18
136.8 2.38763241860465e-18
136.9 2.21483112945736e-18
137 2.06222223023256e-18
137.1 1.95063707596899e-18
137.2 1.89352560930233e-18
137.3 1.8936184503876e-18
137.4 1.91548525658915e-18
137.5 1.95307715813954e-18
137.6 2.0094699255814e-18
137.7 2.0415547124031e-18
137.8 2.02488045348837e-18
137.9 1.94305468992248e-18
138 1.82714314108527e-18
138.1 1.7011949248062e-18
138.2 1.57728265891473e-18
138.3 1.46762859922481e-18
138.4 1.3696659627907e-18
138.5 1.28126377364341e-18
138.6 1.21726459069767e-18
138.7 1.19461791937985e-18
138.8 1.19726225193798e-18
138.9 1.22059703953488e-18
139 1.25801090465116e-18
139.1 1.30869230697674e-18
139.2 1.34547594496124e-18
139.3 1.35803242868217e-18
139.4 1.33886784418605e-18
139.5 1.30863769457364e-18
139.6 1.26389156821705e-18
139.7 1.21382291705426e-18
139.8 1.14726678139535e-18
139.9 1.05901379333333e-18
140 9.60929152790698e-19
140.1 8.76612408294574e-19
140.2 8.11775689534884e-19
140.3 7.73623901627907e-19
140.4 7.50628693953488e-19
140.5 7.40246876124031e-19
140.6 7.41223564341085e-19
140.7 7.59142221472868e-19
140.8 7.9179301124031e-19
140.9 8.27097199224806e-19
141 8.52835260232558e-19
141.1 8.54895240077519e-19
141.2 8.40940569612403e-19
141.3 8.19503672248062e-19
141.4 7.9651632875969e-19
141.5 7.65262305813954e-19
141.6 7.32976108449612e-19
141.7 7.08359676976744e-19
141.8 6.9304570379845e-19
141.9 6.75122459224806e-19
142 6.62350147286822e-19
142.1 6.42855922325582e-19
142.2 6.20808458294574e-19
142.3 5.96167014341085e-19
142.4 5.79187035193798e-19
142.5 5.70564173643411e-19
142.6 5.67504568372093e-19
142.7 5.71168951395349e-19
142.8 5.76356692790698e-19
142.9 5.84687377984496e-19
143 5.93739056124031e-19
143.1 6.00726822325581e-19
143.2 6.04689825968992e-19
143.3 6.02614554651163e-19
143.4 5.9312630496124e-19
143.5 5.83736029922481e-19
143.6 5.69003023488372e-19
143.7 5.65379818217054e-19
143.8 5.66318277751938e-19
143.9 5.70906156511628e-19
144 5.76363792403101e-19
144.1 5.82788613953488e-19
144.2 5.87842664186047e-19
144.3 5.87015395503876e-19
144.4 5.8504727372093e-19
144.5 5.83223874806202e-19
144.6 5.8245558751938e-19
144.7 5.79851558914729e-19
144.8 5.80783355736434e-19
144.9 5.82413863643411e-19
145 5.86209097984496e-19
145.1 5.92789237209302e-19
145.2 6.02750321085271e-19
145.3 6.11688514651163e-19
145.4 6.20621574651163e-19
145.5 6.28839976744186e-19
145.6 6.31160130077519e-19
145.7 6.39098916666667e-19
145.8 6.46365970697674e-19
145.9 6.52839397286822e-19
146 6.61093406666667e-19
146.1 6.71716720542636e-19
146.2 6.82568969612403e-19
146.3 6.98229403875969e-19
146.4 7.12996051550388e-19
146.5 7.25633689302326e-19
146.6 7.35709896124031e-19
146.7 7.4497510875969e-19
146.8 7.52254832868217e-19
146.9 7.6078638248062e-19
147 7.66923505891473e-19
147.1 7.77671336046512e-19
147.2 7.86559395426357e-19
147.3 7.9725447e-19
147.4 8.11284505581395e-19
147.5 8.24790262093023e-19
147.6 8.36190055116279e-19
147.7 8.52795283953488e-19
147.8 8.63601221705426e-19
147.9 8.78063350620155e-19
148 8.93809854031008e-19
148.1 9.1002220124031e-19
148.2 9.24567559457364e-19
148.3 9.39683289612403e-19
148.4 9.56600027596899e-19
148.5 9.72547504651163e-19
148.6 9.87126285658915e-19
148.7 1.00704026155039e-18
148.8 1.02573233953488e-18
148.9 1.04316997062015e-18
149 1.06085597891473e-18
149.1 1.07891280542636e-18
149.2 1.09572577984496e-18
149.3 1.11363318682171e-18
149.4 1.13166511007752e-18
149.5 1.14924811937985e-18
149.6 1.16669350542636e-18
149.7 1.1840373124031e-18
149.8 1.20201462325581e-18
149.9 1.22293881937984e-18
150 1.24118482325581e-18
150.1 1.26112490387597e-18
150.2 1.28089131705426e-18
150.3 1.30118310155039e-18
150.4 1.32247647751938e-18
150.5 1.34472993953488e-18
150.6 1.36399173410853e-18
150.7 1.3870425372093e-18
150.8 1.40994697906977e-18
150.9 1.43214473643411e-18
151 1.4543151875969e-18
151.1 1.47704050077519e-18
151.2 1.50210540930233e-18
151.3 1.52290945813953e-18
151.4 1.54861005503876e-18
151.5 1.57214472403101e-18
151.6 1.59741715968992e-18
151.7 1.61943797286822e-18
151.8 1.64582231705426e-18
151.9 1.67023078449612e-18
152 1.69462396046512e-18
152.1 1.7202251627907e-18
152.2 1.74539274263566e-18
152.3 1.7709721e-18
152.4 1.79520799224806e-18
152.5 1.82151041782946e-18
152.6 1.84805641472868e-18
152.7 1.87412073023256e-18
152.8 1.8989639124031e-18
152.9 1.92477482635659e-18
153 1.95103793100775e-18
153.1 1.97845991085271e-18
153.2 2.00684634573643e-18
153.3 2.0334229255814e-18
153.4 2.06233254728682e-18
153.5 2.09019251860465e-18
153.6 2.11929656046512e-18
153.7 2.14851528837209e-18
153.8 2.1779229751938e-18
153.9 2.20412272945736e-18
154 2.23422617829457e-18
154.1 2.26552891550388e-18
154.2 2.29409120232558e-18
154.3 2.32441419302326e-18
154.4 2.35404906744186e-18
154.5 2.38484390930233e-18
154.6 2.41444492403101e-18
154.7 2.4467285e-18
154.8 2.47771994651163e-18
154.9 2.50953713255814e-18
155 2.5413903627907e-18
155.1 2.57367503100775e-18
155.2 2.60476150310078e-18
155.3 2.63611557596899e-18
155.4 2.66683286821705e-18
155.5 2.70162424573643e-18
155.6 2.73516609147287e-18
155.7 2.76787236744186e-18
155.8 2.79905058837209e-18
155.9 2.83317241782946e-18
156 2.86780869612403e-18
156.1 2.90073779069767e-18
156.2 2.93294490930233e-18
156.3 2.96670957364341e-18
156.4 3.00143650852713e-18
156.5 3.03350709612403e-18
156.6 3.06548593488372e-18
156.7 3.09893930852713e-18
156.8 3.13351769767442e-18
156.9 3.16498536434109e-18
157 3.1985162875969e-18
157.1 3.22971307674419e-18
157.2 3.26285952868217e-18
157.3 3.2969103620155e-18
157.4 3.32941347984496e-18
157.5 3.36206295891473e-18
157.6 3.39696465348837e-18
157.7 3.42965345348837e-18
157.8 3.46463160542636e-18
157.9 3.49637233410853e-18
158 3.5306405248062e-18
158.1 3.56534670697674e-18
158.2 3.59880554186046e-18
158.3 3.63322009379845e-18
158.4 3.6661633875969e-18
158.5 3.70167674108527e-18
158.6 3.73803658682171e-18
158.7 3.77223050465116e-18
158.8 3.80710598527132e-18
158.9 3.84066967596899e-18
159 3.87552003488372e-18
159.1 3.91117756511628e-18
159.2 3.9476357131783e-18
159.3 3.98339154573643e-18
159.4 4.0171452875969e-18
159.5 4.05325282403101e-18
159.6 4.08844177984496e-18
159.7 4.12281264186047e-18
159.8 4.1590228496124e-18
159.9 4.19327793333333e-18
160 4.22776566589147e-18
160.1 4.26222063100775e-18
160.2 4.29671054806202e-18
160.3 4.32938187209302e-18
160.4 4.3622552620155e-18
160.5 4.39658243410853e-18
160.6 4.42706052403101e-18
160.7 4.45942820310078e-18
160.8 4.49107062945736e-18
160.9 4.52318818372093e-18
161 4.55362804496124e-18
161.1 4.58230611007752e-18
161.2 4.61281041395349e-18
161.3 4.64202149612403e-18
161.4 4.67214242093023e-18
161.5 4.69914825426357e-18
161.6 4.72644244108527e-18
161.7 4.75444003565892e-18
161.8 4.78213835426357e-18
161.9 4.81019820697674e-18
162 4.83622647829457e-18
162.1 4.8616048620155e-18
162.2 4.88743980542636e-18
162.3 4.91373349302326e-18
162.4 4.93778916434109e-18
162.5 4.96544379302326e-18
162.6 4.99020614883721e-18
162.7 5.01429021860465e-18
162.8 5.03897720930233e-18
162.9 5.06347851782946e-18
163 5.08815458604651e-18
163.1 5.11426477596899e-18
163.2 5.13697588992248e-18
163.3 5.16319093565891e-18
163.4 5.18974894728682e-18
163.5 5.21536107209302e-18
163.6 5.23913712790698e-18
163.7 5.26333697596899e-18
163.8 5.28679300310078e-18
163.9 5.30743867596899e-18
164 5.33088487286822e-18
164.1 5.35388434031008e-18
164.2 5.37678550542636e-18
164.3 5.39669500310078e-18
164.4 5.41929361550388e-18
164.5 5.44070713875969e-18
164.6 5.46244069069768e-18
164.7 5.48118148294574e-18
164.8 5.50004788372093e-18
164.9 5.51914256434109e-18
165 5.53705761705426e-18
165.1 5.55254569457364e-18
165.2 5.56730961162791e-18
165.3 5.58190532248062e-18
165.4 5.59556060775194e-18
165.5 5.60760264263566e-18
165.6 5.62038194496124e-18
165.7 5.6288053620155e-18
165.8 5.63524634883721e-18
165.9 5.64361843023256e-18
166 5.64848330310078e-18
166.1 5.65290253875969e-18
166.2 5.65713281550388e-18
166.3 5.65960129612403e-18
166.4 5.6623483e-18
166.5 5.66246735503876e-18
166.6 5.66173117984496e-18
166.7 5.65980445426357e-18
166.8 5.66073068062015e-18
166.9 5.65652443333333e-18
167 5.65319526124031e-18
167.1 5.64803875813953e-18
167.2 5.64260810077519e-18
167.3 5.63833413410853e-18
167.4 5.63350748992248e-18
167.5 5.62858909689922e-18
167.6 5.62223112093023e-18
167.7 5.61766115503876e-18
167.8 5.61090013953488e-18
167.9 5.60608987906977e-18
168 5.60058713333333e-18
168.1 5.59647481937985e-18
168.2 5.59035386124031e-18
168.3 5.5857216372093e-18
168.4 5.57987046434109e-18
168.5 5.57520110387597e-18
168.6 5.57000091085271e-18
168.7 5.56647841085271e-18
168.8 5.56158077054264e-18
168.9 5.55806591627907e-18
169 5.55178658217054e-18
169.1 5.54674476511628e-18
169.2 5.54074832325581e-18
169.3 5.53552300852713e-18
169.4 5.52922182945736e-18
169.5 5.52174320697674e-18
169.6 5.51281189457364e-18
169.7 5.5065675124031e-18
169.8 5.49769299689923e-18
169.9 5.48519877131783e-18
170 5.4733151124031e-18
170.1 5.46203328217054e-18
170.2 5.44885421705426e-18
170.3 5.43221054108527e-18
170.4 5.41492680775194e-18
170.5 5.3959468131783e-18
170.6 5.37549337596899e-18
170.7 5.35368992015504e-18
170.8 5.32955779147287e-18
170.9 5.30430829302326e-18
171 5.27821557906977e-18
171.1 5.24796686124031e-18
171.2 5.21799120542636e-18
171.3 5.18390760465116e-18
171.4 5.14813757286822e-18
171.5 5.11315614418605e-18
171.6 5.07356433643411e-18
171.7 5.03325929069767e-18
171.8 4.99111271472868e-18
171.9 4.94756150775194e-18
172 4.90364876666667e-18
172.1 4.85779619302326e-18
172.2 4.81076399147287e-18
172.3 4.7639469627907e-18
172.4 4.71441678992248e-18
172.5 4.66500130310078e-18
172.6 4.61650876589147e-18
172.7 4.5664510372093e-18
172.8 4.51960779457364e-18
172.9 4.46925952790698e-18
173 4.42089915271318e-18
173.1 4.37503893333333e-18
173.2 4.32741691782946e-18
173.3 4.28230270387597e-18
173.4 4.23708691085271e-18
173.5 4.19186674883721e-18
173.6 4.14481707131783e-18
173.7 4.10098515658915e-18
173.8 4.05622483100775e-18
173.9 4.01410119224806e-18
174 3.97001259922481e-18
174.1 3.92698785581395e-18
174.2 3.88548570620155e-18
174.3 3.84695228682171e-18
174.4 3.80843415891473e-18
174.5 3.77039662015504e-18
174.6 3.73351686434109e-18
174.7 3.69799258837209e-18
174.8 3.66057107751938e-18
174.9 3.62425164496124e-18
175 3.58977592713178e-18
175.1 3.55367166744186e-18
175.2 3.51940675348837e-18
175.3 3.48396767286822e-18
175.4 3.44897095271318e-18
175.5 3.41497910077519e-18
175.6 3.37829813410853e-18
175.7 3.33956701782946e-18
175.8 3.30293301782946e-18
175.9 3.2650210875969e-18
176 3.22541617286822e-18
176.1 3.18677134418605e-18
176.2 3.14559796124031e-18
176.3 3.10567957131783e-18
176.4 3.06299888604651e-18
176.5 3.02005606124031e-18
176.6 2.97307847209302e-18
176.7 2.9256246627907e-18
176.8 2.87698576434109e-18
176.9 2.82835232713178e-18
177 2.77710186356589e-18
177.1 2.7251239627907e-18
177.2 2.67145963100775e-18
177.3 2.6150581255814e-18
177.4 2.55777408372093e-18
177.5 2.5000837255814e-18
177.6 2.43983095348837e-18
177.7 2.38199751085271e-18
177.8 2.31902831782946e-18
177.9 2.25684882015504e-18
178 2.1944312124031e-18
178.1 2.1298127248062e-18
178.2 2.0666436503876e-18
178.3 2.00287711627907e-18
178.4 1.93884953488372e-18
178.5 1.87580388449612e-18
178.6 1.81052567906977e-18
178.7 1.74652649612403e-18
178.8 1.68619508217054e-18
178.9 1.62398500155039e-18
179 1.56132382248062e-18
179.1 1.50050089689922e-18
179.2 1.44142338372093e-18
179.3 1.38323059147287e-18
179.4 1.3264238620155e-18
179.5 1.26946421782946e-18
179.6 1.2144487751938e-18
179.7 1.1612748627907e-18
179.8 1.10834124496124e-18
179.9 1.05715828232558e-18
180 1.00929389697674e-18
180.1 9.63002239612403e-19
180.2 9.17949846899225e-19
180.3 8.7590397620155e-19
180.4 8.34242358372093e-19
180.5 7.93224511550388e-19
180.6 7.52693916589147e-19
180.7 7.17101484341085e-19
180.8 6.82275264108527e-19
180.9 6.48644727829457e-19
181 6.16341819069767e-19
181.1 5.84505191007752e-19
181.2 5.55884578139535e-19
181.3 5.26016945658915e-19
181.4 4.99649749767442e-19
181.5 4.74870464108527e-19
181.6 4.51533273565892e-19
181.7 4.27741817054264e-19
181.8 4.06152441860465e-19
181.9 3.84258111007752e-19
182 3.6268064131783e-19
182.1 3.45800821317829e-19
182.2 3.2799018751938e-19
182.3 3.12180879844961e-19
182.4 2.95034878992248e-19
182.5 2.80048034108527e-19
182.6 2.65177622868217e-19
182.7 2.51611137364341e-19
182.8 2.38143937209302e-19
182.9 2.2733122751938e-19
183 2.14750823565891e-19
183.1 2.03325690387597e-19
183.2 1.93381099457364e-19
183.3 1.83796076589147e-19
183.4 1.73231853333333e-19
183.5 1.65542317751938e-19
183.6 1.58069811860465e-19
183.7 1.50578410077519e-19
183.8 1.42844747674419e-19
183.9 1.3625663503876e-19
184 1.29459575348837e-19
184.1 1.22410970930233e-19
184.2 1.16895336666667e-19
184.3 1.10781696589147e-19
184.4 1.05009318496124e-19
184.5 9.96275392325581e-20
184.6 9.54604053488372e-20
184.7 9.06946321472868e-20
184.8 8.6597915496124e-20
184.9 8.25527857209303e-20
185 7.85232204806202e-20
185.1 7.44184211937984e-20
185.2 7.09207261472868e-20
185.3 6.77801088372093e-20
185.4 6.41400501782946e-20
185.5 6.11302951085271e-20
185.6 5.80969584031008e-20
185.7 5.52056685581395e-20
185.8 5.25754478449612e-20
185.9 5.02220246356589e-20
186 4.83804725581395e-20
186.1 4.64089101937985e-20
186.2 4.4019431875969e-20
186.3 4.21978897829457e-20
186.4 3.98975935193799e-20
186.5 3.80731023565892e-20
186.6 3.67962862170543e-20
186.7 3.54149637829457e-20
186.8 3.34622863875969e-20
186.9 3.2415366620155e-20
187 3.06136706744186e-20
187.1 2.92279246356589e-20
187.2 2.81261630930233e-20
187.3 2.66735933178295e-20
187.4 2.55767687364341e-20
187.5 2.46877443488372e-20
187.6 2.35532044418605e-20
187.7 2.28422601782946e-20
187.8 2.16525508217054e-20
187.9 2.06705652015504e-20
188 1.9795270372093e-20
188.1 1.88975189224806e-20
188.2 1.79360675658915e-20
188.3 1.6866188744186e-20
188.4 1.5877933620155e-20
188.5 1.52145021472868e-20
188.6 1.48997708682171e-20
188.7 1.43012516976744e-20
188.8 1.36352643643411e-20
188.9 1.32437152790698e-20
189 1.24970108139535e-20
189.1 1.23458982945736e-20
189.2 1.13944519302326e-20
189.3 1.10024659457364e-20
189.4 9.89726600620155e-21
189.5 1.00312728286822e-20
189.6 9.84550764728682e-21
189.7 9.78061609767442e-21
189.8 8.85395830310078e-21
189.9 8.53591205116279e-21
190 8.37541165968992e-21
190.1 8.27795473410853e-21
190.2 8.17188980155039e-21
190.3 7.51869378527132e-21
190.4 7.50288677131783e-21
190.5 7.88910568604651e-21
190.6 7.00014137209302e-21
190.7 6.93591063255814e-21
190.8 6.39010772248062e-21
190.9 6.31635367209302e-21
191 5.69078934728682e-21
191.1 5.57870503565891e-21
191.2 5.29970774418605e-21
191.3 5.38411558217054e-21
191.4 5.38648139147287e-21
191.5 5.06680004418605e-21
191.6 4.90101317209302e-21
191.7 4.61753329457364e-21
191.8 3.92724125736434e-21
191.9 3.44180362093023e-21
192 3.51708681860465e-21
192.1 3.63920015193798e-21
192.2 3.56077564883721e-21
192.3 3.48149154651163e-21
192.4 3.81278895193798e-21
192.5 3.77384157054264e-21
192.6 4.14526598527132e-21
192.7 3.69319543488372e-21
192.8 3.05900562713178e-21
192.9 3.46356447906977e-21
193 3.44662152713178e-21
193.1 3.02137986589147e-21
193.2 3.13638703333333e-21
193.3 3.1342429503876e-21
193.4 3.05258648527132e-21
193.5 3.35112846356589e-21
193.6 2.95352941627907e-21
193.7 2.60984045658915e-21
193.8 2.81371511085271e-21
193.9 2.90633446976744e-21
194 0
194.1 0
194.2 0
194.3 0
194.4 0
194.5 0
194.6 0
194.7 0
194.8 0
194.9 0
195 0
195.1 0
195.2 0
195.3 0
195.4 0
195.5 0
195.6 0
195.7 0
195.8 0
195.9 0
196 0
196.1 0
196.2 0
196.3 0
196.4 0
196.5 0
196.6 0
196.7 0
196.8 0
196.9 0
197 0
197.1 0
197.2 0
197.3 0
197.4 0
197.5 0
197.6 0
197.7 0
197.8 0
197.9 0
198 0
198.1 0
198.2 0
198.3 0
198.4 0
198.5 0
198.6 0
198.7 0
198.8 0
198.9 0
199 0
199.1 0
199.2 0
199.3 0
199.4 0
199.5 0
199.6 0
199.7 0
199.8 0
199.9 0
200 0
200.1 0
200.2 0
200.3 0
200.4 0
200.5 0
200.6 0
200.7 0
200.8 0
200.9 0
201 0
201.1 0
201.2 0
201.3 0
201.4 0
201.5 0
201.6 0
201.7 0
201.8 0
201.9 0
202 0
202.1 0
202.2 0
202.3 0
202.4 0
202.5 0
202.6 0
202.7 0
202.8 0
202.9 0
203 0
203.1 0
203.2 0
203.3 0
203.4 0
203.5 0
203.6 0
203.7 0
203.8 0
203.9 0
204 0
204.1 0
204.2 0
204.3 0
204.4 0
204.5 0
204.6 0
204.7 0
204.8 0
204.9 0
205 0
205.1 0
205.2 0
205.3 0
205.4 0
205.5 0
205.6 0
205.7 0
205.8 0
205.9 0
206 0
206.1 0
206.2 0
206.3 0
206.4 0
206.5 0
206.6 0
206.7 0
206.8 0
206.9 0
