5 0.008373
6 0.0094362
7 0.012489
8 0.014771
9 0.016163
10 0.017102
11 0.017777
12 0.018629
13 0.022885
14 0.026556
15 0.029114
16 0.031
17 0.032447
18 0.033593
19 0.034523
20 0.035292
21 0.035939
22 0.036492
23 0.036968
24 0.037384
25 0.038311
26 0.040907
27 0.043213
28 0.04516
29 0.046827
30 0.048269
31 0.04953
32 0.050641
33 0.051628
34 0.052511
35 0.053309
36 0.054538
37 0.056064
38 0.057598
39 0.059114
40 0.060637
41 0.062171
42 0.063876
43 0.065404
44 0.066786
45 0.068383
46 0.069865
47 0.071474
48 0.072936
49 0.074351
50 0.075782
51 0.077387
52 0.078927
53 0.080437
54 0.081888
55 0.083486
56 0.084974
57 0.086522
58 0.088073
59 0.08954
60 0.091109
61 0.092651
62 0.094162
63 0.095733
64 0.097214
65 0.098597
66 0.10013
67 0.10171
68 0.10322
69 0.1047
70 0.10628
71 0.10782
72 0.1093
73 0.11076
74 0.11231
75 0.11383
76 0.11532
77 0.11677
78 0.11823
79 0.11974
80 0.12125
81 0.12277
82 0.12429
83 0.1258
84 0.12728
85 0.12875
86 0.13024
87 0.13173
88 0.13322
89 0.13467
90 0.13606
91 0.13751
92 0.13901
93 0.14057
94 0.14219
95 0.14387
96 0.14532
97 0.14662
98 0.14798
99 0.14942
100 0.15093
101 0.15251
102 0.15419
103 0.15598
104 0.15828
105 0.16089
106 0.1636
107 0.16755
108 0.1725
109 0.17772
110 0.18323
111 0.18907
112 0.19525
113 0.20106
114 0.20583
115 0.21122
116 0.21728
117 0.22307
118 0.22897
119 0.23409
120 0.23994
121 0.2454
122 0.25067
123 0.2535
124 0.25422
125 0.2454
126 0.23522
127 0.2248
128 0.21473
129 0.20484
130 0.19446
131 0.18498
132 0.17442
133 0.16495
134 0.15412
135 0.14442
136 0.13311
137 0.12312
138 0.11312
139 0.10379
140 0.091811
141 0.082583
142 0.07149
143 0.061703
144 0.051091
145 0.04081
146 0.030608
147 0.021439
148 0.019884
149 0.019697
150 0.019566
151 0.019399
152 0.019219
153 0.019069
154 0.018913
155 0.018749
156 0.018609
157 0.018468
158 0.018301
159 0.01814
160 0.017955
161 0.017911
162 0.017911
163 0.017911
164 0.017911
165 0.017911
166 0.017911
167 0.017911
168 0.017911
169 0.017911
170 0.017911
171 0.017911
172 0.017911
173 0.017911
174 0.017911
175 0.017911
176 0.017911
177 0.017911
178 0.017911
179 0.017911
180 0.017911
181 0.017911
182 0.017911
183 0.017911
184 0.017911
185 0.017911
186 0.017911
187 0.017911
188 0.017911
189 0.017911
190 0.017911
191 0.017911
192 0.017911
193 0.017911
194 0.017911
195 0.017911
196 0.017911
197 0.017911
198 0.017911
199 0.017911
200 0.017911
201 0.017911
202 0.017911
203 0.017911
204 0.017911
205 0.017911
206 0.017911
207 0.017911
208 0.017911
209 0.017911
210 0.017911
211 0.017911
212 0.017911
213 0.017911
214 0.017911
215 0.017911
216 0.017911
217 0.017911
218 0.017911
219 0.017911
220 0.017911
221 0.017911
222 0.017911
223 0.017911
224 0.017911
225 0.017911
226 0.017911
227 0.017911
228 0.017911
229 0.017911
230 0.017911
231 0.017911
232 0.017911
233 0.017911
234 0.017911
235 0.017911
236 0.017911
237 0.017911
238 0.017911
239 0.017911
240 0.017911
241 0.017911
242 0.017911
243 0.017911
244 0.017911
245 0.017911
246 0.017911
247 0.017911
248 0.017911
249 0.017911
250 0.017911
251 0.017911
252 0.017911
253 0.017911
254 0.017911
255 0.017911
256 0.017911
257 0.017911
258 0.017911
259 0.017911
260 0.017911
261 0.017911
262 0.017911
263 0.017911
264 0.017911
265 0.017911
266 0.017911
267 0.017911
268 0.017911
269 0.017911
270 0.017911
271 0.017911
272 0.017911
273 0.01791
274 0
275 0
276 0
277 0
278 0
279 0
280 0
281 0
282 0
283 0
284 0
285 0
286 0
287 0
288 0
289 0
290 0
291 0
292 0
293 0
294 0
295 0
296 0
297 0
298 0
299 0
300 0
301 0
302 0
303 0
304 0
305 0
306 0
307 0
308 0
309 0
310 0
311 0
312 0
313 0
314 0
315 0
316 0
317 0
318 0
319 0
320 0
321 0
322 0
323 0
324 0
325 0
326 0
327 0
328 0
329 0
330 0
331 0
332 0
333 0
334 0
335 0
336 0
337 0
338 0
339 0
340 0
341 0
342 0
343 0
344 0
345 0
346 0
347 0
348 0
349 0
350 0
351 0
352 0
353 0
354 0
355 0
356 0
357 0
358 0
359 0
360 0
361 0
362 0
363 0
364 0
365 0
366 0
367 0
368 0
369 0
370 0
371 0
372 0
373 0
374 0
375 0
376 0
377 0
378 0
379 0
380 0
381 0
382 0
383 0
384 0
385 0
386 0
387 0
388 0
389 0
390 0
391 0
392 0
393 0
394 0
395 0
396 0
397 0
398 0
399 0
400 0
401 0
402 0
403 0
404 0
405 0
406 0
407 0
408 0
409 0
410 0
411 0
412 0
413 0
414 0
415 0
416 0
417 0
418 0
419 0
420 0
421 0
422 0
423 0
424 0
425 0
426 0
427 0
428 0
429 0
430 0
431 0
432 0
433 0
434 0
435 0
436 0
437 0
438 0
439 0
440 0
441 0
442 0
443 0
444 0
445 0
446 0
447 0
448 0
449 0
450 0
451 0
452 0
453 0
454 0
455 0
456 0
457 0
458 0
459 0
460 0
461 0
462 0
463 0
464 0
465 0
466 0
467 0
468 0
469 0
470 0
471 0
472 0
473 0
474 0
475 0
476 0
477 0
478 0
479 0
480 0
481 0
482 0
483 0
484 0
485 0
486 0
487 0
488 0
489 0
490 0
491 0
492 0
493 0
494 0
495 0
496 0
497 0
498 0
499 0
500 0
501 0
502 0
503 0
504 0
505 0
506 0
507 0
508 0
509 0
510 0
511 0
512 0
513 0
514 0
515 0
516 0
517 0
518 0
519 0
520 0
521 0
522 0
523 0
524 0
525 0
526 0
527 0
528 0
529 0
530 0
531 0
532 0
533 0
534 0
535 0
536 0
537 0
538 0
539 0
540 0
541 0
542 0
543 0
544 0
545 0
546 0
547 0
548 0
549 0
550 0
551 0
552 0
553 0
554 0
555 0
556 0
557 0
558 0
559 0
560 0
561 0
562 0
563 0
564 0
565 0
566 0
567 0
568 0
569 0
570 0
571 0
572 0
573 0
574 0
575 0
576 0
577 0
578 0
579 0
580 0
581 0
582 0
583 0
584 0
585 0
586 0
587 0
588 0
589 0
590 0
591 0
592 0
593 0
594 0
595 0
596 0
597 0
598 0
599 0
600 0
601 0
602 0
603 0
604 0
605 0
606 0
607 0
608 0
609 0
610 0
611 0
612 0
613 0
614 0
615 0
616 0
617 0
618 0
619 0
620 0
621 0
622 0
623 0
624 0
625 0
626 0
627 0
628 0
629 0
630 0
631 0
632 0
633 0
634 0
635 0
636 0
637 0
638 0
639 0
640 0
641 0
642 0
643 0
644 0
645 0
646 0
647 0
648 0
649 0
650 0
651 0
652 0
653 0
654 0
655 0
656 0
657 0
658 0
659 0
660 0
661 0
662 0
663 0
664 0
665 0
666 0
667 0
668 0
669 0
670 0
671 0
672 0
673 0
674 0
675 0
676 0
677 0
678 0
679 0
680 0
681 0
682 0
683 0
684 0
685 0
686 0
687 0
688 0
689 0
690 0
691 0
692 0
693 0
694 0
695 0
696 0
697 0
698 0
699 0
700 0
701 0
702 0
703 0
704 0
705 0
706 0
707 0
708 0
709 0
710 0
711 0
712 0
713 0
714 0
