5 0
6 0
7 0
8 0
9 0
10 0
11 0
12 0
13 0
14 0
15 0
16 0
17 0
18 0
19 0
20 0
21 0
22 0
23 0
24 0
25 0
26 0
27 0
28 0
29 0
30 0
31 0
32 0
33 0
34 0
35 0
36 0
37 0
38 0
39 0
40 0
41 0
42 0
43 0
44 0
45 0
46 0
47 0
48 0
49 0
50 0
51 0
52 0
53 0
54 0
55 0
56 0
57 0
58 0
59 0
60 0
61 0
62 0
63 0
64 0
65 0
66 0
67 0
68 0
69 0
70 0.0028183
71 0.011431
72 0.025821
73 0.072457
74 0.12481
75 0.19662
76 0.25296
77 0.26013
78 0.2562
79 0.22997
80 0.20196
81 0.18537
82 0.17305
83 0.17879
84 0.19335
85 0.23222
86 0.27597
87 0.3002
88 0.31928
89 0.33036
90 0.33624
91 0.32417
92 0.30653
93 0.26621
94 0.22415
95 0.20575
96 0.19188
97 0.18986
98 0.19113
99 0.19952
100 0.20446
101 0.17716
102 0.14206
103 0.10409
104 0.062867
105 0.029949
106 0.073797
107 0.17073
108 0.21553
109 0.29593
110 0.30007
111 0.30008
112 0.29951
113 0.29998
114 0.30081
115 0.29994
116 0.30003
117 0.29987
118 0.29998
119 0.29959
120 0.30031
121 0.30016
122 0.29977
123 0.30033
124 0.29997
125 0.3
126 0.30023
127 0.30037
128 0.30039
129 0.3
130 0.30047
131 0.30014
132 0.30016
133 0.30008
134 0.30002
135 0.30001
136 0.30029
137 0.30001
138 0.29938
139 0.30015
140 0.29969
141 0.29975
142 0.30003
143 0.30025
144 0.30033
145 0.30033
146 0.29822
147 0.29498
148 0.29414
149 0.28875
150 0.28042
151 0.26805
152 0.26766
153 0.26725
154 0.26054
155 0.25265
156 0.24298
157 0.23616
158 0.23052
159 0.2235
160 0.2171
161 0.21155
162 0.20457
163 0.19872
164 0.19222
165 0.18621
166 0.17895
167 0.17354
168 0.16627
169 0.16109
170 0.15366
171 0.14852
172 0.14172
173 0.13636
174 0.12994
175 0.12243
176 0.11748
177 0.10943
178 0.10482
179 0.09726
180 0.090538
181 0.085465
182 0.077429
183 0.072084
184 0.065762
185 0.44857
186 1
187 1
188 1
189 1
190 1
191 1
192 1
193 1
194 1
195 1
196 1
197 1
198 1
199 1
200 1
201 1
202 1
203 1
204 1
205 1
206 1
207 1
208 1
209 1
210 1
211 1
212 1
213 1
214 1
215 1
216 1
217 1
218 1
219 1
220 1
221 1
222 1
223 1
224 1
225 1
226 1
227 1
228 1
229 1
230 1
