5 0.0049158
6 0.0068984
7 0.0078577
8 0.0083704
9 0.0086894
10 0.0095777
11 0.01238
12 0.013825
13 0.014618
14 0.015118
15 0.015463
16 0.015715
17 0.015907
18 0.016166
19 0.016996
20 0.017906
21 0.019044
22 0.020046
23 0.020893
24 0.021618
25 0.022352
26 0.023528
27 0.024562
28 0.025414
29 0.026128
30 0.026827
31 0.027924
32 0.02893
33 0.029791
34 0.030537
35 0.031268
36 0.03234
37 0.033332
38 0.034196
39 0.034956
40 0.035694
41 0.036718
42 0.03769
43 0.038562
44 0.039349
45 0.040109
46 0.041074
47 0.042013
48 0.042889
49 0.043708
50 0.044506
51 0.045455
52 0.046404
53 0.047323
54 0.048214
55 0.048631
56 0.046425
57 0.044551
58 0.043215
59 0.041952
60 0.040756
61 0.039623
62 0.038463
63 0.036859
64 0.035233
65 0.033664
66 0.03215
67 0.030689
68 0.029277
69 0.027769
70 0.025735
71 0.025878
72 0.029248
73 0.032708
74 0.036231
75 0.03982
76 0.043477
77 0.047203
78 0.053072
79 0.060843
80 0.068372
81 0.075669
82 0.082746
83 0.089611
84 0.094652
85 0.094935
86 0.094913
87 0.09489
88 0.093334
89 0.1034
90 0.14455
91 0.13979
92 0.13682
93 0.15
94 0.16467
95 0.17569
96 0.18294
97 0.20468
98 0.23238
99 0.25612
100 0.27667
101 0.29465
102 0.30688
103 0.31313
104 0.31192
105 0.30503
106 0.29356
107 0.28412
108 0.28374
109 0.28369
110 0.28829
111 0.2974
112 0.30332
113 0.30184
114 0.31228
115 0.32246
116 0.33267
117 0.3424
118 0.44938
119 0.51092
120 0.51129
121 0.51007
122 0.51041
123 0.51081
124 0.51118
125 0.5103
126 0.5103
127 0.50959
128 0.51004
129 0.51037
130 0.50989
131 0.50999
132 0.51013
133 0.51078
134 0.5098
135 0.50934
136 0.50971
137 0.51112
138 0.51105
139 0.51088
140 0.50984
141 0.50987
142 0.51025
143 0.51015
144 0.51019
145 0.5099
146 0.5102
147 0.51008
148 0.51014
149 0.50995
150 0.50994
151 0.50986
152 0.50977
153 0.51125
154 0.51073
155 0.50879
156 0.50885
157 0.50995
158 0.51059
159 0.50981
160 0.51045
161 0.5094
162 0.50934
163 0.50938
164 0.50995
165 0.51008
166 0.50895
167 0.50893
168 0.51002
169 0.51011
170 0.50976
171 0.50992
172 0.51012
173 0.50993
174 0.51041
175 0.51037
176 0.51
177 0.51041
178 0.50903
179 0.50963
180 0.50991
181 0.50971
182 0.50949
183 0.50945
184 0.5091
185 0.50901
186 0.50963
187 0.5097
188 0.50999
189 0.50975
190 0.5096
191 0.51036
192 0.51029
193 0.50963
194 0.50894
195 0.51017
196 0.62502
