5 0.0065438
6 0.0073787
7 0.009768
8 0.011553
9 0.012642
10 0.013376
11 0.013905
12 0.014569
13 0.017872
14 0.02072
15 0.022706
16 0.024169
17 0.025292
18 0.026182
19 0.026903
20 0.0275
21 0.028002
22 0.028431
23 0.028801
24 0.029123
25 0.02985
26 0.031896
27 0.033713
28 0.035248
29 0.036562
30 0.037699
31 0.038692
32 0.039568
33 0.040346
34 0.041042
35 0.041671
36 0.042618
37 0.043785
38 0.045
39 0.04623
40 0.047402
41 0.048548
42 0.049825
43 0.051036
44 0.052285
45 0.053511
46 0.054588
47 0.055732
48 0.056869
49 0.058145
50 0.059335
51 0.060541
52 0.061705
53 0.062865
54 0.063982
55 0.065221
56 0.066376
57 0.067572
58 0.068767
59 0.069904
60 0.07115
61 0.072378
62 0.07358
63 0.07482
64 0.075986
65 0.077076
66 0.07827
67 0.079493
68 0.080665
69 0.081819
70 0.08305
71 0.084249
72 0.085406
73 0.086549
74 0.087763
75 0.088959
76 0.090128
77 0.091269
78 0.092409
79 0.093572
80 0.09474
81 0.095913
82 0.097093
83 0.098269
84 0.099432
85 0.1006
86 0.10177
87 0.10295
88 0.10413
89 0.10527
90 0.10636
91 0.1075
92 0.10868
93 0.1099
94 0.11117
95 0.11249
96 0.11363
97 0.11465
98 0.11571
99 0.11683
100 0.11801
101 0.11925
102 0.12057
103 0.12192
104 0.12243
105 0.12249
106 0.12254
107 0.12133
108 0.11916
109 0.11687
110 0.11445
111 0.11188
112 0.10917
113 0.10655
114 0.10423
115 0.1016
116 0.098705
117 0.096316
118 0.09393
119 0.09167
120 0.089029
121 0.08651
122 0.083883
123 0.081315
124 0.078737
125 0.075741
126 0.072743
127 0.069714
128 0.066804
129 0.063998
130 0.061035
131 0.058128
132 0.054872
133 0.052133
134 0.049044
135 0.046286
136 0.043053
137 0.040075
138 0.037074
139 0.034355
140 0.030964
141 0.028223
142 0.024991
143 0.022176
144 0.019068
145 0.016079
146 0.013102
147 0.010422
148 0.0099502
149 0.009915
150 0.0098361
151 0.009774
152 0.0097195
153 0.0096648
154 0.0095876
155 0.0095489
156 0.0095107
157 0.0094462
158 0.0093905
159 0.0093486
160 0.0092887
161 0.0092736
162 0.0092736
163 0.0092736
164 0.0092736
165 0.0092736
166 0.0092736
167 0.0092736
168 0.0092736
169 0.0092736
170 0.0092736
171 0.0092736
172 0.0092736
173 0.0092736
174 0.0092736
175 0.0092736
176 0.0092736
177 0.0092736
178 0.0092736
179 0.0092736
180 0.0092736
181 0.0092736
182 0.0092736
183 0.0092736
184 0.0092736
185 0.0092736
186 0.0092736
187 0.0092736
188 0.0092736
189 0.0092736
190 0.0092736
191 0.0092736
192 0.0092736
193 0.0092736
194 0.0092736
195 0.0092736
196 0.0092736
197 0.0092736
198 0.0092736
199 0.0092736
200 0.0092736
201 0.0092736
202 0.0092736
203 0.0092736
204 0.0092736
205 0.0092736
206 0.0092736
207 0.0092736
208 0.0092736
209 0.0092736
210 0.0092736
211 0.0092736
212 0.0092736
213 0.0092736
214 0.0092736
215 0.0092736
216 0.0092736
217 0.0092736
218 0.0092736
219 0.0092736
220 0.0092736
221 0.0092736
222 0.0092736
223 0.0092736
224 0.0092736
225 0.0092736
226 0.0092736
227 0.0092736
228 0.0092736
229 0.0092736
230 0.0092736
231 0.0092736
232 0.0092736
233 0.0092736
234 0.0092736
235 0.0092736
236 0.0092736
237 0.0092736
238 0.0092736
239 0.0092736
240 0.0092736
241 0.0092736
242 0.0092736
243 0.0092736
244 0.0092736
245 0.0092736
246 0.0092736
247 0.0092736
248 0.0092736
249 0.0092736
250 0.0092736
251 0.0092736
252 0.0092736
253 0.0092736
254 0.0092736
255 0.0092736
256 0.0092736
257 0.0092736
258 0.0092736
259 0.0092736
260 0.0092736
261 0.0092736
262 0.0092736
263 0.0092736
264 0.0092736
265 0.0092736
266 0.0092736
267 0.0092736
268 0.0092736
269 0.0092736
270 0.0092736
271 0.0092736
272 0.0092736
273 0.0092734
274 0.0027413
275 0.0026844
276 0.0026274
277 0.0025705
278 0.0025135
279 0.0024566
280 0.0023997
281 0.0023427
282 0.0022858
283 0.0022288
284 0.0021719
285 0.002115
286 0.002058
287 0.0020011
288 0.0019442
289 0.0018872
290 0.0018303
291 0.0017731
292 0.0017159
293 0.0016587
294 0.0016015
295 0.0015443
296 0.0014871
297 0.0014299
298 0.0013727
299 0.0013155
300 0.0012583
301 0.0012011
302 0.0011439
303 0.0010867
304 0.0010295
305 0.00097228
306 0.00091508
307 0.00085788
308 0.00080068
309 0.00074349
310 0.00068629
311 0.0006291
312 0.00057191
313 0.00051471
314 0.00045752
315 0.00040033
316 0.00034314
317 0.00028595
318 0.00022875
319 0.00017157
320 0.00011438
321 5.7188e-05
322 7.157e-06
323 0
324 0
325 0
326 0
327 0
328 0
329 0
330 0
331 0
332 0
333 0
334 0
335 0
336 0
337 0
338 0
339 0
340 0
341 0
342 0
343 0
344 0
345 0
346 0
347 0
348 0
349 0
350 0
351 0
352 0
353 0
354 0
355 0
356 0
357 0
358 0
359 0
360 0
361 0
362 0
363 0
364 0
365 0
366 0
367 0
368 0
369 0
370 0
371 0
372 0
373 0
374 0
375 0
376 0
377 0
378 0
379 0
380 0
381 0
382 0
383 0
384 0
385 0
386 0
387 0
388 0
389 0
390 0
391 0
392 0
393 0
394 0
395 0
396 0
397 0
398 0
399 0
400 0
401 0
402 0
403 0
404 0
405 0
406 0
407 0
408 0
409 0
410 0
411 0
412 0
413 0
414 0
415 0
416 0
417 0
418 0
419 0
420 0
421 0
422 0
423 0
424 0
425 0
426 0
427 0
428 0
429 0
430 0
431 0
432 0
433 0
434 0
435 0
436 0
437 0
438 0
439 0
440 0
441 0
442 0
443 0
444 0
445 0
446 0
447 0
448 0
449 0
450 0
451 0
452 0
453 0
454 0
455 0
456 0
457 0
458 0
459 0
460 0
461 0
462 0
463 0
464 0
465 0
466 0
467 0
468 0
469 0
470 0
471 0
472 0
473 0
474 0
475 0
476 0
477 0
478 0
479 0
480 0
481 0
482 0
483 0
484 0
485 0
486 0
487 0
488 0
489 0
490 0
491 0
492 0
493 0
494 0
495 0
496 0
497 0
498 0
499 0
500 0
501 0
502 0
503 0
504 0
505 0
506 0
507 0
508 0
509 0
510 0
511 0
512 0
513 0
514 0
515 0
516 0
517 0
518 0
519 0
520 0
521 0
522 0
523 0
524 0
525 0
526 0
527 0
528 0
529 0
530 0
531 0
532 0
533 0
534 0
535 0
536 0
537 0
538 0
539 0
540 0
541 0
542 0
543 0
544 0
545 0
546 0
547 0
548 0
549 0
550 0
551 0
552 0
553 0
554 0
555 0
556 0
557 0
558 0
559 0
560 0
561 0
562 0
563 0
564 0
565 0
566 0
567 0
568 0
569 0
570 0
571 0
572 0
573 0
574 0
575 0
576 0
577 0
578 0
579 0
580 0
581 0
582 0
583 0
584 0
585 0
586 0
587 0
588 0
589 0
590 0
591 0
592 0
593 0
594 0
595 0
596 0
597 0
598 0
599 0
600 0
601 0
602 0
603 0
604 0
605 0
606 0
607 0
608 0
609 0
610 0
611 0
612 0
613 0
614 0
615 0
616 0
617 0
618 0
619 0
620 0
621 0
622 0
623 0
624 0
625 0
626 0
627 0
628 0
629 0
630 0
631 0
632 0
633 0
634 0
635 0
636 0
637 0
638 0
639 0
640 0
641 0
642 0
643 0
644 0
645 0
646 0
647 0
648 0
649 0
650 0
651 0
652 0
653 0
654 0
655 0
656 0
657 0
658 0
659 0
660 0
661 0
662 0
663 0
664 0
665 0
666 0
667 0
668 0
669 0
670 0
671 0
672 0
673 0
674 0
675 0
676 0
677 0
678 0
679 0
680 0
681 0
682 0
683 0
684 0
685 0
686 0
687 0
688 0
689 0
690 0
691 0
692 0
693 0
694 0
695 0
696 0
697 0
698 0
699 0
700 0
701 0
702 0
703 0
704 0
705 0
706 0
707 0
708 0
709 0
710 0
711 0
712 0
713 0
714 0
