5 0.0075508
6 0.009009
7 0.010455
8 0.011935
9 0.013445
10 0.01498
11 0.016533
12 0.018095
13 0.019654
14 0.021207
15 0.022753
16 0.024293
17 0.025825
18 0.02735
19 0.028869
20 0.030383
21 0.031892
22 0.033397
23 0.034901
24 0.036405
25 0.037912
26 0.039421
27 0.040934
28 0.042449
29 0.043965
30 0.045481
31 0.046996
32 0.048508
33 0.050015
34 0.051515
35 0.053006
36 0.054491
37 0.056026
38 0.05757
39 0.059082
40 0.06061
41 0.062114
42 0.063782
43 0.065395
44 0.066729
45 0.068182
46 0.069791
47 0.071396
48 0.072881
49 0.074248
50 0.075708
51 0.077318
52 0.078904
53 0.080377
54 0.081834
55 0.083356
56 0.084911
57 0.086455
58 0.087979
59 0.089509
60 0.091059
61 0.092611
62 0.094137
63 0.095619
64 0.097076
65 0.098539
66 0.10004
67 0.10157
68 0.10313
69 0.10468
70 0.10621
71 0.10773
72 0.10924
73 0.11074
74 0.11223
75 0.11373
76 0.11522
77 0.11673
78 0.11824
79 0.11976
80 0.12129
81 0.12281
82 0.12432
83 0.12581
84 0.12729
85 0.12876
86 0.13023
87 0.13171
88 0.13321
89 0.13474
90 0.13629
91 0.13786
92 0.13943
93 0.14098
94 0.14251
95 0.14399
96 0.14542
97 0.14681
98 0.14818
99 0.14958
100 0.15102
101 0.15254
102 0.15418
103 0.15595
104 0.15791
105 0.16025
106 0.16325
107 0.16597
108 0.16968
109 0.17496
110 0.18134
111 0.18829
112 0.19526
113 0.20148
114 0.2068
115 0.21201
116 0.21744
117 0.22327
118 0.22923
119 0.23481
120 0.24016
121 0.24557
122 0.25112
123 0.25598
124 0.25583
125 0.24745
126 0.23532
127 0.2245
128 0.21467
129 0.20447
130 0.19408
131 0.18391
132 0.17387
133 0.16377
134 0.15348
135 0.14291
136 0.13249
137 0.12257
138 0.11257
139 0.10204
140 0.091727
141 0.081549
142 0.07129
143 0.060968
144 0.050718
145 0.040423
146 0.030227
147 0.020022
148 0.019884
149 0.019675
150 0.019564
151 0.019383
152 0.019194
153 0.019049
154 0.018882
155 0.018723
156 0.018574
157 0.018441
158 0.018255
159 0.018116
160 0.017911
161 0.017684
162 0.017459
163 0.017234
164 0.017011
165 0.016788
166 0.016566
167 0.016345
168 0.016124
169 0.015905
170 0.015686
171 0.015468
172 0.015251
173 0.015035
174 0.01482
175 0.014605
176 0.014391
177 0.014179
178 0.013966
179 0.013755
180 0.013544
181 0.013335
182 0.013126
183 0.012917
184 0.01271
185 0.012503
186 0.012298
187 0.012093
188 0.011889
189 0.011686
190 0.011483
191 0.011282
192 0.011081
193 0.010881
194 0.010682
195 0.010484
196 0.010287
197 0.010091
198 0.0098961
199 0.0097019
200 0.0095087
201 0.0093165
202 0.0091253
203 0.0089352
204 0.0087461
205 0.008558
206 0.0083711
207 0.0081852
208 0.0080005
209 0.007817
210 0.0076346
211 0.0074535
212 0.0072736
213 0.0070949
214 0.0069175
215 0.0067414
216 0.0065666
217 0.0063933
218 0.0062212
219 0.0060507
220 0.0058815
221 0.0057139
222 0.0055477
223 0.0053831
224 0.0052201
225 0.0050587
226 0.0048989
227 0.0047408
228 0.0045844
229 0.0044298
230 0.0042769
231 0.0041259
232 0.0039767
233 0.0038294
234 0.003684
235 0.0035406
236 0.0033993
237 0.00326
238 0.0031228
239 0.0029877
240 0.0028548
241 0.0027241
242 0.0025957
243 0.0024695
244 0.0023458
245 0.0022244
246 0.0021055
247 0.001989
248 0.0018751
249 0.0017637
250 0.001655
251 0.0015489
252 0.0014456
253 0.001345
254 0.0012472
255 0.0011523
256 0.0010602
257 0.00097115
258 0.00088507
259 0.00080203
260 0.00072209
261 0.00064529
262 0.00057168
263 0.00050131
264 0.00043423
265 0.00037048
266 0.00031011
267 0.00025318
268 0.00019973
269 0.0001498
270 0.00010345
271 6.0718e-05
272 2.1656e-05
273 0
274 0
275 0
276 0
277 0
278 0
279 0
280 0
281 0
282 0
283 0
284 0
285 0
286 0
287 0
288 0
289 0
290 0
