115.69	4.789E-17
115.71	4.808E-17
115.73	4.849E-17
115.75	4.817E-17
115.77	4.809E-17
115.79	4.789E-17
115.81	4.734E-17
115.83	4.672E-17
115.85	4.618E-17
115.87	4.549E-17
115.89	4.464E-17
115.91	4.4E-17
115.93	4.307E-17
115.95	4.232E-17
115.97	4.175E-17
115.99	4.117E-17
116.01	4.061E-17
116.03	4E-17
116.05	3.957E-17
116.07	3.919E-17
116.09	3.885E-17
116.11	3.851E-17
116.13	3.851E-17
116.15	3.817E-17
116.17	3.803E-17
116.19	3.779E-17
116.21	3.769E-17
116.23	3.739E-17
116.25	3.741E-17
116.27	3.73E-17
116.29	3.725E-17
116.31	3.709E-17
116.33	3.727E-17
116.35	3.714E-17
116.37	3.704E-17
116.39	3.669E-17
116.41	3.656E-17
116.43	3.626E-17
116.45	3.586E-17
116.47	3.551E-17
116.49	3.525E-17
116.51	3.476E-17
116.53	3.442E-17
116.55	3.395E-17
116.57	3.368E-17
116.59	3.336E-17
116.61	3.285E-17
116.63	3.217E-17
116.65	3.174E-17
116.67	3.11E-17
116.69	3.06E-17
116.71	3.005E-17
116.73	2.95E-17
116.75	2.908E-17
116.77	2.84E-17
116.79	2.802E-17
116.81	2.755E-17
116.83	2.705E-17
116.85	2.662E-17
116.87	2.626E-17
116.89	2.601E-17
116.91	2.567E-17
116.93	2.523E-17
116.95	2.482E-17
116.97	2.443E-17
116.99	2.41E-17
117.01	2.377E-17
117.03	2.311E-17
117.05	2.288E-17
117.07	2.245E-17
117.09	2.206E-17
117.11	2.16E-17
117.13	2.113E-17
117.15	2.044E-17
117.17	1.975E-17
117.19	1.912E-17
117.21	1.853E-17
117.23	1.794E-17
117.25	1.73E-17
117.27	1.71E-17
117.29	1.685E-17
117.31	1.674E-17
117.33	1.664E-17
117.35	1.671E-17
117.37	1.658E-17
117.39	1.668E-17
117.41	1.675E-17
117.43	1.663E-17
117.45	1.68E-17
117.47	1.686E-17
117.49	1.694E-17
117.51	1.715E-17
117.53	1.729E-17
117.55	1.753E-17
117.57	1.77E-17
117.59	1.811E-17
117.61	1.873E-17
117.63	1.921E-17
117.65	1.997E-17
117.67	2.076E-17
117.69	2.154E-17
117.71	2.232E-17
117.73	2.274E-17
117.75	2.31E-17
117.77	2.325E-17
117.79	2.32E-17
117.81	2.306E-17
117.83	2.273E-17
117.85	2.234E-17
117.87	2.192E-17
117.89	2.134E-17
117.91	2.09E-17
117.93	2.069E-17
117.95	2.039E-17
117.97	1.971E-17
117.99	1.952E-17
118.01	1.917E-17
118.03	1.894E-17
118.05	1.877E-17
118.07	1.898E-17
118.09	1.916E-17
118.11	1.959E-17
118.13	2.017E-17
118.15	2.094E-17
118.17	2.151E-17
118.19	2.232E-17
118.21	2.302E-17
118.23	2.367E-17
118.25	2.413E-17
118.27	2.478E-17
118.29	2.518E-17
118.31	2.571E-17
118.33	2.634E-17
118.35	2.686E-17
118.37	2.739E-17
118.39	2.788E-17
118.41	2.833E-17
118.43	2.871E-17
118.45	2.919E-17
118.47	2.941E-17
118.49	2.947E-17
118.51	2.947E-17
118.53	2.937E-17
118.55	2.927E-17
118.57	2.93E-17
118.59	2.927E-17
118.61	2.929E-17
118.63	2.94E-17
118.65	2.969E-17
118.67	3.008E-17
118.69	3.046E-17
118.71	3.098E-17
118.73	3.138E-17
118.75	3.202E-17
118.77	3.228E-17
118.79	3.264E-17
118.81	3.287E-17
118.83	3.352E-17
118.85	3.387E-17
118.87	3.482E-17
118.89	3.538E-17
118.91	3.66E-17
118.93	3.75E-17
118.95	3.817E-17
118.97	3.847E-17
118.99	3.836E-17
119.01	3.775E-17
119.03	3.705E-17
119.05	3.612E-17
119.07	3.524E-17
119.09	3.418E-17
119.11	3.336E-17
119.13	3.271E-17
119.15	3.224E-17
119.17	3.171E-17
119.19	3.165E-17
119.21	3.151E-17
119.23	3.147E-17
119.25	3.122E-17
119.27	3.098E-17
119.29	3.074E-17
119.31	3.024E-17
119.32	2.969E-17
119.34	2.915E-17
119.36	2.848E-17
119.38	2.77E-17
119.4	2.689E-17
119.42	2.605E-17
119.44	2.526E-17
119.46	2.477E-17
119.48	2.423E-17
119.5	2.405E-17
119.52	2.404E-17
119.54	2.423E-17
119.56	2.45E-17
119.58	2.522E-17
119.6	2.586E-17
119.62	2.65E-17
119.64	2.719E-17
119.66	2.784E-17
119.68	2.812E-17
119.7	2.833E-17
119.72	2.822E-17
119.74	2.807E-17
119.76	2.766E-17
119.78	2.727E-17
119.8	2.683E-17
119.82	2.642E-17
119.84	2.584E-17
119.86	2.541E-17
119.88	2.496E-17
119.9	2.458E-17
119.92	2.422E-17
119.94	2.411E-17
119.96	2.387E-17
119.98	2.385E-17
120	2.381E-17
120.02	2.372E-17
120.04	2.368E-17
120.06	2.393E-17
120.08	2.365E-17
120.1	2.375E-17
120.12	2.374E-17
120.14	2.354E-17
120.16	2.353E-17
120.18	2.319E-17
120.2	2.29E-17
120.22	2.253E-17
120.24	2.203E-17
120.26	2.15E-17
120.28	2.095E-17
120.3	2.046E-17
120.32	1.994E-17
120.34	1.961E-17
120.36	1.921E-17
120.38	1.898E-17
120.4	1.894E-17
120.42	1.892E-17
120.44	1.912E-17
120.46	1.941E-17
120.48	1.963E-17
120.5	2.01E-17
120.52	2.083E-17
120.54	2.141E-17
120.56	2.21E-17
120.58	2.306E-17
120.6	2.377E-17
120.62	2.448E-17
120.64	2.506E-17
120.66	2.559E-17
120.68	2.612E-17
120.7	2.669E-17
120.72	2.718E-17
120.74	2.744E-17
120.76	2.766E-17
120.78	2.777E-17
120.8	2.76E-17
120.82	2.74E-17
120.84	2.682E-17
120.86	2.599E-17
120.88	2.531E-17
120.9	2.46E-17
120.92	2.386E-17
120.94	2.31E-17
120.96	2.264E-17
120.98	2.211E-17
121	2.18E-17
121.02	2.181E-17
121.04	2.198E-17
121.06	2.235E-17
121.08	2.279E-17
121.1	2.325E-17
121.12	2.375E-17
121.14	2.432E-17
121.16	2.506E-17
121.18	2.585E-17
121.2	2.668E-17
121.22	2.763E-17
121.24	2.846E-17
121.26	2.957E-17
121.28	3.068E-17
121.3	3.171E-17
121.32	3.283E-17
121.34	3.382E-17
121.36	3.5E-17
121.38	3.619E-17
121.4	3.732E-17
121.42	3.839E-17
121.44	3.95E-17
121.46	4.055E-17
121.48	4.158E-17
121.5	4.238E-17
121.52	4.298E-17
121.54	4.333E-17
121.56	4.334E-17
121.58	4.299E-17
121.6	4.241E-17
121.62	4.181E-17
121.64	4.114E-17
121.66	4.046E-17
121.68	4.012E-17
121.7	3.976E-17
121.72	3.965E-17
121.74	3.953E-17
121.76	3.977E-17
121.78	3.984E-17
121.8	3.973E-17
121.82	3.947E-17
121.84	3.917E-17
121.86	3.904E-17
121.88	3.879E-17
121.9	3.846E-17
121.92	3.816E-17
121.94	3.782E-17
121.96	3.738E-17
121.98	3.699E-17
122	3.654E-17
122.02	3.6E-17
122.04	3.537E-17
122.06	3.488E-17
122.08	3.392E-17
122.1	3.342E-17
122.12	3.274E-17
122.14	3.208E-17
122.16	3.151E-17
122.18	3.086E-17
122.2	3.037E-17
122.22	2.996E-17
122.24	2.952E-17
122.26	2.915E-17
122.28	2.875E-17
122.3	2.848E-17
122.32	2.822E-17
122.34	2.788E-17
122.36	2.76E-17
122.38	2.735E-17
122.4	2.715E-17
122.42	2.693E-17
122.44	2.667E-17
122.46	2.625E-17
122.48	2.564E-17
122.5	2.517E-17
122.52	2.443E-17
122.54	2.361E-17
122.56	2.276E-17
122.58	2.201E-17
122.6	2.125E-17
122.62	2.051E-17
122.64	1.98E-17
122.66	1.908E-17
122.68	1.851E-17
122.7	1.815E-17
122.72	1.773E-17
122.74	1.738E-17
122.76	1.705E-17
122.78	1.694E-17
122.8	1.675E-17
122.82	1.669E-17
122.84	1.671E-17
122.86	1.671E-17
122.88	1.704E-17
122.9	1.741E-17
122.92	1.784E-17
122.94	1.825E-17
122.96	1.877E-17
122.98	1.939E-17
123	1.995E-17
123.02	2.047E-17
123.04	2.09E-17
123.06	2.103E-17
123.08	2.116E-17
123.1	2.099E-17
123.12	2.058E-17
123.14	2.004E-17
123.16	1.931E-17
123.18	1.842E-17
123.2	1.764E-17
123.22	1.676E-17
123.24	1.595E-17
123.26	1.533E-17
123.28	1.457E-17
123.3	1.4E-17
123.32	1.343E-17
123.34	1.298E-17
123.36	1.262E-17
123.38	1.22E-17
123.4	1.165E-17
123.42	1.137E-17
123.44	1.11E-17
123.46	1.08E-17
123.48	1.041E-17
123.5	1.019E-17
123.52	9.906E-18
123.54	9.68E-18
123.56	9.471E-18
123.58	9.215E-18
123.6	8.983E-18
123.62	8.756E-18
123.64	8.608E-18
123.66	8.316E-18
123.68	8.173E-18
123.7	7.944E-18
123.72	7.737E-18
123.74	7.498E-18
123.76	7.211E-18
123.78	7.094E-18
123.8	6.816E-18
123.82	6.7E-18
123.84	6.507E-18
123.86	6.309E-18
123.88	6.165E-18
123.9	6.056E-18
123.92	5.872E-18
123.94	5.609E-18
123.96	5.557E-18
123.98	5.354E-18
124	5.18E-18
124.02	5.134E-18
124.04	4.997E-18
124.06	4.94E-18
124.08	4.935E-18
124.1	4.797E-18
124.12	4.62E-18
124.14	4.577E-18
124.16	4.589E-18
124.18	4.467E-18
124.2	4.46E-18
124.22	4.465E-18
124.24	4.394E-18
124.26	4.306E-18
124.28	4.263E-18
124.3	4.306E-18
124.32	4.204E-18
124.34	4.152E-18
124.36	4.126E-18
124.38	4.021E-18
124.4	4.024E-18
124.42	3.929E-18
124.44	3.791E-18
124.46	3.618E-18
124.48	3.583E-18
124.5	3.403E-18
124.52	3.347E-18
124.54	3.407E-18
124.56	3.308E-18
124.58	3.4E-18
124.6	3.287E-18
124.62	3.38E-18
124.64	3.431E-18
124.66	3.461E-18
124.68	3.486E-18
124.7	3.452E-18
124.72	3.424E-18
124.74	3.547E-18
124.76	3.543E-18
124.78	3.428E-18
124.8	3.496E-18
124.82	3.554E-18
124.84	3.516E-18
124.86	3.527E-18
124.88	3.494E-18
124.9	3.393E-18
124.92	3.327E-18
124.94	3.227E-18
124.96	3.157E-18
124.98	3.031E-18
125	2.888E-18
125.02	2.765E-18
125.04	2.658E-18
125.06	2.651E-18
125.08	2.478E-18
125.1	2.551E-18
125.12	2.409E-18
125.14	2.279E-18
125.16	2.147E-18
125.18	2.082E-18
125.2	1.993E-18
125.22	1.942E-18
125.24	1.849E-18
125.26	1.79E-18
125.28	1.845E-18
125.3	1.808E-18
125.32	1.712E-18
125.34	1.692E-18
125.36	1.674E-18
125.38	1.704E-18
125.4	1.556E-18
125.42	1.614E-18
125.44	1.475E-18
125.46	1.401E-18
125.48	1.368E-18
125.5	1.345E-18
125.52	1.355E-18
125.54	1.315E-18
125.56	1.23E-18
125.58	1.158E-18
125.6	1.108E-18
125.62	1.087E-18
125.64	1.085E-18
125.66	1.085E-18
125.68	1.072E-18
125.7	9.786E-19
125.72	9.438E-19
125.74	1.012E-18
125.76	1.058E-18
125.78	1.101E-18
125.8	9.944E-19
125.82	9.527E-19
125.84	1.019E-18
125.86	9.878E-19
125.88	9.839E-19
125.9	9.358E-19
125.92	1.03E-18
125.94	9.995E-19
125.96	1.007E-18
125.98	9.812E-19
126	9.696E-19
126.02	9.858E-19
126.04	9.458E-19
126.06	9.383E-19
126.08	9.246E-19
126.1	9.497E-19
126.12	9.128E-19
126.14	8.3E-19
126.16	8.341E-19
126.18	7.443E-19
126.2	8.899E-19
126.22	7.756E-19
126.24	7.809E-19
126.26	8.004E-19
126.28	7.629E-19
126.3	8.246E-19
126.32	7.613E-19
126.34	7.59E-19
126.36	7.848E-19
126.38	7.306E-19
126.4	6.63E-19
126.42	6.905E-19
126.44	6.948E-19
126.46	6.242E-19
126.48	5.908E-19
126.5	6.443E-19
126.52	6.616E-19
126.54	6.209E-19
126.56	6.299E-19
126.58	6.067E-19
126.59	5.916E-19
126.61	6.053E-19
126.63	5.256E-19
126.65	5.471E-19
126.67	5.778E-19
126.69	4.072E-19
126.71	5.115E-19
126.73	5.169E-19
126.75	5.051E-19
126.77	4.952E-19
126.79	4.786E-19
126.81	3.985E-19
126.83	4.813E-19
126.85	4.252E-19
126.87	4.662E-19
126.89	4.274E-19
126.91	4.15E-19
126.93	3.91E-19
126.95	3.209E-19
126.97	3.899E-19
126.99	4.259E-19
127.01	5.187E-19
127.03	4.358E-19
127.05	3.918E-19
127.07	3.954E-19
127.09	4.754E-19
127.11	4.386E-19
127.13	4.247E-19
127.15	4.331E-19
127.17	3.958E-19
127.19	4.339E-19
127.21	4.404E-19
127.23	4.889E-19
127.25	5.074E-19
127.27	5.139E-19
127.29	4.321E-19
127.31	4.344E-19
127.33	3.97E-19
127.35	4.276E-19
127.37	3.358E-19
127.39	3.065E-19
127.41	4.927E-19
127.43	4.685E-19
127.45	4.568E-19
127.47	4.618E-19
127.49	5.488E-19
127.51	5.072E-19
127.53	5.51E-19
127.55	5.699E-19
127.57	5.928E-19
127.59	5.891E-19
127.61	4.863E-19
127.63	5.821E-19
127.65	6.179E-19
127.67	5.682E-19
127.69	5.757E-19
127.71	6.514E-19
127.73	5.873E-19
127.75	6.488E-19
127.77	7.112E-19
127.79	7.415E-19
127.81	7.157E-19
127.83	6.893E-19
127.85	7.459E-19
127.87	7.526E-19
127.89	7.632E-19
127.91	7.345E-19
127.93	8.781E-19
127.95	8.462E-19
127.97	8.001E-19
127.99	7.904E-19
128.01	7.199E-19
128.03	6.565E-19
128.05	6.623E-19
128.07	6.194E-19
128.09	6.37E-19
128.11	6.483E-19
128.13	7.395E-19
128.15	6.775E-19
128.17	6.628E-19
128.19	6.478E-19
128.21	7.037E-19
128.23	6.394E-19
128.25	6.435E-19
128.27	6.788E-19
128.29	7.121E-19
128.31	7.743E-19
128.33	7.429E-19
128.35	7.515E-19
128.37	7.511E-19
128.39	7.719E-19
128.41	8.289E-19
128.43	9.05E-19
128.45	9.265E-19
128.47	9.386E-19
128.49	9.316E-19
128.51	1.053E-18
128.53	1.021E-18
128.55	1.016E-18
128.57	1.05E-18
128.59	1.04E-18
128.61	9.387E-19
128.63	9.042E-19
128.65	9.283E-19
128.67	9.091E-19
128.69	9.073E-19
128.71	8.774E-19
128.73	8.067E-19
128.75	8.832E-19
128.77	7.774E-19
128.79	7.489E-19
128.81	8.107E-19
128.83	7.456E-19
128.85	7.104E-19
128.87	7.114E-19
128.89	7.439E-19
128.91	8.339E-19
128.93	7.292E-19
128.95	7.759E-19
128.97	7.627E-19
128.99	7.511E-19
129.01	7.687E-19
129.03	7.439E-19
129.05	6.893E-19
129.07	7.148E-19
129.09	7.272E-19
129.11	7.14E-19
129.13	8.565E-19
129.15	7.581E-19
129.17	8.097E-19
129.19	7.477E-19
129.21	7.362E-19
129.23	7.44E-19
129.25	8.225E-19
129.27	8.163E-19
129.29	7.977E-19
129.31	8.677E-19
129.33	7.322E-19
129.35	7.677E-19
129.37	8.158E-19
129.39	7.863E-19
129.41	8.296E-19
129.43	8.884E-19
129.45	8.248E-19
129.47	8.583E-19
129.49	7.532E-19
129.51	8.32E-19
129.53	7.923E-19
129.55	8.359E-19
129.57	8.073E-19
129.59	8.089E-19
129.61	7.317E-19
129.63	7.575E-19
129.65	6.923E-19
129.67	7.145E-19
129.69	7.355E-19
129.71	6.696E-19
129.73	7.354E-19
129.75	7.852E-19
129.77	7.803E-19
129.79	8.503E-19
129.81	9.154E-19
129.83	1.017E-18
129.85	1.067E-18
129.87	1.04E-18
129.89	1.126E-18
129.91	1.085E-18
129.93	1.256E-18
129.95	1.225E-18
129.97	1.277E-18
129.99	1.219E-18
130.01	1.296E-18
130.03	1.342E-18
130.05	1.353E-18
130.07	1.305E-18
130.09	1.329E-18
130.11	1.295E-18
130.13	1.317E-18
130.15	1.359E-18
130.17	1.392E-18
130.19	1.347E-18
130.21	1.347E-18
130.23	1.314E-18
130.25	1.4E-18
130.27	1.306E-18
130.29	1.277E-18
130.31	1.235E-18
130.33	1.028E-18
130.35	1.033E-18
130.37	1.146E-18
130.39	1.185E-18
130.41	1.267E-18
130.43	1.374E-18
130.45	1.281E-18
130.47	1.299E-18
130.49	1.29E-18
130.51	1.386E-18
130.53	1.273E-18
130.55	1.341E-18
130.57	1.419E-18
130.59	1.356E-18
130.61	1.349E-18
130.63	1.426E-18
130.65	1.375E-18
130.67	1.445E-18
130.69	1.475E-18
130.71	1.565E-18
130.73	1.533E-18
130.75	1.635E-18
130.77	1.675E-18
130.79	1.64E-18
130.81	1.577E-18
130.83	1.581E-18
130.85	1.486E-18
130.87	1.737E-18
130.89	1.798E-18
130.91	2.069E-18
130.93	2.273E-18
130.95	2.425E-18
130.97	2.604E-18
130.99	2.656E-18
131.01	2.708E-18
131.03	2.536E-18
131.05	2.431E-18
131.07	2.524E-18
131.09	2.616E-18
131.11	2.709E-18
131.13	2.908E-18
131.15	2.898E-18
131.17	2.952E-18
131.19	2.932E-18
131.21	2.962E-18
131.23	2.933E-18
131.25	2.852E-18
131.27	2.657E-18
131.29	2.498E-18
131.31	2.324E-18
131.33	2.204E-18
131.35	2.104E-18
131.37	2.05E-18
131.39	2.017E-18
131.41	1.905E-18
131.43	1.863E-18
131.45	1.954E-18
131.47	2.014E-18
131.49	2.1E-18
131.51	2.172E-18
131.53	2.271E-18
131.55	2.353E-18
131.57	2.508E-18
131.59	2.58E-18
131.61	2.646E-18
131.63	2.633E-18
131.65	2.638E-18
131.67	2.53E-18
131.69	2.442E-18
131.71	2.381E-18
131.73	2.225E-18
131.75	2.15E-18
131.77	2.109E-18
131.79	1.936E-18
131.81	1.937E-18
131.83	1.932E-18
131.85	1.796E-18
131.87	1.804E-18
131.89	1.773E-18
131.91	1.776E-18
131.93	1.672E-18
131.95	1.686E-18
131.97	1.644E-18
131.99	1.634E-18
132.01	1.655E-18
132.03	1.59E-18
132.05	1.63E-18
132.07	1.611E-18
132.09	1.611E-18
132.11	1.636E-18
132.13	1.628E-18
132.15	1.743E-18
132.17	1.651E-18
132.19	1.774E-18
132.21	1.774E-18
132.23	1.895E-18
132.25	1.965E-18
132.27	2.03E-18
132.29	2.116E-18
132.31	2.275E-18
132.33	2.392E-18
132.35	2.585E-18
132.37	2.731E-18
132.39	2.899E-18
132.41	3.009E-18
132.43	3.16E-18
132.45	3.263E-18
132.47	3.344E-18
132.49	3.403E-18
132.51	3.453E-18
132.53	3.453E-18
132.55	3.543E-18
132.57	3.5E-18
132.59	3.466E-18
132.61	3.324E-18
132.63	3.224E-18
132.65	3.192E-18
132.67	3.055E-18
132.69	2.923E-18
132.71	2.797E-18
132.73	2.707E-18
132.75	2.699E-18
132.77	2.488E-18
132.79	2.513E-18
132.81	2.528E-18
132.83	2.464E-18
132.85	2.481E-18
132.87	2.541E-18
132.89	2.51E-18
132.91	2.621E-18
132.93	2.68E-18
132.95	2.782E-18
132.97	2.788E-18
132.99	2.793E-18
133.01	2.879E-18
133.03	2.881E-18
133.05	2.904E-18
133.07	2.786E-18
133.09	2.738E-18
133.11	2.664E-18
133.13	2.553E-18
133.15	2.523E-18
133.17	2.374E-18
133.19	2.313E-18
133.21	2.315E-18
133.23	2.348E-18
133.25	2.289E-18
133.27	2.292E-18
133.29	2.317E-18
133.31	2.265E-18
133.33	2.336E-18
133.35	2.399E-18
133.37	2.418E-18
133.39	2.455E-18
133.41	2.523E-18
133.43	2.512E-18
133.45	2.482E-18
133.47	2.469E-18
133.49	2.38E-18
133.51	2.288E-18
133.53	2.207E-18
133.55	2.043E-18
133.57	1.913E-18
133.59	2.025E-18
133.61	1.992E-18
133.63	1.891E-18
133.65	1.817E-18
133.67	1.901E-18
133.69	1.873E-18
133.71	1.894E-18
133.73	2.025E-18
133.75	2.19E-18
133.77	2.619E-18
133.79	3.189E-18
133.81	3.953E-18
133.83	4.927E-18
133.84	5.862E-18
133.86	6.375E-18
133.88	6.521E-18
133.9	6.333E-18
133.92	6.036E-18
133.94	5.772E-18
133.96	5.648E-18
133.98	5.772E-18
134	6.047E-18
134.02	6.521E-18
134.04	7.175E-18
134.06	7.857E-18
134.08	8.587E-18
134.1	8.971E-18
134.12	9.002E-18
134.14	8.561E-18
134.16	7.875E-18
134.18	6.938E-18
134.2	5.925E-18
134.22	5.078E-18
134.24	4.423E-18
134.26	3.708E-18
134.28	3.203E-18
134.3	2.827E-18
134.32	2.477E-18
134.34	2.214E-18
134.36	2.039E-18
134.38	1.804E-18
134.4	1.669E-18
134.42	1.618E-18
134.44	1.562E-18
134.46	1.457E-18
134.48	1.361E-18
134.5	1.247E-18
134.52	1.229E-18
134.54	1.147E-18
134.56	1.181E-18
134.58	1.092E-18
134.6	1.159E-18
134.62	1.173E-18
134.64	1.242E-18
134.66	1.215E-18
134.68	1.259E-18
134.7	1.331E-18
134.72	1.37E-18
134.74	1.515E-18
134.76	1.58E-18
134.78	1.717E-18
134.8	1.796E-18
134.82	1.839E-18
134.84	1.913E-18
134.86	1.925E-18
134.88	2.064E-18
134.9	2.101E-18
134.92	2.123E-18
134.94	2.166E-18
134.96	2.18E-18
134.98	2.374E-18
135	2.556E-18
135.02	2.759E-18
135.04	3.128E-18
135.06	3.519E-18
135.08	4.145E-18
135.1	4.793E-18
135.12	5.51E-18
135.14	6.126E-18
135.16	6.651E-18
135.18	6.826E-18
135.2	6.678E-18
135.22	6.32E-18
135.24	5.773E-18
135.26	5.255E-18
135.28	4.754E-18
135.3	4.439E-18
135.32	4.192E-18
135.34	4.051E-18
135.36	3.951E-18
135.38	3.878E-18
135.4	4.002E-18
135.42	4.123E-18
135.44	4.43E-18
135.46	4.826E-18
135.48	5.275E-18
135.5	5.93E-18
135.52	6.624E-18
135.54	7.284E-18
135.56	7.942E-18
135.58	8.186E-18
135.6	8.147E-18
135.62	7.789E-18
135.64	7.072E-18
135.66	6.314E-18
135.68	5.457E-18
135.7	4.691E-18
135.72	4.097E-18
135.74	3.425E-18
135.76	2.901E-18
135.78	2.563E-18
135.8	2.264E-18
135.82	2.003E-18
135.84	1.856E-18
135.86	1.633E-18
135.88	1.513E-18
135.9	1.45E-18
135.92	1.453E-18
135.94	1.558E-18
135.96	1.472E-18
135.98	1.522E-18
136	1.435E-18
136.02	1.437E-18
136.04	1.333E-18
136.06	1.31E-18
136.08	1.259E-18
136.1	1.291E-18
136.12	1.246E-18
136.14	1.215E-18
136.16	1.238E-18
136.18	1.231E-18
136.2	1.311E-18
136.22	1.451E-18
136.24	1.67E-18
136.26	1.705E-18
136.28	1.665E-18
136.3	1.642E-18
136.32	1.626E-18
136.34	1.66E-18
136.36	1.737E-18
136.38	1.746E-18
136.4	1.909E-18
136.42	2.106E-18
136.44	2.34E-18
136.46	2.715E-18
136.48	3.185E-18
136.5	3.73E-18
136.52	4.253E-18
136.54	4.557E-18
136.56	4.547E-18
136.58	4.16E-18
136.6	3.615E-18
136.62	3.171E-18
136.64	2.893E-18
136.66	2.693E-18
136.68	2.869E-18
136.7	3.002E-18
136.72	3.357E-18
136.74	3.902E-18
136.76	4.679E-18
136.78	6.031E-18
136.8	8.45E-18
136.82	1.248E-17
136.84	1.821E-17
136.86	2.402E-17
136.88	2.8E-17
136.9	2.786E-17
136.92	2.455E-17
136.94	1.999E-17
136.96	1.542E-17
136.98	1.143E-17
137	8.707E-18
137.02	6.582E-18
137.04	5.08E-18
137.06	3.943E-18
137.08	3.029E-18
137.1	2.381E-18
137.12	1.905E-18
137.14	1.517E-18
137.16	1.314E-18
137.18	1.324E-18
137.2	1.326E-18
137.22	1.357E-18
137.24	1.392E-18
137.26	1.401E-18
137.28	1.385E-18
137.3	1.403E-18
137.32	1.416E-18
137.34	1.454E-18
137.36	1.514E-18
137.38	1.588E-18
137.4	1.624E-18
137.42	1.641E-18
137.44	1.613E-18
137.46	1.571E-18
137.48	1.415E-18
137.5	1.321E-18
137.52	1.154E-18
137.54	1.048E-18
137.56	9.115E-19
137.58	8.971E-19
137.6	7.941E-19
137.62	7.585E-19
137.64	7.208E-19
137.66	6.447E-19
137.68	6.445E-19
137.7	6.415E-19
137.72	6.351E-19
137.74	6.499E-19
137.76	7.06E-19
137.78	7.5E-19
137.8	8.239E-19
137.82	8.749E-19
137.84	9.315E-19
137.86	9.855E-19
137.88	1.079E-18
137.9	1.113E-18
137.92	1.161E-18
137.94	1.219E-18
137.96	1.289E-18
137.98	1.385E-18
138	1.475E-18
138.02	1.584E-18
138.04	1.722E-18
138.06	1.911E-18
138.08	2.143E-18
138.1	2.454E-18
138.12	2.911E-18
138.14	3.472E-18
138.16	4.188E-18
138.18	5.25E-18
138.2	6.458E-18
138.22	8.732E-18
138.24	1.222E-17
138.26	1.774E-17
138.28	2.416E-17
138.3	2.877E-17
138.32	2.95E-17
138.34	2.628E-17
138.36	2.16E-17
138.38	1.695E-17
138.4	1.31E-17
138.42	1.007E-17
138.44	7.752E-18
138.46	6.099E-18
138.48	4.895E-18
138.5	4.018E-18
138.52	3.363E-18
138.54	2.85E-18
138.56	2.478E-18
138.58	2.145E-18
138.6	2.009E-18
138.62	1.787E-18
138.64	1.604E-18
138.66	1.478E-18
138.68	1.349E-18
138.7	1.271E-18
138.72	1.19E-18
138.74	1.084E-18
138.76	1.067E-18
138.78	1.033E-18
138.8	1.008E-18
138.82	9.255E-19
138.84	9.069E-19
138.86	9.178E-19
138.88	8.733E-19
138.9	8.234E-19
138.92	8.827E-19
138.94	8.927E-19
138.96	8.659E-19
138.98	8.012E-19
139	8.188E-19
139.02	7.54E-19
139.04	7.471E-19
139.06	7.869E-19
139.08	7.371E-19
139.1	7.429E-19
139.12	6.54E-19
139.14	6.632E-19
139.16	6.987E-19
139.18	7.034E-19
139.2	7.02E-19
139.22	6.979E-19
139.24	7.175E-19
139.26	7.267E-19
139.28	7.276E-19
139.3	7.384E-19
139.32	7.279E-19
139.34	7.641E-19
139.36	7.674E-19
139.38	7.85E-19
139.4	8.306E-19
139.42	8.668E-19
139.44	9.67E-19
139.46	1.111E-18
139.48	1.327E-18
139.5	1.412E-18
139.52	1.459E-18
139.54	1.495E-18
139.56	1.548E-18
139.58	1.635E-18
139.6	1.784E-18
139.62	2.072E-18
139.64	2.369E-18
139.66	2.798E-18
139.68	3.45E-18
139.7	4.381E-18
139.72	5.99E-18
139.74	8.553E-18
139.76	1.253E-17
139.78	1.865E-17
139.8	2.641E-17
139.82	3.235E-17
139.84	3.402E-17
139.86	3.118E-17
139.88	2.593E-17
139.9	2.028E-17
139.92	1.551E-17
139.94	1.189E-17
139.96	9.399E-18
139.98	7.444E-18
140	5.963E-18
140.02	4.892E-18
140.04	4.118E-18
140.06	3.501E-18
140.08	3.14E-18
140.1	2.913E-18
140.12	2.736E-18
140.14	2.735E-18
140.16	2.664E-18
140.18	2.552E-18
140.2	2.409E-18
140.22	2.21E-18
140.24	2.104E-18
140.26	1.982E-18
140.28	1.894E-18
140.3	1.886E-18
140.32	1.701E-18
140.34	1.658E-18
140.36	1.595E-18
140.38	1.549E-18
140.4	1.427E-18
140.42	1.311E-18
140.44	1.286E-18
140.46	1.248E-18
140.48	1.257E-18
140.5	1.27E-18
140.52	1.188E-18
140.54	1.162E-18
140.56	1.114E-18
140.58	1.03E-18
140.6	1.004E-18
140.62	8.988E-19
140.64	9.344E-19
140.66	8.991E-19
140.68	8.595E-19
140.7	8.488E-19
140.72	8.337E-19
140.74	7.866E-19
140.76	7.695E-19
140.78	7.652E-19
140.8	7.88E-19
140.82	8.267E-19
140.84	7.834E-19
140.86	7.759E-19
140.88	7.837E-19
140.9	7.935E-19
140.92	7.877E-19
140.94	7.938E-19
140.96	8.287E-19
140.98	8.398E-19
141	8.781E-19
141.02	9.174E-19
141.04	9.526E-19
141.06	9.87E-19
141.08	1.042E-18
141.1	1.111E-18
141.11	1.203E-18
141.13	1.329E-18
141.15	1.515E-18
141.17	1.718E-18
141.19	2.098E-18
141.21	2.651E-18
141.23	3.566E-18
141.25	5.266E-18
141.27	8.115E-18
141.29	1.312E-17
141.31	1.975E-17
141.33	2.548E-17
141.35	2.724E-17
141.37	2.507E-17
141.39	2.096E-17
141.41	1.632E-17
141.43	1.232E-17
141.45	9.538E-18
141.47	7.399E-18
141.49	5.871E-18
141.51	4.643E-18
141.53	3.832E-18
141.55	3.171E-18
141.57	2.698E-18
141.59	2.384E-18
141.61	2.12E-18
141.63	1.864E-18
141.65	1.791E-18
141.67	1.818E-18
141.69	1.905E-18
141.71	1.972E-18
141.73	2.042E-18
141.75	2.064E-18
141.77	2.058E-18
141.79	1.982E-18
141.81	1.914E-18
141.83	1.783E-18
141.85	1.794E-18
141.87	1.78E-18
141.89	1.779E-18
141.91	1.751E-18
141.93	1.726E-18
141.95	1.643E-18
141.97	1.501E-18
141.99	1.349E-18
142.01	1.225E-18
142.03	1.07E-18
142.05	9.469E-19
142.07	8.89E-19
142.09	8.805E-19
142.11	8.079E-19
142.13	8.012E-19
142.15	8.176E-19
142.17	8.282E-19
142.19	8.119E-19
142.21	8.333E-19
142.23	7.892E-19
142.25	7.516E-19
142.27	6.942E-19
142.29	6.875E-19
142.31	6.051E-19
142.33	5.455E-19
142.35	5.652E-19
142.37	5.135E-19
142.39	4.988E-19
142.41	4.675E-19
142.43	4.592E-19
142.45	4.725E-19
142.47	4.856E-19
142.49	4.99E-19
142.51	4.721E-19
142.53	4.039E-19
142.55	4.437E-19
142.57	4.652E-19
142.59	4.448E-19
142.61	4.362E-19
142.63	4.481E-19
142.65	4.803E-19
142.67	5.217E-19
142.69	5.193E-19
142.71	5.444E-19
142.73	6.333E-19
142.75	7.226E-19
142.77	8.314E-19
142.79	9.243E-19
142.81	1.103E-18
142.83	1.318E-18
142.85	1.786E-18
142.87	2.491E-18
142.89	3.759E-18
142.91	5.95E-18
142.93	9.356E-18
142.95	1.315E-17
142.97	1.608E-17
142.99	1.697E-17
143.01	1.576E-17
143.03	1.322E-17
143.05	1.06E-17
143.07	8.339E-18
143.09	6.46E-18
143.11	5.022E-18
143.13	3.976E-18
143.15	3.12E-18
143.17	2.558E-18
143.19	2.068E-18
143.21	1.684E-18
143.23	1.428E-18
143.25	1.24E-18
143.27	1.065E-18
143.29	9.175E-19
143.31	8.456E-19
143.33	8.047E-19
143.35	9.138E-19
143.37	1.008E-18
143.39	1.141E-18
143.41	1.246E-18
143.43	1.279E-18
143.45	1.319E-18
143.47	1.301E-18
143.49	1.213E-18
143.51	1.197E-18
143.53	1.173E-18
143.55	1.189E-18
143.57	1.189E-18
143.59	1.217E-18
143.61	1.2E-18
143.63	1.16E-18
143.65	1.045E-18
143.67	9.09E-19
143.69	7.844E-19
143.71	6.693E-19
143.73	5.358E-19
143.75	4.696E-19
143.77	4.314E-19
143.79	4.027E-19
143.81	4.366E-19
143.83	4.421E-19
143.85	3.734E-19
143.87	3.513E-19
143.89	2.908E-19
143.91	2.292E-19
143.93	2.555E-19
143.95	1.633E-19
143.97	1.654E-19
143.99	1.24E-19
144.01	1.575E-19
144.03	1.655E-19
144.05	1.701E-19
144.07	1.603E-19
144.09	1.191E-19
144.11	8.738E-20
144.13	1.082E-19
144.15	1.242E-19
144.17	8.596E-20
144.19	7.113E-20
144.21	7.118E-20
144.23	1.072E-19
144.25	3.304E-20
144.27	2.819E-20
144.29	3.338E-20
144.31	5.753E-22
144.33	5.879E-20
144.35	6.208E-20
144.37	5.508E-20
144.39	9.352E-20
144.41	6.542E-20
144.43	1.036E-19
144.45	1.018E-19
144.47	1.094E-19
144.49	1.469E-19
144.51	2.087E-19
144.53	2.136E-19
144.55	2.858E-19
144.57	3.422E-19
144.59	4.112E-19
144.61	5.402E-19
144.63	7.49E-19
144.65	1.315E-18
144.67	2.469E-18
144.69	4.691E-18
144.71	7.82E-18
144.73	1.062E-17
144.75	1.183E-17
144.77	1.111E-17
144.79	9.238E-18
144.81	7.306E-18
144.83	5.748E-18
144.85	4.283E-18
144.87	3.26E-18
144.89	2.489E-18
144.91	1.925E-18
144.93	1.503E-18
144.95	1.168E-18
144.97	8.841E-19
144.99	7.227E-19
145.01	5.854E-19
145.03	4.936E-19
145.05	4.175E-19
145.07	4.009E-19
145.09	4.21E-19
145.11	5.073E-19
145.13	6.002E-19
145.15	6.773E-19
145.17	6.715E-19
145.19	6.549E-19
145.21	5.647E-19
145.23	4.633E-19
145.25	3.874E-19
145.27	3.666E-19
145.29	4.203E-19
145.31	4.618E-19
145.33	2.752E-19
145.35	1.781E-19
145.37	8.2E-20
145.39	9.197E-20
145.41	2.053E-19
145.43	2.833E-19
145.45	3.903E-19
145.47	4.181E-19
145.49	3.528E-19
145.51	2.667E-19
145.53	2E-19
145.55	1.196E-19
145.57	7.103E-20
145.59	5.371E-20
145.61	3.981E-20
145.63	3.993E-20
145.65	1.013E-20
145.67	7.713E-21
145.69	9.075E-21
145.71	3.945E-21
145.73	6.7E-21
145.75	2.923E-20
145.77	5.839E-21
145.79	9.554E-21
145.81	9.978E-21
145.83	5.961E-22
145.85	2.554E-20
145.87	1.476E-20
145.89	5.014E-20
145.91	3E-20
145.93	5.445E-20
145.95	2.72E-20
145.97	3.15E-20
145.99	2.318E-20
146.01	3.804E-20
146.03	1.375E-20
146.05	1.054E-20
146.07	1.305E-20
146.09	1.608E-20
146.11	2.696E-20
146.13	3.973E-20
146.15	3.953E-20
146.17	6.364E-20
146.19	7.265E-20
146.21	7.308E-20
146.23	7.986E-20
146.25	6.314E-20
146.27	7.129E-20
146.29	7.613E-20
146.31	8.926E-20
146.33	1.366E-19
146.35	1.822E-19
146.37	1.935E-19
146.39	2.215E-19
146.41	2.621E-19
146.43	2.998E-19
146.45	3.769E-19
146.47	5.677E-19
146.49	1.01E-18
146.51	1.861E-18
146.53	3.184E-18
146.55	4.745E-18
146.57	5.811E-18
146.59	6.088E-18
146.61	5.677E-18
146.63	4.944E-18
146.65	4.145E-18
146.67	3.424E-18
146.69	2.693E-18
146.71	2.114E-18
146.73	1.665E-18
146.75	1.35E-18
146.77	1.105E-18
146.79	9.247E-19
146.81	7.85E-19
146.83	6.582E-19
146.85	5.682E-19
146.87	5.093E-19
146.89	4.986E-19
146.91	5.074E-19
146.93	4.996E-19
146.95	5.089E-19
146.97	4.803E-19
146.99	4.528E-19
147.01	3.934E-19
147.03	3.326E-19
147.05	3.292E-19
147.07	2.655E-19
147.09	2.573E-19
147.11	2.574E-19
147.13	2.452E-19
147.15	2.858E-19
147.17	2.646E-19
147.19	3.093E-19
147.21	3.981E-19
147.23	4.109E-19
147.25	4.329E-19
147.27	4.193E-19
147.29	3.427E-19
147.31	2.928E-19
147.33	2.827E-19
147.35	2.397E-19
147.37	2.084E-19
147.39	2.028E-19
147.41	2.473E-19
147.43	1.841E-19
147.45	1.555E-19
147.47	1.873E-19
147.49	1.857E-19
147.51	1.907E-19
147.53	1.934E-19
147.55	2.21E-19
147.57	2.062E-19
147.59	2.157E-19
147.61	2.297E-19
147.63	2.15E-19
147.65	2.448E-19
147.67	2.225E-19
147.69	1.918E-19
147.71	2.083E-19
147.73	2.042E-19
147.75	1.963E-19
147.77	1.76E-19
147.79	2.339E-19
147.81	2.169E-19
147.83	2.183E-19
147.85	2.575E-19
147.87	2.27E-19
147.89	2.281E-19
147.91	1.956E-19
147.93	1.836E-19
147.95	1.658E-19
147.97	1.697E-19
147.99	1.827E-19
148.01	1.51E-19
148.03	1.306E-19
148.05	1.722E-19
148.07	2.03E-19
148.09	1.783E-19
148.11	1.957E-19
148.13	1.925E-19
148.15	1.571E-19
148.17	1.486E-19
148.19	1.691E-19
148.21	1.906E-19
148.23	2.424E-19
148.25	2.47E-19
148.27	2.291E-19
148.29	1.98E-19
148.31	2.357E-19
148.33	2.869E-19
148.35	3.538E-19
148.37	5.819E-19
148.38	1.252E-18
148.4	2.309E-18
148.42	3.338E-18
148.44	3.815E-18
148.46	3.642E-18
148.48	3.14E-18
148.5	2.546E-18
148.52	2.015E-18
148.54	1.466E-18
148.56	1.176E-18
148.58	9.212E-19
148.6	7.566E-19
148.62	6.58E-19
148.64	5.85E-19
148.66	4.995E-19
148.68	4.388E-19
148.7	4.056E-19
148.72	3.985E-19
148.74	3.673E-19
148.76	3.438E-19
148.78	3.245E-19
148.8	3.121E-19
148.82	3.088E-19
148.84	3.249E-19
148.86	2.891E-19
148.88	3.162E-19
148.9	2.899E-19
148.92	2.74E-19
148.94	2.726E-19
148.96	2.624E-19
148.98	2.665E-19
149	2.751E-19
149.02	2.811E-19
149.04	3.098E-19
149.06	3.059E-19
149.08	3.07E-19
149.1	2.771E-19
149.12	2.817E-19
149.14	2.652E-19
149.16	2.487E-19
149.18	2.8E-19
149.2	2.894E-19
149.22	3.005E-19
149.24	3.08E-19
149.26	3.152E-19
149.28	2.966E-19
149.3	2.934E-19
149.32	3.327E-19
149.34	3.196E-19
149.36	3.443E-19
149.38	3.135E-19
149.4	3.202E-19
149.42	2.91E-19
149.44	2.983E-19
149.46	3.335E-19
149.48	3.254E-19
149.5	3.441E-19
149.52	3.529E-19
149.54	3.839E-19
149.56	3.649E-19
149.58	3.565E-19
149.6	3.523E-19
149.62	3.457E-19
149.64	3.646E-19
149.66	3.7E-19
149.68	4.238E-19
149.7	4.136E-19
149.72	4.416E-19
149.74	4.55E-19
149.76	4.829E-19
149.78	4.571E-19
149.8	4.35E-19
149.82	4.448E-19
149.84	4.28E-19
149.86	4.632E-19
149.88	4.676E-19
149.9	4.601E-19
149.92	4.746E-19
149.94	4.866E-19
149.96	5.258E-19
149.98	5.209E-19
150	5.458E-19
150.02	5.453E-19
150.04	5.582E-19
150.06	5.399E-19
150.08	5.589E-19
150.1	5.639E-19
150.12	5.795E-19
150.14	5.763E-19
150.16	5.68E-19
150.18	5.483E-19
150.2	5.311E-19
150.22	5.565E-19
150.24	6.153E-19
150.26	6.8E-19
150.28	9.485E-19
150.3	1.361E-18
150.32	1.765E-18
150.34	1.96E-18
150.36	1.958E-18
150.38	1.831E-18
150.4	1.564E-18
150.42	1.27E-18
150.44	1.036E-18
150.46	9.126E-19
150.48	8.132E-19
150.5	7.526E-19
150.52	6.875E-19
150.54	6.225E-19
150.56	5.969E-19
150.58	5.823E-19
150.6	5.919E-19
150.62	5.855E-19
150.64	5.516E-19
150.66	5.078E-19
150.68	5.042E-19
150.7	5.223E-19
150.72	4.959E-19
150.74	4.65E-19
150.76	4.532E-19
150.78	4.346E-19
150.8	4.415E-19
150.82	4.206E-19
150.84	4.338E-19
150.86	4.397E-19
150.88	3.969E-19
150.9	3.686E-19
150.92	3.979E-19
150.94	4.166E-19
150.96	3.969E-19
150.98	4.166E-19
151	3.988E-19
151.02	4.163E-19
151.04	4.314E-19
151.06	4.609E-19
151.08	4.272E-19
151.1	4.26E-19
151.12	4.476E-19
151.14	4.108E-19
151.16	4.179E-19
151.18	4.473E-19
151.2	4.467E-19
151.22	4.281E-19
151.24	4.491E-19
151.26	4.692E-19
151.28	4.072E-19
151.3	4.043E-19
151.32	3.903E-19
151.34	3.753E-19
151.36	3.816E-19
151.38	3.296E-19
151.4	3.367E-19
151.42	3.247E-19
151.44	3.166E-19
151.46	2.875E-19
151.48	2.982E-19
151.5	3.552E-19
151.52	3.418E-19
151.54	3.333E-19
151.56	3.182E-19
151.58	3.031E-19
151.6	3.211E-19
151.62	3.113E-19
151.64	3.411E-19
151.66	3.787E-19
151.68	3.675E-19
151.7	3.657E-19
151.72	3.642E-19
151.74	3.107E-19
151.76	3.237E-19
151.78	2.823E-19
151.8	2.847E-19
151.82	3.154E-19
151.84	2.962E-19
151.86	2.831E-19
151.88	3.226E-19
151.9	2.865E-19
151.92	2.62E-19
151.94	2.867E-19
151.96	3.152E-19
151.98	2.973E-19
152	2.888E-19
