115.71	4.662E-17
115.73	4.656E-17
115.75	4.655E-17
115.77	4.632E-17
115.79	4.597E-17
115.81	4.566E-17
115.83	4.516E-17
115.85	4.451E-17
115.87	4.392E-17
115.89	4.327E-17
115.91	4.261E-17
115.93	4.204E-17
115.95	4.133E-17
115.97	4.073E-17
115.99	4.02E-17
116.01	3.963E-17
116.03	3.92E-17
116.05	3.873E-17
116.07	3.832E-17
116.09	3.793E-17
116.11	3.76E-17
116.13	3.738E-17
116.15	3.709E-17
116.17	3.692E-17
116.19	3.677E-17
116.21	3.655E-17
116.23	3.648E-17
116.25	3.639E-17
116.27	3.631E-17
116.29	3.625E-17
116.31	3.614E-17
116.33	3.61E-17
116.35	3.597E-17
116.37	3.579E-17
116.39	3.55E-17
116.41	3.526E-17
116.43	3.491E-17
116.45	3.464E-17
116.47	3.424E-17
116.49	3.386E-17
116.51	3.353E-17
116.53	3.311E-17
116.55	3.275E-17
116.57	3.243E-17
116.59	3.208E-17
116.61	3.169E-17
116.63	3.107E-17
116.65	3.064E-17
116.67	3.014E-17
116.69	2.965E-17
116.71	2.91E-17
116.73	2.873E-17
116.75	2.829E-17
116.77	2.784E-17
116.79	2.747E-17
116.81	2.695E-17
116.83	2.659E-17
116.85	2.625E-17
116.87	2.589E-17
116.89	2.556E-17
116.91	2.52E-17
116.93	2.492E-17
116.95	2.456E-17
116.97	2.417E-17
116.99	2.388E-17
117.01	2.333E-17
117.03	2.305E-17
117.05	2.267E-17
117.07	2.231E-17
117.09	2.185E-17
117.11	2.143E-17
117.13	2.097E-17
117.15	2.047E-17
117.17	1.987E-17
117.19	1.929E-17
117.21	1.872E-17
117.23	1.835E-17
117.25	1.798E-17
117.27	1.772E-17
117.29	1.747E-17
117.31	1.737E-17
117.33	1.733E-17
117.35	1.73E-17
117.37	1.727E-17
117.39	1.725E-17
117.41	1.732E-17
117.43	1.732E-17
117.45	1.741E-17
117.47	1.751E-17
117.49	1.752E-17
117.51	1.772E-17
117.53	1.792E-17
117.55	1.82E-17
117.57	1.859E-17
117.59	1.901E-17
117.61	1.948E-17
117.63	2.002E-17
117.65	2.072E-17
117.67	2.137E-17
117.69	2.208E-17
117.71	2.268E-17
117.73	2.307E-17
117.75	2.335E-17
117.77	2.341E-17
117.79	2.34E-17
117.81	2.324E-17
117.83	2.296E-17
117.85	2.266E-17
117.87	2.221E-17
117.89	2.176E-17
117.91	2.142E-17
117.93	2.112E-17
117.95	2.077E-17
117.97	2.045E-17
117.99	2.015E-17
118.01	1.99E-17
118.03	1.978E-17
118.05	1.977E-17
118.07	1.992E-17
118.09	2.02E-17
118.11	2.059E-17
118.13	2.114E-17
118.15	2.181E-17
118.17	2.244E-17
118.19	2.311E-17
118.21	2.383E-17
118.23	2.433E-17
118.25	2.497E-17
118.27	2.549E-17
118.29	2.602E-17
118.31	2.654E-17
118.33	2.711E-17
118.35	2.768E-17
118.37	2.821E-17
118.39	2.871E-17
118.41	2.92E-17
118.43	2.951E-17
118.45	2.983E-17
118.47	3E-17
118.49	3.011E-17
118.51	3.022E-17
118.53	3.022E-17
118.55	3.015E-17
118.57	3.017E-17
118.59	3.022E-17
118.61	3.033E-17
118.63	3.049E-17
118.65	3.076E-17
118.67	3.108E-17
118.69	3.143E-17
118.71	3.184E-17
118.73	3.229E-17
118.75	3.268E-17
118.77	3.311E-17
118.79	3.349E-17
118.81	3.383E-17
118.83	3.437E-17
118.85	3.498E-17
118.87	3.564E-17
118.89	3.641E-17
118.91	3.729E-17
118.93	3.809E-17
118.95	3.864E-17
118.97	3.901E-17
118.99	3.91E-17
119.01	3.877E-17
119.03	3.838E-17
119.05	3.773E-17
119.07	3.7E-17
119.09	3.628E-17
119.11	3.551E-17
119.13	3.481E-17
119.15	3.428E-17
119.17	3.382E-17
119.19	3.349E-17
119.21	3.328E-17
119.23	3.301E-17
119.25	3.282E-17
119.27	3.262E-17
119.29	3.225E-17
119.31	3.184E-17
119.33	3.125E-17
119.35	3.054E-17
119.37	2.988E-17
119.39	2.913E-17
119.41	2.838E-17
119.43	2.772E-17
119.45	2.703E-17
119.47	2.645E-17
119.49	2.605E-17
119.51	2.575E-17
119.53	2.575E-17
119.55	2.587E-17
119.57	2.615E-17
119.59	2.66E-17
119.61	2.708E-17
119.63	2.774E-17
119.65	2.823E-17
119.67	2.87E-17
119.69	2.898E-17
119.71	2.915E-17
119.73	2.908E-17
119.75	2.895E-17
119.77	2.866E-17
119.79	2.831E-17
119.81	2.793E-17
119.83	2.757E-17
119.85	2.716E-17
119.87	2.672E-17
119.89	2.633E-17
119.91	2.586E-17
119.93	2.561E-17
119.95	2.535E-17
119.97	2.517E-17
119.99	2.504E-17
120.01	2.491E-17
120.03	2.49E-17
120.05	2.491E-17
120.07	2.485E-17
120.09	2.487E-17
120.11	2.486E-17
120.13	2.482E-17
120.15	2.473E-17
120.17	2.458E-17
120.19	2.439E-17
120.21	2.411E-17
120.23	2.377E-17
120.25	2.334E-17
120.27	2.293E-17
120.29	2.245E-17
120.31	2.208E-17
120.33	2.17E-17
120.35	2.137E-17
120.37	2.117E-17
120.39	2.099E-17
120.41	2.092E-17
120.43	2.102E-17
120.45	2.118E-17
120.47	2.148E-17
120.49	2.179E-17
120.51	2.229E-17
120.53	2.278E-17
120.55	2.335E-17
120.57	2.402E-17
120.59	2.467E-17
120.61	2.529E-17
120.63	2.586E-17
120.65	2.633E-17
120.67	2.677E-17
120.69	2.722E-17
120.71	2.771E-17
120.73	2.812E-17
120.75	2.833E-17
120.77	2.849E-17
120.79	2.847E-17
120.81	2.835E-17
120.83	2.801E-17
120.85	2.754E-17
120.87	2.696E-17
120.89	2.632E-17
120.91	2.565E-17
120.93	2.503E-17
120.95	2.441E-17
120.97	2.401E-17
120.99	2.37E-17
121.01	2.354E-17
121.03	2.354E-17
121.05	2.361E-17
121.07	2.384E-17
121.09	2.425E-17
121.11	2.463E-17
121.13	2.514E-17
121.15	2.577E-17
121.17	2.645E-17
121.19	2.719E-17
121.21	2.807E-17
121.23	2.889E-17
121.25	2.991E-17
121.27	3.098E-17
121.29	3.202E-17
121.31	3.317E-17
121.33	3.425E-17
121.35	3.543E-17
121.37	3.655E-17
121.39	3.764E-17
121.41	3.883E-17
121.43	3.977E-17
121.45	4.083E-17
121.47	4.182E-17
121.49	4.279E-17
121.51	4.357E-17
121.53	4.419E-17
121.55	4.447E-17
121.57	4.444E-17
121.59	4.422E-17
121.61	4.379E-17
121.63	4.338E-17
121.65	4.288E-17
121.67	4.249E-17
121.69	4.207E-17
121.71	4.173E-17
121.73	4.166E-17
121.75	4.163E-17
121.77	4.163E-17
121.79	4.164E-17
121.81	4.146E-17
121.83	4.135E-17
121.85	4.123E-17
121.87	4.104E-17
121.89	4.09E-17
121.91	4.067E-17
121.93	4.026E-17
121.95	3.989E-17
121.97	3.942E-17
121.99	3.901E-17
122.01	3.849E-17
122.03	3.788E-17
122.05	3.727E-17
122.07	3.658E-17
122.09	3.589E-17
122.11	3.517E-17
122.13	3.447E-17
122.15	3.375E-17
122.17	3.309E-17
122.19	3.244E-17
122.21	3.183E-17
122.23	3.132E-17
122.25	3.082E-17
122.27	3.031E-17
122.29	2.982E-17
122.31	2.927E-17
122.33	2.893E-17
122.35	2.854E-17
122.37	2.821E-17
122.39	2.784E-17
122.41	2.744E-17
122.43	2.714E-17
122.45	2.679E-17
122.47	2.635E-17
122.49	2.576E-17
122.51	2.517E-17
122.53	2.45E-17
122.55	2.376E-17
122.57	2.296E-17
122.59	2.219E-17
122.61	2.148E-17
122.63	2.087E-17
122.65	2.027E-17
122.67	1.962E-17
122.69	1.916E-17
122.71	1.87E-17
122.73	1.83E-17
122.75	1.795E-17
122.77	1.762E-17
122.79	1.74E-17
122.81	1.724E-17
122.83	1.717E-17
122.85	1.723E-17
122.87	1.735E-17
122.89	1.762E-17
122.91	1.794E-17
122.93	1.838E-17
122.95	1.891E-17
122.97	1.943E-17
122.99	1.994E-17
123.01	2.043E-17
123.03	2.079E-17
123.05	2.104E-17
123.07	2.114E-17
123.09	2.099E-17
123.11	2.065E-17
123.13	2.016E-17
123.15	1.968E-17
123.17	1.902E-17
123.19	1.831E-17
123.21	1.755E-17
123.23	1.682E-17
123.25	1.606E-17
123.27	1.533E-17
123.29	1.473E-17
123.31	1.417E-17
123.33	1.367E-17
123.35	1.32E-17
123.37	1.275E-17
123.39	1.236E-17
123.41	1.196E-17
123.43	1.163E-17
123.45	1.127E-17
123.47	1.094E-17
123.49	1.066E-17
123.51	1.042E-17
123.53	1.018E-17
123.55	9.949E-18
123.57	9.729E-18
123.59	9.497E-18
123.61	9.314E-18
123.63	9.26E-18
123.65	9.151E-18
123.67	9.112E-18
123.69	9.134E-18
123.71	9.165E-18
123.73	9.156E-18
123.75	9.162E-18
123.77	9.091E-18
123.79	8.874E-18
123.81	8.664E-18
123.83	8.219E-18
123.85	7.79E-18
123.87	7.446E-18
123.89	7.115E-18
123.91	6.888E-18
123.93	6.755E-18
123.95	6.647E-18
123.97	6.698E-18
123.99	6.988E-18
124.01	7.284E-18
124.03	7.439E-18
124.05	7.226E-18
124.07	6.615E-18
124.09	6.112E-18
124.11	5.645E-18
124.13	5.455E-18
124.15	5.358E-18
124.17	5.314E-18
124.19	5.154E-18
124.21	5.007E-18
124.23	4.91E-18
124.25	4.902E-18
124.27	4.889E-18
124.29	4.851E-18
124.31	4.787E-18
124.33	4.72E-18
124.35	4.622E-18
124.37	4.505E-18
124.39	4.426E-18
124.41	4.344E-18
124.43	4.141E-18
124.45	4.036E-18
124.47	3.955E-18
124.49	3.882E-18
124.51	3.77E-18
124.53	3.731E-18
124.55	3.682E-18
124.57	3.64E-18
124.59	3.662E-18
124.61	3.687E-18
124.63	3.668E-18
124.65	3.653E-18
124.67	3.676E-18
124.69	3.707E-18
124.71	3.723E-18
124.73	3.75E-18
124.75	3.7E-18
124.77	3.739E-18
124.79	3.738E-18
124.81	3.684E-18
124.83	3.64E-18
124.85	3.563E-18
124.87	3.518E-18
124.89	3.453E-18
124.91	3.441E-18
124.93	3.387E-18
124.95	3.278E-18
124.97	3.218E-18
124.99	3.132E-18
125.01	3.13E-18
125.03	3.074E-18
125.05	2.994E-18
125.07	2.915E-18
125.09	2.869E-18
125.11	2.782E-18
125.13	2.708E-18
125.15	2.609E-18
125.17	2.536E-18
125.19	2.381E-18
125.21	2.305E-18
125.23	2.249E-18
125.25	2.213E-18
125.27	2.177E-18
125.29	2.139E-18
125.31	2.064E-18
125.33	2.009E-18
125.35	1.923E-18
125.37	1.899E-18
125.39	1.905E-18
125.41	1.837E-18
125.43	1.83E-18
125.45	1.817E-18
125.47	1.779E-18
125.49	1.791E-18
125.51	1.787E-18
125.53	1.723E-18
125.55	1.705E-18
125.57	1.661E-18
125.59	1.554E-18
125.61	1.541E-18
125.63	1.526E-18
125.65	1.486E-18
125.67	1.458E-18
125.69	1.462E-18
125.71	1.43E-18
125.73	1.424E-18
125.75	1.395E-18
125.77	1.369E-18
125.79	1.394E-18
125.81	1.387E-18
125.83	1.397E-18
125.85	1.384E-18
125.87	1.358E-18
125.89	1.328E-18
125.91	1.336E-18
125.93	1.335E-18
125.95	1.367E-18
125.97	1.369E-18
125.99	1.36E-18
126.01	1.343E-18
126.03	1.386E-18
126.05	1.364E-18
126.07	1.376E-18
126.09	1.367E-18
126.11	1.368E-18
126.13	1.334E-18
126.15	1.338E-18
126.17	1.364E-18
126.19	1.369E-18
126.21	1.371E-18
126.23	1.378E-18
126.25	1.344E-18
126.27	1.294E-18
126.29	1.279E-18
126.31	1.324E-18
126.33	1.263E-18
126.35	1.255E-18
126.37	1.266E-18
126.39	1.251E-18
126.41	1.23E-18
126.43	1.223E-18
126.45	1.236E-18
126.47	1.197E-18
126.49	1.218E-18
126.51	1.198E-18
126.53	1.188E-18
126.55	1.2E-18
126.57	1.232E-18
126.59	1.208E-18
126.61	1.138E-18
126.63	1.187E-18
126.65	1.198E-18
126.67	1.214E-18
126.69	1.171E-18
126.71	1.205E-18
126.73	1.2E-18
126.75	1.163E-18
126.77	1.148E-18
126.79	1.179E-18
126.81	1.167E-18
126.83	1.131E-18
126.85	1.159E-18
126.87	1.135E-18
126.89	1.125E-18
126.91	1.14E-18
126.93	1.143E-18
126.95	1.129E-18
126.97	1.113E-18
126.99	1.127E-18
127.01	1.122E-18
127.03	1.121E-18
127.05	1.151E-18
127.07	1.145E-18
127.09	1.111E-18
127.11	1.088E-18
127.13	1.099E-18
127.15	1.088E-18
127.17	1.064E-18
127.19	1.085E-18
127.21	1.097E-18
127.23	1.063E-18
127.25	1.075E-18
127.27	1.076E-18
127.29	1.032E-18
127.31	1.057E-18
127.33	1.118E-18
127.35	1.108E-18
127.37	1.119E-18
127.39	1.118E-18
127.41	1.137E-18
127.43	1.145E-18
127.45	1.179E-18
127.47	1.222E-18
127.49	1.208E-18
127.51	1.192E-18
127.53	1.268E-18
127.55	1.356E-18
127.57	1.396E-18
127.59	1.387E-18
127.61	1.367E-18
127.63	1.349E-18
127.65	1.329E-18
127.67	1.347E-18
127.69	1.33E-18
127.71	1.335E-18
127.73	1.365E-18
127.75	1.366E-18
127.77	1.37E-18
127.79	1.423E-18
127.81	1.465E-18
127.83	1.451E-18
127.85	1.491E-18
127.87	1.537E-18
127.89	1.519E-18
127.91	1.546E-18
127.93	1.585E-18
127.95	1.534E-18
127.97	1.6E-18
127.99	1.605E-18
128.01	1.585E-18
128.03	1.535E-18
128.05	1.517E-18
128.07	1.478E-18
128.09	1.452E-18
128.11	1.492E-18
128.13	1.423E-18
128.15	1.413E-18
128.17	1.444E-18
128.19	1.541E-18
128.21	1.51E-18
128.23	1.551E-18
128.25	1.519E-18
128.27	1.577E-18
128.29	1.598E-18
128.31	1.531E-18
128.33	1.553E-18
128.35	1.625E-18
128.37	1.611E-18
128.39	1.665E-18
128.41	1.665E-18
128.43	1.683E-18
128.45	1.712E-18
128.47	1.729E-18
128.49	1.783E-18
128.51	1.782E-18
128.53	1.781E-18
128.55	1.762E-18
128.57	1.762E-18
128.59	1.748E-18
128.61	1.77E-18
128.63	1.768E-18
128.65	1.771E-18
128.67	1.711E-18
128.69	1.694E-18
128.71	1.665E-18
128.73	1.648E-18
128.75	1.643E-18
128.77	1.588E-18
128.79	1.516E-18
128.81	1.596E-18
128.83	1.532E-18
128.85	1.55E-18
128.87	1.543E-18
128.89	1.535E-18
128.91	1.474E-18
128.93	1.463E-18
128.95	1.501E-18
128.97	1.522E-18
128.99	1.505E-18
129.01	1.527E-18
129.03	1.53E-18
129.05	1.499E-18
129.07	1.484E-18
129.09	1.503E-18
129.11	1.509E-18
129.13	1.525E-18
129.15	1.538E-18
129.17	1.562E-18
129.19	1.586E-18
129.21	1.562E-18
129.23	1.574E-18
129.25	1.543E-18
129.27	1.588E-18
129.29	1.569E-18
129.31	1.578E-18
129.33	1.555E-18
129.35	1.502E-18
129.37	1.501E-18
129.39	1.505E-18
129.41	1.477E-18
129.43	1.475E-18
129.45	1.459E-18
129.47	1.451E-18
129.49	1.452E-18
129.51	1.436E-18
129.53	1.416E-18
129.55	1.38E-18
129.57	1.374E-18
129.59	1.365E-18
129.61	1.35E-18
129.63	1.37E-18
129.65	1.381E-18
129.67	1.388E-18
129.69	1.406E-18
129.71	1.42E-18
129.73	1.43E-18
129.75	1.437E-18
129.77	1.465E-18
129.79	1.498E-18
129.81	1.535E-18
129.83	1.58E-18
129.85	1.634E-18
129.87	1.685E-18
129.89	1.731E-18
129.91	1.769E-18
129.93	1.81E-18
129.95	1.837E-18
129.97	1.857E-18
129.99	1.891E-18
130.01	1.911E-18
130.03	1.923E-18
130.05	1.934E-18
130.07	1.96E-18
130.09	1.984E-18
130.11	1.991E-18
130.13	2.009E-18
130.15	2.027E-18
130.17	2.045E-18
130.19	2.076E-18
130.21	2.129E-18
130.23	2.173E-18
130.25	2.194E-18
130.27	2.162E-18
130.29	2.132E-18
130.31	2.074E-18
130.33	2.024E-18
130.35	1.97E-18
130.37	1.944E-18
130.39	1.942E-18
130.41	1.957E-18
130.43	1.959E-18
130.45	1.947E-18
130.47	1.95E-18
130.49	1.978E-18
130.51	1.996E-18
130.53	2.008E-18
130.55	2.053E-18
130.57	2.08E-18
130.59	2.111E-18
130.61	2.132E-18
130.63	2.143E-18
130.65	2.167E-18
130.67	2.18E-18
130.69	2.206E-18
130.71	2.241E-18
130.73	2.262E-18
130.75	2.263E-18
130.77	2.262E-18
130.79	2.213E-18
130.81	2.186E-18
130.83	2.195E-18
130.85	2.239E-18
130.87	2.331E-18
130.89	2.464E-18
130.91	2.646E-18
130.93	2.838E-18
130.95	2.984E-18
130.97	3.079E-18
130.99	3.124E-18
131.01	3.07E-18
131.03	3E-18
131.05	2.998E-18
131.07	3.037E-18
131.09	3.081E-18
131.11	3.151E-18
131.13	3.22E-18
131.15	3.283E-18
131.17	3.329E-18
131.19	3.322E-18
131.21	3.274E-18
131.23	3.2E-18
131.25	3.104E-18
131.27	3E-18
131.29	2.851E-18
131.31	2.718E-18
131.33	2.606E-18
131.35	2.516E-18
131.37	2.431E-18
131.39	2.364E-18
131.41	2.339E-18
131.43	2.341E-18
131.45	2.353E-18
131.47	2.384E-18
131.49	2.45E-18
131.51	2.537E-18
131.53	2.635E-18
131.55	2.747E-18
131.57	2.843E-18
131.59	2.913E-18
131.61	2.972E-18
131.63	2.973E-18
131.65	2.934E-18
131.67	2.899E-18
131.69	2.843E-18
131.71	2.746E-18
131.73	2.667E-18
131.75	2.592E-18
131.77	2.514E-18
131.79	2.456E-18
131.81	2.389E-18
131.83	2.352E-18
131.85	2.289E-18
131.87	2.273E-18
131.89	2.22E-18
131.91	2.188E-18
131.93	2.152E-18
131.95	2.136E-18
131.97	2.11E-18
131.99	2.089E-18
132.01	2.07E-18
132.03	2.084E-18
132.05	2.107E-18
132.07	2.124E-18
132.09	2.109E-18
132.11	2.142E-18
132.13	2.149E-18
132.15	2.182E-18
132.17	2.192E-18
132.19	2.223E-18
132.21	2.264E-18
132.23	2.315E-18
132.25	2.391E-18
132.27	2.482E-18
132.29	2.594E-18
132.31	2.704E-18
132.33	2.809E-18
132.35	2.965E-18
132.37	3.117E-18
132.39	3.255E-18
132.41	3.381E-18
132.43	3.456E-18
132.45	3.562E-18
132.47	3.634E-18
132.49	3.688E-18
132.51	3.736E-18
132.53	3.743E-18
132.55	3.716E-18
132.57	3.67E-18
132.59	3.603E-18
132.61	3.518E-18
132.63	3.424E-18
132.65	3.323E-18
132.67	3.231E-18
132.69	3.128E-18
132.71	3.033E-18
132.73	2.949E-18
132.75	2.856E-18
132.77	2.798E-18
132.79	2.764E-18
132.81	2.728E-18
132.83	2.75E-18
132.85	2.749E-18
132.87	2.781E-18
132.89	2.825E-18
132.91	2.88E-18
132.93	2.95E-18
132.95	3.023E-18
132.97	3.091E-18
132.99	3.15E-18
133.01	3.194E-18
133.03	3.211E-18
133.05	3.189E-18
133.07	3.151E-18
133.09	3.107E-18
133.11	3.056E-18
133.13	2.986E-18
133.15	2.953E-18
133.17	2.989E-18
133.19	3.147E-18
133.21	3.366E-18
133.23	3.551E-18
133.25	3.602E-18
133.27	3.477E-18
133.29	3.349E-18
133.31	3.215E-18
133.33	3.135E-18
133.35	3.087E-18
133.37	3.056E-18
133.39	3.016E-18
133.41	2.99E-18
133.43	2.931E-18
133.45	2.887E-18
133.47	2.821E-18
133.49	2.752E-18
133.51	2.678E-18
133.53	2.571E-18
133.55	2.485E-18
133.57	2.431E-18
133.59	2.367E-18
133.61	2.326E-18
133.63	2.295E-18
133.65	2.281E-18
133.67	2.286E-18
133.69	2.307E-18
133.71	2.388E-18
133.73	2.526E-18
133.75	2.751E-18
133.77	3.117E-18
133.79	3.752E-18
133.81	4.571E-18
133.83	5.429E-18
133.85	6.099E-18
133.87	6.461E-18
133.89	6.568E-18
133.91	6.465E-18
133.93	6.313E-18
133.95	6.214E-18
133.97	6.2E-18
133.99	6.375E-18
134.01	6.682E-18
134.03	7.152E-18
134.05	7.728E-18
134.07	8.348E-18
134.09	8.882E-18
134.11	9.093E-18
134.13	8.971E-18
134.15	8.46E-18
134.17	7.739E-18
134.19	6.896E-18
134.21	6.108E-18
134.23	5.377E-18
134.25	4.741E-18
134.27	4.173E-18
134.29	3.665E-18
134.31	3.323E-18
134.33	3.028E-18
134.35	2.771E-18
134.37	2.558E-18
134.39	2.39E-18
134.41	2.203E-18
134.43	2.07E-18
134.45	1.962E-18
134.47	1.876E-18
134.49	1.789E-18
134.51	1.743E-18
134.53	1.735E-18
134.55	1.7E-18
134.57	1.671E-18
134.59	1.646E-18
134.61	1.657E-18
134.63	1.673E-18
134.65	1.689E-18
134.67	1.698E-18
134.69	1.756E-18
134.71	1.81E-18
134.73	1.891E-18
134.75	1.962E-18
134.77	2.07E-18
134.79	2.168E-18
134.81	2.225E-18
134.83	2.319E-18
134.85	2.381E-18
134.87	2.449E-18
134.89	2.51E-18
134.91	2.56E-18
134.93	2.611E-18
134.95	2.683E-18
134.97	2.771E-18
134.99	2.9E-18
135.01	3.105E-18
135.03	3.399E-18
135.05	3.769E-18
135.07	4.25E-18
135.09	4.833E-18
135.11	5.504E-18
135.13	6.148E-18
135.15	6.647E-18
135.17	6.92E-18
135.19	6.94E-18
135.21	6.694E-18
135.23	6.307E-18
135.25	5.878E-18
135.27	5.492E-18
135.29	5.13E-18
135.31	4.851E-18
135.33	4.61E-18
135.35	4.479E-18
135.37	4.431E-18
135.39	4.463E-18
135.41	4.583E-18
135.43	4.798E-18
135.45	5.103E-18
135.47	5.52E-18
135.49	6.014E-18
135.51	6.588E-18
135.53	7.179E-18
135.55	7.748E-18
135.57	8.144E-18
135.59	8.326E-18
135.61	8.192E-18
135.63	7.742E-18
135.65	7.071E-18
135.67	6.366E-18
135.69	5.637E-18
135.71	4.999E-18
135.73	4.355E-18
135.75	3.79E-18
135.77	3.31E-18
135.79	2.926E-18
135.81	2.613E-18
135.83	2.351E-18
135.85	2.134E-18
135.87	1.977E-18
135.89	1.872E-18
135.91	1.805E-18
135.93	1.753E-18
135.95	1.695E-18
135.97	1.663E-18
135.99	1.628E-18
136.01	1.603E-18
136.03	1.593E-18
136.05	1.579E-18
136.07	1.545E-18
136.09	1.503E-18
136.11	1.475E-18
136.13	1.49E-18
136.15	1.538E-18
136.17	1.699E-18
136.19	2.091E-18
136.21	2.613E-18
136.23	3.091E-18
136.25	3.256E-18
136.27	3.19E-18
136.29	2.976E-18
136.31	2.761E-18
136.33	2.57E-18
136.35	2.471E-18
136.37	2.421E-18
136.39	2.448E-18
136.41	2.548E-18
136.43	2.724E-18
136.45	2.976E-18
136.47	3.357E-18
136.49	3.826E-18
136.51	4.256E-18
136.53	4.573E-18
136.55	4.571E-18
136.57	4.326E-18
136.59	3.94E-18
136.61	3.601E-18
136.63	3.303E-18
136.65	3.133E-18
136.67	3.093E-18
136.69	3.22E-18
136.71	3.505E-18
136.73	3.971E-18
136.75	4.687E-18
136.77	5.86E-18
136.79	7.902E-18
136.81	1.126E-17
136.83	1.59E-17
136.85	2.086E-17
136.87	2.44E-17
136.89	2.523E-17
136.91	2.338E-17
136.93	2.009E-17
136.95	1.627E-17
136.97	1.282E-17
136.99	1.002E-17
137.01	7.885E-18
137.03	6.232E-18
137.05	5.049E-18
137.07	4.124E-18
137.09	3.412E-18
137.11	2.935E-18
137.13	2.588E-18
137.15	2.33E-18
137.17	2.193E-18
137.19	2.104E-18
137.21	2.07E-18
137.23	2.099E-18
137.25	2.115E-18
137.27	2.135E-18
137.29	2.173E-18
137.31	2.214E-18
137.33	2.255E-18
137.35	2.325E-18
137.37	2.36E-18
137.39	2.385E-18
137.41	2.38E-18
137.43	2.313E-18
137.45	2.207E-18
137.47	2.058E-18
137.49	1.941E-18
137.51	1.8E-18
137.53	1.706E-18
137.55	1.59E-18
137.57	1.492E-18
137.59	1.429E-18
137.61	1.299E-18
137.63	1.236E-18
137.65	1.204E-18
137.67	1.181E-18
137.69	1.155E-18
137.71	1.161E-18
137.73	1.167E-18
137.75	1.188E-18
137.77	1.207E-18
137.79	1.241E-18
137.81	1.291E-18
137.83	1.361E-18
137.85	1.413E-18
137.87	1.476E-18
137.89	1.53E-18
137.91	1.574E-18
137.93	1.618E-18
137.95	1.682E-18
137.97	1.767E-18
137.99	1.899E-18
138.01	2.064E-18
138.03	2.2E-18
138.05	2.371E-18
138.07	2.634E-18
138.09	2.983E-18
138.11	3.41E-18
138.13	3.972E-18
138.15	4.72E-18
138.17	5.751E-18
138.19	7.336E-18
138.21	9.502E-18
138.23	1.297E-17
138.25	1.745E-17
138.27	2.222E-17
138.29	2.595E-17
138.31	2.63E-17
138.33	2.396E-17
138.35	2.021E-17
138.37	1.648E-17
138.39	1.331E-17
138.41	1.072E-17
138.43	8.628E-18
138.45	7.018E-18
138.47	5.796E-18
138.49	4.813E-18
138.51	4.117E-18
138.53	3.543E-18
138.55	3.088E-18
138.57	2.738E-18
138.59	2.438E-18
138.61	2.195E-18
138.63	2.007E-18
138.65	1.845E-18
138.67	1.721E-18
138.69	1.603E-18
138.71	1.516E-18
138.73	1.425E-18
138.75	1.364E-18
138.77	1.295E-18
138.79	1.314E-18
138.81	1.287E-18
138.83	1.243E-18
138.85	1.222E-18
138.87	1.21E-18
138.89	1.171E-18
138.91	1.139E-18
138.93	1.076E-18
138.95	1.037E-18
138.97	9.925E-19
138.99	9.567E-19
139.01	9.047E-19
139.03	8.888E-19
139.05	8.655E-19
139.07	8.521E-19
139.09	8.446E-19
139.11	8.395E-19
139.13	8.18E-19
139.15	8.402E-19
139.17	8.582E-19
139.19	8.866E-19
139.21	9.1E-19
139.23	9.056E-19
139.25	9.422E-19
139.27	9.502E-19
139.29	9.35E-19
139.31	9.179E-19
139.33	9.355E-19
139.35	9.413E-19
139.37	9.919E-19
139.39	1.112E-18
139.41	1.431E-18
139.43	1.927E-18
139.45	2.437E-18
139.47	2.73E-18
139.49	2.789E-18
139.51	2.64E-18
139.53	2.46E-18
139.55	2.326E-18
139.57	2.264E-18
139.59	2.302E-18
139.61	2.458E-18
139.63	2.712E-18
139.65	3.126E-18
139.67	3.763E-18
139.69	4.782E-18
139.71	6.433E-18
139.73	9.076E-18
139.75	1.299E-17
139.77	1.836E-17
139.79	2.444E-17
139.81	2.872E-17
139.83	2.983E-17
139.85	2.794E-17
139.87	2.425E-17
139.89	2.015E-17
139.91	1.619E-17
139.93	1.294E-17
139.95	1.043E-17
139.97	8.483E-18
139.99	6.905E-18
140.01	5.759E-18
140.03	4.873E-18
140.05	4.206E-18
140.07	3.706E-18
140.09	3.323E-18
140.11	3.073E-18
140.13	2.888E-18
140.15	2.749E-18
140.17	2.597E-18
140.19	2.413E-18
140.21	2.282E-18
140.23	2.128E-18
140.25	2.038E-18
140.27	1.935E-18
140.29	1.831E-18
140.31	1.725E-18
140.33	1.635E-18
140.35	1.579E-18
140.37	1.52E-18
140.39	1.461E-18
140.41	1.397E-18
140.43	1.36E-18
140.45	1.345E-18
140.47	1.316E-18
140.49	1.314E-18
140.51	1.284E-18
140.53	1.237E-18
140.55	1.173E-18
140.57	1.129E-18
140.59	1.042E-18
140.61	9.692E-19
140.63	9.011E-19
140.65	8.207E-19
140.67	7.782E-19
140.69	7.018E-19
140.71	6.727E-19
140.73	6.388E-19
140.75	6.322E-19
140.77	6.265E-19
140.79	6.458E-19
140.81	6.381E-19
140.83	6.479E-19
140.85	6.546E-19
140.87	6.658E-19
140.89	6.932E-19
140.91	7.09E-19
140.93	7.943E-19
140.95	8.402E-19
140.97	8.765E-19
140.99	9.014E-19
141.01	9.212E-19
141.03	9.323E-19
141.05	9.931E-19
141.07	1.042E-18
141.09	1.139E-18
141.11	1.274E-18
141.13	1.439E-18
141.15	1.644E-18
141.17	1.937E-18
141.19	2.376E-18
141.21	3.13E-18
141.23	4.398E-18
141.25	6.533E-18
141.27	9.825E-18
141.29	1.496E-17
141.31	2.091E-17
141.33	2.515E-17
141.35	2.619E-17
141.37	2.422E-17
141.39	2.041E-17
141.41	1.648E-17
141.43	1.31E-17
141.45	1.043E-17
141.47	8.334E-18
141.49	6.785E-18
141.51	5.58E-18
141.53	4.672E-18
141.55	3.932E-18
141.57	3.384E-18
141.59	2.962E-18
141.61	2.602E-18
141.63	2.374E-18
141.65	2.235E-18
141.67	2.141E-18
141.69	2.113E-18
141.71	2.109E-18
141.73	2.084E-18
141.75	2.063E-18
141.77	2.019E-18
141.79	1.946E-18
141.81	1.883E-18
141.83	1.819E-18
141.85	1.793E-18
141.87	1.766E-18
141.89	1.752E-18
141.91	1.723E-18
141.93	1.648E-18
141.95	1.563E-18
141.97	1.456E-18
141.99	1.329E-18
142.01	1.217E-18
142.03	1.114E-18
142.05	1.025E-18
142.07	9.66E-19
142.09	8.883E-19
142.11	8.904E-19
142.13	9.332E-19
142.15	9.86E-19
142.17	1.036E-18
142.19	1.121E-18
142.21	1.166E-18
142.23	1.148E-18
142.25	1.087E-18
142.27	1.016E-18
142.29	9.239E-19
142.31	8.342E-19
142.33	7.99E-19
142.35	7.291E-19
142.37	6.681E-19
142.39	6.253E-19
142.41	5.98E-19
142.43	5.656E-19
142.45	5.613E-19
142.47	5.369E-19
142.49	5.305E-19
142.51	5.312E-19
142.53	5.505E-19
142.55	5.73E-19
142.57	5.615E-19
142.59	6.117E-19
142.61	6.183E-19
142.63	6.357E-19
142.65	7.073E-19
142.67	7.886E-19
142.69	8.799E-19
142.71	9.952E-19
142.73	1.09E-18
142.75	1.179E-18
142.77	1.297E-18
142.79	1.412E-18
142.81	1.629E-18
142.83	1.943E-18
142.85	2.451E-18
142.87	3.284E-18
142.89	4.87E-18
142.91	7.478E-18
142.93	1.06E-17
142.95	1.357E-17
142.97	1.552E-17
142.99	1.574E-17
143.01	1.446E-17
143.03	1.245E-17
143.05	1.027E-17
143.07	8.378E-18
143.09	6.754E-18
143.11	5.523E-18
143.13	4.536E-18
143.15	3.783E-18
143.17	3.186E-18
143.19	2.73E-18
143.21	2.371E-18
143.23	2.101E-18
143.25	1.874E-18
143.27	1.688E-18
143.29	1.551E-18
143.31	1.419E-18
143.33	1.383E-18
143.35	1.413E-18
143.37	1.495E-18
143.39	1.59E-18
143.41	1.63E-18
143.43	1.692E-18
143.45	1.667E-18
143.47	1.598E-18
143.49	1.56E-18
143.51	1.518E-18
143.53	1.495E-18
143.55	1.508E-18
143.57	1.508E-18
143.59	1.509E-18
143.61	1.477E-18
143.63	1.39E-18
143.65	1.324E-18
143.67	1.227E-18
143.69	1.193E-18
143.71	9.737E-19
143.73	9.425E-19
143.75	8.893E-19
143.77	8.388E-19
143.79	8.505E-19
143.81	8.256E-19
143.83	8.02E-19
143.85	7.85E-19
143.87	7.502E-19
143.89	7.14E-19
143.91	7.091E-19
143.93	6.895E-19
143.95	7.159E-19
143.97	7.648E-19
143.99	8.04E-19
144.01	8.878E-19
144.03	9.058E-19
144.05	8.742E-19
144.07	8.434E-19
144.09	8.222E-19
144.11	7.448E-19
144.13	6.957E-19
144.15	6.336E-19
144.17	5.793E-19
144.19	5.493E-19
144.21	5.284E-19
144.23	5.259E-19
144.25	5.048E-19
144.27	4.922E-19
144.29	5.129E-19
144.31	5.177E-19
144.33	5.266E-19
144.35	5.416E-19
144.37	5.677E-19
144.39	5.799E-19
144.41	6.275E-19
144.43	6.61E-19
144.45	7.058E-19
144.47	7.372E-19
144.49	7.893E-19
144.51	8.892E-19
144.53	9.593E-19
144.55	1.006E-18
144.57	1.079E-18
144.59	1.179E-18
144.61	1.362E-18
144.63	1.832E-18
144.65	2.749E-18
144.67	4.417E-18
144.69	6.915E-18
144.71	9.206E-18
144.73	1.059E-17
144.75	1.075E-17
144.77	9.894E-18
144.79	8.555E-18
144.81	7.114E-18
144.83	5.766E-18
144.85	4.601E-18
144.87	3.665E-18
144.89	2.941E-18
144.91	2.455E-18
144.93	2.105E-18
144.95	1.84E-18
144.97	1.6E-18
144.99	1.38E-18
145.01	1.233E-18
145.03	1.12E-18
145.05	1.075E-18
145.07	1.042E-18
145.09	1.081E-18
145.11	1.116E-18
145.13	1.132E-18
145.15	1.129E-18
145.17	1.104E-18
145.19	1.047E-18
145.21	9.744E-19
145.23	9.093E-19
145.25	8.929E-19
145.27	8.62E-19
145.29	8.873E-19
145.31	8.79E-19
145.33	8.423E-19
145.35	8.001E-19
145.37	7.386E-19
145.39	7.891E-19
145.41	8.265E-19
145.43	8.781E-19
145.45	8.87E-19
145.47	8.315E-19
145.49	7.68E-19
145.51	6.821E-19
145.53	6.46E-19
145.55	5.802E-19
145.57	5.557E-19
145.59	5.21E-19
145.61	5.038E-19
145.63	4.943E-19
145.65	4.931E-19
145.67	4.645E-19
145.69	4.488E-19
145.71	4.567E-19
145.73	4.627E-19
145.75	4.801E-19
145.77	4.88E-19
145.79	4.919E-19
145.81	5.414E-19
145.83	6.023E-19
145.85	6.907E-19
145.87	7.473E-19
145.89	7.494E-19
145.91	7.461E-19
145.93	7.19E-19
145.95	6.572E-19
145.97	6.318E-19
145.99	5.996E-19
146.01	5.795E-19
146.03	5.353E-19
146.05	4.902E-19
146.07	4.482E-19
146.09	4.787E-19
146.11	4.686E-19
146.13	4.445E-19
146.15	4.603E-19
146.17	4.601E-19
146.19	5.073E-19
146.21	5.145E-19
146.23	5.288E-19
146.25	5.227E-19
146.27	5.629E-19
146.29	6.027E-19
146.31	6.829E-19
146.33	7.498E-19
146.35	8.136E-19
146.37	8.559E-19
146.39	8.818E-19
146.41	8.916E-19
146.43	9.309E-19
146.45	1.048E-18
146.47	1.342E-18
146.49	1.958E-18
146.51	3.054E-18
146.53	4.29E-18
146.55	5.319E-18
146.57	5.799E-18
146.59	5.731E-18
146.61	5.352E-18
146.63	4.765E-18
146.65	4.121E-18
146.67	3.468E-18
146.69	2.887E-18
146.71	2.445E-18
146.73	2.085E-18
146.75	1.835E-18
146.77	1.596E-18
146.79	1.413E-18
146.81	1.272E-18
146.83	1.155E-18
146.85	1.03E-18
146.87	9.831E-19
146.89	9.526E-19
146.91	9.028E-19
146.93	8.671E-19
146.95	8.058E-19
146.97	7.935E-19
146.99	7.468E-19
147.01	7.017E-19
147.04	6.752E-19
147.06	6.511E-19
147.08	6.435E-19
147.1	6.156E-19
147.12	5.925E-19
147.14	5.618E-19
147.16	5.734E-19
147.18	6.089E-19
147.2	6.446E-19
147.22	6.966E-19
147.24	7.154E-19
147.26	7.027E-19
147.28	6.597E-19
147.3	6.174E-19
147.32	5.83E-19
147.34	5.696E-19
147.36	5.618E-19
147.38	5.502E-19
147.4	5.256E-19
147.42	5.168E-19
147.44	5.083E-19
147.46	4.984E-19
147.48	4.997E-19
147.5	4.792E-19
147.52	4.64E-19
147.54	4.78E-19
147.56	4.835E-19
147.58	4.783E-19
147.6	4.656E-19
147.62	4.796E-19
147.64	4.764E-19
147.66	4.824E-19
147.68	4.78E-19
147.7	4.88E-19
147.72	4.902E-19
147.74	5.241E-19
147.76	5.932E-19
147.78	6.886E-19
147.8	7.618E-19
147.82	7.767E-19
147.84	7.681E-19
147.86	7.337E-19
147.88	7.026E-19
147.9	6.407E-19
147.92	6.147E-19
147.94	5.588E-19
147.96	5.221E-19
147.98	4.961E-19
148	4.934E-19
148.02	4.598E-19
148.04	4.69E-19
148.06	4.869E-19
148.08	4.973E-19
148.1	5.144E-19
148.12	5.218E-19
148.14	5.298E-19
148.16	5.53E-19
148.18	6.1E-19
148.2	6.987E-19
148.22	7.539E-19
148.24	7.788E-19
148.26	7.879E-19
148.28	7.711E-19
148.3	7.276E-19
148.32	6.956E-19
148.34	7.372E-19
148.36	9.142E-19
148.38	1.386E-18
148.4	2.15E-18
148.42	3.004E-18
148.44	3.501E-18
148.46	3.585E-18
148.48	3.312E-18
148.5	2.889E-18
148.52	2.407E-18
148.54	1.968E-18
148.56	1.593E-18
148.58	1.31E-18
148.6	1.087E-18
148.62	9.543E-19
148.64	8.298E-19
148.66	7.273E-19
148.68	6.463E-19
148.7	5.764E-19
148.72	5.228E-19
148.74	4.783E-19
148.76	4.538E-19
148.78	4.148E-19
148.8	3.992E-19
148.82	3.774E-19
148.84	3.662E-19
148.86	3.508E-19
148.88	3.387E-19
148.9	3.31E-19
148.92	3.252E-19
148.94	3.147E-19
148.96	3.029E-19
148.98	2.968E-19
149	2.871E-19
149.02	2.768E-19
149.04	2.742E-19
149.06	2.649E-19
149.08	2.688E-19
149.1	2.621E-19
149.12	2.593E-19
149.14	2.639E-19
149.16	2.622E-19
149.18	2.605E-19
149.2	2.665E-19
149.22	2.656E-19
149.24	2.629E-19
149.26	2.667E-19
149.28	2.724E-19
149.3	2.751E-19
149.32	2.799E-19
149.34	2.831E-19
149.36	2.878E-19
149.38	2.879E-19
149.4	2.936E-19
149.42	2.951E-19
149.44	3.041E-19
149.46	3.013E-19
149.48	3.005E-19
149.5	3.05E-19
149.52	3.078E-19
149.54	3.185E-19
149.56	3.098E-19
149.58	3.167E-19
149.6	3.262E-19
149.62	3.398E-19
149.64	3.863E-19
149.66	4.113E-19
149.68	4.367E-19
149.7	4.579E-19
149.72	4.682E-19
149.74	4.855E-19
149.76	4.848E-19
149.78	4.784E-19
149.8	4.628E-19
149.82	4.512E-19
149.84	4.315E-19
149.86	4.123E-19
149.88	4.003E-19
149.9	3.934E-19
149.92	3.91E-19
149.94	4.037E-19
149.96	4.193E-19
149.98	4.18E-19
150	4.169E-19
150.02	4.297E-19
150.04	4.74E-19
150.06	5.063E-19
150.08	5.349E-19
150.1	5.612E-19
150.12	5.693E-19
150.14	5.697E-19
150.16	5.663E-19
150.18	5.616E-19
150.2	5.495E-19
150.22	5.391E-19
150.24	5.642E-19
150.26	6.901E-19
150.28	9.138E-19
150.3	1.116E-18
150.32	1.265E-18
150.34	1.395E-18
150.36	1.533E-18
150.38	1.575E-18
150.4	1.522E-18
150.42	1.429E-18
150.44	1.303E-18
150.46	1.152E-18
150.48	1.005E-18
150.5	8.603E-19
150.52	7.487E-19
150.54	6.551E-19
150.56	5.927E-19
150.58	5.394E-19
150.6	4.93E-19
150.62	4.62E-19
150.64	4.292E-19
150.66	4.128E-19
150.68	3.942E-19
150.7	3.809E-19
150.72	3.732E-19
150.74	3.628E-19
150.76	3.598E-19
150.78	3.511E-19
150.8	3.427E-19
150.82	3.398E-19
150.84	3.353E-19
150.86	3.344E-19
150.88	3.294E-19
150.9	3.242E-19
150.92	3.237E-19
150.94	3.182E-19
150.96	3.13E-19
150.98	3.104E-19
151	3.108E-19
151.02	3.04E-19
151.04	3.013E-19
151.06	3.025E-19
151.08	2.96E-19
151.1	2.981E-19
151.12	2.946E-19
151.14	2.911E-19
151.16	2.874E-19
151.18	2.898E-19
151.2	2.899E-19
151.22	2.904E-19
151.24	2.912E-19
151.26	2.934E-19
151.28	2.944E-19
151.3	2.962E-19
151.32	2.913E-19
151.34	2.979E-19
151.36	2.95E-19
151.38	2.94E-19
151.4	2.937E-19
151.42	2.865E-19
151.44	2.854E-19
151.46	2.814E-19
151.48	2.777E-19
151.5	2.732E-19
151.52	2.695E-19
151.54	2.713E-19
151.56	2.723E-19
151.58	2.727E-19
151.6	2.775E-19
151.62	2.934E-19
151.64	3.186E-19
151.66	3.4E-19
151.68	3.47E-19
151.7	3.592E-19
151.72	3.613E-19
151.74	3.678E-19
151.76	3.605E-19
151.78	3.5E-19
151.8	3.354E-19
151.82	3.277E-19
151.84	3.149E-19
151.86	3.094E-19
151.88	3.099E-19
151.9	3.189E-19
151.92	3.161E-19
151.94	3.15E-19
151.96	3.198E-19
151.98	3.344E-19
152	3.558E-19
152.02	3.685E-19
152.04	3.8E-19
152.06	3.871E-19
152.08	3.897E-19
152.1	3.876E-19
152.12	3.792E-19
152.14	3.68E-19
152.16	3.454E-19
152.18	3.324E-19
152.2	3.163E-19
152.22	3.065E-19
152.24	3.058E-19
152.26	3.567E-19
152.28	4.299E-19
152.3	4.969E-19
152.32	5.446E-19
152.34	5.964E-19
152.36	6.295E-19
152.38	6.218E-19
152.4	6.092E-19
152.42	5.843E-19
152.44	5.548E-19
152.46	5.191E-19
152.48	4.723E-19
152.5	4.275E-19
152.52	3.995E-19
152.54	3.648E-19
152.56	3.513E-19
152.58	3.381E-19
152.6	3.286E-19
152.62	3.172E-19
152.64	3.075E-19
152.66	3.048E-19
152.68	3E-19
152.7	2.957E-19
152.72	2.985E-19
152.74	2.96E-19
152.76	2.931E-19
152.78	2.918E-19
152.8	2.902E-19
152.82	2.851E-19
152.84	2.896E-19
152.86	2.867E-19
152.88	2.897E-19
152.9	2.869E-19
152.92	2.932E-19
152.94	2.9E-19
152.96	2.895E-19
152.98	2.922E-19
153	2.88E-19
153.02	2.885E-19
153.04	2.966E-19
153.06	2.943E-19
153.08	2.9E-19
153.1	2.882E-19
153.12	2.951E-19
153.14	2.94E-19
153.16	2.853E-19
153.18	2.864E-19
153.2	2.935E-19
153.22	2.86E-19
153.24	2.859E-19
153.26	2.824E-19
153.28	2.831E-19
153.3	2.808E-19
153.32	2.858E-19
153.34	2.858E-19
153.36	2.792E-19
153.38	2.784E-19
153.4	2.765E-19
153.42	2.852E-19
153.44	2.866E-19
153.46	2.839E-19
153.48	2.828E-19
153.5	2.862E-19
153.52	2.912E-19
153.54	2.887E-19
153.56	2.908E-19
153.58	2.977E-19
153.6	3.029E-19
153.62	3.076E-19
153.64	3.128E-19
153.66	3.192E-19
153.68	3.217E-19
153.7	3.284E-19
153.72	3.316E-19
153.74	3.427E-19
153.76	3.46E-19
153.78	3.493E-19
153.8	3.53E-19
153.82	3.61E-19
153.84	3.545E-19
153.86	3.531E-19
153.88	3.523E-19
153.9	3.489E-19
153.92	3.5E-19
153.94	3.468E-19
153.96	3.537E-19
153.98	3.529E-19
154	3.463E-19
154.02	3.475E-19
154.04	3.574E-19
154.06	3.591E-19
154.08	3.639E-19
154.1	3.698E-19
154.12	3.691E-19
154.14	3.624E-19
154.16	3.631E-19
154.18	3.567E-19
154.2	3.514E-19
154.22	3.463E-19
154.24	3.319E-19
154.26	3.291E-19
154.28	3.209E-19
154.3	3.181E-19
154.32	3.14E-19
154.34	3.124E-19
154.36	3.098E-19
154.38	3.084E-19
154.4	3.108E-19
154.42	3.097E-19
154.44	3.125E-19
154.46	3.079E-19
154.48	3.114E-19
154.5	3.138E-19
154.52	3.138E-19
154.54	3.086E-19
154.56	3.104E-19
154.58	3.093E-19
154.6	3.081E-19
154.62	3.013E-19
154.64	3.006E-19
154.66	2.969E-19
154.68	2.926E-19
154.7	2.914E-19
154.72	2.833E-19
154.74	2.794E-19
154.76	2.784E-19
154.78	2.734E-19
154.8	2.704E-19
154.82	2.688E-19
154.84	2.635E-19
154.86	2.601E-19
154.88	2.561E-19
154.9	2.52E-19
154.92	2.516E-19
154.94	2.462E-19
154.96	2.469E-19
154.98	2.441E-19
155	2.474E-19
155.02	2.413E-19
155.04	2.426E-19
155.06	2.466E-19
155.08	2.485E-19
155.1	2.455E-19
155.12	2.421E-19
155.14	2.426E-19
155.16	2.416E-19
155.18	2.429E-19
155.2	2.5E-19
155.22	2.449E-19
155.24	2.439E-19
155.26	2.479E-19
155.28	2.497E-19
155.3	2.548E-19
155.32	2.527E-19
155.34	2.601E-19
155.36	2.552E-19
155.38	2.611E-19
155.4	2.642E-19
155.42	2.695E-19
155.44	2.732E-19
155.46	2.753E-19
155.48	2.759E-19
155.5	2.733E-19
155.52	2.816E-19
155.54	2.807E-19
155.56	2.843E-19
155.58	2.827E-19
155.6	2.868E-19
155.62	2.851E-19
155.64	2.872E-19
155.66	2.921E-19
155.68	2.943E-19
155.7	2.943E-19
155.72	2.952E-19
155.74	2.918E-19
155.76	2.952E-19
155.78	2.923E-19
155.8	2.95E-19
155.82	2.894E-19
155.84	2.929E-19
155.86	2.883E-19
155.88	2.789E-19
155.9	2.772E-19
155.92	2.782E-19
155.94	2.711E-19
155.96	2.743E-19
155.98	2.722E-19
156	2.695E-19
156.02	2.621E-19
156.04	2.581E-19
156.06	2.606E-19
156.08	2.575E-19
156.1	2.584E-19
156.12	2.5E-19
156.14	2.52E-19
156.16	2.511E-19
156.18	2.516E-19
156.2	2.535E-19
156.22	2.546E-19
156.24	2.581E-19
156.26	2.605E-19
156.28	2.616E-19
156.3	2.6E-19
156.32	2.656E-19
156.34	2.651E-19
156.36	2.675E-19
156.38	2.658E-19
156.4	2.624E-19
156.42	2.634E-19
156.44	2.655E-19
156.46	2.617E-19
156.48	2.613E-19
156.5	2.594E-19
156.52	2.55E-19
156.54	2.484E-19
156.56	2.457E-19
156.58	2.402E-19
156.6	2.304E-19
156.62	2.312E-19
156.64	2.277E-19
156.66	2.235E-19
156.68	2.2E-19
156.7	2.169E-19
156.72	2.186E-19
156.74	2.11E-19
156.76	2.115E-19
156.78	2.116E-19
156.8	2.145E-19
156.82	2.177E-19
156.84	2.162E-19
156.86	2.169E-19
156.88	2.161E-19
156.9	2.191E-19
156.92	2.245E-19
156.94	2.212E-19
156.96	2.237E-19
156.98	2.262E-19
157	2.263E-19
157.02	2.304E-19
157.04	2.357E-19
157.06	2.382E-19
157.08	2.441E-19
157.1	2.454E-19
157.12	2.502E-19
157.14	2.522E-19
157.16	2.573E-19
157.18	2.627E-19
157.2	2.65E-19
157.22	2.691E-19
157.24	2.752E-19
157.26	2.824E-19
157.28	2.832E-19
157.3	2.882E-19
157.32	2.86E-19
157.34	2.919E-19
157.36	2.934E-19
157.38	2.982E-19
157.4	3.011E-19
157.42	3.023E-19
157.44	3.025E-19
157.46	3.033E-19
157.48	3.031E-19
157.5	3.068E-19
157.52	3.067E-19
157.54	3.027E-19
157.56	3.018E-19
157.58	3.035E-19
157.6	3.033E-19
157.62	2.978E-19
157.64	2.976E-19
157.66	2.986E-19
157.68	2.974E-19
157.7	2.922E-19
157.72	2.925E-19
157.74	2.886E-19
157.76	2.89E-19
157.78	2.899E-19
157.8	2.862E-19
157.82	2.829E-19
157.84	2.823E-19
157.86	2.805E-19
157.88	2.789E-19
157.9	2.771E-19
157.92	2.683E-19
157.94	2.694E-19
157.96	2.717E-19
157.98	2.697E-19
158	2.636E-19
158.02	2.618E-19
158.04	2.56E-19
158.06	2.518E-19
158.08	2.542E-19
158.1	2.522E-19
158.12	2.458E-19
158.14	2.464E-19
158.16	2.422E-19
158.18	2.398E-19
158.2	2.397E-19
158.22	2.4E-19
158.24	2.38E-19
158.26	2.375E-19
158.28	2.338E-19
158.3	2.327E-19
158.32	2.283E-19
158.34	2.29E-19
158.36	2.246E-19
158.38	2.185E-19
158.4	2.128E-19
158.42	2.095E-19
158.44	2.036E-19
158.46	1.961E-19
158.48	1.897E-19
158.5	1.883E-19
158.52	1.849E-19
158.54	1.825E-19
158.56	1.755E-19
158.58	1.739E-19
158.6	1.701E-19
158.62	1.673E-19
158.64	1.68E-19
158.66	1.667E-19
158.68	1.657E-19
158.7	1.664E-19
158.72	1.685E-19
158.74	1.732E-19
158.76	1.77E-19
158.78	1.787E-19
158.8	1.84E-19
158.82	1.892E-19
158.84	1.937E-19
158.86	1.98E-19
158.88	2.053E-19
158.9	2.116E-19
158.92	2.14E-19
158.94	2.208E-19
158.96	2.291E-19
158.98	2.348E-19
159	2.403E-19
159.02	2.459E-19
159.04	2.492E-19
159.06	2.525E-19
159.08	2.595E-19
159.1	2.583E-19
159.12	2.713E-19
159.14	2.732E-19
159.16	2.753E-19
159.18	2.762E-19
159.2	2.8E-19
159.22	2.82E-19
159.24	2.782E-19
159.26	2.82E-19
159.28	2.835E-19
159.3	2.822E-19
159.32	2.841E-19
159.34	2.849E-19
159.36	2.78E-19
159.38	2.802E-19
159.4	2.841E-19
159.42	2.79E-19
159.44	2.801E-19
159.46	2.781E-19
159.48	2.708E-19
159.5	2.692E-19
159.52	2.682E-19
159.54	2.67E-19
159.56	2.641E-19
159.58	2.604E-19
159.6	2.556E-19
159.62	2.526E-19
159.64	2.501E-19
159.66	2.463E-19
159.68	2.445E-19
159.7	2.39E-19
159.72	2.389E-19
159.74	2.401E-19
159.76	2.351E-19
159.78	2.33E-19
159.8	2.294E-19
159.82	2.29E-19
159.84	2.308E-19
159.86	2.319E-19
159.88	2.28E-19
159.9	2.286E-19
159.92	2.269E-19
159.94	2.222E-19
159.96	2.236E-19
159.98	2.231E-19
160	2.217E-19
160.02	2.215E-19
160.04	2.137E-19
160.06	2.142E-19
160.08	2.091E-19
160.1	2.04E-19
160.12	2.035E-19
160.14	1.985E-19
160.16	1.959E-19
160.18	1.936E-19
160.2	1.901E-19
160.22	1.84E-19
160.24	1.812E-19
160.26	1.844E-19
160.28	1.82E-19
160.3	1.771E-19
160.32	1.758E-19
160.34	1.725E-19
160.36	1.674E-19
160.38	1.659E-19
160.4	1.638E-19
160.42	1.63E-19
160.44	1.6E-19
160.46	1.557E-19
160.48	1.543E-19
160.5	1.523E-19
160.52	1.508E-19
160.54	1.462E-19
160.56	1.468E-19
160.58	1.449E-19
160.6	1.458E-19
160.62	1.465E-19
160.64	1.516E-19
160.66	1.477E-19
160.68	1.499E-19
160.7	1.502E-19
160.72	1.534E-19
160.74	1.572E-19
160.76	1.608E-19
160.78	1.693E-19
160.8	1.748E-19
160.82	1.784E-19
160.84	1.889E-19
160.86	1.917E-19
160.88	1.995E-19
160.9	2.08E-19
160.92	2.17E-19
160.94	2.201E-19
160.96	2.296E-19
160.98	2.392E-19
161	2.469E-19
161.02	2.489E-19
161.04	2.579E-19
161.06	2.701E-19
161.08	2.721E-19
161.1	2.77E-19
161.12	2.854E-19
161.14	2.834E-19
161.16	2.889E-19
161.18	2.921E-19
161.2	2.917E-19
161.22	2.912E-19
161.24	2.927E-19
161.26	2.901E-19
161.28	2.898E-19
161.3	2.882E-19
161.32	2.892E-19
161.34	2.848E-19
161.36	2.798E-19
161.38	2.786E-19
161.4	2.72E-19
161.42	2.693E-19
161.44	2.645E-19
161.46	2.575E-19
161.48	2.557E-19
161.5	2.526E-19
161.52	2.448E-19
161.54	2.456E-19
161.56	2.38E-19
161.58	2.358E-19
161.6	2.307E-19
161.62	2.278E-19
161.64	2.222E-19
161.66	2.196E-19
161.68	2.162E-19
161.7	2.13E-19
161.72	2.088E-19
161.74	2.037E-19
161.76	2.017E-19
161.78	2.04E-19
161.8	1.977E-19
161.82	1.972E-19
161.84	1.958E-19
161.86	1.927E-19
161.88	1.943E-19
161.9	1.949E-19
161.92	1.912E-19
161.94	1.877E-19
161.96	1.896E-19
161.98	1.886E-19
162	1.82E-19
162.02	1.78E-19
162.04	1.737E-19
162.06	1.704E-19
162.08	1.636E-19
162.1	1.566E-19
162.12	1.504E-19
162.14	1.439E-19
162.16	1.385E-19
162.18	1.357E-19
162.2	1.322E-19
162.22	1.274E-19
162.24	1.234E-19
162.26	1.164E-19
162.28	1.18E-19
162.3	1.171E-19
162.32	1.127E-19
162.34	1.158E-19
162.36	1.138E-19
162.38	1.18E-19
162.4	1.206E-19
162.42	1.127E-19
162.44	1.187E-19
162.46	1.199E-19
162.48	1.202E-19
162.5	1.237E-19
162.52	1.198E-19
162.54	1.242E-19
162.56	1.261E-19
162.58	1.31E-19
162.6	1.344E-19
162.62	1.391E-19
162.64	1.408E-19
162.66	1.499E-19
162.68	1.546E-19
162.7	1.63E-19
162.72	1.663E-19
162.74	1.722E-19
162.76	1.759E-19
162.78	1.837E-19
162.8	1.905E-19
162.82	1.977E-19
162.84	2.04E-19
162.86	2.077E-19
162.88	2.124E-19
162.9	2.178E-19
162.92	2.301E-19
162.94	2.312E-19
162.96	2.346E-19
162.98	2.391E-19
163	2.437E-19
163.02	2.521E-19
163.04	2.507E-19
163.06	2.565E-19
163.08	2.586E-19
163.1	2.642E-19
163.12	2.653E-19
163.14	2.685E-19
163.16	2.694E-19
163.18	2.687E-19
163.2	2.676E-19
163.22	2.652E-19
163.24	2.655E-19
163.26	2.607E-19
163.28	2.584E-19
163.3	2.58E-19
163.32	2.487E-19
163.34	2.501E-19
163.36	2.463E-19
163.38	2.408E-19
163.4	2.353E-19
163.42	2.299E-19
163.44	2.242E-19
163.46	2.196E-19
163.48	2.168E-19
163.5	2.125E-19
163.52	2.084E-19
163.54	2.022E-19
163.56	1.988E-19
163.58	1.917E-19
163.6	1.92E-19
163.62	1.817E-19
163.64	1.862E-19
163.66	1.814E-19
163.68	1.777E-19
163.7	1.721E-19
163.72	1.694E-19
163.74	1.671E-19
163.76	1.65E-19
163.78	1.672E-19
163.8	1.613E-19
163.82	1.585E-19
163.84	1.597E-19
163.86	1.616E-19
163.88	1.611E-19
163.9	1.591E-19
163.92	1.6E-19
163.94	1.589E-19
163.96	1.577E-19
163.98	1.563E-19
164	1.574E-19
164.02	1.58E-19
164.04	1.512E-19
164.06	1.538E-19
164.08	1.512E-19
164.1	1.434E-19
164.12	1.387E-19
164.14	1.378E-19
164.16	1.339E-19
164.18	1.263E-19
164.2	1.262E-19
164.22	1.21E-19
164.24	1.111E-19
164.26	1.054E-19
164.28	1.042E-19
164.3	1.028E-19
164.32	1.005E-19
164.34	9.743E-20
164.36	9.292E-20
164.38	9.061E-20
164.4	9.108E-20
164.42	8.79E-20
164.44	9.057E-20
164.46	9.093E-20
164.48	9.219E-20
164.5	9.086E-20
164.52	9.488E-20
164.54	9.937E-20
164.56	9.986E-20
164.58	1.058E-19
164.6	1.072E-19
164.62	1.176E-19
164.64	1.249E-19
164.66	1.28E-19
164.68	1.335E-19
164.7	1.405E-19
164.72	1.487E-19
164.74	1.566E-19
164.76	1.678E-19
164.78	1.74E-19
164.8	1.852E-19
164.82	1.921E-19
164.84	2.006E-19
164.86	2.1E-19
164.88	2.162E-19
164.9	2.257E-19
164.92	2.322E-19
164.94	2.384E-19
164.96	2.408E-19
164.98	2.461E-19
165	2.495E-19
165.02	2.469E-19
165.04	2.502E-19
165.06	2.506E-19
165.08	2.526E-19
165.1	2.505E-19
165.12	2.524E-19
165.14	2.497E-19
165.16	2.534E-19
165.18	2.539E-19
165.2	2.501E-19
165.22	2.519E-19
165.24	2.539E-19
165.26	2.554E-19
165.28	2.523E-19
165.3	2.486E-19
165.32	2.535E-19
165.34	2.487E-19
165.36	2.514E-19
165.38	2.437E-19
165.4	2.441E-19
165.42	2.41E-19
165.44	2.352E-19
165.46	2.288E-19
165.48	2.269E-19
165.5	2.209E-19
165.52	2.167E-19
165.54	2.102E-19
165.56	2.022E-19
165.58	1.973E-19
165.6	1.896E-19
165.62	1.879E-19
165.64	1.754E-19
165.66	1.738E-19
165.68	1.699E-19
165.7	1.655E-19
165.72	1.593E-19
165.74	1.55E-19
165.76	1.519E-19
165.78	1.499E-19
165.8	1.448E-19
165.82	1.442E-19
165.84	1.396E-19
165.86	1.383E-19
165.88	1.368E-19
165.9	1.352E-19
165.92	1.343E-19
165.94	1.314E-19
165.96	1.308E-19
165.98	1.289E-19
166	1.284E-19
166.02	1.252E-19
166.04	1.22E-19
166.06	1.243E-19
166.08	1.266E-19
166.1	1.251E-19
166.12	1.271E-19
166.14	1.272E-19
166.16	1.255E-19
166.18	1.223E-19
166.2	1.249E-19
166.22	1.262E-19
166.24	1.228E-19
166.26	1.236E-19
166.28	1.205E-19
166.3	1.177E-19
166.32	1.153E-19
166.34	1.132E-19
166.36	1.075E-19
166.38	1.062E-19
166.4	9.909E-20
166.42	9.801E-20
166.44	8.988E-20
166.46	8.404E-20
166.48	7.867E-20
166.5	7.649E-20
166.52	7.365E-20
166.54	7.185E-20
166.56	6.854E-20
166.58	7.259E-20
166.6	7.934E-20
166.62	7.873E-20
166.64	8.491E-20
166.66	8.308E-20
166.68	8.708E-20
166.7	8.776E-20
166.72	9.523E-20
166.74	9.611E-20
166.76	9.863E-20
166.78	9.968E-20
166.8	1.002E-19
166.82	1.081E-19
166.84	1.135E-19
166.86	1.161E-19
166.88	1.311E-19
166.9	1.434E-19
166.92	1.551E-19
166.94	1.7E-19
166.96	1.806E-19
166.98	1.913E-19
167	2.009E-19
167.02	2.134E-19
167.04	2.222E-19
167.06	2.269E-19
167.08	2.322E-19
167.1	2.381E-19
167.12	2.337E-19
167.14	2.297E-19
167.16	2.295E-19
167.18	2.255E-19
167.2	2.212E-19
167.22	2.145E-19
167.24	2.082E-19
167.26	2.044E-19
167.28	1.98E-19
167.3	1.935E-19
167.32	1.884E-19
167.34	1.837E-19
167.36	1.829E-19
167.38	1.851E-19
167.4	1.802E-19
167.42	1.807E-19
167.44	1.814E-19
167.46	1.827E-19
167.48	1.804E-19
167.5	1.819E-19
167.52	1.823E-19
167.54	1.812E-19
167.56	1.853E-19
167.58	1.83E-19
167.6	1.825E-19
167.62	1.79E-19
167.64	1.735E-19
167.66	1.704E-19
167.68	1.647E-19
167.7	1.599E-19
167.72	1.545E-19
167.74	1.473E-19
167.76	1.463E-19
167.78	1.344E-19
167.8	1.296E-19
167.82	1.243E-19
167.84	1.234E-19
167.86	1.19E-19
167.88	1.149E-19
167.9	1.109E-19
167.92	1.075E-19
167.94	1.059E-19
167.96	1.035E-19
167.98	1.006E-19
168	9.985E-20
168.02	9.654E-20
168.04	9.255E-20
168.06	9.27E-20
168.08	9.035E-20
168.1	8.885E-20
168.12	8.855E-20
168.14	8.831E-20
168.16	8.321E-20
168.18	8.037E-20
168.2	7.867E-20
168.22	7.635E-20
168.24	7.721E-20
168.26	7.782E-20
168.28	7.271E-20
168.3	7.236E-20
168.32	7.493E-20
168.34	7.388E-20
168.36	7.246E-20
168.38	7.288E-20
168.4	7.472E-20
168.42	7.907E-20
168.44	8.001E-20
168.46	7.996E-20
168.48	7.973E-20
168.5	8.311E-20
168.52	8.048E-20
168.54	7.991E-20
168.56	7.904E-20
168.58	7.647E-20
168.6	7.929E-20
168.62	7.289E-20
168.64	7.039E-20
168.66	6.801E-20
168.68	6.538E-20
168.7	6.253E-20
168.72	6.672E-20
168.74	5.961E-20
168.76	5.591E-20
168.78	5.542E-20
168.8	5.564E-20
168.82	5.638E-20
168.84	6.576E-20
168.86	7.71E-20
168.88	8.932E-20
168.9	1.001E-19
168.92	1.129E-19
168.94	1.184E-19
168.96	1.262E-19
168.98	1.315E-19
169	1.301E-19
169.02	1.286E-19
169.04	1.289E-19
169.06	1.26E-19
169.08	1.234E-19
169.1	1.237E-19
169.12	1.279E-19
169.14	1.266E-19
169.16	1.361E-19
169.18	1.418E-19
169.2	1.506E-19
169.22	1.647E-19
169.24	1.755E-19
169.26	1.879E-19
169.28	1.992E-19
169.3	2.061E-19
169.32	2.143E-19
169.34	2.144E-19
169.36	2.156E-19
169.38	2.117E-19
169.4	2.055E-19
169.42	2.024E-19
169.44	1.946E-19
169.46	1.889E-19
169.48	1.818E-19
169.5	1.725E-19
169.52	1.661E-19
169.54	1.585E-19
169.56	1.524E-19
169.58	1.418E-19
169.6	1.345E-19
169.62	1.288E-19
169.64	1.229E-19
169.66	1.187E-19
169.68	1.119E-19
169.7	1.07E-19
169.72	1.06E-19
169.74	1.023E-19
169.76	9.969E-20
169.78	9.844E-20
169.8	9.664E-20
169.82	1.008E-19
169.84	9.863E-20
169.86	1.015E-19
169.88	1.054E-19
169.9	1.082E-19
169.92	1.136E-19
169.94	1.14E-19
169.96	1.135E-19
169.98	1.132E-19
170	1.098E-19
170.02	1.099E-19
170.04	1.088E-19
170.06	1.027E-19
170.08	9.696E-20
170.1	9.29E-20
170.12	9.26E-20
170.14	8.755E-20
170.16	8.635E-20
170.18	8.465E-20
170.2	8.265E-20
170.22	8.081E-20
170.24	7.881E-20
170.26	7.747E-20
170.28	7.874E-20
170.3	7.229E-20
170.32	7.499E-20
170.34	7.407E-20
170.36	7.172E-20
170.38	7.184E-20
170.4	6.766E-20
170.42	7.085E-20
170.44	6.8E-20
170.46	6.593E-20
170.48	6.313E-20
170.5	6.371E-20
170.52	6.044E-20
170.54	5.977E-20
170.56	5.547E-20
170.58	5.209E-20
170.6	5.118E-20
170.62	5.174E-20
170.64	5.321E-20
170.66	5.225E-20
170.68	4.882E-20
170.7	4.572E-20
170.72	4.571E-20
170.74	4.73E-20
170.76	4.29E-20
170.78	4.491E-20
170.8	4.593E-20
170.82	4.849E-20
170.84	4.853E-20
170.86	5.07E-20
170.88	5.016E-20
170.9	5.271E-20
170.92	5.689E-20
170.94	5.763E-20
170.96	5.852E-20
170.98	5.651E-20
171	5.547E-20
171.02	6.091E-20
171.04	5.754E-20
171.06	5.565E-20
171.08	5.517E-20
171.1	5.346E-20
171.12	5.14E-20
171.14	5.517E-20
171.16	6.271E-20
171.18	9.946E-20
171.2	1.194E-19
171.22	1.253E-19
171.24	1.422E-19
171.26	1.532E-19
171.28	1.614E-19
171.3	1.648E-19
171.32	1.597E-19
171.34	1.54E-19
171.36	1.438E-19
171.38	1.34E-19
171.4	1.208E-19
171.42	1.115E-19
171.44	1.044E-19
171.46	9.887E-20
171.48	9.471E-20
171.5	9.041E-20
171.52	9.177E-20
171.54	8.991E-20
171.56	9.204E-20
171.58	9.501E-20
171.6	1.082E-19
171.62	1.2E-19
171.64	1.371E-19
171.66	1.527E-19
171.68	1.651E-19
171.7	1.769E-19
171.72	1.839E-19
171.74	1.854E-19
171.76	1.871E-19
171.78	1.836E-19
171.8	1.73E-19
171.82	1.692E-19
171.84	1.595E-19
171.86	1.486E-19
171.88	1.404E-19
171.9	1.305E-19
171.92	1.186E-19
171.94	1.138E-19
171.96	1.039E-19
171.98	9.959E-20
172	9.227E-20
172.02	8.87E-20
172.04	8.183E-20
172.06	7.728E-20
172.08	7.494E-20
172.1	7.611E-20
172.12	6.993E-20
172.14	7.029E-20
172.16	6.986E-20
172.18	6.611E-20
172.2	6.592E-20
172.22	6.285E-20
172.24	6.383E-20
172.26	6.211E-20
172.28	5.764E-20
172.3	5.793E-20
172.32	5.857E-20
172.34	6.019E-20
172.36	6.062E-20
172.38	5.924E-20
172.4	5.938E-20
172.42	5.864E-20
172.44	6.515E-20
172.46	6.741E-20
172.48	6.676E-20
172.5	7.101E-20
172.52	7.079E-20
172.54	7.529E-20
172.56	7.446E-20
172.58	7.381E-20
172.6	7.179E-20
172.62	7.073E-20
172.64	7.275E-20
172.66	7.205E-20
172.68	6.933E-20
172.7	7.097E-20
172.72	6.813E-20
172.74	6.732E-20
172.76	6.827E-20
172.78	6.685E-20
172.8	6.369E-20
172.82	6.336E-20
172.84	6.508E-20
172.86	6.177E-20
172.88	6.274E-20
172.9	5.783E-20
172.92	5.747E-20
172.94	5.91E-20
172.96	5.602E-20
172.98	5.457E-20
173	5.177E-20
173.02	4.846E-20
173.04	4.763E-20
173.06	4.628E-20
173.08	4.603E-20
173.1	4.458E-20
173.12	4.551E-20
173.14	4.611E-20
173.16	4.419E-20
173.18	4.102E-20
173.2	3.865E-20
173.22	3.785E-20
173.24	3.792E-20
173.26	3.956E-20
173.28	3.965E-20
173.3	4.132E-20
173.32	3.8E-20
173.34	3.951E-20
173.36	4.005E-20
173.38	3.955E-20
173.4	4.359E-20
173.42	4.246E-20
173.44	4.373E-20
173.46	4.487E-20
173.48	4.352E-20
173.5	4.475E-20
173.52	4.525E-20
173.54	4.96E-20
173.56	5.138E-20
173.58	5.431E-20
173.6	7.766E-20
173.62	1.169E-19
173.64	1.213E-19
173.66	1.358E-19
173.68	1.486E-19
173.7	1.549E-19
173.72	1.635E-19
173.74	1.615E-19
173.76	1.544E-19
173.78	1.426E-19
173.8	1.359E-19
173.82	1.189E-19
173.84	1.086E-19
173.86	1.029E-19
173.88	9.589E-20
173.9	8.812E-20
173.92	8.435E-20
173.94	7.976E-20
173.96	7.408E-20
173.98	7.267E-20
174	7.198E-20
174.02	6.696E-20
174.04	6.665E-20
174.06	6.165E-20
174.08	5.826E-20
174.1	5.977E-20
174.12	5.693E-20
174.14	6.04E-20
174.16	5.773E-20
174.18	6.1E-20
174.2	7.077E-20
174.22	8.281E-20
174.24	9.71E-20
174.26	1.075E-19
174.28	1.147E-19
174.3	1.227E-19
174.32	1.25E-19
174.34	1.258E-19
174.36	1.261E-19
174.38	1.189E-19
174.4	1.143E-19
174.42	1.047E-19
174.44	9.808E-20
174.46	9.322E-20
174.48	8.444E-20
174.5	7.855E-20
174.52	7.309E-20
174.54	6.688E-20
174.56	6.387E-20
174.58	6.018E-20
174.6	5.537E-20
174.62	5.803E-20
174.64	5.409E-20
174.66	5.065E-20
174.68	4.896E-20
174.7	4.828E-20
174.72	4.397E-20
174.74	4.558E-20
174.76	4.646E-20
174.78	4.242E-20
174.8	4.428E-20
174.82	4.48E-20
174.84	4.262E-20
174.86	4.169E-20
174.88	4.13E-20
174.9	3.806E-20
174.92	4.073E-20
174.94	3.839E-20
174.96	3.611E-20
174.98	3.502E-20
175	3.84E-20
175.02	3.894E-20
175.04	3.89E-20
175.06	3.532E-20
175.08	3.616E-20
175.1	4.4E-20
175.12	4.009E-20
175.14	3.848E-20
175.16	4.059E-20
175.18	4.292E-20
175.2	4.38E-20
175.22	4.62E-20
175.24	4.369E-20
175.26	4.563E-20
175.28	4.971E-20
175.3	5.344E-20
175.32	4.921E-20
175.34	4.825E-20
175.36	4.905E-20
175.38	4.973E-20
175.4	4.943E-20
175.42	4.933E-20
175.44	4.825E-20
175.46	4.767E-20
175.48	4.38E-20
175.5	4.058E-20
175.52	4.266E-20
175.54	4.064E-20
175.56	4.001E-20
175.58	3.773E-20
175.6	3.48E-20
175.62	3.72E-20
175.64	3.523E-20
175.66	3.457E-20
175.68	3.274E-20
175.7	3.261E-20
175.72	3.065E-20
175.74	3.533E-20
175.76	3.231E-20
175.78	3.214E-20
175.8	3.136E-20
175.82	3.182E-20
175.84	3.156E-20
175.86	3.107E-20
175.88	2.885E-20
175.9	3.078E-20
175.92	3.159E-20
175.94	3.15E-20
175.96	3.113E-20
175.98	3.15E-20
176	3.188E-20
176.02	3.089E-20
176.04	3.081E-20
176.06	3.708E-20
176.08	4.508E-20
176.1	7.579E-20
176.12	9.795E-20
176.14	1.016E-19
176.16	1.144E-19
176.18	1.211E-19
176.2	1.295E-19
176.22	1.291E-19
176.24	1.229E-19
176.26	1.144E-19
176.28	1.079E-19
176.3	9.836E-20
176.32	8.517E-20
176.34	7.746E-20
176.36	7.344E-20
176.38	6.847E-20
176.4	6.212E-20
176.42	5.313E-20
176.44	5.261E-20
176.46	5.071E-20
176.48	4.569E-20
176.5	4.51E-20
176.52	4.288E-20
176.54	4.304E-20
176.56	4.198E-20
176.58	4.236E-20
176.6	4.03E-20
176.62	3.993E-20
176.64	4.125E-20
176.66	4.065E-20
176.68	3.957E-20
176.7	3.926E-20
176.72	3.813E-20
176.74	3.427E-20
176.76	3.492E-20
176.78	3.604E-20
176.8	3.54E-20
176.82	3.225E-20
176.84	3.21E-20
176.86	3.715E-20
176.88	4.564E-20
176.9	5.738E-20
176.92	6.239E-20
176.94	6.904E-20
176.96	7.208E-20
176.98	7.333E-20
177	7.46E-20
177.02	7.857E-20
177.04	7.431E-20
177.06	7.141E-20
177.08	6.426E-20
177.1	6.657E-20
177.12	6.054E-20
177.14	5.602E-20
177.16	5.276E-20
177.18	4.997E-20
177.2	4.695E-20
177.22	4.439E-20
177.24	4.277E-20
177.26	4.18E-20
177.28	3.669E-20
177.3	3.919E-20
177.32	3.658E-20
177.34	3.587E-20
177.36	3.411E-20
177.38	3.612E-20
177.4	3.227E-20
177.42	3.269E-20
177.44	3.376E-20
177.46	3.302E-20
177.48	3.219E-20
177.5	3.149E-20
177.52	3.466E-20
177.54	3.291E-20
177.56	3.369E-20
177.58	3.729E-20
177.6	3.294E-20
177.62	3.805E-20
177.64	3.37E-20
177.66	3.384E-20
177.68	3.237E-20
177.7	3.163E-20
177.72	3.156E-20
177.74	3.182E-20
177.76	3.001E-20
177.78	3.088E-20
177.8	3.17E-20
177.82	2.956E-20
177.84	3.068E-20
177.86	2.898E-20
177.88	2.658E-20
177.9	2.609E-20
177.92	2.791E-20
177.94	2.986E-20
177.96	3.455E-20
177.98	3.218E-20
178	3.177E-20
178.02	3.229E-20
178.04	3.822E-20
178.06	3.75E-20
178.08	3.758E-20
178.1	3.384E-20
178.12	3.378E-20
178.14	3.365E-20
178.16	3.148E-20
178.18	3.237E-20
178.2	3.167E-20
178.22	3.039E-20
178.24	2.804E-20
178.26	2.896E-20
178.28	2.435E-20
178.3	2.396E-20
178.32	2.514E-20
178.34	2.54E-20
178.36	2.264E-20
178.38	2.373E-20
178.4	2.005E-20
178.42	2.59E-20
178.44	2.498E-20
178.46	2.099E-20
178.48	1.973E-20
178.5	2.011E-20
178.52	2.247E-20
178.54	2.388E-20
178.56	2.356E-20
178.58	2.644E-20
178.6	2.647E-20
178.62	2.838E-20
178.64	2.59E-20
178.66	2.933E-20
178.68	2.773E-20
178.7	2.475E-20
178.72	2.409E-20
178.74	2.43E-20
178.76	2.677E-20
178.78	4.219E-20
178.8	5.122E-20
178.82	5.485E-20
178.84	5.93E-20
178.86	6.326E-20
178.88	6.998E-20
178.9	7.159E-20
178.92	7.068E-20
178.94	6.805E-20
178.96	6.187E-20
178.98	5.713E-20
179	5.776E-20
179.02	5.349E-20
179.04	4.539E-20
179.06	4.373E-20
179.08	4.305E-20
179.1	3.805E-20
179.12	3.359E-20
179.14	3.482E-20
179.16	2.964E-20
179.18	2.84E-20
179.2	2.797E-20
179.22	1.977E-20
179.24	2.224E-20
179.26	2.295E-20
179.28	2.586E-20
179.3	2.498E-20
179.32	2.497E-20
179.34	2.433E-20
179.36	2.444E-20
179.38	2.678E-20
179.4	2.479E-20
179.42	2.232E-20
179.44	2.337E-20
179.46	2.293E-20
179.48	2.181E-20
179.5	2.224E-20
179.52	2.038E-20
179.54	2.072E-20
179.56	2.04E-20
179.58	1.673E-20
179.6	1.859E-20
179.62	1.764E-20
179.64	1.908E-20
179.66	1.853E-20
179.68	1.77E-20
179.7	2.052E-20
179.72	1.817E-20
179.74	2.291E-20
179.76	2.695E-20
179.78	3.022E-20
179.8	3.01E-20
179.82	3.271E-20
179.84	3.142E-20
179.86	3.188E-20
179.88	3.537E-20
179.9	3.349E-20
179.92	3.106E-20
179.94	2.995E-20
179.96	2.814E-20
179.98	2.705E-20
180	2.511E-20
180.02	2.626E-20
180.04	2.316E-20
180.06	2.055E-20
180.08	2.098E-20
180.1	2.152E-20
180.12	1.892E-20
180.14	1.94E-20
180.16	1.87E-20
180.18	1.743E-20
180.2	2.123E-20
180.22	1.903E-20
180.24	1.941E-20
180.26	1.973E-20
180.28	1.869E-20
180.3	1.661E-20
180.32	1.788E-20
180.34	1.62E-20
180.36	1.795E-20
180.38	1.889E-20
180.4	1.68E-20
180.42	1.554E-20
180.44	1.951E-20
180.46	1.93E-20
180.48	1.967E-20
180.5	1.382E-20
180.52	1.426E-20
180.54	1.919E-20
180.56	2.07E-20
180.58	2.051E-20
180.6	1.374E-20
180.62	1.592E-20
180.64	1.866E-20
180.66	1.656E-20
180.68	1.688E-20
180.7	1.674E-20
180.72	1.64E-20
180.74	1.91E-20
180.76	1.642E-20
180.78	2.177E-20
180.8	2.384E-20
180.82	2.275E-20
180.84	2.296E-20
180.86	2.409E-20
180.88	2.186E-20
180.9	1.992E-20
180.92	2.064E-20
180.94	2.129E-20
180.96	2.088E-20
180.98	1.965E-20
181	1.86E-20
181.02	2.006E-20
181.04	1.845E-20
181.06	1.938E-20
181.08	1.985E-20
181.1	1.443E-20
181.12	1.553E-20
181.14	1.947E-20
181.16	2.024E-20
181.18	1.61E-20
181.2	1.488E-20
181.22	1.673E-20
181.24	2.208E-20
181.26	2.007E-20
181.28	1.993E-20
181.3	1.666E-20
181.32	2.347E-20
181.34	2.233E-20
181.36	2.111E-20
181.38	2.341E-20
181.4	2.528E-20
181.42	2.27E-20
181.44	2.101E-20
181.46	1.983E-20
181.48	2.044E-20
181.5	1.576E-20
181.52	2.086E-20
181.54	1.648E-20
181.56	1.569E-20
181.58	1.886E-20
181.6	1.526E-20
181.62	1.841E-20
181.64	2.291E-20
181.66	3.271E-20
181.68	3.071E-20
181.7	3.307E-20
181.72	3.699E-20
181.74	3.618E-20
181.76	3.686E-20
181.78	3.73E-20
181.8	3.423E-20
181.82	3.525E-20
181.84	3.065E-20
181.86	3.194E-20
181.88	3.375E-20
181.9	2.899E-20
181.92	2.849E-20
181.94	2.578E-20
181.96	2.49E-20
181.98	2.585E-20
182	1.896E-20
182.02	2.144E-20
182.04	2.152E-20
182.06	1.849E-20
182.08	1.683E-20
182.1	1.763E-20
182.12	1.572E-20
182.14	1.238E-20
182.16	1.444E-20
182.18	1.495E-20
182.2	1.325E-20
182.22	1.632E-20
182.24	1.724E-20
182.26	1.428E-20
182.28	1.556E-20
182.3	1.759E-20
182.32	1.307E-20
182.34	1.274E-20
182.36	1.495E-20
182.38	1.417E-20
182.4	1.003E-20
182.42	1.186E-20
182.44	1.017E-20
182.46	8.158E-21
182.48	7.592E-21
182.5	7.156E-21
182.52	6.801E-21
182.54	1.009E-20
182.56	8.073E-21
182.58	5.949E-21
182.6	6.245E-21
182.62	8.041E-21
182.64	6.622E-21
182.66	8.962E-21
182.68	7.691E-21
182.7	6.612E-21
182.72	9.564E-21
182.74	1.071E-20
182.76	9.253E-21
182.78	8.954E-21
182.8	1.122E-20
182.82	1.492E-20
182.84	9.066E-21
182.86	1.026E-20
182.88	1.15E-20
182.9	1.083E-20
182.92	1.372E-20
182.94	1.074E-20
182.96	9.309E-21
182.98	1.146E-20
183	1.066E-20
183.02	1.09E-20
183.04	7.872E-21
183.06	1.022E-20
183.08	1.036E-20
183.1	8.488E-21
183.12	1.045E-20
183.14	6.571E-21
183.16	5.995E-21
183.18	5.192E-21
183.2	4.833E-21
183.22	5.298E-21
183.24	5.439E-21
183.26	6.892E-21
183.28	4.899E-21
183.3	3.299E-21
183.32	8.079E-21
183.34	7.125E-21
183.36	8.116E-21
183.38	8.98E-21
183.4	4.818E-21
183.42	8.127E-21
183.44	5.358E-21
183.46	4.731E-21
183.48	5.588E-21
183.5	6.797E-21
183.52	7.238E-21
183.54	6.66E-21
183.56	8.189E-21
183.58	8.807E-21
183.6	7.695E-21
183.62	6.549E-21
183.64	5.496E-21
183.66	8.776E-21
183.68	5.94E-21
183.7	4.711E-21
183.72	7.212E-21
183.74	7.838E-21
183.76	6.562E-21
183.78	6.76E-21
183.8	6.489E-21
183.82	6.495E-21
183.84	7.619E-21
183.86	6.891E-21
183.88	5.172E-21
183.9	5.793E-21
183.92	9.091E-21
183.94	5.94E-21
183.96	6.852E-21
183.98	7.565E-21
184	4.167E-21
184.02	4.693E-21
184.04	4.21E-21
184.06	8.037E-21
184.08	6.025E-21
184.1	4.065E-21
184.12	8.877E-21
184.14	7.953E-21
184.16	6.359E-21
184.18	8.266E-21
184.2	1.145E-20
184.22	1.181E-20
184.24	8.272E-21
184.26	6.874E-21
184.28	6.278E-21
184.3	3.427E-21
184.32	9.241E-21
184.34	1.011E-20
184.36	9.974E-21
184.38	9.81E-21
184.4	9.817E-21
184.42	5.871E-21
184.44	6.444E-21
184.46	4.048E-21
184.48	9.171E-21
184.5	1.118E-20
184.52	7.06E-21
184.54	7.946E-21
184.56	5.587E-21
184.58	6.21E-21
184.6	4.492E-21
184.62	9.19E-21
184.64	1.034E-20
184.66	8.542E-21
184.68	1.092E-20
184.7	1.003E-20
184.72	1.255E-20
184.74	1.433E-20
184.76	1.588E-20
184.78	1.656E-20
184.8	1.538E-20
184.82	1.637E-20
184.84	1.563E-20
184.86	1.295E-20
184.88	1.436E-20
184.9	1.796E-20
184.92	1.349E-20
184.94	9.488E-21
184.96	1.148E-20
184.98	1.126E-20
185	9.106E-21
