6 0
6.1 0
6.2 0
6.3 0
6.4 0
6.5 0
6.6 0
6.7 0
6.8 0
6.9 0
7 0
7.1 0
7.2 0
7.3 0
7.4 0
7.5 0
7.6 0
7.7 0
7.8 0
7.9 0
8 0
8.1 0
8.2 0
8.3 0
8.4 0
8.5 0
8.6 0
8.7 0
8.8 0
8.9 0
9 0
9.1 0
9.2 0
9.3 0
9.4 0
9.5 0
9.6 0
9.7 0
9.8 0
9.9 0
10 0
10.1 0
10.2 0
10.3 0
10.4 0
10.5 0
10.6 0
10.7 0
10.8 0
10.9 0
11 0
11.1 0
11.2 0
11.3 0
11.4 0
11.5 0
11.6 0
11.7 0
11.8 0
11.9 0
12 0
12.1 0
12.2 0
12.3 0
12.4 0
12.5 0
12.6 0
12.7 0
12.8 0
12.9 0
13 0
13.1 0
13.2 0
13.3 0
13.4 0
13.5 0
13.6 0
13.7 0
13.8 0
13.9 0
14 0
14.1 0
14.2 0
14.3 0
14.4 0
14.5 0
14.6 0
14.7 0
14.8 0
14.9 0
15 0
15.1 0
15.2 0
15.3 0
15.4 0
15.5 0
15.6 0
15.7 0
15.8 0
15.9 0
16 0
16.1 0
16.2 0
16.3 0
16.4 0
16.5 0
16.6 0
16.7 0
16.8 0
16.9 0
17 0
17.1 0
17.2 0
17.3 0
17.4 0
17.5 0
17.6 0
17.7 0
17.8 0
17.9 0
18 0
18.1 0
18.2 0
18.3 0
18.4 0
18.5 0
18.6 0
18.7 0
18.8 0
18.9 0
19 0
19.1 0
19.2 0
19.3 0
19.4 0
19.5 0
19.6 0
19.7 0
19.8 0
19.9 0
20 0
20.1 0
20.2 0
20.3 0
20.4 0
20.5 0
20.6 0
20.7 0
20.8 0
20.9 0
21 0
21.1 0
21.2 0
21.3 0
21.4 0
21.5 0
21.6 0
21.7 0
21.8 0
21.9 0
22 0
22.1 0
22.2 0
22.3 0
22.4 0
22.5 0
22.6 0
22.7 0
22.8 0
22.9 0
23 0
23.1 0
23.2 0
23.3 0
23.4 0
23.5 0
23.6 0
23.7 0
23.8 0
23.9 0
24 0
24.1 0
24.2 0
24.3 0
24.4 0
24.5 0
24.6 0
24.7 0
24.8 0
24.9 0
25 0
25.1 0
25.2 0
25.3 0
25.4 0
25.5 0
25.6 0
25.7 0
25.8 0
25.9 0
26 0
26.1 0
26.2 0
26.3 0
26.4 0
26.5 0
26.6 0
26.7 0
26.8 0
26.9 0
27 0
27.1 0
27.2 0
27.3 0
27.4 0
27.5 0
27.6 0
27.7 0
27.8 0
27.9 0
28 0
28.1 0
28.2 0
28.3 0
28.4 0
28.5 0
28.6 0
28.7 0
28.8 0
28.9 0
29 0
29.1 0
29.2 0
29.3 0
29.4 0
29.5 0
29.6 0
29.7 0
29.8 0
29.9 0
30 0
30.1 0
30.2 0
30.3 0
30.4 0
30.5 0
30.6 0
30.7 0
30.8 0
30.9 0
31 0
31.1 0
31.2 0
31.3 0
31.4 0
31.5 0
31.6 0
31.7 0
31.8 0
31.9 0
32 0
32.1 0
32.2 0
32.3 0
32.4 0
32.5 0
32.6 0
32.7 0
32.8 0
32.9 0
33 0
33.1 0
33.2 0
33.3 0
33.4 0
33.5 0
33.6 0
33.7 0
33.8 0
33.9 0
34 0
34.1 0
34.2 0
34.3 0
34.4 0
34.5 0
34.6 0
34.7 0
34.8 0
34.9 0
35 0
35.1 0
35.2 0
35.3 0
35.4 0
35.5 0
35.6 0
35.7 0
35.8 0
35.9 0
36 0
36.1 0
36.2 0
36.3 0
36.4 0
36.5 0
36.6 0
36.7 0
36.8 0
36.9 0
37 0
37.1 0
37.2 0
37.3 0
37.4 0
37.5 0
37.6 0
37.7 0
37.8 0
37.9 0
38 0
38.1 0
38.2 0
38.3 0
38.4 0
38.5 0
38.6 0
38.7 0
38.8 0
38.9 0
39 0
39.1 0
39.2 0
39.3 0
39.4 0
39.5 0
39.6 0
39.7 0
39.8 0
39.9 0
40 0
40.1 0
40.2 0
40.3 0
40.4 0
40.5 0
40.6 0
40.7 0
40.8 0
40.9 0
41 0
41.1 0
41.2 0
41.3 0
41.4 0
41.5 0
41.6 0
41.7 0
41.8 0
41.9 0
42 0
42.1 0
42.2 0
42.3 0
42.4 0
42.5 0
42.6 0
42.7 0
42.8 0
42.9 0
43 0
43.1 0
43.2 0
43.3 0
43.4 0
43.5 0
43.6 0
43.7 0
43.8 0
43.9 0
44 0
44.1 0
44.2 0
44.3 0
44.4 0
44.5 0
44.6 0
44.7 0
44.8 0
44.9 0
45 0
45.1 0
45.2 0
45.3 0
45.4 0
45.5 0
45.6 0
45.7 0
45.8 0
45.9 0
46 0
46.1 0
46.2 0
46.3 0
46.4 0
46.5 0
46.6 0
46.7 0
46.8 0
46.9 0
47 0
47.1 0
47.2 0
47.3 0
47.4 0
47.5 0
47.6 0
47.7 0
47.8 0
47.9 0
48 0
48.1 0
48.2 0
48.3 0
48.4 0
48.5 0
48.6 0
48.7 0
48.8 0
48.9 0
49 0
49.1 0
49.2 0
49.3 0
49.4 0
49.5 0
49.6 0
49.7 0
49.8 0
49.9 0
50 0
50.1 0
50.2 0
50.3 0
50.4 0
50.5 0
50.6 0
50.7 0
50.8 0
50.9 0
51 0
51.1 0
51.2 0
51.3 0
51.4 0
51.5 0
51.6 0
51.7 0
51.8 0
51.9 0
52 0
52.1 0
52.2 0
52.3 0
52.4 0
52.5 0
52.6 0
52.7 0
52.8 0
52.9 0
53 0
53.1 0
53.2 0
53.3 0
53.4 0
53.5 0
53.6 0
53.7 0
53.8 0
53.9 0
54 0
54.1 0
54.2 0
54.3 0
54.4 0
54.5 0
54.6 0
54.7 0
54.8 0
54.9 0
55 0
55.1 0
55.2 0
55.3 0
55.4 0
55.5 0
55.6 0
55.7 0
55.8 0
55.9 0
56 0
56.1 0
56.2 0
56.3 0
56.4 0
56.5 0
56.6 0
56.7 0
56.8 0
56.9 0
57 0
57.1 0
57.2 0
57.3 0
57.4 0
57.5 0
57.6 0
57.7 0
57.8 0
57.9 0
58 0
58.1 0
58.2 0
58.3 0
58.4 0
58.5 0
58.6 0
58.7 0
58.8 0
58.9 0
59 0
59.1 0
59.2 0
59.3 0
59.4 0
59.5 0
59.6 0
59.7 0
59.8 0
59.9 0
60 0
60.1 0
60.2 0
60.3 0
60.4 0
60.5 0
60.6 0
60.7 0
60.8 0
60.9 0
61 0
61.1 0
61.2 0
61.3 0
61.4 0
61.5 0
61.6 0
61.7 0
61.8 0
61.9 0
62 0
62.1 0
62.2 0
62.3 0
62.4 0
62.5 0
62.6 0
62.7 0
62.8 0
62.9 0
63 0
63.1 0
63.2 0
63.3 0
63.4 0
63.5 0
63.6 0
63.7 0
63.8 0
63.9 0
64 0
64.1 0
64.2 0
64.3 0
64.4 0
64.5 0
64.6 0
64.7 0
64.8 0
64.9 0
65 0
65.1 0
65.2 0
65.3 0
65.4 0
65.5 0
65.6 0
65.7 0
65.8 0
65.9 0
66 0
66.1 0
66.2 0
66.3 0
66.4 0
66.5 0
66.6 0
66.7 0
66.8 0
66.9 0
67 0
67.1 0
67.2 0
67.3 0
67.4 0
67.5 0
67.6 0
67.7 0
67.8 0
67.9 0
68 0
68.1 0
68.2 0
68.3 0
68.4 0
68.5 0
68.6 0
68.7 0
68.8 0
68.9 0
69 0
69.1 0
69.2 0
69.3 0
69.4 0
69.5 0
69.6 0
69.7 0
69.8 0
69.9 0
70 0
70.1 0
70.2 0
70.3 0
70.4 0
70.5 0
70.6 0
70.7 0
70.8 0
70.9 0
71 0
71.1 0
71.2 0
71.3 0
71.4 0
71.5 0
71.6 0
71.7 0
71.8 0
71.9 0
72 0
72.1 0
72.2 0
72.3 0
72.4 0
72.5 0
72.6 0
72.7 0
72.8 0
72.9 0
73 0
73.1 0
73.2 0
73.3 0
73.4 0
73.5 0
73.6 0
73.7 0
73.8 0
73.9 0
74 0
74.1 0
74.2 0
74.3 0
74.4 0
74.5 0
74.6 0
74.7 0
74.8 0
74.9 0
75 0
75.1 0
75.2 0
75.3 0
75.4 0
75.5 0
75.6 0
75.7 0
75.8 0
75.9 0
76 0
76.1 8.43230000000012e-05
76.2 0.000168646000000002
76.3 0.000252969000000002
76.4 0.000337292000000003
76.5 0.000421615000000003
76.6 0.000505938000000005
76.7 0.000590261000000006
76.8 0.000674584000000005
76.9 0.000758907000000007
77 0.00084323
77.1 0.001139337
77.2 0.00143544400000001
77.3 0.00173155100000001
77.4 0.00202765800000001
77.5 0.00232376500000001
77.6 0.00261987200000002
77.7 0.00291597900000002
77.8 0.00321208600000002
77.9 0.00350819300000002
78 0.0038043
78.1 0.00405667
78.2 0.00430904000000001
78.3 0.00456141000000001
78.4 0.00481378000000001
78.5 0.00506615000000001
78.6 0.00531852000000001
78.7 0.00557089000000002
78.8 0.00582326000000001
78.9 0.00607563000000002
79 0.006328
79.1 0.00648948
79.2 0.00665096
79.3 0.00681244
79.4 0.00697392000000001
79.5 0.00713540000000001
79.6 0.00729688000000001
79.7 0.00745836000000001
79.8 0.00761984000000001
79.9 0.00778132000000001
80 0.0079428
80.1 0.00794338
80.2 0.00794396
80.3 0.00794454
80.4 0.00794512
80.5 0.0079457
80.6 0.00794628
80.7 0.00794686
80.8 0.00794744
80.9 0.00794802
81 0.0079486
81.1 0.00794447
81.2 0.00794034
81.3 0.00793621
81.4 0.00793208
81.5 0.00792795
81.6 0.00792382
81.7 0.00791969
81.8 0.00791556
81.9 0.00791143
82 0.0079073
82.1 0.00790291
82.2 0.00789852
82.3 0.00789413
82.4 0.00788974
82.5 0.00788535
82.6 0.00788096
82.7 0.00787657
82.8 0.00787218
82.9 0.00786779
83 0.0078634
83.1 0.00785928
83.2 0.00785516
83.3 0.00785104
83.4 0.00784692
83.5 0.0078428
83.6 0.00783868
83.7 0.00783456
83.8 0.00783044
83.9 0.00782632
84 0.0078222
84.1 0.00781806
84.2 0.00781392
84.3 0.00780978
84.4 0.00780564
84.5 0.0078015
84.6 0.00779736
84.7 0.00779322
84.8 0.00778908
84.9 0.00778494
85 0.0077808
85.1 0.00777805
85.2 0.0077753
85.3 0.00777255
85.4 0.0077698
85.5 0.00776705
85.6 0.0077643
85.7 0.00776155
85.8 0.0077588
85.9 0.00775605
86 0.0077533
86.1 0.00774914
86.2 0.00774498
86.3 0.00774082
86.4 0.00773666
86.5 0.0077325
86.6 0.00772834
86.7 0.00772418
86.8 0.00772002
86.9 0.00771586
87 0.0077117
87.1 0.00770612
87.2 0.00770054
87.3 0.00769496
87.4 0.00768938
87.5 0.0076838
87.6 0.00767822
87.7 0.00767264
87.8 0.00766706
87.9 0.00766148
88 0.0076559
88.1 0.00765299
88.2 0.00765008
88.3 0.00764717
88.4 0.00764426
88.5 0.00764135
88.6 0.00763844
88.7 0.00763553
88.8 0.00763262
88.9 0.00762971
89 0.0076268
89.1 0.00762243
89.2 0.00761806
89.3 0.00761369
89.4 0.00760932
89.5 0.00760495
89.6 0.00760058
89.7 0.00759621
89.8 0.00759184
89.9 0.00758747
90 0.0075831
90.1 0.00757915
90.2 0.0075752
90.3 0.00757125
90.4 0.0075673
90.5 0.00756335
90.6 0.0075594
90.7 0.00755545
90.8 0.0075515
90.9 0.00754755
91 0.0075436
91.1 0.00753979
91.2 0.00753598
91.3 0.00753217
91.4 0.00752836
91.5 0.00752455
91.6 0.00752074
91.7 0.00751693
91.8 0.00751312
91.9 0.00750931
92 0.0075055
92.1 0.00750228
92.2 0.00749906
92.3 0.00749584
92.4 0.00749262
92.5 0.0074894
92.6 0.00748618
92.7 0.00748296
92.8 0.00747974
92.9 0.00747652
93 0.0074733
93.1 0.00746982
93.2 0.00746634
93.3 0.00746286
93.4 0.00745938
93.5 0.0074559
93.6 0.00745242
93.7 0.00744894
93.8 0.00744546
93.9 0.00744198
94 0.0074385
94.1 0.00743366
94.2 0.00742882
94.3 0.00742398
94.4 0.00741914
94.5 0.0074143
94.6 0.00740946
94.7 0.00740462
94.8 0.00739978
94.9 0.00739494
95 0.0073901
95.1 0.00738586
95.2 0.00738162
95.3 0.00737738
95.4 0.00737314
95.5 0.0073689
95.6 0.00736466
95.7 0.00736042
95.8 0.00735618
95.9 0.00735194
96 0.0073477
96.1 0.00734383
96.2 0.00733996
96.3 0.00733609
96.4 0.00733222
96.5 0.00732835
96.6 0.00732448
96.7 0.00732061
96.8 0.00731674
96.9 0.00731287
97 0.007309
97.1 0.00730512
97.2 0.00730124
97.3 0.00729736
97.4 0.00729348
97.5 0.0072896
97.6 0.00728572
97.7 0.00728184
97.8 0.00727796
97.9 0.00727408
98 0.0072702
98.1 0.00726607
98.2 0.00726194
98.3 0.00725781
98.4 0.00725368
98.5 0.00724955
98.6 0.00724542
98.7 0.00724129
98.8 0.00723716
98.9 0.00723303
99 0.0072289
99.1 0.00722355
99.2 0.0072182
99.3 0.00721285
99.4 0.0072075
99.5 0.00720215
99.6 0.0071968
99.7 0.00719145
99.8 0.0071861
99.9 0.00718075
100 0.0071754
100.1 0.0071717
100.2 0.007168
100.3 0.0071643
100.4 0.0071606
100.5 0.0071569
100.6 0.0071532
100.7 0.0071495
100.8 0.0071458
100.9 0.0071421
101 0.0071384
101.1 0.00713497
101.2 0.00713154
101.3 0.00712811
101.4 0.00712468
101.5 0.00712125
101.6 0.00711782
101.7 0.00711439
101.8 0.00711096
101.9 0.00710753
102 0.0071041
102.1 0.00710042
102.2 0.00709674
102.3 0.00709306
102.4 0.00708938
102.5 0.0070857
102.6 0.00708202
102.7 0.00707834
102.8 0.00707466
102.9 0.00707098
103 0.0070673
103.1 0.00705339
103.2 0.00703948
103.3 0.00702557
103.4 0.00701166
103.5 0.00699775
103.6 0.00698384
103.7 0.00696993
103.8 0.00695602
103.9 0.00694211
104 0.0069282
104.1 0.00689433
104.2 0.00686046
104.3 0.00682659
104.4 0.00679272
104.5 0.00675885
104.6 0.00672498
104.7 0.00669111
104.8 0.00665724
104.9 0.00662337
105 0.0065895
105.1 0.00655619
105.2 0.00652288
105.3 0.00648957
105.4 0.00645626
105.5 0.00642295
105.6 0.00638964
105.7 0.00635633
105.8 0.00632302
105.9 0.00628971
106 0.0062564
106.1 0.00713856000000001
106.2 0.00802072000000002
106.3 0.00890288000000004
106.4 0.00978504000000005
106.5 0.0106672
106.6 0.0115493600000001
106.7 0.0124315200000001
106.8 0.0133136800000001
106.9 0.0141958400000001
107 0.015078
107.1 0.0174741
107.2 0.0198702000000001
107.3 0.0222663000000001
107.4 0.0246624000000001
107.5 0.0270585000000001
107.6 0.0294546000000002
107.7 0.0318507000000002
107.8 0.0342468000000003
107.9 0.0366429000000003
108 0.039039
108.1 0.0413808
108.2 0.0437226
108.3 0.0460644000000001
108.4 0.0484062000000001
108.5 0.0507480000000001
108.6 0.0530898000000002
108.7 0.0554316000000002
108.8 0.0577734000000002
108.9 0.0601152000000003
109 0.062457
109.1 0.0643333
109.2 0.0662096
109.3 0.0680859000000001
109.4 0.0699622000000001
109.5 0.0718385000000001
109.6 0.0737148000000001
109.7 0.0755911000000001
109.8 0.0774674000000002
109.9 0.0793437000000002
110 0.08122
110.1 0.083479
110.2 0.0857380000000001
110.3 0.0879970000000001
110.4 0.0902560000000001
110.5 0.0925150000000001
110.6 0.0947740000000001
110.7 0.0970330000000002
110.8 0.0992920000000002
110.9 0.101551
111 0.10381
111.1 0.106583
111.2 0.109356
111.3 0.112129
111.4 0.114902
111.5 0.117675
111.6 0.120448
111.7 0.123221
111.8 0.125994
111.9 0.128767
112 0.13154
112.1 0.135023
112.2 0.138506
112.3 0.141989
112.4 0.145472
112.5 0.148955
112.6 0.152438
112.7 0.155921
112.8 0.159404
112.9 0.162887
113 0.16637
113.1 0.16962
113.2 0.17287
113.3 0.17612
113.4 0.17937
113.5 0.18262
113.6 0.18587
113.7 0.18912
113.8 0.19237
113.9 0.19562
114 0.19887
114.1 0.201561
114.2 0.204252
114.3 0.206943
114.4 0.209634
114.5 0.212325
114.6 0.215016
114.7 0.217707
114.8 0.220398
114.9 0.223089
115 0.22578
115.1 0.228717
115.2 0.231654
115.3 0.234591
115.4 0.237528
115.5 0.240465
115.6 0.243402
115.7 0.246339
115.8 0.249276
115.9 0.252213
116 0.25515
116.1 0.257739
116.2 0.260328
116.3 0.262917
116.4 0.265506
116.5 0.268095
116.6 0.270684
116.7 0.273273
116.8 0.275862
116.9 0.278451
117 0.28104
117.1 0.283579
117.2 0.286118
117.3 0.288657
117.4 0.291196
117.5 0.293735
117.6 0.296274
117.7 0.298813
117.8 0.301352
117.9 0.303891
118 0.30643
118.1 0.309011
118.2 0.311592
118.3 0.314173
118.4 0.316754
118.5 0.319335
118.6 0.321916
118.7 0.324497
118.8 0.327078
118.9 0.329659
119 0.33224
119.1 0.334872
119.2 0.337504
119.3 0.340136
119.4 0.342768
119.5 0.3454
119.6 0.348032
119.7 0.350664
119.8 0.353296
119.9 0.355928
120 0.35856
120.1 0.361169
120.2 0.363778
120.3 0.366387
120.4 0.368996
120.5 0.371605
120.6 0.374214
120.7 0.376823
120.8 0.379432
120.9 0.382041
121 0.38465
121.1 0.381033
121.2 0.377416
121.3 0.373799
121.4 0.370182
121.5 0.366565
121.6 0.362948
121.7 0.359331
121.8 0.355714
121.9 0.352097
122 0.34848
122.1 0.338139
122.2 0.327798
122.3 0.317457
122.4 0.307115999999999
122.5 0.296774999999999
122.6 0.286433999999999
122.7 0.276092999999999
122.8 0.265751999999999
122.9 0.255410999999999
123 0.24507
123.1 0.234426
123.2 0.223782
123.3 0.213138
123.4 0.202493999999999
123.5 0.191849999999999
123.6 0.181205999999999
123.7 0.170561999999999
123.8 0.159917999999999
123.9 0.149273999999999
124 0.13863
124.1 0.1340466
124.2 0.1294632
124.3 0.1248798
124.4 0.1202964
124.5 0.115713
124.6 0.1111296
124.7 0.1065462
124.8 0.1019628
124.9 0.0973793999999995
125 0.092796
125.1 0.0915655
125.2 0.090335
125.3 0.0891044999999999
125.4 0.0878739999999999
125.5 0.0866434999999999
125.6 0.0854129999999999
125.7 0.0841824999999999
125.8 0.0829519999999999
125.9 0.0817214999999998
126 0.080491
126.1 0.0791648
126.2 0.0778386
126.3 0.0765123999999999
126.4 0.0751861999999999
126.5 0.0738599999999999
126.6 0.0725337999999999
126.7 0.0712075999999999
126.8 0.0698813999999999
126.9 0.0685551999999999
127 0.067229
127.1 0.0659531
127.2 0.0646772
127.3 0.0634012999999999
127.4 0.0621253999999999
127.5 0.0608494999999999
127.6 0.0595735999999999
127.7 0.0582976999999999
127.8 0.0570217999999999
127.9 0.0557458999999999
128 0.05447
128.1 0.0532434
128.2 0.0520168
128.3 0.0507902
128.4 0.0495635999999999
128.5 0.0483369999999999
128.6 0.0471103999999999
128.7 0.0458837999999999
128.8 0.0446571999999999
128.9 0.0434305999999999
129 0.042204
129.1 0.0408499
129.2 0.0394958
129.3 0.0381416999999999
129.4 0.0367875999999999
129.5 0.0354334999999999
129.6 0.0340793999999999
129.7 0.0327252999999999
129.8 0.0313711999999999
129.9 0.0300170999999999
130 0.028663
130.1 0.0274158
130.2 0.0261686
130.3 0.0249214
130.4 0.0236741999999999
130.5 0.0224269999999999
130.6 0.0211797999999999
130.7 0.0199325999999999
130.8 0.0186853999999999
130.9 0.0174381999999999
131 0.016191
131.1 0.0150618
131.2 0.0139326
131.3 0.0128034
131.4 0.0116741999999999
131.5 0.0105449999999999
131.6 0.00941579999999989
131.7 0.00828659999999993
131.8 0.00715739999999989
131.9 0.00602819999999988
132 0.004899
132.1 0.00440909999999999
132.2 0.00391919999999999
132.3 0.00342929999999998
132.4 0.00293939999999998
132.5 0.00244949999999998
132.6 0.00195959999999995
132.7 0.00146969999999997
132.8 0.000979799999999953
132.9 0.000489899999999949
133 0
133.1 0
133.2 0
133.3 0
133.4 0
133.5 0
133.6 0
133.7 0
133.8 0
133.9 0
134 0
134.1 0
134.2 0
134.3 0
134.4 0
134.5 0
134.6 0
134.7 0
134.8 0
134.9 0
135 0
135.1 0
135.2 0
135.3 0
135.4 0
135.5 0
135.6 0
135.7 0
135.8 0
135.9 0
136 0
136.1 0
136.2 0
136.3 0
136.4 0
136.5 0
136.6 0
136.7 0
136.8 0
136.9 0
137 0
137.1 0
137.2 0
137.3 0
137.4 0
137.5 0
137.6 0
137.7 0
137.8 0
137.9 0
138 0
138.1 0
138.2 0
138.3 0
138.4 0
138.5 0
138.6 0
138.7 0
138.8 0
138.9 0
139 0
139.1 0
139.2 0
139.3 0
139.4 0
139.5 0
139.6 0
139.7 0
139.8 0
139.9 0
140 0
140.1 0
140.2 0
140.3 0
140.4 0
140.5 0
140.6 0
140.7 0
140.8 0
140.9 0
141 0
141.1 0
141.2 0
141.3 0
141.4 0
141.5 0
141.6 0
141.7 0
141.8 0
141.9 0
142 0
142.1 0
142.2 0
142.3 0
142.4 0
142.5 0
142.6 0
142.7 0
142.8 0
142.9 0
143 0
143.1 0
143.2 0
143.3 0
143.4 0
143.5 0
143.6 0
143.7 0
143.8 0
143.9 0
144 0
144.1 0
144.2 0
144.3 0
144.4 0
144.5 0
144.6 0
144.7 0
144.8 0
144.9 0
145 0
145.1 0
145.2 0
145.3 0
145.4 0
145.5 0
145.6 0
145.7 0
145.8 0
145.9 0
146 0
146.1 0
146.2 0
146.3 0
146.4 0
146.5 0
146.6 0
146.7 0
146.8 0
146.9 0
147 0
147.1 0
147.2 0
147.3 0
147.4 0
147.5 0
147.6 0
147.7 0
147.8 0
147.9 0
148 0
148.1 0
148.2 0
148.3 0
148.4 0
148.5 0
148.6 0
148.7 0
148.8 0
148.9 0
149 0
149.1 0
149.2 0
149.3 0
149.4 0
149.5 0
149.6 0
149.7 0
149.8 0
149.9 0
150 0
150.1 0
150.2 0
150.3 0
150.4 0
150.5 0
150.6 0
150.7 0
150.8 0
150.9 0
151 0
151.1 0
151.2 0
151.3 0
151.4 0
151.5 0
151.6 0
151.7 0
151.8 0
151.9 0
152 0
152.1 0
152.2 0
152.3 0
152.4 0
152.5 0
152.6 0
152.7 0
152.8 0
152.9 0
153 0
153.1 0
153.2 0
153.3 0
153.4 0
153.5 0
153.6 0
153.7 0
153.8 0
153.9 0
154 0
154.1 0
154.2 0
154.3 0
154.4 0
154.5 0
154.6 0
154.7 0
154.8 0
154.9 0
155 0
155.1 0
155.2 0
155.3 0
155.4 0
155.5 0
155.6 0
155.7 0
155.8 0
155.9 0
156 0
156.1 0
156.2 0
156.3 0
156.4 0
156.5 0
156.6 0
156.7 0
156.8 0
156.9 0
157 0
157.1 0
157.2 0
157.3 0
157.4 0
157.5 0
157.6 0
157.7 0
157.8 0
157.9 0
158 0
158.1 0
158.2 0
158.3 0
158.4 0
158.5 0
158.6 0
158.7 0
158.8 0
158.9 0
159 0
159.1 0
159.2 0
159.3 0
159.4 0
159.5 0
159.6 0
159.7 0
159.8 0
159.9 0
160 0
160.1 0
160.2 0
160.3 0
160.4 0
160.5 0
160.6 0
160.7 0
160.8 0
160.9 0
161 0
161.1 0
161.2 0
161.3 0
161.4 0
161.5 0
161.6 0
161.7 0
161.8 0
161.9 0
162 0
162.1 0
162.2 0
162.3 0
162.4 0
162.5 0
162.6 0
162.7 0
162.8 0
162.9 0
163 0
163.1 0
163.2 0
163.3 0
163.4 0
163.5 0
163.6 0
163.7 0
163.8 0
163.9 0
164 0
164.1 0
164.2 0
164.3 0
164.4 0
164.5 0
164.6 0
164.7 0
164.8 0
164.9 0
165 0
165.1 0
165.2 0
165.3 0
165.4 0
165.5 0
165.6 0
165.7 0
165.8 0
165.9 0
166 0
166.1 0
166.2 0
166.3 0
166.4 0
166.5 0
166.6 0
166.7 0
166.8 0
166.9 0
167 0
167.1 0
167.2 0
167.3 0
167.4 0
167.5 0
167.6 0
167.7 0
167.8 0
167.9 0
168 0
168.1 0
168.2 0
168.3 0
168.4 0
168.5 0
168.6 0
168.7 0
168.8 0
168.9 0
169 0
169.1 0
169.2 0
169.3 0
169.4 0
169.5 0
169.6 0
169.7 0
169.8 0
169.9 0
170 0
170.1 0
170.2 0
170.3 0
170.4 0
170.5 0
170.6 0
170.7 0
170.8 0
170.9 0
171 0
171.1 0
171.2 0
171.3 0
171.4 0
171.5 0
171.6 0
171.7 0
171.8 0
171.9 0
172 0
172.1 0
172.2 0
172.3 0
172.4 0
172.5 0
172.6 0
172.7 0
172.8 0
172.9 0
173 0
173.1 0
173.2 0
173.3 0
173.4 0
173.5 0
173.6 0
173.7 0
173.8 0
173.9 0
174 0
174.1 0
174.2 0
174.3 0
174.4 0
174.5 0
174.6 0
174.7 0
174.8 0
174.9 0
175 0
175.1 0
175.2 0
175.3 0
175.4 0
175.5 0
175.6 0
175.7 0
175.8 0
175.9 0
176 0
176.1 0
176.2 0
176.3 0
176.4 0
176.5 0
176.6 0
176.7 0
176.8 0
176.9 0
177 0
177.1 0
177.2 0
177.3 0
177.4 0
177.5 0
177.6 0
177.7 0
177.8 0
177.9 0
178 0
178.1 0
178.2 0
178.3 0
178.4 0
178.5 0
178.6 0
178.7 0
178.8 0
178.9 0
179 0
179.1 0
179.2 0
179.3 0
179.4 0
179.5 0
179.6 0
179.7 0
179.8 0
179.9 0
180 0
180.1 0
180.2 0
180.3 0
180.4 0
180.5 0
180.6 0
180.7 0
180.8 0
180.9 0
181 0
181.1 0
181.2 0
181.3 0
181.4 0
181.5 0
181.6 0
181.7 0
181.8 0
181.9 0
182 0
182.1 0
182.2 0
182.3 0
182.4 0
182.5 0
182.6 0
182.7 0
182.8 0
182.9 0
183 0
183.1 0
183.2 0
183.3 0
183.4 0
183.5 0
183.6 0
183.7 0
183.8 0
183.9 0
184 0
184.1 0
184.2 0
184.3 0
184.4 0
184.5 0
184.6 0
184.7 0
184.8 0
184.9 0
185 0
185.1 0
185.2 0
185.3 0
185.4 0
185.5 0
185.6 0
185.7 0
185.8 0
185.9 0
186 0
186.1 0
186.2 0
186.3 0
186.4 0
186.5 0
186.6 0
186.7 0
186.8 0
186.9 0
187 0
187.1 0
187.2 0
187.3 0
187.4 0
187.5 0
187.6 0
187.7 0
187.8 0
187.9 0
188 0
188.1 0
188.2 0
188.3 0
188.4 0
188.5 0
188.6 0
188.7 0
188.8 0
188.9 0
189 0
189.1 0
189.2 0
189.3 0
189.4 0
189.5 0
189.6 0
189.7 0
189.8 0
189.9 0
190 0
190.1 0
190.2 0
190.3 0
190.4 0
190.5 0
190.6 0
190.7 0
190.8 0
190.9 0
191 0
191.1 0
191.2 0
191.3 0
191.4 0
191.5 0
191.6 0
191.7 0
191.8 0
191.9 0
192 0
192.1 0
192.2 0
192.3 0
192.4 0
192.5 0
192.6 0
192.7 0
192.8 0
192.9 0
193 0
193.1 0
193.2 0
193.3 0
193.4 0
193.5 0
193.6 0
193.7 0
193.8 0
193.9 0
194 0
194.1 0
194.2 0
194.3 0
194.4 0
194.5 0
194.6 0
194.7 0
194.8 0
194.9 0
195 0
195.1 0
195.2 0
195.3 0
195.4 0
195.5 0
195.6 0
195.7 0
195.8 0
195.9 0
196 0
196.1 0
196.2 0
196.3 0
196.4 0
196.5 0
196.6 0
196.7 0
196.8 0
196.9 0
197 0
197.1 0
197.2 0
197.3 0
197.4 0
197.5 0
197.6 0
197.7 0
197.8 0
197.9 0
198 0
198.1 0
198.2 0
198.3 0
198.4 0
198.5 0
198.6 0
198.7 0
198.8 0
198.9 0
199 0
199.1 0
199.2 0
199.3 0
199.4 0
199.5 0
199.6 0
199.7 0
199.8 0
199.9 0
200 0
200.1 0
200.2 0
200.3 0
200.4 0
200.5 0
200.6 0
200.7 0
200.8 0
200.9 0
201 0
201.1 0
201.2 0
201.3 0
201.4 0
201.5 0
201.6 0
201.7 0
201.8 0
201.9 0
202 0
202.1 0
202.2 0
202.3 0
202.4 0
202.5 0
202.6 0
202.7 0
202.8 0
202.9 0
203 0
203.1 0
203.2 0
203.3 0
203.4 0
203.5 0
203.6 0
203.7 0
203.8 0
203.9 0
204 0
204.1 0
204.2 0
204.3 0
204.4 0
204.5 0
204.6 0
204.7 0
204.8 0
204.9 0
205 0
205.1 0
205.2 0
205.3 0
205.4 0
205.5 0
205.6 0
205.7 0
205.8 0
205.9 0
206 0
206.1 0
206.2 0
206.3 0
206.4 0
206.5 0
206.6 0
206.7 0
206.8 0
206.9 0
207 0
207.1 0
207.2 0
207.3 0
207.4 0
207.5 0
207.6 0
207.7 0
207.8 0
207.9 0
208 0
208.1 0
208.2 0
208.3 0
208.4 0
208.5 0
208.6 0
208.7 0
208.8 0
208.9 0
209 0
209.1 0
209.2 0
209.3 0
209.4 0
209.5 0
209.6 0
209.7 0
209.8 0
209.9 0
210 0
210.1 0
210.2 0
210.3 0
210.4 0
210.5 0
210.6 0
210.7 0
210.8 0
210.9 0
211 0
211.1 0
211.2 0
211.3 0
211.4 0
211.5 0
211.6 0
211.7 0
211.8 0
211.9 0
212 0
212.1 0
212.2 0
212.3 0
212.4 0
212.5 0
212.6 0
212.7 0
212.8 0
212.9 0
213 0
213.1 0
213.2 0
213.3 0
213.4 0
213.5 0
213.6 0
213.7 0
213.8 0
213.9 0
214 0
214.1 0
214.2 0
214.3 0
214.4 0
214.5 0
214.6 0
214.7 0
214.8 0
214.9 0
215 0
215.1 0
215.2 0
215.3 0
215.4 0
215.5 0
215.6 0
215.7 0
215.8 0
215.9 0
216 0
216.1 0
216.2 0
216.3 0
216.4 0
216.5 0
216.6 0
216.7 0
216.8 0
216.9 0
217 0
217.1 0
217.2 0
217.3 0
217.4 0
217.5 0
217.6 0
217.7 0
217.8 0
217.9 0
218 0
218.1 0
218.2 0
218.3 0
218.4 0
218.5 0
218.6 0
218.7 0
218.8 0
218.9 0
219 0
219.1 0
219.2 0
219.3 0
219.4 0
219.5 0
219.6 0
219.7 0
219.8 0
219.9 0
220 0
220.1 0
220.2 0
220.3 0
220.4 0
220.5 0
220.6 0
220.7 0
220.8 0
220.9 0
221 0
221.1 0
221.2 0
221.3 0
221.4 0
221.5 0
221.6 0
221.7 0
221.8 0
221.9 0
222 0
222.1 0
222.2 0
222.3 0
222.4 0
222.5 0
222.6 0
222.7 0
222.8 0
222.9 0
223 0
223.1 0
223.2 0
223.3 0
223.4 0
223.5 0
223.6 0
223.7 0
223.8 0
223.9 0
224 0
224.1 0
224.2 0
224.3 0
224.4 0
224.5 0
224.6 0
224.7 0
224.8 0
224.9 0
225 0
225.1 0
225.2 0
225.3 0
225.4 0
225.5 0
225.6 0
225.7 0
225.8 0
225.9 0
226 0
226.1 0
226.2 0
226.3 0
226.4 0
226.5 0
226.6 0
226.7 0
226.8 0
226.9 0
227 0
227.1 0
227.2 0
227.3 0
227.4 0
227.5 0
227.6 0
227.7 0
227.8 0
227.9 0
228 0
228.1 0
228.2 0
228.3 0
228.4 0
228.5 0
228.6 0
228.7 0
228.8 0
228.9 0
229 0
229.1 0
229.2 0
229.3 0
229.4 0
229.5 0
229.6 0
229.7 0
229.8 0
229.9 0
230 0
230.1 0
230.2 0
230.3 0
230.4 0
230.5 0
230.6 0
230.7 0
230.8 0
230.9 0
231 0
231.1 0
231.2 0
231.3 0
231.4 0
231.5 0
231.6 0
231.7 0
231.8 0
231.9 0
232 0
232.1 0
232.2 0
232.3 0
232.4 0
232.5 0
232.6 0
232.7 0
232.8 0
232.9 0
233 0
233.1 0
233.2 0
233.3 0
233.4 0
233.5 0
233.6 0
233.7 0
233.8 0
233.9 0
234 0
234.1 0
234.2 0
234.3 0
234.4 0
234.5 0
234.6 0
234.7 0
234.8 0
234.9 0
235 0
235.1 0
235.2 0
235.3 0
235.4 0
235.5 0
235.6 0
235.7 0
235.8 0
235.9 0
236 0
236.1 0
236.2 0
236.3 0
236.4 0
236.5 0
236.6 0
236.7 0
236.8 0
236.9 0
237 0
237.1 0
237.2 0
237.3 0
237.4 0
237.5 0
237.6 0
237.7 0
237.8 0
237.9 0
238 0
238.1 0
238.2 0
238.3 0
238.4 0
238.5 0
238.6 0
238.7 0
238.8 0
238.9 0
239 0
239.1 0
239.2 0
239.3 0
239.4 0
239.5 0
239.6 0
239.7 0
239.8 0
239.9 0
240 0
240.1 0
240.2 0
240.3 0
240.4 0
240.5 0
240.6 0
240.7 0
240.8 0
240.9 0
241 0
241.1 0
241.2 0
241.3 0
241.4 0
241.5 0
241.6 0
241.7 0
241.8 0
241.9 0
242 0
242.1 0
242.2 0
242.3 0
242.4 0
242.5 0
242.6 0
242.7 0
242.8 0
242.9 0
243 0
243.1 0
243.2 0
243.3 0
243.4 0
243.5 0
243.6 0
243.7 0
243.8 0
243.9 0
244 0
244.1 0
244.2 0
244.3 0
244.4 0
244.5 0
244.6 0
244.7 0
244.8 0
244.9 0
245 0
245.1 0
245.2 0
245.3 0
245.4 0
245.5 0
245.6 0
245.7 0
245.8 0
245.9 0
246 0
246.1 0
246.2 0
246.3 0
246.4 0
246.5 0
246.6 0
246.7 0
246.8 0
246.9 0
247 0
247.1 0
247.2 0
247.3 0
247.4 0
247.5 0
247.6 0
247.7 0
247.8 0
247.9 0
248 0
248.1 0
248.2 0
248.3 0
248.4 0
248.5 0
248.6 0
248.7 0
248.8 0
248.9 0
249 0
249.1 0
249.2 0
249.3 0
249.4 0
249.5 0
249.6 0
249.7 0
249.8 0
249.9 0
250 0
250.1 0
250.2 0
250.3 0
250.4 0
250.5 0
250.6 0
250.7 0
250.8 0
250.9 0
251 0
251.1 0
251.2 0
251.3 0
251.4 0
251.5 0
251.6 0
251.7 0
251.8 0
251.9 0
252 0
252.1 0
252.2 0
252.3 0
252.4 0
252.5 0
252.6 0
252.7 0
252.8 0
252.9 0
253 0
253.1 0
253.2 0
253.3 0
253.4 0
253.5 0
253.6 0
253.7 0
253.8 0
253.9 0
254 0
254.1 0
254.2 0
254.3 0
254.4 0
254.5 0
254.6 0
254.7 0
254.8 0
254.9 0
255 0
255.1 0
255.2 0
255.3 0
255.4 0
255.5 0
255.6 0
255.7 0
255.8 0
255.9 0
256 0
256.1 0
256.2 0
256.3 0
256.4 0
256.5 0
256.6 0
256.7 0
256.8 0
256.9 0
257 0
257.1 0
257.2 0
257.3 0
257.4 0
257.5 0
257.6 0
257.7 0
257.8 0
257.9 0
258 0
258.1 0
258.2 0
258.3 0
258.4 0
258.5 0
258.6 0
258.7 0
258.8 0
258.9 0
259 0
259.1 0
259.2 0
259.3 0
259.4 0
259.5 0
259.6 0
259.7 0
259.8 0
259.9 0
260 0
260.1 0
260.2 0
260.3 0
260.4 0
260.5 0
260.6 0
260.7 0
260.8 0
260.9 0
261 0
261.1 0
261.2 0
261.3 0
261.4 0
261.5 0
261.6 0
261.7 0
261.8 0
261.9 0
262 0
262.1 0
262.2 0
262.3 0
262.4 0
262.5 0
262.6 0
262.7 0
262.8 0
262.9 0
263 0
263.1 0
263.2 0
263.3 0
263.4 0
263.5 0
263.6 0
263.7 0
263.8 0
263.9 0
264 0
264.1 0
264.2 0
264.3 0
264.4 0
264.5 0
264.6 0
264.7 0
264.8 0
264.9 0
265 0
265.1 0
265.2 0
265.3 0
265.4 0
265.5 0
265.6 0
265.7 0
265.8 0
265.9 0
266 0
266.1 0
266.2 0
266.3 0
266.4 0
266.5 0
266.6 0
266.7 0
266.8 0
266.9 0
267 0
267.1 0
267.2 0
267.3 0
267.4 0
267.5 0
267.6 0
267.7 0
267.8 0
267.9 0
268 0
268.1 0
268.2 0
268.3 0
268.4 0
268.5 0
268.6 0
268.7 0
268.8 0
268.9 0
269 0
269.1 0
269.2 0
269.3 0
269.4 0
269.5 0
269.6 0
269.7 0
269.8 0
269.9 0
270 0
270.1 0
270.2 0
270.3 0
270.4 0
270.5 0
270.6 0
270.7 0
270.8 0
270.9 0
271 0
271.1 0
271.2 0
271.3 0
271.4 0
271.5 0
271.6 0
271.7 0
271.8 0
271.9 0
272 0
272.1 0
272.2 0
272.3 0
272.4 0
272.5 0
272.6 0
272.7 0
272.8 0
272.9 0
273 0
273.1 0
273.2 0
273.3 0
273.4 0
273.5 0
273.6 0
273.7 0
273.8 0
273.9 0
274 0
274.1 0
274.2 0
274.3 0
274.4 0
274.5 0
274.6 0
274.7 0
274.8 0
274.9 0
275 0
275.1 0
275.2 0
275.3 0
275.4 0
275.5 0
275.6 0
275.7 0
275.8 0
275.9 0
276 0
276.1 0
276.2 0
276.3 0
276.4 0
276.5 0
276.6 0
276.7 0
276.8 0
276.9 0
