6 0.16725
6.1 0.16647
6.2 0.16569
6.3 0.16491
6.4 0.16413
6.5 0.16335
6.6 0.16257
6.7 0.16179
6.8 0.16101
6.9 0.16023
7 0.15945
7.1 0.158824
7.2 0.158198
7.3 0.157572
7.4 0.156946
7.5 0.15632
7.6 0.155694
7.7 0.155068
7.8 0.154442
7.9 0.153816
8 0.15319
8.1 0.152804
8.2 0.152418
8.3 0.152032
8.4 0.151646
8.5 0.15126
8.6 0.150874
8.7 0.150488
8.8 0.150102
8.9 0.149716
9 0.14933
9.1 0.148866
9.2 0.148402
9.3 0.147938
9.4 0.147474
9.5 0.14701
9.6 0.146546
9.7 0.146082
9.8 0.145618
9.9 0.145154
10 0.14469
10.1 0.143569
10.2 0.142448
10.3 0.141327
10.4 0.140206
10.5 0.139085
10.6 0.137964
10.7 0.136843
10.8 0.135722
10.9 0.134601
11 0.13348
11.1 0.13277
11.2 0.13206
11.3 0.13135
11.4 0.13064
11.5 0.12993
11.6 0.12922
11.7 0.12851
11.8 0.1278
11.9 0.12709
12 0.12638
12.1 0.125938
12.2 0.125496
12.3 0.125054
12.4 0.124612
12.5 0.12417
12.6 0.123728
12.7 0.123286
12.8 0.122844
12.9 0.122402
13 0.12196
13.1 0.121658
13.2 0.121356
13.3 0.121054
13.4 0.120752
13.5 0.12045
13.6 0.120148
13.7 0.119846
13.8 0.119544
13.9 0.119242
14 0.11894
14.1 0.118721
14.2 0.118502
14.3 0.118283
14.4 0.118064
14.5 0.117845
14.6 0.117626
14.7 0.117407
14.8 0.117188
14.9 0.116969
15 0.11675
15.1 0.116262
15.2 0.115774
15.3 0.115286
15.4 0.114798
15.5 0.11431
15.6 0.113822
15.7 0.113334
15.8 0.112846
15.9 0.112358
16 0.11187
16.1 0.110745
16.2 0.10962
16.3 0.108495
16.4 0.10737
16.5 0.106245
16.6 0.10512
16.7 0.103995
16.8 0.10287
16.9 0.101745
17 0.10062
17.1 0.0997657
17.2 0.0989114
17.3 0.0980571
17.4 0.0972028
17.5 0.0963485
17.6 0.0954942
17.7 0.0946399
17.8 0.0937856
17.9 0.0929313
18 0.092077
18.1 0.0914315
18.2 0.090786
18.3 0.0901405
18.4 0.089495
18.5 0.0888495
18.6 0.088204
18.7 0.0875585
18.8 0.086913
18.9 0.0862675
19 0.085622
19.1 0.085117
19.2 0.084612
19.3 0.084107
19.4 0.083602
19.5 0.083097
19.6 0.082592
19.7 0.082087
19.8 0.081582
19.9 0.081077
20 0.080572
20.1 0.0801662
20.2 0.0797604
20.3 0.0793546
20.4 0.0789488
20.5 0.078543
20.6 0.0781372
20.7 0.0777314
20.8 0.0773256
20.9 0.0769198
21 0.076514
21.1 0.0761806
21.2 0.0758472
21.3 0.0755138
21.4 0.0751804
21.5 0.074847
21.6 0.0745136
21.7 0.0741802
21.8 0.0738468
21.9 0.0735134
22 0.07318
22.1 0.0729014
22.2 0.0726228
22.3 0.0723442
22.4 0.0720656
22.5 0.071787
22.6 0.0715084
22.7 0.0712298
22.8 0.0709512
22.9 0.0706726
23 0.070394
23.1 0.0701576
23.2 0.0699212
23.3 0.0696848
23.4 0.0694484
23.5 0.069212
23.6 0.0689756
23.7 0.0687392
23.8 0.0685028
23.9 0.0682664
24 0.06803
24.1 0.067778
24.2 0.067526
24.3 0.067274
24.4 0.067022
24.5 0.06677
24.6 0.066518
24.7 0.066266
24.8 0.066014
24.9 0.065762
25 0.06551
25.1 0.0649975
25.2 0.064485
25.3 0.0639725
25.4 0.06346
25.5 0.0629475
25.6 0.062435
25.7 0.0619225
25.8 0.06141
25.9 0.0608975
26 0.060385
26.1 0.0598544
26.2 0.0593238
26.3 0.0587932
26.4 0.0582626
26.5 0.057732
26.6 0.0572014
26.7 0.0566708
26.8 0.0561402
26.9 0.0556096
27 0.055079
27.1 0.0545654
27.2 0.0540518
27.3 0.0535382
27.4 0.0530246
27.5 0.052511
27.6 0.0519974
27.7 0.0514838
27.8 0.0509702
27.9 0.0504566
28 0.049943
28.1 0.0494079
28.2 0.0488728
28.3 0.0483377
28.4 0.0478026
28.5 0.0472675
28.6 0.0467324
28.7 0.0461973
28.8 0.0456622
28.9 0.0451271
29 0.044592
29.1 0.0440539
29.2 0.0435158
29.3 0.0429777
29.4 0.0424396
29.5 0.0419015
29.6 0.0413634
29.7 0.0408253
29.8 0.0402872
29.9 0.0397491
30 0.039211
30.1 0.0386871
30.2 0.0381632
30.3 0.0376393
30.4 0.0371154
30.5 0.0365915
30.6 0.0360676
30.7 0.0355437
30.8 0.0350198
30.9 0.0344959
31 0.033972
31.1 0.0336422
31.2 0.0333124
31.3 0.0329826
31.4 0.0326528
31.5 0.032323
31.6 0.0319932
31.7 0.0316634
31.8 0.0313336
31.9 0.0310038
32 0.030674
32.1 0.0304648
32.2 0.0302556
32.3 0.0300464
32.4 0.0298372
32.5 0.029628
32.6 0.0294188
32.7 0.0292096
32.8 0.0290004
32.9 0.0287912
33 0.028582
33.1 0.0284374
33.2 0.0282928
33.3 0.0281482
33.4 0.0280036
33.5 0.027859
33.6 0.0277144
33.7 0.0275698
33.8 0.0274252
33.9 0.0272806
34 0.027136
34.1 0.0270301
34.2 0.0269242
34.3 0.0268183
34.4 0.0267124
34.5 0.0266065
34.6 0.0265006
34.7 0.0263947
34.8 0.0262888
34.9 0.0261829
35 0.026077
35.1 0.0259681
35.2 0.0258592
35.3 0.0257503
35.4 0.0256414
35.5 0.0255325
35.6 0.0254236
35.7 0.0253147
35.8 0.0252058
35.9 0.0250969
36 0.024988
36.1 0.0247653
36.2 0.0245426
36.3 0.0243199
36.4 0.0240972
36.5 0.0238745
36.6 0.0236518
36.7 0.0234291
36.8 0.0232064
36.9 0.0229837
37 0.022761
37.1 0.0225815
37.2 0.022402
37.3 0.0222225
37.4 0.022043
37.5 0.0218635
37.6 0.021684
37.7 0.0215045
37.8 0.021325
37.9 0.0211455
38 0.020966
38.1 0.0207994
38.2 0.0206328
38.3 0.0204662
38.4 0.0202996
38.5 0.020133
38.6 0.0199664
38.7 0.0197998
38.8 0.0196332
38.9 0.0194666
39 0.0193
39.1 0.0191514
39.2 0.0190028
39.3 0.0188542
39.4 0.0187056
39.5 0.018557
39.6 0.0184084
39.7 0.0182598
39.8 0.0181112
39.9 0.0179626
40 0.017814
40.1 0.0176808
40.2 0.0175476
40.3 0.0174144
40.4 0.0172812
40.5 0.017148
40.6 0.0170148
40.7 0.0168816
40.8 0.0167484
40.9 0.0166152
41 0.016482
41.1 0.0163496
41.2 0.0162172
41.3 0.0160848
41.4 0.0159524
41.5 0.01582
41.6 0.0156876
41.7 0.0155552
41.8 0.0154228
41.9 0.0152904
42 0.015158
42.1 0.0149787
42.2 0.0147994
42.3 0.0146201
42.4 0.0144408
42.5 0.0142615
42.6 0.0140822
42.7 0.0139029
42.8 0.0137236
42.9 0.0135443
43 0.013365
43.1 0.0131672
43.2 0.0129694
43.3 0.0127716
43.4 0.0125738
43.5 0.012376
43.6 0.0121782
43.7 0.0119804
43.8 0.0117826
43.9 0.0115848
44 0.011387
44.1 0.01121679
44.2 0.01104658
44.3 0.01087637
44.4 0.01070616
44.5 0.01053595
44.6 0.01036574
44.7 0.01019553
44.8 0.01002532
44.9 0.00985511
45 0.0096849
45.1 0.0095224
45.2 0.0093599
45.3 0.0091974
45.4 0.0090349
45.5 0.0088724
45.6 0.0087099
45.7 0.0085474
45.8 0.0083849
45.9 0.00822239999999999
46 0.0080599
46.1 0.00791717
46.2 0.00777444
46.3 0.00763171
46.4 0.00748898
46.5 0.00734625
46.6 0.00720352
46.7 0.00706079
46.8 0.00691806
46.9 0.00677533
47 0.0066326
47.1 0.00653418
47.2 0.00643576
47.3 0.00633734
47.4 0.00623892
47.5 0.0061405
47.6 0.00604208
47.7 0.00594366
47.8 0.00584524
47.9 0.00574682
48 0.0056484
48.1 0.00558478
48.2 0.00552116
48.3 0.00545754
48.4 0.00539392
48.5 0.0053303
48.6 0.00526668
48.7 0.00520306
48.8 0.00513944
48.9 0.00507582
49 0.0050122
49.1 0.00495436
49.2 0.00489652
49.3 0.00483868
49.4 0.00478084
49.5 0.004723
49.6 0.00466516
49.7 0.00460732
49.8 0.00454948
49.9 0.00449164
50 0.0044338
50.1 0.00438636
50.2 0.00433892
50.3 0.00429148
50.4 0.00424404
50.5 0.0041966
50.6 0.00414916
50.7 0.00410172
50.8 0.00405428
50.9 0.00400684
51 0.0039594
51.1 0.00393218
51.2 0.00390496
51.3 0.00387774
51.4 0.00385052
51.5 0.0038233
51.6 0.00379608
51.7 0.00376886
51.8 0.00374164
51.9 0.00371442
52 0.0036872
52.1 0.00365205
52.2 0.0036169
52.3 0.00358175
52.4 0.0035466
52.5 0.00351145
52.6 0.0034763
52.7 0.00344115
52.8 0.003406
52.9 0.00337085
53 0.0033357
53.1 0.00327102
53.2 0.00320634
53.3 0.00314166
53.4 0.00307698
53.5 0.0030123
53.6 0.00294762
53.7 0.00288294
53.8 0.00281826
53.9 0.00275358
54 0.0026889
54.1 0.00262561
54.2 0.00256232
54.3 0.00249903
54.4 0.00243574
54.5 0.00237245
54.6 0.00230916
54.7 0.00224587
54.8 0.00218258
54.9 0.00211929
55 0.002056
55.1 0.00200999
55.2 0.00196398
55.3 0.00191797
55.4 0.00187196
55.5 0.00182595
55.6 0.00177994
55.7 0.00173393
55.8 0.00168792
55.9 0.00164191
56 0.0015959
56.1 0.00157061
56.2 0.00154532
56.3 0.00152003
56.4 0.00149474
56.5 0.00146945
56.6 0.00144416
56.7 0.00141887
56.8 0.00139358
56.9 0.00136829
57 0.001343
57.1 0.00131943
57.2 0.00129586
57.3 0.00127229
57.4 0.00124872
57.5 0.00122515
57.6 0.00120158
57.7 0.00117801
57.8 0.00115444
57.9 0.00113087
58 0.0011073
58.1 0.001082766
58.2 0.001058232
58.3 0.001033698
58.4 0.001009164
58.5 0.00098463
58.6 0.000960096
58.7 0.000935562
58.8 0.000911028
58.9 0.000886493999999999
59 0.00086196
59.1 0.000840313
59.2 0.000818666
59.3 0.000797019
59.4 0.000775372
59.5 0.000753725
59.6 0.000732078
59.7 0.000710431
59.8 0.000688784
59.9 0.000667136999999999
60 0.00064549
60.1 0.000622658
60.2 0.000599826
60.3 0.000576994
60.4 0.000554162
60.5 0.00053133
60.6 0.000508498
60.7 0.000485666
60.8 0.000462834
60.9 0.000440001999999999
61 0.00041717
61.1 0.000395764
61.2 0.000374358
61.3 0.000352952
61.4 0.000331546
61.5 0.00031014
61.6 0.000288734
61.7 0.000267328
61.8 0.000245922
61.9 0.000224515999999999
62 0.00020311
62.1 0.0001847786
62.2 0.0001664472
62.3 0.0001481158
62.4 0.0001297844
62.5 0.000111453
62.6 9.31215999999999e-05
62.7 7.47901999999999e-05
62.8 5.64587999999997e-05
62.9 3.81273999999995e-05
63 1.9796e-05
63.1 1.78164e-05
63.2 1.58368e-05
63.3 1.38572e-05
63.4 1.18776e-05
63.5 9.89799999999999e-06
63.6 7.91839999999999e-06
63.7 5.93879999999999e-06
63.8 3.95919999999997e-06
63.9 1.97959999999994e-06
64 0
64.1 0
64.2 0
64.3 0
64.4 0
64.5 0
64.6 0
64.7 0
64.8 0
64.9 0
65 0
65.1 0
65.2 0
65.3 0
65.4 0
65.5 0
65.6 0
65.7 0
65.8 0
65.9 0
66 0
66.1 0
66.2 0
66.3 0
66.4 0
66.5 0
66.6 0
66.7 0
66.8 0
66.9 0
67 0
67.1 0
67.2 0
67.3 0
67.4 0
67.5 0
67.6 0
67.7 0
67.8 0
67.9 0
68 0
68.1 0
68.2 0
68.3 0
68.4 0
68.5 0
68.6 0
68.7 0
68.8 0
68.9 0
69 0
69.1 0
69.2 0
69.3 0
69.4 0
69.5 0
69.6 0
69.7 0
69.8 0
69.9 0
70 0
70.1 0
70.2 0
70.3 0
70.4 0
70.5 0
70.6 0
70.7 0
70.8 0
70.9 0
71 0
71.1 0
71.2 0
71.3 0
71.4 0
71.5 0
71.6 0
71.7 0
71.8 0
71.9 0
72 0
72.1 0
72.2 0
72.3 0
72.4 0
72.5 0
72.6 0
72.7 0
72.8 0
72.9 0
73 0
73.1 0
73.2 0
73.3 0
73.4 0
73.5 0
73.6 0
73.7 0
73.8 0
73.9 0
74 0
74.1 0
74.2 0
74.3 0
74.4 0
74.5 0
74.6 0
74.7 0
74.8 0
74.9 0
75 0
75.1 0
75.2 0
75.3 0
75.4 0
75.5 0
75.6 0
75.7 0
75.8 0
75.9 0
76 0
76.1 0
76.2 0
76.3 0
76.4 0
76.5 0
76.6 0
76.7 0
76.8 0
76.9 0
77 0
77.1 0
77.2 0
77.3 0
77.4 0
77.5 0
77.6 0
77.7 0
77.8 0
77.9 0
78 0
78.1 0
78.2 0
78.3 0
78.4 0
78.5 0
78.6 0
78.7 0
78.8 0
78.9 0
79 0
79.1 0
79.2 0
79.3 0
79.4 0
79.5 0
79.6 0
79.7 0
79.8 0
79.9 0
80 0
80.1 0
80.2 0
80.3 0
80.4 0
80.5 0
80.6 0
80.7 0
80.8 0
80.9 0
81 0
81.1 0
81.2 0
81.3 0
81.4 0
81.5 0
81.6 0
81.7 0
81.8 0
81.9 0
82 0
82.1 0
82.2 0
82.3 0
82.4 0
82.5 0
82.6 0
82.7 0
82.8 0
82.9 0
83 0
83.1 0
83.2 0
83.3 0
83.4 0
83.5 0
83.6 0
83.7 0
83.8 0
83.9 0
84 0
84.1 0
84.2 0
84.3 0
84.4 0
84.5 0
84.6 0
84.7 0
84.8 0
84.9 0
85 0
85.1 0
85.2 0
85.3 0
85.4 0
85.5 0
85.6 0
85.7 0
85.8 0
85.9 0
86 0
86.1 0
86.2 0
86.3 0
86.4 0
86.5 0
86.6 0
86.7 0
86.8 0
86.9 0
87 0
87.1 0
87.2 0
87.3 0
87.4 0
87.5 0
87.6 0
87.7 0
87.8 0
87.9 0
88 0
88.1 0
88.2 0
88.3 0
88.4 0
88.5 0
88.6 0
88.7 0
88.8 0
88.9 0
89 0
89.1 0
89.2 0
89.3 0
89.4 0
89.5 0
89.6 0
89.7 0
89.8 0
89.9 0
90 0
90.1 0
90.2 0
90.3 0
90.4 0
90.5 0
90.6 0
90.7 0
90.8 0
90.9 0
91 0
91.1 0
91.2 0
91.3 0
91.4 0
91.5 0
91.6 0
91.7 0
91.8 0
91.9 0
92 0
92.1 0
92.2 0
92.3 0
92.4 0
92.5 0
92.6 0
92.7 0
92.8 0
92.9 0
93 0
93.1 0
93.2 0
93.3 0
93.4 0
93.5 0
93.6 0
93.7 0
93.8 0
93.9 0
94 0
94.1 0
94.2 0
94.3 0
94.4 0
94.5 0
94.6 0
94.7 0
94.8 0
94.9 0
95 0
95.1 0
95.2 0
95.3 0
95.4 0
95.5 0
95.6 0
95.7 0
95.8 0
95.9 0
96 0
96.1 0
96.2 0
96.3 0
96.4 0
96.5 0
96.6 0
96.7 0
96.8 0
96.9 0
97 0
97.1 0
97.2 0
97.3 0
97.4 0
97.5 0
97.6 0
97.7 0
97.8 0
97.9 0
98 0
98.1 0
98.2 0
98.3 0
98.4 0
98.5 0
98.6 0
98.7 0
98.8 0
98.9 0
99 0
99.1 0
99.2 0
99.3 0
99.4 0
99.5 0
99.6 0
99.7 0
99.8 0
99.9 0
100 0
100.1 0
100.2 0
100.3 0
100.4 0
100.5 0
100.6 0
100.7 0
100.8 0
100.9 0
101 0
101.1 0
101.2 0
101.3 0
101.4 0
101.5 0
101.6 0
101.7 0
101.8 0
101.9 0
102 0
102.1 0
102.2 0
102.3 0
102.4 0
102.5 0
102.6 0
102.7 0
102.8 0
102.9 0
103 0
103.1 0
103.2 0
103.3 0
103.4 0
103.5 0
103.6 0
103.7 0
103.8 0
103.9 0
104 0
104.1 0
104.2 0
104.3 0
104.4 0
104.5 0
104.6 0
104.7 0
104.8 0
104.9 0
105 0
105.1 0
105.2 0
105.3 0
105.4 0
105.5 0
105.6 0
105.7 0
105.8 0
105.9 0
106 0
106.1 0
106.2 0
106.3 0
106.4 0
106.5 0
106.6 0
106.7 0
106.8 0
106.9 0
107 0
107.1 0
107.2 0
107.3 0
107.4 0
107.5 0
107.6 0
107.7 0
107.8 0
107.9 0
108 0
108.1 0
108.2 0
108.3 0
108.4 0
108.5 0
108.6 0
108.7 0
108.8 0
108.9 0
109 0
109.1 0
109.2 0
109.3 0
109.4 0
109.5 0
109.6 0
109.7 0
109.8 0
109.9 0
110 0
110.1 0
110.2 0
110.3 0
110.4 0
110.5 0
110.6 0
110.7 0
110.8 0
110.9 0
111 0
111.1 0
111.2 0
111.3 0
111.4 0
111.5 0
111.6 0
111.7 0
111.8 0
111.9 0
112 0
112.1 0
112.2 0
112.3 0
112.4 0
112.5 0
112.6 0
112.7 0
112.8 0
112.9 0
113 0
113.1 0
113.2 0
113.3 0
113.4 0
113.5 0
113.6 0
113.7 0
113.8 0
113.9 0
114 0
114.1 0
114.2 0
114.3 0
114.4 0
114.5 0
114.6 0
114.7 0
114.8 0
114.9 0
115 0
115.1 0
115.2 0
115.3 0
115.4 0
115.5 0
115.6 0
115.7 0
115.8 0
115.9 0
116 0
116.1 0
116.2 0
116.3 0
116.4 0
116.5 0
116.6 0
116.7 0
116.8 0
116.9 0
117 0
117.1 0
117.2 0
117.3 0
117.4 0
117.5 0
117.6 0
117.7 0
117.8 0
117.9 0
118 0
118.1 0
118.2 0
118.3 0
118.4 0
118.5 0
118.6 0
118.7 0
118.8 0
118.9 0
119 0
119.1 0
119.2 0
119.3 0
119.4 0
119.5 0
119.6 0
119.7 0
119.8 0
119.9 0
120 0
120.1 0
120.2 0
120.3 0
120.4 0
120.5 0
120.6 0
120.7 0
120.8 0
120.9 0
121 0
121.1 0
121.2 0
121.3 0
121.4 0
121.5 0
121.6 0
121.7 0
121.8 0
121.9 0
122 0
122.1 0
122.2 0
122.3 0
122.4 0
122.5 0
122.6 0
122.7 0
122.8 0
122.9 0
123 0
123.1 0
123.2 0
123.3 0
123.4 0
123.5 0
123.6 0
123.7 0
123.8 0
123.9 0
124 0
124.1 0
124.2 0
124.3 0
124.4 0
124.5 0
124.6 0
124.7 0
124.8 0
124.9 0
125 0
125.1 0
125.2 0
125.3 0
125.4 0
125.5 0
125.6 0
125.7 0
125.8 0
125.9 0
126 0
126.1 0
126.2 0
126.3 0
126.4 0
126.5 0
126.6 0
126.7 0
126.8 0
126.9 0
127 0
127.1 0
127.2 0
127.3 0
127.4 0
127.5 0
127.6 0
127.7 0
127.8 0
127.9 0
128 0
128.1 0
128.2 0
128.3 0
128.4 0
128.5 0
128.6 0
128.7 0
128.8 0
128.9 0
129 0
129.1 0
129.2 0
129.3 0
129.4 0
129.5 0
129.6 0
129.7 0
129.8 0
129.9 0
130 0
130.1 0
130.2 0
130.3 0
130.4 0
130.5 0
130.6 0
130.7 0
130.8 0
130.9 0
131 0
131.1 0
131.2 0
131.3 0
131.4 0
131.5 0
131.6 0
131.7 0
131.8 0
131.9 0
132 0
132.1 0
132.2 0
132.3 0
132.4 0
132.5 0
132.6 0
132.7 0
132.8 0
132.9 0
133 0
133.1 0
133.2 0
133.3 0
133.4 0
133.5 0
133.6 0
133.7 0
133.8 0
133.9 0
134 0
134.1 0
134.2 0
134.3 0
134.4 0
134.5 0
134.6 0
134.7 0
134.8 0
134.9 0
135 0
135.1 0
135.2 0
135.3 0
135.4 0
135.5 0
135.6 0
135.7 0
135.8 0
135.9 0
136 0
136.1 0
136.2 0
136.3 0
136.4 0
136.5 0
136.6 0
136.7 0
136.8 0
136.9 0
137 0
137.1 0
137.2 0
137.3 0
137.4 0
137.5 0
137.6 0
137.7 0
137.8 0
137.9 0
138 0
138.1 0
138.2 0
138.3 0
138.4 0
138.5 0
138.6 0
138.7 0
138.8 0
138.9 0
139 0
139.1 0
139.2 0
139.3 0
139.4 0
139.5 0
139.6 0
139.7 0
139.8 0
139.9 0
140 0
140.1 0
140.2 0
140.3 0
140.4 0
140.5 0
140.6 0
140.7 0
140.8 0
140.9 0
141 0
141.1 0
141.2 0
141.3 0
141.4 0
141.5 0
141.6 0
141.7 0
141.8 0
141.9 0
142 0
142.1 0
142.2 0
142.3 0
142.4 0
142.5 0
142.6 0
142.7 0
142.8 0
142.9 0
143 0
143.1 0
143.2 0
143.3 0
143.4 0
143.5 0
143.6 0
143.7 0
143.8 0
143.9 0
144 0
144.1 0
144.2 0
144.3 0
144.4 0
144.5 0
144.6 0
144.7 0
144.8 0
144.9 0
145 0
145.1 0
145.2 0
145.3 0
145.4 0
145.5 0
145.6 0
145.7 0
145.8 0
145.9 0
146 0
146.1 0
146.2 0
146.3 0
146.4 0
146.5 0
146.6 0
146.7 0
146.8 0
146.9 0
147 0
147.1 0
147.2 0
147.3 0
147.4 0
147.5 0
147.6 0
147.7 0
147.8 0
147.9 0
148 0
148.1 0
148.2 0
148.3 0
148.4 0
148.5 0
148.6 0
148.7 0
148.8 0
148.9 0
149 0
149.1 0
149.2 0
149.3 0
149.4 0
149.5 0
149.6 0
149.7 0
149.8 0
149.9 0
150 0
150.1 0
150.2 0
150.3 0
150.4 0
150.5 0
150.6 0
150.7 0
150.8 0
150.9 0
151 0
151.1 0
151.2 0
151.3 0
151.4 0
151.5 0
151.6 0
151.7 0
151.8 0
151.9 0
152 0
152.1 0
152.2 0
152.3 0
152.4 0
152.5 0
152.6 0
152.7 0
152.8 0
152.9 0
153 0
153.1 0
153.2 0
153.3 0
153.4 0
153.5 0
153.6 0
153.7 0
153.8 0
153.9 0
154 0
154.1 0
154.2 0
154.3 0
154.4 0
154.5 0
154.6 0
154.7 0
154.8 0
154.9 0
155 0
155.1 0
155.2 0
155.3 0
155.4 0
155.5 0
155.6 0
155.7 0
155.8 0
155.9 0
156 0
156.1 0
156.2 0
156.3 0
156.4 0
156.5 0
156.6 0
156.7 0
156.8 0
156.9 0
157 0
157.1 0
157.2 0
157.3 0
157.4 0
157.5 0
157.6 0
157.7 0
157.8 0
157.9 0
158 0
158.1 0
158.2 0
158.3 0
158.4 0
158.5 0
158.6 0
158.7 0
158.8 0
158.9 0
159 0
159.1 0
159.2 0
159.3 0
159.4 0
159.5 0
159.6 0
159.7 0
159.8 0
159.9 0
160 0
160.1 0
160.2 0
160.3 0
160.4 0
160.5 0
160.6 0
160.7 0
160.8 0
160.9 0
161 0
161.1 0
161.2 0
161.3 0
161.4 0
161.5 0
161.6 0
161.7 0
161.8 0
161.9 0
162 0
162.1 0
162.2 0
162.3 0
162.4 0
162.5 0
162.6 0
162.7 0
162.8 0
162.9 0
163 0
163.1 0
163.2 0
163.3 0
163.4 0
163.5 0
163.6 0
163.7 0
163.8 0
163.9 0
164 0
164.1 0
164.2 0
164.3 0
164.4 0
164.5 0
164.6 0
164.7 0
164.8 0
164.9 0
165 0
165.1 0
165.2 0
165.3 0
165.4 0
165.5 0
165.6 0
165.7 0
165.8 0
165.9 0
166 0
166.1 0
166.2 0
166.3 0
166.4 0
166.5 0
166.6 0
166.7 0
166.8 0
166.9 0
167 0
167.1 0
167.2 0
167.3 0
167.4 0
167.5 0
167.6 0
167.7 0
167.8 0
167.9 0
168 0
168.1 0
168.2 0
168.3 0
168.4 0
168.5 0
168.6 0
168.7 0
168.8 0
168.9 0
169 0
169.1 0
169.2 0
169.3 0
169.4 0
169.5 0
169.6 0
169.7 0
169.8 0
169.9 0
170 0
170.1 0
170.2 0
170.3 0
170.4 0
170.5 0
170.6 0
170.7 0
170.8 0
170.9 0
171 0
171.1 0
171.2 0
171.3 0
171.4 0
171.5 0
171.6 0
171.7 0
171.8 0
171.9 0
172 0
172.1 0
172.2 0
172.3 0
172.4 0
172.5 0
172.6 0
172.7 0
172.8 0
172.9 0
173 0
173.1 0
173.2 0
173.3 0
173.4 0
173.5 0
173.6 0
173.7 0
173.8 0
173.9 0
174 0
174.1 0
174.2 0
174.3 0
174.4 0
174.5 0
174.6 0
174.7 0
174.8 0
174.9 0
175 0
175.1 0
175.2 0
175.3 0
175.4 0
175.5 0
175.6 0
175.7 0
175.8 0
175.9 0
176 0
176.1 0
176.2 0
176.3 0
176.4 0
176.5 0
176.6 0
176.7 0
176.8 0
176.9 0
177 0
177.1 0
177.2 0
177.3 0
177.4 0
177.5 0
177.6 0
177.7 0
177.8 0
177.9 0
178 0
178.1 0
178.2 0
178.3 0
178.4 0
178.5 0
178.6 0
178.7 0
178.8 0
178.9 0
179 0
179.1 0
179.2 0
179.3 0
179.4 0
179.5 0
179.6 0
179.7 0
179.8 0
179.9 0
180 0
180.1 0
180.2 0
180.3 0
180.4 0
180.5 0
180.6 0
180.7 0
180.8 0
180.9 0
181 0
181.1 0
181.2 0
181.3 0
181.4 0
181.5 0
181.6 0
181.7 0
181.8 0
181.9 0
182 0
182.1 0
182.2 0
182.3 0
182.4 0
182.5 0
182.6 0
182.7 0
182.8 0
182.9 0
183 0
183.1 0
183.2 0
183.3 0
183.4 0
183.5 0
183.6 0
183.7 0
183.8 0
183.9 0
184 0
184.1 0
184.2 0
184.3 0
184.4 0
184.5 0
184.6 0
184.7 0
184.8 0
184.9 0
185 0
185.1 0
185.2 0
185.3 0
185.4 0
185.5 0
185.6 0
185.7 0
185.8 0
185.9 0
186 0
186.1 0
186.2 0
186.3 0
186.4 0
186.5 0
186.6 0
186.7 0
186.8 0
186.9 0
187 0
187.1 0
187.2 0
187.3 0
187.4 0
187.5 0
187.6 0
187.7 0
187.8 0
187.9 0
188 0
188.1 0
188.2 0
188.3 0
188.4 0
188.5 0
188.6 0
188.7 0
188.8 0
188.9 0
189 0
189.1 0
189.2 0
189.3 0
189.4 0
189.5 0
189.6 0
189.7 0
189.8 0
189.9 0
190 0
190.1 0
190.2 0
190.3 0
190.4 0
190.5 0
190.6 0
190.7 0
190.8 0
190.9 0
191 0
191.1 0
191.2 0
191.3 0
191.4 0
191.5 0
191.6 0
191.7 0
191.8 0
191.9 0
192 0
192.1 0
192.2 0
192.3 0
192.4 0
192.5 0
192.6 0
192.7 0
192.8 0
192.9 0
193 0
193.1 0
193.2 0
193.3 0
193.4 0
193.5 0
193.6 0
193.7 0
193.8 0
193.9 0
194 0
194.1 0
194.2 0
194.3 0
194.4 0
194.5 0
194.6 0
194.7 0
194.8 0
194.9 0
195 0
195.1 0
195.2 0
195.3 0
195.4 0
195.5 0
195.6 0
195.7 0
195.8 0
195.9 0
196 0
196.1 0
196.2 0
196.3 0
196.4 0
196.5 0
196.6 0
196.7 0
196.8 0
196.9 0
197 0
197.1 0
197.2 0
197.3 0
197.4 0
197.5 0
197.6 0
197.7 0
197.8 0
197.9 0
198 0
198.1 0
198.2 0
198.3 0
198.4 0
198.5 0
198.6 0
198.7 0
198.8 0
198.9 0
199 0
199.1 0
199.2 0
199.3 0
199.4 0
199.5 0
199.6 0
199.7 0
199.8 0
199.9 0
200 0
200.1 0
200.2 0
200.3 0
200.4 0
200.5 0
200.6 0
200.7 0
200.8 0
200.9 0
201 0
201.1 0
201.2 0
201.3 0
201.4 0
201.5 0
201.6 0
201.7 0
201.8 0
201.9 0
202 0
202.1 0
202.2 0
202.3 0
202.4 0
202.5 0
202.6 0
202.7 0
202.8 0
202.9 0
203 0
203.1 0
203.2 0
203.3 0
203.4 0
203.5 0
203.6 0
203.7 0
203.8 0
203.9 0
204 0
204.1 0
204.2 0
204.3 0
204.4 0
204.5 0
204.6 0
204.7 0
204.8 0
204.9 0
205 0
205.1 0
205.2 0
205.3 0
205.4 0
205.5 0
205.6 0
205.7 0
205.8 0
205.9 0
206 0
206.1 0
206.2 0
206.3 0
206.4 0
206.5 0
206.6 0
206.7 0
206.8 0
206.9 0
207 0
207.1 0
207.2 0
207.3 0
207.4 0
207.5 0
207.6 0
207.7 0
207.8 0
207.9 0
208 0
208.1 0
208.2 0
208.3 0
208.4 0
208.5 0
208.6 0
208.7 0
208.8 0
208.9 0
209 0
209.1 0
209.2 0
209.3 0
209.4 0
209.5 0
209.6 0
209.7 0
209.8 0
209.9 0
210 0
210.1 0
210.2 0
210.3 0
210.4 0
210.5 0
210.6 0
210.7 0
210.8 0
210.9 0
211 0
211.1 0
211.2 0
211.3 0
211.4 0
211.5 0
211.6 0
211.7 0
211.8 0
211.9 0
212 0
212.1 0
212.2 0
212.3 0
212.4 0
212.5 0
212.6 0
212.7 0
212.8 0
212.9 0
213 0
213.1 0
213.2 0
213.3 0
213.4 0
213.5 0
213.6 0
213.7 0
213.8 0
213.9 0
214 0
214.1 0
214.2 0
214.3 0
214.4 0
214.5 0
214.6 0
214.7 0
214.8 0
214.9 0
215 0
215.1 0
215.2 0
215.3 0
215.4 0
215.5 0
215.6 0
215.7 0
215.8 0
215.9 0
216 0
216.1 0
216.2 0
216.3 0
216.4 0
216.5 0
216.6 0
216.7 0
216.8 0
216.9 0
217 0
217.1 0
217.2 0
217.3 0
217.4 0
217.5 0
217.6 0
217.7 0
217.8 0
217.9 0
218 0
218.1 0
218.2 0
218.3 0
218.4 0
218.5 0
218.6 0
218.7 0
218.8 0
218.9 0
219 0
219.1 0
219.2 0
219.3 0
219.4 0
219.5 0
219.6 0
219.7 0
219.8 0
219.9 0
220 0
220.1 0
220.2 0
220.3 0
220.4 0
220.5 0
220.6 0
220.7 0
220.8 0
220.9 0
221 0
221.1 0
221.2 0
221.3 0
221.4 0
221.5 0
221.6 0
221.7 0
221.8 0
221.9 0
222 0
222.1 0
222.2 0
222.3 0
222.4 0
222.5 0
222.6 0
222.7 0
222.8 0
222.9 0
223 0
223.1 0
223.2 0
223.3 0
223.4 0
223.5 0
223.6 0
223.7 0
223.8 0
223.9 0
224 0
224.1 0
224.2 0
224.3 0
224.4 0
224.5 0
224.6 0
224.7 0
224.8 0
224.9 0
225 0
225.1 0
225.2 0
225.3 0
225.4 0
225.5 0
225.6 0
225.7 0
225.8 0
225.9 0
226 0
226.1 0
226.2 0
226.3 0
226.4 0
226.5 0
226.6 0
226.7 0
226.8 0
226.9 0
227 0
227.1 0
227.2 0
227.3 0
227.4 0
227.5 0
227.6 0
227.7 0
227.8 0
227.9 0
228 0
228.1 0
228.2 0
228.3 0
228.4 0
228.5 0
228.6 0
228.7 0
228.8 0
228.9 0
229 0
229.1 0
229.2 0
229.3 0
229.4 0
229.5 0
229.6 0
229.7 0
229.8 0
229.9 0
230 0
230.1 0
230.2 0
230.3 0
230.4 0
230.5 0
230.6 0
230.7 0
230.8 0
230.9 0
231 0
231.1 0
231.2 0
231.3 0
231.4 0
231.5 0
231.6 0
231.7 0
231.8 0
231.9 0
232 0
232.1 0
232.2 0
232.3 0
232.4 0
232.5 0
232.6 0
232.7 0
232.8 0
232.9 0
233 0
233.1 0
233.2 0
233.3 0
233.4 0
233.5 0
233.6 0
233.7 0
233.8 0
233.9 0
234 0
234.1 0
234.2 0
234.3 0
234.4 0
234.5 0
234.6 0
234.7 0
234.8 0
234.9 0
235 0
235.1 0
235.2 0
235.3 0
235.4 0
235.5 0
235.6 0
235.7 0
235.8 0
235.9 0
236 0
236.1 0
236.2 0
236.3 0
236.4 0
236.5 0
236.6 0
236.7 0
236.8 0
236.9 0
237 0
237.1 0
237.2 0
237.3 0
237.4 0
237.5 0
237.6 0
237.7 0
237.8 0
237.9 0
238 0
238.1 0
238.2 0
238.3 0
238.4 0
238.5 0
238.6 0
238.7 0
238.8 0
238.9 0
239 0
239.1 0
239.2 0
239.3 0
239.4 0
239.5 0
239.6 0
239.7 0
239.8 0
239.9 0
240 0
240.1 0
240.2 0
240.3 0
240.4 0
240.5 0
240.6 0
240.7 0
240.8 0
240.9 0
241 0
241.1 0
241.2 0
241.3 0
241.4 0
241.5 0
241.6 0
241.7 0
241.8 0
241.9 0
242 0
242.1 0
242.2 0
242.3 0
242.4 0
242.5 0
242.6 0
242.7 0
242.8 0
242.9 0
243 0
243.1 0
243.2 0
243.3 0
243.4 0
243.5 0
243.6 0
243.7 0
243.8 0
243.9 0
244 0
244.1 0
244.2 0
244.3 0
244.4 0
244.5 0
244.6 0
244.7 0
244.8 0
244.9 0
245 0
245.1 0
245.2 0
245.3 0
245.4 0
245.5 0
245.6 0
245.7 0
245.8 0
245.9 0
246 0
246.1 0
246.2 0
246.3 0
246.4 0
246.5 0
246.6 0
246.7 0
246.8 0
246.9 0
247 0
247.1 0
247.2 0
247.3 0
247.4 0
247.5 0
247.6 0
247.7 0
247.8 0
247.9 0
248 0
248.1 0
248.2 0
248.3 0
248.4 0
248.5 0
248.6 0
248.7 0
248.8 0
248.9 0
249 0
249.1 0
249.2 0
249.3 0
249.4 0
249.5 0
249.6 0
249.7 0
249.8 0
249.9 0
250 0
250.1 0
250.2 0
250.3 0
250.4 0
250.5 0
250.6 0
250.7 0
250.8 0
250.9 0
251 0
251.1 0
251.2 0
251.3 0
251.4 0
251.5 0
251.6 0
251.7 0
251.8 0
251.9 0
252 0
252.1 0
252.2 0
252.3 0
252.4 0
252.5 0
252.6 0
252.7 0
252.8 0
252.9 0
253 0
253.1 0
253.2 0
253.3 0
253.4 0
253.5 0
253.6 0
253.7 0
253.8 0
253.9 0
254 0
254.1 0
254.2 0
254.3 0
254.4 0
254.5 0
254.6 0
254.7 0
254.8 0
254.9 0
255 0
255.1 0
255.2 0
255.3 0
255.4 0
255.5 0
255.6 0
255.7 0
255.8 0
255.9 0
256 0
256.1 0
256.2 0
256.3 0
256.4 0
256.5 0
256.6 0
256.7 0
256.8 0
256.9 0
257 0
257.1 0
257.2 0
257.3 0
257.4 0
257.5 0
257.6 0
257.7 0
257.8 0
257.9 0
258 0
258.1 0
258.2 0
258.3 0
258.4 0
258.5 0
258.6 0
258.7 0
258.8 0
258.9 0
259 0
259.1 0
259.2 0
259.3 0
259.4 0
259.5 0
259.6 0
259.7 0
259.8 0
259.9 0
260 0
260.1 0
260.2 0
260.3 0
260.4 0
260.5 0
260.6 0
260.7 0
260.8 0
260.9 0
261 0
261.1 0
261.2 0
261.3 0
261.4 0
261.5 0
261.6 0
261.7 0
261.8 0
261.9 0
262 0
262.1 0
262.2 0
262.3 0
262.4 0
262.5 0
262.6 0
262.7 0
262.8 0
262.9 0
263 0
263.1 0
263.2 0
263.3 0
263.4 0
263.5 0
263.6 0
263.7 0
263.8 0
263.9 0
264 0
264.1 0
264.2 0
264.3 0
264.4 0
264.5 0
264.6 0
264.7 0
264.8 0
264.9 0
265 0
265.1 0
265.2 0
265.3 0
265.4 0
265.5 0
265.6 0
265.7 0
265.8 0
265.9 0
266 0
266.1 0
266.2 0
266.3 0
266.4 0
266.5 0
266.6 0
266.7 0
266.8 0
266.9 0
267 0
267.1 0
267.2 0
267.3 0
267.4 0
267.5 0
267.6 0
267.7 0
267.8 0
267.9 0
268 0
268.1 0
268.2 0
268.3 0
268.4 0
268.5 0
268.6 0
268.7 0
268.8 0
268.9 0
269 0
269.1 0
269.2 0
269.3 0
269.4 0
269.5 0
269.6 0
269.7 0
269.8 0
269.9 0
270 0
270.1 0
270.2 0
270.3 0
270.4 0
270.5 0
270.6 0
270.7 0
270.8 0
270.9 0
271 0
271.1 0
271.2 0
271.3 0
271.4 0
271.5 0
271.6 0
271.7 0
271.8 0
271.9 0
272 0
272.1 0
272.2 0
272.3 0
272.4 0
272.5 0
272.6 0
272.7 0
272.8 0
272.9 0
273 0
273.1 0
273.2 0
273.3 0
273.4 0
273.5 0
273.6 0
273.7 0
273.8 0
273.9 0
274 0
274.1 0
274.2 0
274.3 0
274.4 0
274.5 0
274.6 0
274.7 0
274.8 0
274.9 0
275 0
275.1 0
275.2 0
275.3 0
275.4 0
275.5 0
275.6 0
275.7 0
275.8 0
275.9 0
276 0
276.1 0
276.2 0
276.3 0
276.4 0
276.5 0
276.6 0
276.7 0
276.8 0
276.9 0
