6 0
6.1 0
6.2 0
6.3 0
6.4 0
6.5 0
6.6 0
6.7 0
6.8 0
6.9 0
7 0
7.1 0
7.2 0
7.3 0
7.4 0
7.5 0
7.6 0
7.7 0
7.8 0
7.9 0
8 0
8.1 0
8.2 0
8.3 0
8.4 0
8.5 0
8.6 0
8.7 0
8.8 0
8.9 0
9 0
9.1 0
9.2 0
9.3 0
9.4 0
9.5 0
9.6 0
9.7 0
9.8 0
9.9 0
10 0
10.1 0
10.2 0
10.3 0
10.4 0
10.5 0
10.6 0
10.7 0
10.8 0
10.9 0
11 0
11.1 0
11.2 0
11.3 0
11.4 0
11.5 0
11.6 0
11.7 0
11.8 0
11.9 0
12 0
12.1 0
12.2 0
12.3 0
12.4 0
12.5 0
12.6 0
12.7 0
12.8 0
12.9 0
13 0
13.1 0
13.2 0
13.3 0
13.4 0
13.5 0
13.6 0
13.7 0
13.8 0
13.9 0
14 0
14.1 0
14.2 0
14.3 0
14.4 0
14.5 0
14.6 0
14.7 0
14.8 0
14.9 0
15 0
15.1 0
15.2 0
15.3 0
15.4 0
15.5 0
15.6 0
15.7 0
15.8 0
15.9 0
16 0
16.1 0
16.2 0
16.3 0
16.4 0
16.5 0
16.6 0
16.7 0
16.8 0
16.9 0
17 0
17.1 0
17.2 0
17.3 0
17.4 0
17.5 0
17.6 0
17.7 0
17.8 0
17.9 0
18 0
18.1 0
18.2 0
18.3 0
18.4 0
18.5 0
18.6 0
18.7 0
18.8 0
18.9 0
19 0
19.1 0
19.2 0
19.3 0
19.4 0
19.5 0
19.6 0
19.7 0
19.8 0
19.9 0
20 0
20.1 0
20.2 0
20.3 0
20.4 0
20.5 0
20.6 0
20.7 0
20.8 0
20.9 0
21 0
21.1 0
21.2 0
21.3 0
21.4 0
21.5 0
21.6 0
21.7 0
21.8 0
21.9 0
22 0
22.1 0
22.2 0
22.3 0
22.4 0
22.5 0
22.6 0
22.7 0
22.8 0
22.9 0
23 0
23.1 0
23.2 0
23.3 0
23.4 0
23.5 0
23.6 0
23.7 0
23.8 0
23.9 0
24 0
24.1 0
24.2 0
24.3 0
24.4 0
24.5 0
24.6 0
24.7 0
24.8 0
24.9 0
25 0
25.1 0
25.2 0
25.3 0
25.4 0
25.5 0
25.6 0
25.7 0
25.8 0
25.9 0
26 0
26.1 0
26.2 0
26.3 0
26.4 0
26.5 0
26.6 0
26.7 0
26.8 0
26.9 0
27 0
27.1 0
27.2 0
27.3 0
27.4 0
27.5 0
27.6 0
27.7 0
27.8 0
27.9 0
28 0
28.1 0
28.2 0
28.3 0
28.4 0
28.5 0
28.6 0
28.7 0
28.8 0
28.9 0
29 0
29.1 0
29.2 0
29.3 0
29.4 0
29.5 0
29.6 0
29.7 0
29.8 0
29.9 0
30 0
30.1 0
30.2 0
30.3 0
30.4 0
30.5 0
30.6 0
30.7 0
30.8 0
30.9 0
31 0
31.1 0
31.2 0
31.3 0
31.4 0
31.5 0
31.6 0
31.7 0
31.8 0
31.9 0
32 0
32.1 0
32.2 0
32.3 0
32.4 0
32.5 0
32.6 0
32.7 0
32.8 0
32.9 0
33 0
33.1 0
33.2 0
33.3 0
33.4 0
33.5 0
33.6 0
33.7 0
33.8 0
33.9 0
34 0
34.1 0
34.2 0
34.3 0
34.4 0
34.5 0
34.6 0
34.7 0
34.8 0
34.9 0
35 0
35.1 0
35.2 0
35.3 0
35.4 0
35.5 0
35.6 0
35.7 0
35.8 0
35.9 0
36 0
36.1 0
36.2 0
36.3 0
36.4 0
36.5 0
36.6 0
36.7 0
36.8 0
36.9 0
37 0
37.1 0
37.2 0
37.3 0
37.4 0
37.5 0
37.6 0
37.7 0
37.8 0
37.9 0
38 0
38.1 0
38.2 0
38.3 0
38.4 0
38.5 0
38.6 0
38.7 0
38.8 0
38.9 0
39 0
39.1 0
39.2 0
39.3 0
39.4 0
39.5 0
39.6 0
39.7 0
39.8 0
39.9 0
40 0
40.1 0
40.2 0
40.3 0
40.4 0
40.5 0
40.6 0
40.7 0
40.8 0
40.9 0
41 0
41.1 0
41.2 0
41.3 0
41.4 0
41.5 0
41.6 0
41.7 0
41.8 0
41.9 0
42 0
42.1 0
42.2 0
42.3 0
42.4 0
42.5 0
42.6 0
42.7 0
42.8 0
42.9 0
43 0
43.1 0
43.2 0
43.3 0
43.4 0
43.5 0
43.6 0
43.7 0
43.8 0
43.9 0
44 0
44.1 0
44.2 0
44.3 0
44.4 0
44.5 0
44.6 0
44.7 0
44.8 0
44.9 0
45 0
45.1 0
45.2 0
45.3 0
45.4 0
45.5 0
45.6 0
45.7 0
45.8 0
45.9 0
46 0
46.1 0
46.2 0
46.3 0
46.4 0
46.5 0
46.6 0
46.7 0
46.8 0
46.9 0
47 0
47.1 0
47.2 0
47.3 0
47.4 0
47.5 0
47.6 0
47.7 0
47.8 0
47.9 0
48 0
48.1 0
48.2 0
48.3 0
48.4 0
48.5 0
48.6 0
48.7 0
48.8 0
48.9 0
49 0
49.1 0
49.2 0
49.3 0
49.4 0
49.5 0
49.6 0
49.7 0
49.8 0
49.9 0
50 0
50.1 0
50.2 0
50.3 0
50.4 0
50.5 0
50.6 0
50.7 0
50.8 0
50.9 0
51 0
51.1 0
51.2 0
51.3 0
51.4 0
51.5 0
51.6 0
51.7 0
51.8 0
51.9 0
52 0
52.1 0
52.2 0
52.3 0
52.4 0
52.5 0
52.6 0
52.7 0
52.8 0
52.9 0
53 0
53.1 0
53.2 0
53.3 0
53.4 0
53.5 0
53.6 0
53.7 0
53.8 0
53.9 0
54 0
54.1 0
54.2 0
54.3 0
54.4 0
54.5 0
54.6 0
54.7 0
54.8 0
54.9 0
55 0
55.1 0
55.2 0
55.3 0
55.4 0
55.5 0
55.6 0
55.7 0
55.8 0
55.9 0
56 0
56.1 0
56.2 0
56.3 0
56.4 0
56.5 0
56.6 0
56.7 0
56.8 0
56.9 0
57 0
57.1 0
57.2 0
57.3 0
57.4 0
57.5 0
57.6 0
57.7 0
57.8 0
57.9 0
58 0
58.1 0
58.2 0
58.3 0
58.4 0
58.5 0
58.6 0
58.7 0
58.8 0
58.9 0
59 0
59.1 0
59.2 0
59.3 0
59.4 0
59.5 0
59.6 0
59.7 0
59.8 0
59.9 0
60 0
60.1 0
60.2 0
60.3 0
60.4 0
60.5 0
60.6 0
60.7 0
60.8 0
60.9 0
61 0
61.1 0
61.2 0
61.3 0
61.4 0
61.5 0
61.6 0
61.7 0
61.8 0
61.9 0
62 0
62.1 0
62.2 0
62.3 0
62.4 0
62.5 0
62.6 0
62.7 0
62.8 0
62.9 0
63 0
63.1 0
63.2 0
63.3 0
63.4 0
63.5 0
63.6 0
63.7 0
63.8 0
63.9 0
64 0
64.1 0
64.2 0
64.3 0
64.4 0
64.5 0
64.6 0
64.7 0
64.8 0
64.9 0
65 0
65.1 0
65.2 0
65.3 0
65.4 0
65.5 0
65.6 0
65.7 0
65.8 0
65.9 0
66 0
66.1 0
66.2 0
66.3 0
66.4 0
66.5 0
66.6 0
66.7 0
66.8 0
66.9 0
67 0
67.1 0
67.2 0
67.3 0
67.4 0
67.5 0
67.6 0
67.7 0
67.8 0
67.9 0
68 0
68.1 0
68.2 0
68.3 0
68.4 0
68.5 0
68.6 0
68.7 0
68.8 0
68.9 0
69 0
69.1 0
69.2 0
69.3 0
69.4 0
69.5 0
69.6 0
69.7 0
69.8 0
69.9 0
70 0
70.1 0
70.2 0
70.3 0
70.4 0
70.5 0
70.6 0
70.7 0
70.8 0
70.9 0
71 0
71.1 0
71.2 0
71.3 0
71.4 0
71.5 0
71.6 0
71.7 0
71.8 0
71.9 0
72 0
72.1 0
72.2 0
72.3 0
72.4 0
72.5 0
72.6 0
72.7 0
72.8 0
72.9 0
73 0
73.1 0
73.2 0
73.3 0
73.4 0
73.5 0
73.6 0
73.7 0
73.8 0
73.9 0
74 0
74.1 0
74.2 0
74.3 0
74.4 0
74.5 0
74.6 0
74.7 0
74.8 0
74.9 0
75 0
75.1 0
75.2 0
75.3 0
75.4 0
75.5 0
75.6 0
75.7 0
75.8 0
75.9 0
76 0
76.1 6.08640000000009e-05
76.2 0.000121728000000001
76.3 0.000182592000000001
76.4 0.000243456000000002
76.5 0.000304320000000002
76.6 0.000365184000000004
76.7 0.000426048000000004
76.8 0.000486912000000003
76.9 0.000547776000000005
77 0.00060864
77.1 0.000926536000000004
77.2 0.00124443200000001
77.3 0.00156232800000001
77.4 0.00188022400000001
77.5 0.00219812000000001
77.6 0.00251601600000002
77.7 0.00283391200000002
77.8 0.00315180800000002
77.9 0.00346970400000003
78 0.0037876
78.1 0.00412745
78.2 0.00446730000000001
78.3 0.00480715000000001
78.4 0.00514700000000001
78.5 0.00548685000000001
78.6 0.00582670000000002
78.7 0.00616655000000002
78.8 0.00650640000000002
78.9 0.00684625000000003
79 0.0071861
79.1 0.00744436
79.2 0.00770262000000001
79.3 0.00796088000000001
79.4 0.00821914000000001
79.5 0.00847740000000001
79.6 0.00873566000000002
79.7 0.00899392000000002
79.8 0.00925218000000001
79.9 0.00951044000000002
80 0.0097687
80.1 0.01005113
80.2 0.01033356
80.3 0.01061599
80.4 0.01089842
80.5 0.01118085
80.6 0.01146328
80.7 0.01174571
80.8 0.01202814
80.9 0.01231057
81 0.012593
81.1 0.0130999
81.2 0.0136068
81.3 0.0141137
81.4 0.0146206
81.5 0.0151275
81.6 0.0156344
81.7 0.0161413
81.8 0.0166482
81.9 0.0171551
82 0.017662
82.1 0.0181765
82.2 0.018691
82.3 0.0192055
82.4 0.01972
82.5 0.0202345
82.6 0.020749
82.7 0.0212635
82.8 0.0217780000000001
82.9 0.0222925000000001
83 0.022807
83.1 0.0235562
83.2 0.0243054
83.3 0.0250546
83.4 0.0258038
83.5 0.026553
83.6 0.0273022000000001
83.7 0.0280514000000001
83.8 0.0288006000000001
83.9 0.0295498000000001
84 0.030299
84.1 0.0310084
84.2 0.0317178
84.3 0.0324272
84.4 0.0331366
84.5 0.033846
84.6 0.0345554
84.7 0.0352648000000001
84.8 0.0359742000000001
84.9 0.0366836000000001
85 0.037393
85.1 0.0382197
85.2 0.0390464
85.3 0.0398731
85.4 0.0406998
85.5 0.0415265
85.6 0.0423532000000001
85.7 0.0431799000000001
85.8 0.0440066000000001
85.9 0.0448333000000001
86 0.04566
86.1 0.0464354
86.2 0.0472108
86.3 0.0479862
86.4 0.0487616
86.5 0.049537
86.6 0.0503124000000001
86.7 0.0510878000000001
86.8 0.0518632000000001
86.9 0.0526386000000001
87 0.053414
87.1 0.054281
87.2 0.055148
87.3 0.056015
87.4 0.056882
87.5 0.057749
87.6 0.0586160000000001
87.7 0.0594830000000001
87.8 0.0603500000000001
87.9 0.0612170000000001
88 0.062084
88.1 0.0626362
88.2 0.0631884
88.3 0.0637406
88.4 0.0642928
88.5 0.064845
88.6 0.0653972
88.7 0.0659494
88.8 0.0665016000000001
88.9 0.0670538000000001
89 0.067606
89.1 0.0684266
89.2 0.0692472
89.3 0.0700678
89.4 0.0708884
89.5 0.0717090000000001
89.6 0.0725296000000001
89.7 0.0733502000000001
89.8 0.0741708000000001
89.9 0.0749914000000001
90 0.075812
90.1 0.076639
90.2 0.077466
90.3 0.078293
90.4 0.0791200000000001
90.5 0.079947
90.6 0.0807740000000001
90.7 0.0816010000000001
90.8 0.0824280000000001
90.9 0.0832550000000001
91 0.084082
91.1 0.0847534
91.2 0.0854248
91.3 0.0860962
91.4 0.0867676
91.5 0.087439
91.6 0.0881104
91.7 0.0887818
91.8 0.0894532000000001
91.9 0.0901246000000001
92 0.090796
92.1 0.0916028
92.2 0.0924096
92.3 0.0932164
92.4 0.0940232
92.5 0.09483
92.6 0.0956368
92.7 0.0964436
92.8 0.0972504000000001
92.9 0.0980572000000001
93 0.098864
93.1 0.1005386
93.2 0.1022132
93.3 0.1038878
93.4 0.1055624
93.5 0.107237
93.6 0.1089116
93.7 0.1105862
93.8 0.1122608
93.9 0.1139354
94 0.11561
94.1 0.116364
94.2 0.117118
94.3 0.117872
94.4 0.118626
94.5 0.11938
94.6 0.120134
94.7 0.120888
94.8 0.121642
94.9 0.122396
95 0.12315
95.1 0.122787
95.2 0.122424
95.3 0.122061
95.4 0.121698
95.5 0.121335
95.6 0.120972
95.7 0.120609
95.8 0.120246
95.9 0.119883
96 0.11952
96.1 0.119184
96.2 0.118848
96.3 0.118512
96.4 0.118176
96.5 0.11784
96.6 0.117504
96.7 0.117168
96.8 0.116832
96.9 0.116496
97 0.11616
97.1 0.115777
97.2 0.115394
97.3 0.115011
97.4 0.114628
97.5 0.114245
97.6 0.113862
97.7 0.113479
97.8 0.113096
97.9 0.112713
98 0.11233
98.1 0.111953
98.2 0.111576
98.3 0.111199
98.4 0.110822
98.5 0.110445
98.6 0.110068
98.7 0.109691
98.8 0.109314
98.9 0.108937
99 0.10856
99.1 0.108139
99.2 0.107718
99.3 0.107297
99.4 0.106876
99.5 0.106455
99.6 0.106034
99.7 0.105613
99.8 0.105192
99.9 0.104771
100 0.10435
100.1 0.103973
100.2 0.103596
100.3 0.103219
100.4 0.102842
100.5 0.102465
100.6 0.102088
100.7 0.101711
100.8 0.101334
100.9 0.100957
101 0.10058
101.1 0.1002293
101.2 0.0998786
101.3 0.0995279
101.4 0.0991772
101.5 0.0988265
101.6 0.0984758
101.7 0.0981251
101.8 0.0977744
101.9 0.0974237
102 0.097073
102.1 0.0967351
102.2 0.0963972
102.3 0.0960593
102.4 0.0957214
102.5 0.0953835
102.6 0.0950456
102.7 0.0947077
102.8 0.0943698
102.9 0.0940319
103 0.093694
103.1 0.0933815
103.2 0.093069
103.3 0.0927565
103.4 0.092444
103.5 0.0921315
103.6 0.091819
103.7 0.0915065
103.8 0.091194
103.9 0.0908815
104 0.090569
104.1 0.0903895
104.2 0.09021
104.3 0.0900305
104.4 0.089851
104.5 0.0896715
104.6 0.089492
104.7 0.0893125
104.8 0.089133
104.9 0.0889535
105 0.088774
105.1 0.0886064
105.2 0.0884388
105.3 0.0882712
105.4 0.0881036
105.5 0.087936
105.6 0.0877684
105.7 0.0876008
105.8 0.0874332
105.9 0.0872656
106 0.087098
106.1 0.0868351
106.2 0.0865722
106.3 0.0863093
106.4 0.0860464
106.5 0.0857835
106.6 0.0855206
106.7 0.0852577
106.8 0.0849948
106.9 0.0847319
107 0.084469
107.1 0.084058
107.2 0.083647
107.3 0.083236
107.4 0.082825
107.5 0.082414
107.6 0.082003
107.7 0.081592
107.8 0.081181
107.9 0.08077
108 0.080359
108.1 0.0799685
108.2 0.079578
108.3 0.0791875
108.4 0.078797
108.5 0.0784065
108.6 0.078016
108.7 0.0776255
108.8 0.077235
108.9 0.0768445
109 0.076454
109.1 0.0761408
109.2 0.0758276
109.3 0.0755144
109.4 0.0752012
109.5 0.074888
109.6 0.0745748
109.7 0.0742616
109.8 0.0739484
109.9 0.0736352
110 0.073322
110.1 0.0729455
110.2 0.072569
110.3 0.0721925
110.4 0.071816
110.5 0.0714395
110.6 0.071063
110.7 0.0706865
110.8 0.07031
110.9 0.0699335
111 0.069557
111.1 0.0690951
111.2 0.0686332
111.3 0.0681713
111.4 0.0677094
111.5 0.0672475
111.6 0.0667856
111.7 0.0663237
111.8 0.0658617999999999
111.9 0.0653998999999999
112 0.064938
112.1 0.0643565
112.2 0.063775
112.3 0.0631935
112.4 0.062612
112.5 0.0620305
112.6 0.061449
112.7 0.0608675
112.8 0.0602859999999999
112.9 0.0597044999999999
113 0.059123
113.1 0.0585482
113.2 0.0579734
113.3 0.0573986
113.4 0.0568238
113.5 0.056249
113.6 0.0556742
113.7 0.0550994
113.8 0.0545245999999999
113.9 0.0539497999999999
114 0.053375
114.1 0.0529405
114.2 0.052506
114.3 0.0520715
114.4 0.051637
114.5 0.0512025
114.6 0.050768
114.7 0.0503335
114.8 0.049899
114.9 0.0494644999999999
115 0.04903
115.1 0.0485493
115.2 0.0480686
115.3 0.0475879
115.4 0.0471072
115.5 0.0466265
115.6 0.0461458
115.7 0.0456651
115.8 0.0451844
115.9 0.0447037
116 0.044223
116.1 0.0437935
116.2 0.043364
116.3 0.0429345
116.4 0.042505
116.5 0.0420755
116.6 0.041646
116.7 0.0412165
116.8 0.040787
116.9 0.0403574999999999
117 0.039928
117.1 0.0395134
117.2 0.0390988
117.3 0.0386842
117.4 0.0382696
117.5 0.037855
117.6 0.0374404
117.7 0.0370258
117.8 0.0366112
117.9 0.0361966
118 0.035782
118.1 0.0353457
118.2 0.0349094
118.3 0.0344731
118.4 0.0340368
118.5 0.0336005
118.6 0.0331642
118.7 0.0327279
118.8 0.0322916
118.9 0.0318553
119 0.031419
119.1 0.0309696
119.2 0.0305202
119.3 0.0300708
119.4 0.0296214
119.5 0.029172
119.6 0.0287226
119.7 0.0282732
119.8 0.0278238
119.9 0.0273744
120 0.026925
120.1 0.0264886
120.2 0.0260522
120.3 0.0256158
120.4 0.0251794
120.5 0.024743
120.6 0.0243066
120.7 0.0238702
120.8 0.0234338
120.9 0.0229974
121 0.022561
121.1 0.0224616
121.2 0.0223622
121.3 0.0222628
121.4 0.0221634
121.5 0.022064
121.6 0.0219646
121.7 0.0218652
121.8 0.0217658
121.9 0.0216664
122 0.021567
122.1 0.0219161
122.2 0.0222652
122.3 0.0226143
122.4 0.0229634
122.5 0.0233125
122.6 0.0236616
122.7 0.0240107
122.8 0.0243598
122.9 0.0247089
123 0.025058
123.1 0.0254344
123.2 0.0258108
123.3 0.0261872
123.4 0.0265636
123.5 0.02694
123.6 0.0273164
123.7 0.0276928
123.8 0.0280692
123.9 0.0284456
124 0.028822
124.1 0.0295566
124.2 0.0302912
124.3 0.0310258
124.4 0.0317604
124.5 0.032495
124.6 0.0332296000000001
124.7 0.0339642000000001
124.8 0.0346988000000001
124.9 0.0354334000000001
125 0.036168
125.1 0.037146
125.2 0.038124
125.3 0.039102
125.4 0.0400800000000001
125.5 0.0410580000000001
125.6 0.0420360000000001
125.7 0.0430140000000001
125.8 0.0439920000000001
125.9 0.0449700000000001
126 0.045948
126.1 0.0470021
126.2 0.0480562
126.3 0.0491103
126.4 0.0501644000000001
126.5 0.0512185000000001
126.6 0.0522726000000001
126.7 0.0533267000000001
126.8 0.0543808000000001
126.9 0.0554349000000001
127 0.056489
127.1 0.0575017
127.2 0.0585144
127.3 0.0595271
127.4 0.0605398
127.5 0.0615525
127.6 0.0625652000000001
127.7 0.0635779000000001
127.8 0.0645906000000001
127.9 0.0656033000000001
128 0.066616
128.1 0.0675881
128.2 0.0685602
128.3 0.0695323
128.4 0.0705044000000001
128.5 0.0714765000000001
128.6 0.0724486000000001
128.7 0.0734207000000001
128.8 0.0743928000000001
128.9 0.0753649000000001
129 0.076337
129.1 0.0774015
129.2 0.078466
129.3 0.0795305
129.4 0.0805950000000001
129.5 0.0816595000000001
129.6 0.0827240000000001
129.7 0.0837885000000001
129.8 0.0848530000000001
129.9 0.0859175000000001
130 0.086982
130.1 0.0880046
130.2 0.0890272
130.3 0.0900498
130.4 0.0910724000000001
130.5 0.0920950000000001
130.6 0.0931176000000001
130.7 0.0941402000000001
130.8 0.0951628000000001
130.9 0.0961854000000001
131 0.097208
131.1 0.0982372
131.2 0.0992664
131.3 0.1002956
131.4 0.1013248
131.5 0.102354
131.6 0.1033832
131.7 0.1044124
131.8 0.1054416
131.9 0.1064708
132 0.1075
132.1 0.108476
132.2 0.109452
132.3 0.110428
132.4 0.111404
132.5 0.11238
132.6 0.113356
132.7 0.114332
132.8 0.115308
132.9 0.116284
133 0.11726
133.1 0.118221
133.2 0.119182
133.3 0.120143
133.4 0.121104
133.5 0.122065
133.6 0.123026
133.7 0.123987
133.8 0.124948
133.9 0.125909
134 0.12687
134.1 0.127753
134.2 0.128636
134.3 0.129519
134.4 0.130402
134.5 0.131285
134.6 0.132168
134.7 0.133051
134.8 0.133934
134.9 0.134817
135 0.1357
135.1 0.136807
135.2 0.137914
135.3 0.139021
135.4 0.140128
135.5 0.141235
135.6 0.142342
135.7 0.143449
135.8 0.144556
135.9 0.145663
136 0.14677
136.1 0.147104
136.2 0.147438
136.3 0.147772
136.4 0.148106
136.5 0.14844
136.6 0.148774
136.7 0.149108
136.8 0.149442
136.9 0.149776
137 0.15011
137.1 0.150099
137.2 0.150088
137.3 0.150077
137.4 0.150066
137.5 0.150055
137.6 0.150044
137.7 0.150033
137.8 0.150022
137.9 0.150011
138 0.15
138.1 0.15
138.2 0.15
138.3 0.15
138.4 0.15
138.5 0.15
138.6 0.15
138.7 0.15
138.8 0.15
138.9 0.15
139 0.15
139.1 0.15
139.2 0.15
139.3 0.15
139.4 0.15
139.5 0.15
139.6 0.15
139.7 0.15
139.8 0.15
139.9 0.15
140 0.15
140.1 0.15
140.2 0.15
140.3 0.15
140.4 0.15
140.5 0.15
140.6 0.15
140.7 0.15
140.8 0.15
140.9 0.15
141 0.15
141.1 0.15
141.2 0.15
141.3 0.15
141.4 0.15
141.5 0.15
141.6 0.15
141.7 0.15
141.8 0.15
141.9 0.15
142 0.15
142.1 0.15
142.2 0.15
142.3 0.15
142.4 0.15
142.5 0.15
142.6 0.15
142.7 0.15
142.8 0.15
142.9 0.15
143 0.15
143.1 0.15
143.2 0.15
143.3 0.15
143.4 0.15
143.5 0.15
143.6 0.15
143.7 0.15
143.8 0.15
143.9 0.15
144 0.15
144.1 0.15
144.2 0.15
144.3 0.15
144.4 0.15
144.5 0.15
144.6 0.15
144.7 0.15
144.8 0.15
144.9 0.15
145 0.15
145.1 0.150001
145.2 0.150002
145.3 0.150003
145.4 0.150004
145.5 0.150005
145.6 0.150006
145.7 0.150007
145.8 0.150008
145.9 0.150009
146 0.15001
146.1 0.150036
146.2 0.150062
146.3 0.150088
146.4 0.150114
146.5 0.15014
146.6 0.150166
146.7 0.150192
146.8 0.150218
146.9 0.150244
147 0.15027
147.1 0.150257
147.2 0.150244
147.3 0.150231
147.4 0.150218
147.5 0.150205
147.6 0.150192
147.7 0.150179
147.8 0.150166
147.9 0.150153
148 0.15014
148.1 0.150126
148.2 0.150112
148.3 0.150098
148.4 0.150084
148.5 0.15007
148.6 0.150056
148.7 0.150042
148.8 0.150028
148.9 0.150014
149 0.15
149.1 0.149998
149.2 0.149996
149.3 0.149994
149.4 0.149992
149.5 0.14999
149.6 0.149988
149.7 0.149986
149.8 0.149984
149.9 0.149982
150 0.14998
150.1 0.150015
150.2 0.15005
150.3 0.150085
150.4 0.15012
150.5 0.150155
150.6 0.15019
150.7 0.150225
150.8 0.15026
150.9 0.150295
151 0.15033
151.1 0.15094
151.2 0.15155
151.3 0.15216
151.4 0.15277
151.5 0.15338
151.6 0.15399
151.7 0.1546
151.8 0.15521
151.9 0.15582
152 0.15643
152.1 0.15739
152.2 0.15835
152.3 0.15931
152.4 0.16027
152.5 0.16123
152.6 0.16219
152.7 0.16315
152.8 0.16411
152.9 0.16507
153 0.16603
153.1 0.167076
153.2 0.168122
153.3 0.169168
153.4 0.170214
153.5 0.17126
153.6 0.172306
153.7 0.173352
153.8 0.174398
153.9 0.175444
154 0.17649
154.1 0.177461
154.2 0.178432
154.3 0.179403
154.4 0.180374
154.5 0.181345
154.6 0.182316
154.7 0.183287
154.8 0.184258
154.9 0.185229
155 0.1862
155.1 0.187161
155.2 0.188122
155.3 0.189083
155.4 0.190044
155.5 0.191005
155.6 0.191966
155.7 0.192927
155.8 0.193888
155.9 0.194849
156 0.19581
156.1 0.196792
156.2 0.197774
156.3 0.198756
156.4 0.199738
156.5 0.20072
156.6 0.201702
156.7 0.202684
156.8 0.203666
156.9 0.204648
157 0.20563
157.1 0.206669
157.2 0.207708
157.3 0.208747
157.4 0.209786
157.5 0.210825
157.6 0.211864
157.7 0.212903
157.8 0.213942
157.9 0.214981
158 0.21602
158.1 0.217055
158.2 0.21809
158.3 0.219125
158.4 0.22016
158.5 0.221195
158.6 0.22223
158.7 0.223265
158.8 0.2243
158.9 0.225335
159 0.22637
159.1 0.227347
159.2 0.228324
159.3 0.229301
159.4 0.230278
159.5 0.231255
159.6 0.232232
159.7 0.233209
159.8 0.234186
159.9 0.235163
160 0.23614
160.1 0.236857
160.2 0.237574
160.3 0.238291
160.4 0.239008
160.5 0.239725
160.6 0.240442
160.7 0.241159
160.8 0.241876
160.9 0.242593
161 0.24331
161.1 0.243993
161.2 0.244676
161.3 0.245359
161.4 0.246042
161.5 0.246725
161.6 0.247408
161.7 0.248091
161.8 0.248774
161.9 0.249457
162 0.25014
162.1 0.250841
162.2 0.251542
162.3 0.252243
162.4 0.252944
162.5 0.253645
162.6 0.254346
162.7 0.255047
162.8 0.255748
162.9 0.256449
163 0.25715
163.1 0.257872
163.2 0.258594
163.3 0.259316
163.4 0.260038
163.5 0.26076
163.6 0.261482
163.7 0.262204
163.8 0.262926
163.9 0.263648
164 0.26437
164.1 0.265112
164.2 0.265854
164.3 0.266596
164.4 0.267338
164.5 0.26808
164.6 0.268822
164.7 0.269564
164.8 0.270306
164.9 0.271048
165 0.27179
165.1 0.272553
165.2 0.273316
165.3 0.274079
165.4 0.274842
165.5 0.275605
165.6 0.276368
165.7 0.277131
165.8 0.277894
165.9 0.278657
166 0.27942
166.1 0.280206
166.2 0.280992
166.3 0.281778
166.4 0.282564
166.5 0.28335
166.6 0.284136
166.7 0.284922
166.8 0.285708
166.9 0.286494
167 0.28728
167.1 0.288089
167.2 0.288898
167.3 0.289707
167.4 0.290516
167.5 0.291325
167.6 0.292134
167.7 0.292943
167.8 0.293752
167.9 0.294561
168 0.29537
168.1 0.296204
168.2 0.297038
168.3 0.297872
168.4 0.298706
168.5 0.29954
168.6 0.300374
168.7 0.301208
168.8 0.302042
168.9 0.302876
169 0.30371
169.1 0.30457
169.2 0.30543
169.3 0.30629
169.4 0.30715
169.5 0.30801
169.6 0.30887
169.7 0.30973
169.8 0.31059
169.9 0.31145
170 0.31231
170.1 0.313196
170.2 0.314082
170.3 0.314968
170.4 0.315854
170.5 0.31674
170.6 0.317626
170.7 0.318512
170.8 0.319398
170.9 0.320284
171 0.32117
171.1 0.322085
171.2 0.323
171.3 0.323915
171.4 0.32483
171.5 0.325745
171.6 0.32666
171.7 0.327575
171.8 0.32849
171.9 0.329405
172 0.33032
172.1 0.331264
172.2 0.332208
172.3 0.333152
172.4 0.334096
172.5 0.33504
172.6 0.335984
172.7 0.336928
172.8 0.337872
172.9 0.338816
173 0.33976
173.1 0.340735
173.2 0.34171
173.3 0.342685
173.4 0.34366
173.5 0.344635
173.6 0.34561
173.7 0.346585
173.8 0.34756
173.9 0.348535
174 0.34951
174.1 0.350517
174.2 0.351524
174.3 0.352531
174.4 0.353538
174.5 0.354545
174.6 0.355552
174.7 0.356559
174.8 0.357566
174.9 0.358573
175 0.35958
175.1 0.360622
175.2 0.361664
175.3 0.362706
175.4 0.363748
175.5 0.36479
175.6 0.365832
175.7 0.366874
175.8 0.367916
175.9 0.368958
176 0.37
176.1 0.371078
176.2 0.372156
176.3 0.373234
176.4 0.374312
176.5 0.37539
176.6 0.376468
176.7 0.377546
176.8 0.378624
176.9 0.379702
177 0.38078
177.1 0.381895
177.2 0.38301
177.3 0.384125
177.4 0.38524
177.5 0.386355
177.6 0.38747
177.7 0.388585
177.8 0.3897
177.9 0.390815
178 0.39193
178.1 0.393085
178.2 0.39424
178.3 0.395395
178.4 0.39655
178.5 0.397705
178.6 0.39886
178.7 0.400015
178.8 0.40117
178.9 0.402325
179 0.40348
179.1 0.404677
179.2 0.405874
179.3 0.407071
179.4 0.408268
179.5 0.409465
179.6 0.410662
179.7 0.411859
179.8 0.413056
179.9 0.414253
180 0.41545
180.1 0.416692
180.2 0.417934
180.3 0.419176
180.4 0.420418
180.5 0.42166
180.6 0.422902
180.7 0.424144
180.8 0.425386
180.9 0.426628
181 0.42787
181.1 0.429158
181.2 0.430446
181.3 0.431734
181.4 0.433022
181.5 0.43431
181.6 0.435598
181.7 0.436886
181.8 0.438174
181.9 0.439462
182 0.44075
182.1 0.442088
182.2 0.443426
182.3 0.444764
182.4 0.446102
182.5 0.44744
182.6 0.448778
182.7 0.450116
182.8 0.451454
182.9 0.452792
183 0.45413
183.1 0.455521
183.2 0.456912
183.3 0.458303
183.4 0.459694
183.5 0.461085
183.6 0.462476
183.7 0.463867
183.8 0.465258
183.9 0.466649
184 0.46804
184.1 0.469304
184.2 0.470568
184.3 0.471832
184.4 0.473096
184.5 0.47436
184.6 0.475624
184.7 0.476888
184.8 0.478152
184.9 0.479416
185 0.48068
185.1 0.480888
185.2 0.481096
185.3 0.481304
185.4 0.481512
185.5 0.48172
185.6 0.481928
185.7 0.482136
185.8 0.482344
185.9 0.482552
186 0.48276
186.1 0.482788
186.2 0.482816
186.3 0.482844
186.4 0.482872
186.5 0.4829
186.6 0.482928
186.7 0.482956
186.8 0.482984
186.9 0.483012
187 0.48304
187.1 0.48307
187.2 0.4831
187.3 0.48313
187.4 0.48316
187.5 0.48319
187.6 0.48322
187.7 0.48325
187.8 0.48328
187.9 0.48331
188 0.48334
188.1 0.483373
188.2 0.483406
188.3 0.483439
188.4 0.483472
188.5 0.483505
188.6 0.483538
188.7 0.483571
188.8 0.483604
188.9 0.483637
189 0.48367
189.1 0.483707
189.2 0.483744
189.3 0.483781
189.4 0.483818
189.5 0.483855
189.6 0.483892
189.7 0.483929
189.8 0.483966
189.9 0.484003
190 0.48404
190.1 0.48408
190.2 0.48412
190.3 0.48416
190.4 0.4842
190.5 0.48424
190.6 0.48428
190.7 0.48432
190.8 0.48436
190.9 0.4844
191 0.48444
191.1 0.484484
191.2 0.484528
191.3 0.484572
191.4 0.484616
191.5 0.48466
191.6 0.484704
191.7 0.484748
191.8 0.484792
191.9 0.484836
192 0.48488
192.1 0.48493
192.2 0.48498
192.3 0.48503
192.4 0.48508
192.5 0.48513
192.6 0.48518
192.7 0.48523
192.8 0.48528
192.9 0.48533
193 0.48538
193.1 0.485435
193.2 0.48549
193.3 0.485545
193.4 0.4856
193.5 0.485655
193.6 0.48571
193.7 0.485765
193.8 0.48582
193.9 0.485875
194 0.48593
194.1 0.485993
194.2 0.486056
194.3 0.486119
194.4 0.486182
194.5 0.486245
194.6 0.486308
194.7 0.486371
194.8 0.486434
194.9 0.486497
195 0.48656
195.1 0.486631
195.2 0.486702
195.3 0.486773
195.4 0.486844
195.5 0.486915
195.6 0.486986
195.7 0.487057
195.8 0.487128
195.9 0.487199
196 0.48727
196.1 0.487351
196.2 0.487432
196.3 0.487513
196.4 0.487594
196.5 0.487675
196.6 0.487756
196.7 0.487837
196.8 0.487918
196.9 0.487999
197 0.48808
197.1 0.488175
197.2 0.48827
197.3 0.488365
197.4 0.48846
197.5 0.488555
197.6 0.48865
197.7 0.488745
197.8 0.48884
197.9 0.488935
198 0.48903
198.1 0.48914
198.2 0.48925
198.3 0.48936
198.4 0.48947
198.5 0.48958
198.6 0.48969
198.7 0.4898
198.8 0.48991
198.9 0.49002
199 0.49013
199.1 0.490262
199.2 0.490394
199.3 0.490526
199.4 0.490658
199.5 0.49079
199.6 0.490922
199.7 0.491054
199.8 0.491186
199.9 0.491318
200 0.49145
200.1 0.491608
200.2 0.491766
200.3 0.491924
200.4 0.492082
200.5 0.49224
200.6 0.492398
200.7 0.492556
200.8 0.492714
200.9 0.492872
201 0.49303
201.1 0.493226
201.2 0.493422
201.3 0.493618
201.4 0.493814
201.5 0.49401
201.6 0.494206
201.7 0.494402
201.8 0.494598
201.9 0.494794
202 0.49499
202.1 0.495236
202.2 0.495482
202.3 0.495728
202.4 0.495974
202.5 0.49622
202.6 0.496466
202.7 0.496712
202.8 0.496958
202.9 0.497204
203 0.49745
203.1 0.497771
203.2 0.498092
203.3 0.498413
203.4 0.498734
203.5 0.499055
203.6 0.499376
203.7 0.499697
203.8 0.500018
203.9 0.500339
204 0.50066
204.1 0.501094
204.2 0.501528
204.3 0.501962
204.4 0.502396
204.5 0.50283
204.6 0.503264
204.7 0.503698
204.8 0.504132
204.9 0.504566
205 0.505
205.1 0.505622
205.2 0.506244
205.3 0.506866
205.4 0.507488
205.5 0.50811
205.6 0.508732
205.7 0.509354
205.8 0.509976
205.9 0.510598
206 0.51122
206.1 0.512183
206.2 0.513146
206.3 0.514109
206.4 0.515072
206.5 0.516035
206.6 0.516998
206.7 0.517961
206.8 0.518924
206.9 0.519887
207 0.52085
207.1 0.522542
207.2 0.524234
207.3 0.525926
207.4 0.527618
207.5 0.52931
207.6 0.531002
207.7 0.532694
207.8 0.534386
207.9 0.536078
208 0.53777
208.1 0.541524
208.2 0.545278
208.3 0.549032
208.4 0.552786
208.5 0.55654
208.6 0.560294
208.7 0.564048000000001
208.8 0.567802000000001
208.9 0.571556000000001
209 0.57531
209.1 0.586654
209.2 0.597998000000001
209.3 0.609342000000001
209.4 0.620686000000001
209.5 0.632030000000001
209.6 0.643374000000001
209.7 0.654718000000002
209.8 0.666062000000002
209.9 0.677406000000002
210 0.68875
210.1 0.69318
210.2 0.69761
210.3 0.70204
210.4 0.70647
210.5 0.7109
210.6 0.71533
210.7 0.719760000000001
210.8 0.724190000000001
210.9 0.728620000000001
211 0.73305
211.1 0.73337
211.2 0.73369
211.3 0.73401
211.4 0.73433
211.5 0.73465
211.6 0.73497
211.7 0.73529
211.8 0.73561
211.9 0.73593
212 0.73625
212.1 0.736589
212.2 0.736928
212.3 0.737267
212.4 0.737606
212.5 0.737945
212.6 0.738284
212.7 0.738623
212.8 0.738962
212.9 0.739301
213 0.73964
213.1 0.739998
213.2 0.740356
213.3 0.740714
213.4 0.741072
213.5 0.74143
213.6 0.741788
213.7 0.742146
213.8 0.742504
213.9 0.742862
214 0.74322
214.1 0.7436
214.2 0.74398
214.3 0.74436
214.4 0.74474
214.5 0.74512
214.6 0.7455
214.7 0.74588
214.8 0.74626
214.9 0.74664
215 0.74702
215.1 0.747422
215.2 0.747824
215.3 0.748226
215.4 0.748628
215.5 0.74903
215.6 0.749432
215.7 0.749834
215.8 0.750236
215.9 0.750638
216 0.75104
216.1 0.751467
216.2 0.751894
216.3 0.752321
216.4 0.752748
216.5 0.753175
216.6 0.753602
216.7 0.754029
216.8 0.754456
216.9 0.754883
217 0.75531
217.1 0.755765
217.2 0.75622
217.3 0.756675
217.4 0.75713
217.5 0.757585
217.6 0.75804
217.7 0.758495
217.8 0.75895
217.9 0.759405
218 0.75986
218.1 0.760345
218.2 0.76083
218.3 0.761315
218.4 0.7618
218.5 0.762285
218.6 0.76277
218.7 0.763255
218.8 0.76374
218.9 0.764225
219 0.76471
219.1 0.765229
219.2 0.765748
219.3 0.766267
219.4 0.766786
219.5 0.767305
219.6 0.767824
219.7 0.768343
219.8 0.768862
219.9 0.769381
220 0.7699
220.1 0.770456
220.2 0.771012
220.3 0.771568
220.4 0.772124
220.5 0.77268
220.6 0.773236
220.7 0.773792
220.8 0.774348
220.9 0.774904
221 0.77546
221.1 0.776057
221.2 0.776654
221.3 0.777251
221.4 0.777848
221.5 0.778445
221.6 0.779042
221.7 0.779639
221.8 0.780236
221.9 0.780833
222 0.78143
222.1 0.782073
222.2 0.782716
222.3 0.783359
222.4 0.784002
222.5 0.784645
222.6 0.785288
222.7 0.785931
222.8 0.786574
222.9 0.787217
223 0.78786
223.1 0.788554
223.2 0.789248
223.3 0.789942
223.4 0.790636
223.5 0.79133
223.6 0.792024
223.7 0.792718
223.8 0.793412
223.9 0.794106
224 0.7948
224.1 0.795552
224.2 0.796304
224.3 0.797056
224.4 0.797808
224.5 0.79856
224.6 0.799312
224.7 0.800064
224.8 0.800816
224.9 0.801568
225 0.80232
225.1 0.803138
225.2 0.803956
225.3 0.804774
225.4 0.805592
225.5 0.80641
225.6 0.807228
225.7 0.808046
225.8 0.808864
225.9 0.809682
226 0.8105
226.1 0.811392
226.2 0.812284
226.3 0.813176
226.4 0.814068
226.5 0.81496
226.6 0.815852
226.7 0.816744
226.8 0.817636
226.9 0.818528
227 0.81942
227.1 0.820396
227.2 0.821372
227.3 0.822348
227.4 0.823324
227.5 0.8243
227.6 0.825276
227.7 0.826252
227.8 0.827228
227.9 0.828204
228 0.82918
228.1 0.830255
228.2 0.83133
228.3 0.832405
228.4 0.83348
228.5 0.834555
228.6 0.83563
228.7 0.836705
228.8 0.83778
228.9 0.838855
229 0.83993
229.1 0.841117
229.2 0.842304
229.3 0.843491
229.4 0.844678
229.5 0.845865
229.6 0.847052
229.7 0.848239
229.8 0.849426
229.9 0.850613
230 0.8518
230.1 0.85312
230.2 0.85444
230.3 0.85576
230.4 0.85708
230.5 0.8584
230.6 0.85972
230.7 0.86104
230.8 0.86236
230.9 0.86368
231 0.865
231.1 0.866475
231.2 0.86795
231.3 0.869425
231.4 0.8709
231.5 0.872375
231.6 0.87385
231.7 0.875325
231.8 0.8768
231.9 0.878275
232 0.87975
232.1 0.881409
232.2 0.883068
232.3 0.884727
232.4 0.886386
232.5 0.888045
232.6 0.889704
232.7 0.891363
232.8 0.893022
232.9 0.894681
233 0.89634
233.1 0.89822
233.2 0.9001
233.3 0.90198
233.4 0.90386
233.5 0.90574
233.6 0.90762
233.7 0.9095
233.8 0.91138
233.9 0.91326
234 0.91514
234.1 0.917289
234.2 0.919438
234.3 0.921587
234.4 0.923736
234.5 0.925885
234.6 0.928034
234.7 0.930183
234.8 0.932332
234.9 0.934481
235 0.93663
235.1 0.93911
235.2 0.94159
235.3 0.94407
235.4 0.94655
235.5 0.94903
235.6 0.95151
235.7 0.95399
235.8 0.95647
235.9 0.95895
236 0.96143
236.1 0.96426
236.2 0.96709
236.3 0.96992
236.4 0.97275
236.5 0.97558
236.6 0.97841
236.7 0.98124
236.8 0.98407
236.9 0.9869
237 0.98973
237.1 0.990757
237.2 0.991784
237.3 0.992811
237.4 0.993838
237.5 0.994865
237.6 0.995892
237.7 0.996919
237.8 0.997946
237.9 0.998973
238 1
238.1 1
238.2 1
238.3 1
238.4 1
238.5 1
238.6 1
238.7 1
238.8 1
238.9 1
239 1
239.1 1
239.2 1
239.3 1
239.4 1
239.5 1
239.6 1
239.7 1
239.8 1
239.9 1
240 1
240.1 1
240.2 1
240.3 1
240.4 1
240.5 1
240.6 1
240.7 1
240.8 1
240.9 1
241 1
241.1 1
241.2 1
241.3 1
241.4 1
241.5 1
241.6 1
241.7 1
241.8 1
241.9 1
242 1
242.1 1
242.2 1
242.3 1
242.4 1
242.5 1
242.6 1
242.7 1
242.8 1
242.9 1
243 1
243.1 1
243.2 1
243.3 1
243.4 1
243.5 1
243.6 1
243.7 1
243.8 1
243.9 1
244 1
244.1 1
244.2 1
244.3 1
244.4 1
244.5 1
244.6 1
244.7 1
244.8 1
244.9 1
245 1
245.1 1
245.2 1
245.3 1
245.4 1
245.5 1
245.6 1
245.7 1
245.8 1
245.9 1
246 1
246.1 1
246.2 1
246.3 1
246.4 1
246.5 1
246.6 1
246.7 1
246.8 1
246.9 1
247 1
247.1 1
247.2 1
247.3 1
247.4 1
247.5 1
247.6 1
247.7 1
247.8 1
247.9 1
248 1
248.1 1
248.2 1
248.3 1
248.4 1
248.5 1
248.6 1
248.7 1
248.8 1
248.9 1
249 1
249.1 1
249.2 1
249.3 1
249.4 1
249.5 1
249.6 1
249.7 1
249.8 1
249.9 1
250 1
250.1 1
250.2 1
250.3 1
250.4 1
250.5 1
250.6 1
250.7 1
250.8 1
250.9 1
251 1
251.1 1
251.2 1
251.3 1
251.4 1
251.5 1
251.6 1
251.7 1
251.8 1
251.9 1
252 1
252.1 1
252.2 1
252.3 1
252.4 1
252.5 1
252.6 1
252.7 1
252.8 1
252.9 1
253 1
253.1 1
253.2 1
253.3 1
253.4 1
253.5 1
253.6 1
253.7 1
253.8 1
253.9 1
254 1
254.1 1
254.2 1
254.3 1
254.4 1
254.5 1
254.6 1
254.7 1
254.8 1
254.9 1
255 1
255.1 1
255.2 1
255.3 1
255.4 1
255.5 1
255.6 1
255.7 1
255.8 1
255.9 1
256 1
256.1 1
256.2 1
256.3 1
256.4 1
256.5 1
256.6 1
256.7 1
256.8 1
256.9 1
257 1
257.1 1
257.2 1
257.3 1
257.4 1
257.5 1
257.6 1
257.7 1
257.8 1
257.9 1
258 1
258.1 1
258.2 1
258.3 1
258.4 1
258.5 1
258.6 1
258.7 1
258.8 1
258.9 1
259 1
259.1 1
259.2 1
259.3 1
259.4 1
259.5 1
259.6 1
259.7 1
259.8 1
259.9 1
260 1
260.1 1
260.2 1
260.3 1
260.4 1
260.5 1
260.6 1
260.7 1
260.8 1
260.9 1
261 1
261.1 1
261.2 1
261.3 1
261.4 1
261.5 1
261.6 1
261.7 1
261.8 1
261.9 1
262 1
262.1 1
262.2 1
262.3 1
262.4 1
262.5 1
262.6 1
262.7 1
262.8 1
262.9 1
263 1
263.1 1
263.2 1
263.3 1
263.4 1
263.5 1
263.6 1
263.7 1
263.8 1
263.9 1
264 1
264.1 1
264.2 1
264.3 1
264.4 1
264.5 1
264.6 1
264.7 1
264.8 1
264.9 1
265 1
265.1 1
265.2 1
265.3 1
265.4 1
265.5 1
265.6 1
265.7 1
265.8 1
265.9 1
266 1
266.1 1
266.2 1
266.3 1
266.4 1
266.5 1
266.6 1
266.7 1
266.8 1
266.9 1
267 1
267.1 1
267.2 1
267.3 1
267.4 1
267.5 1
267.6 1
267.7 1
267.8 1
267.9 1
268 1
268.1 1
268.2 1
268.3 1
268.4 1
268.5 1
268.6 1
268.7 1
268.8 1
268.9 1
269 1
269.1 1
269.2 1
269.3 1
269.4 1
269.5 1
269.6 1
269.7 1
269.8 1
269.9 1
270 1
270.1 1
270.2 1
270.3 1
270.4 1
270.5 1
270.6 1
270.7 1
270.8 1
270.9 1
271 1
271.1 1
271.2 1
271.3 1
271.4 1
271.5 1
271.6 1
271.7 1
271.8 1
271.9 1
272 1
272.1 1
272.2 1
272.3 1
272.4 1
272.5 1
272.6 1
272.7 1
272.8 1
272.9 1
273 1
273.1 1
273.2 1
273.3 1
273.4 1
273.5 1
273.6 1
273.7 1
273.8 1
273.9 1
274 1
274.1 1
274.2 1
274.3 1
274.4 1
274.5 1
274.6 1
274.7 1
274.8 1
274.9 1
275 1
275.1 1
275.2 1
275.3 1
275.4 1
275.5 1
275.6 1
275.7 1
275.8 1
275.9 1
276 1
276.1 0
276.2 0
276.3 0
276.4 0
276.5 0
276.6 0
276.7 0
276.8 0
276.9 0
