0 0.5
1 0.501920289855073
2 0.505306041335453
3 0.508854166666667
4 0.51288122605364
5 0.515555555555556
6 0.52
7 0.521428571428571
8 0.525
9 0.528
10 0.531818181818182
11 0.53479797979798
12 0.537777777777778
13 0.540962962962963
14 0.544148148148148
15 0.547333333333333
16 0.550316465863454
17 0.553299598393574
18 0.556282730923695
19 0.559265863453815
20 0.562248995983936
21 0.565799196787149
22 0.569349397590361
23 0.572899598393574
24 0.576449799196787
25 0.58
26 0.582888888888889
27 0.585777777777778
28 0.588666666666667
29 0.591555555555556
30 0.594444444444444
31 0.597662337662338
32 0.600880230880231
33 0.604098124098124
34 0.607316017316017
35 0.610533910533911
36 0.613751803751804
37 0.616969696969697
38 0.62018759018759
39 0.623405483405483
40 0.626623376623377
41 0.62991848576955
42 0.633213594915723
43 0.636508704061896
44 0.639803813208069
45 0.643098922354242
46 0.646394031500415
47 0.649689140646587
48 0.65298424979276
49 0.656279358938934
50 0.659574468085106
51 0.662783687943262
52 0.665992907801419
53 0.669202127659575
54 0.672411347517731
55 0.675620567375887
56 0.678829787234043
57 0.682039007092199
58 0.685248226950355
59 0.688457446808511
60 0.691666666666667
61 0.701388888888889
62 0.711111111111111
63 0.721072796934866
64 0.731034482758621
65 0.755839822024472
66 0.780645161290323
67 0.799697580645161
68 0.81875
69 0.925367647058823
70 0.997324414715719
71 0.983736834223531
72 0.970149253731343
73 0.905344897135942
74 0.840540540540541
75 0.750607348921956
76 0.660674157303371
77 0.655079346692923
78 0.649484536082474
79 0.689690721649485
80 0.729896907216495
81 0.749894690167387
82 0.76989247311828
83 0.75994623655914
84 0.75
85 0.690625
86 0.63125
87 0.604855769230769
88 0.578461538461538
89 0.564230769230769
90 0.55
91 0.569871794871795
92 0.58974358974359
93 0.6502772002772
94 0.710810810810811
95 0.730790020790021
96 0.750769230769231
97 0.750384615384615
98 0.75
99 0.735714285714286
100 0.721428571428571
101 0.772776044915783
102 0.824123518402994
103 0.875470991890206
104 0.926818465377417
105 0.978165938864629
106 0.911764705882353
107 0.832773109243698
108 0.706349206349206
109 0.0476190476190449
110 0
111 0
112 0
113 0
114 0
115 0
116 0
117 0
118 0
119 0
120 0
121 0
122 0
123 0
124 0
125 0
126 0
127 0
128 0
129 0
130 0
131 0
132 0
133 0
134 0
135 0
136 0
137 0
138 0
139 0
140 0
141 0
142 0
143 0
144 0
145 0
146 0
147 0
148 0
149 0
150 0
151 0
152 0
153 0
154 0
155 0
156 0
157 0
158 0
159 0
160 0
161 0
162 0
163 0
164 0
165 0
166 0
167 0
168 0
169 0
170 0
171 0
172 0
173 0
174 0
175 0
176 0
177 0
178 0
179 0
180 0
181 0
182 0
183 0
184 0
185 0
186 0
187 0
188 0
189 0
190 0
191 0
192 0
193 0
194 0
195 0
196 0
197 0
198 0
199 0
200 0
201 0
