0 0.998719349680171
1 0.989591567852438
2 0.97719298245614
3 0.970675377254325
4 0.961312657087305
5 0.954004346334036
6 0.945161290322581
7 0.936221048779213
8 0.927280807235845
9 0.918340565692477
10 0.909400324149109
11 0.900460082605741
12 0.89
13 0.881057542768274
14 0.872115085536547
15 0.863172628304821
16 0.854230171073095
17 0.845287713841369
18 0.836345256609642
19 0.827402799377916
20 0.81846034214619
21 0.809517884914464
22 0.800575427682737
23 0.791632970451011
24 0.782690513219285
25 0.775
26 0.765865384615385
27 0.756730769230769
28 0.747596153846154
29 0.738461538461539
30 0.729326923076923
31 0.720192307692308
32 0.711057692307692
33 0.701923076923077
34 0.692788461538462
35 0.68
36 0.672307692307692
37 0.67
38 0.66
39 0.65
40 0.637857142857143
41 0.626
42 0.617728395061728
43 0.611111111111111
44 0.6
45 0.591578947368421
46 0.584
47 0.573803921568627
48 0.566666666666667
49 0.557142857142857
50 0.551428571428571
51 0.539752321981424
52 0.531578947368421
53 0.521224112913864
54 0.511904761904762
55 0.502511820330969
56 0.48936170212766
57 0.481369339879978
58 0.473376977632297
59 0.465384615384615
60 0.456317016317016
61 0.447249417249417
62 0.438181818181818
63 0.429544121567582
64 0.420906424953346
65 0.409677419354839
66 0.401072799772848
67 0.392468180190857
68 0.383863560608866
69 0.376119402985075
70 0.366929242675511
71 0.357739082365948
72 0.348548922056385
73 0.340277777777778
74 0.331034762833008
75 0.321791747888239
76 0.31254873294347
77 0.303511608623549
78 0.298684210526316
79 0.288751399776036
80 0.278818589025756
81 0.268885778275476
82 0.258952967525196
83 0.252
84 0.242472972972973
85 0.232945945945946
86 0.223418918918919
87 0.213891891891892
88 0.204364864864865
89 0.198648648648649
90 0.188931912681913
91 0.179215176715177
92 0.169498440748441
93 0.159781704781705
94 0.150064968814969
95 0.136461538461538
96 0.127840348330914
97 0.11921915820029
98 0.110597968069666
99 0.101976777939042
100 0.093355587808418
101 0.0847343976777939
102 0.0761132075471698
103 0.0649056603773585
104 0.0458157602663707
105 0.026725860155383
106 0
107 0
108 0
109 0
110 0
111 0
112 0
113 0
114 0
115 0
116 0
117 0
118 0
119 0
120 0
121 0
122 0
123 0
124 0
125 0
126 0
127 0
128 0
129 0
130 0
131 0
132 0
133 0
134 0
135 0
136 0
137 0
138 0
139 0
140 0
141 0
142 0
143 0
144 0
145 0
146 0
147 0
148 0
149 0
150 0
151 0
152 0
153 0
154 0
155 0
156 0
157 0
158 0
159 0
160 0
161 0
162 0
163 0
164 0
165 0
166 0
167 0
168 0
169 0
170 0
171 0
172 0
173 0
174 0
175 0
176 0
177 0
178 0
179 0
180 0
181 0
182 0
183 0
184 0
185 0
186 0
187 0
188 0
189 0
190 0
191 0
192 0
193 0
194 0
195 0
196 0
197 0
198 0
199 0
200 0
201 0
202 0
203 0
204 0
205 0
206 0
207 0
208 0
209 0
210 0
211 0
212 0
213 0
214 0
215 0
216 0
217 0
218 0
219 0
220 0
221 0
222 0
223 0
224 0
225 0
226 0
227 0
228 0
229 0
230 0
231 0
232 0
233 0
234 0
235 0
236 0
237 0
238 0
239 0
240 0
241 0
242 0
243 0
244 0
245 0
246 0
247 0
248 0
249 0
250 0
251 0
252 0
253 0
254 0
255 0
256 0
257 0
258 0
259 0
260 0
261 0
262 0
263 0
264 0
265 0
266 0
267 0
268 0
269 0
270 0
271 0
272 0
273 0
