0 8.9e-05
1 0.000891304347826087
2 0.00178244686589708
3 0.00267358938396807
4 0.00378897730621869
5 0.00445714285714286
6 0.00534806722689076
7 0.00623899159663865
8 0.00712991596638655
9 0.00802084033613445
10 0.00891176470588235
11 0.00980334967320261
12 0.0106949346405229
13 0.0115865196078431
14 0.0124781045751634
15 0.0133696895424837
16 0.0142612745098039
17 0.0151528594771242
18 0.0160444444444444
19 0.0169322222222222
20 0.01782
21 0.0187093333333333
22 0.0195986666666667
23 0.020488
24 0.0213773333333333
25 0.0222666666666667
26 0.0231633333333333
27 0.02406
28 0.0249566666666667
29 0.0258533333333333
30 0.02675
31 0.02764
32 0.02853
33 0.02942
34 0.03031
35 0.0312
36 0.0320865306122449
37 0.0329730612244898
38 0.0338595918367347
39 0.0347461224489796
40 0.0356326530612245
41 0.0365061224489796
42 0.0373795918367347
43 0.0382530612244898
44 0.0391265306122449
45 0.04
46 0.0408947368421053
47 0.0417894736842105
48 0.0426842105263158
49 0.0435789473684211
50 0.0444736842105263
51 0.0453847726111395
52 0.0462958610117527
53 0.0472069494123659
54 0.048118037812979
55 0.0490291262135922
56 0.0454117647058823
57 0.0442741136858784
58 0.0431364626658744
59 0.0419988116458705
60 0.0408611606258665
61 0.0397235096058625
62 0.0385858585858586
63 0.0370568521655478
64 0.0355278457452371
65 0.0339988393249263
66 0.0324698329046155
67 0.0309408264843048
68 0.029411820063994
69 0.0280357142857143
70 0.0258394798136646
71 0.0245217391304348
72 0.0282990214294562
73 0.0320763037284776
74 0.0358535860274991
75 0.0396308683265205
76 0.0434081506255419
77 0.0500171035188413
78 0.0490740740740741
79 0.0569850928877298
80 0.0648961117013855
81 0.0728071305150413
82 0.080718149328697
83 0.0886291681423527
84 0.0949579831932773
85 0.0949554558665572
86 0.094952928539837
87 0.0949504012131168
88 0.0949473684210526
89 0.0808510638297872
90 0.149107142857143
91 0.140118079752226
92 0.132926829268293
93 0.148531607765057
94 0.159567203004437
95 0.171938775510204
96 0.186052631578947
97 0.207204751744225
98 0.228356871909504
99 0.249508992074782
100 0.27066111224006
101 0.291813232405338
102 0.304504504504505
103 0.315596330275229
104 0.306616426387069
105 0.297636522498908
106 0.289041381887504
107 0.283898415977961
108 0.28390211982375
109 0.284102564102564
110 0.283908045977011
111 0.294086021505376
112 0.302472783496421
113 0.297777777777778
114 0.310437361008154
115 0.32171468009509
116 0.331517298337266
117 0.341319916579443
118 0.46991082364891
119 0.510789961917781
120 0.51194286344932
121 0.509737255225977
122 0.510714832389408
123 0.510638445678262
124 0.511220553795289
125 0.510446878162565
126 0.510800191335247
127 0.509513083145622
128 0.510170325724752
129 0.51
130 0.509871575129791
131 0.51
132 0.510118343195266
133 0.510240963855422
134 0.509912946928729
135 0.51
136 0.509540285801155
137 0.511146476337449
138 0.510683580392749
139 0.511002111860481
140 0.509677469226975
141 0.509836074560402
142 0.5104
143 0.510210900885263
144 0.510169491525424
145 0.509917056746325
146 0.51031746031746
147 0.51
148 0.510204081632653
149 0.510055865921788
150 0.50991789819376
151 0.509944751381215
152 0.509433962264151
153 0.512100132820063
154 0.511627906976744
155 0.508064516129032
156 0.508849557522124
157 0.50936329588015
158 0.511013215859031
159 0.509723632631223
160 0.510835913312694
161 0.509293680297398
162 0.509138381201044
163 0.509384536748899
164 0.510869565217391
165 0.509846827133479
166 0.508532423208191
167 0.508968609865471
168 0.510763292681137
169 0.51
170 0.509731334744247
171 0.51010101010101
172 0.510185185185185
173 0.50990099009901
174 0.510395565264959
175 0.509758897818599
176 0.510353901464044
177 0.510948905109489
178 0.508771929824561
179 0.510191082802548
180 0.509815950920245
181 0.509603735000193
182 0.509433962264151
183 0.509518477043673
184 0.508780821612052
185 0.508264462809917
186 0.509615384615385
187 0.509756097560976
188 0.51006711409396
189 0.509369796941245
190 0.508951406649616
191 0.510396975425331
192 0.510188040990946
193 0.51
194 0.508403361344538
195 0.50968720821662
196 0.510714285714286
