0 0
1 0
2 0
3 0
4 0
5 0
6 0
7 0
8 0
9 0
10 0
11 0
12 0
13 0
14 0
15 0
16 0
17 0
18 0
19 0
20 0
21 0
22 0
23 0
24 0
25 0
26 0
27 0
28 0
29 0
30 0
31 0
32 0
33 0
34 0
35 0
36 0
37 0
38 0
39 0
40 0
41 0
42 0
43 0
44 0
45 0
46 0
47 0
48 0
49 0
50 0
51 0
52 0
53 0
54 0
55 0
56 0
57 0
58 0
59 0
60 0
61 0
62 0
63 0
64 0
65 0
66 0
67 0
68 0
69 0
70 0
71 0
72 0
73 0
74 0
75 0
76 0
77 0
78 0
79 0
80 0
81 0
82 0
83 0
84 0
85 0
86 0
87 0
88 0
89 0
90 0
91 0
92 0
93 0
94 0
95 0
96 0
97 0
98 0
99 0
100 0
101 0
102 0
103 0
104 0
105 0
106 0
107 4.44642857142857e-17
108 1.11111111111111e-16
109 0.560745568281218
110 0.599360946564418
111 0.599657534246575
112 0.601139960236369
113 0.599689540055673
114 0.599768919699596
115 0.600145534092039
116 0.599924414210129
117 0.600470575449828
118 0.599785378940309
119 0.601626016260163
120 0.599408284023669
121 0.600638977635783
122 0.599917666095564
123 0.6
124 0.600339847068819
125 0.6
126 0.599310344827586
127 0.599090909090909
128 0.598964507769853
129 0.599878623632679
130 0.599749478079332
131 0.59986301369863
132 0.599450265625233
133 0.600059245973011
134 0.6
135 0.600308166409861
136 0.59862715717336
137 0.599698845722461
138 0.600467289719626
139 0.599290780141844
140 0.599884532878032
141 0.600732600732601
142 0.599990928304181
143 0.599397590361446
144 0.599531134830317
145 0.599754403958737
146 0.6
147 0.603091471176577
148 0.60556464811784
149 0.611347517730496
150 0.621900826446281
151 0.627301124123614
152 0.632701421800948
153 0.638176638176638
154 0.644367129497241
155 0.650539171824698
156 0.658585858585859
157 0.663636363636364
158 0.669298245614035
159 0.676470588235294
160 0.681494661921708
161 0.686915887850467
162 0.692837465564738
163 0.701103309929789
164 0.706117021276596
165 0.713675213675214
166 0.717948717948718
167 0.727891156462585
168 0.73134328358209
169 0.739820113294031
170 0.745658835546476
171 0.751955671447197
172 0.758465011286682
173 0.761904761904762
174 0.771567436208991
175 0.774647887323944
176 0.780487804878049
177 0.788367768595041
178 0.79054054054054
179 0.802848320690928
180 0.810526315789474
181 0.814814814814815
182 0.823815309842041
183 0.827586206896552
184 0.833516014251575
185 0.349389416553591
186 0
187 0
188 0
189 0
190 0
191 0
192 0
193 0
194 0
195 0
196 0
197 0
198 0
199 0
200 0
201 0
