0 0.000164253811975385
1 0.00115646903820817
2 0.0028421052631579
3 0.00377028892160471
4 0.00495118793569498
5 0.00600961990173579
6 0.00729032258064516
7 0.00843672675941197
8 0.00958313093817878
9 0.0107295351169456
10 0.0118759392957124
11 0.0130223434744792
12 0.0143636363636364
13 0.0155309274706631
14 0.0166982185776898
15 0.0178655096847165
16 0.0190328007917432
17 0.02020009189877
18 0.0213673830057967
19 0.0225346741128234
20 0.0237019652198501
21 0.0248692563268769
22 0.0260365474339036
23 0.0272038385409303
24 0.028371129647957
25 0.029375
26 0.0305793269230769
27 0.0317836538461539
28 0.0329879807692308
29 0.0341923076923077
30 0.0353966346153846
31 0.0366009615384615
32 0.0378052884615385
33 0.0390096153846154
34 0.0402139423076923
35 0.0419
36 0.0429
37 0.0431818181818182
38 0.0445
39 0.0458461538461538
40 0.0473571428571429
41 0.0488666666666667
42 0.0498666666666667
43 0.0506666666666667
44 0.0525
45 0.0535
46 0.0544
47 0.0555372549019608
48 0.0563333333333333
49 0.0579107142857143
50 0.0588571428571429
51 0.0603034055727554
52 0.0613157894736842
53 0.0626282812293893
54 0.0638095238095238
55 0.0650591016548463
56 0.0668085106382979
57 0.0678082378614294
58 0.0688079650845608
59 0.0698076923076923
60 0.07102331002331
61 0.0722389277389277
62 0.0734545454545455
63 0.0746560028436861
64 0.0758574602328268
65 0.0774193548387097
66 0.0785020307889831
67 0.0795847067392566
68 0.08066738268953
69 0.0816417910447761
70 0.0828589956201897
71 0.0840762001956032
72 0.0852934047710167
73 0.0863888888888889
74 0.0876007147498376
75 0.0888125406107862
76 0.0900243664717349
77 0.0912147595356551
78 0.0918421052631579
79 0.0931522956326988
80 0.0944624860022396
81 0.0957726763717805
82 0.0970828667413214
83 0.098
84 0.09925
85 0.1005
86 0.10175
87 0.103
88 0.10425
89 0.105
90 0.106262019230769
91 0.107524038461538
92 0.108786057692308
93 0.110048076923077
94 0.111310096153846
95 0.113076923076923
96 0.114206550439785
97 0.115336177802647
98 0.11646580516551
99 0.117595432528372
100 0.118725059891234
101 0.119854687254096
102 0.120984314616958
103 0.122452830188679
104 0.122554938956715
105 0.12265704772475
106 0.1228
107 0.120463113006397
108 0.118126226012793
109 0.11578933901919
110 0.113452452025586
111 0.111115565031983
112 0.10877867803838
113 0.107142857142857
114 0.104362703165098
115 0.10158254918734
116 0.0988023952095809
117 0.0962966224413917
118 0.0937908496732026
119 0.0913626379513554
120 0.0889344262295082
121 0.0863954642358303
122 0.0838565022421525
123 0.0813555638964066
124 0.0788546255506608
125 0.0758102914987347
126 0.0727659574468085
127 0.0697846180676666
128 0.0668032786885246
129 0.0638949128868632
130 0.0609865470852018
131 0.0578156779141856
132 0.0546448087431694
133 0.0517590240898946
134 0.0488732394366197
135 0.045871804903495
136 0.0428703703703704
137 0.0398726851851852
138 0.036875
139 0.0338678075396825
140 0.0313272283272283
141 0.0281666666666667
142 0.0252049040511727
143 0.022875
144 0.018962962962963
145 0.016
146 0.013
147 0.01
148 0.00993333333333333
149 0.00991666666666667
150 0.00982608695652174
151 0.00976923076923077
152 0.00972093023255814
153 0.00965384615384615
154 0.00958333333333333
155 0.00954285714285714
156 0.0095
157 0.00941666666666667
158 0.009375
159 0.00933333333333333
160 0.00927272727272727
161 0.00921542063620216
162 0.00915811399967706
163 0.00910080736315195
164 0.00904350072662684
165 0.00898619409010173
166 0.00892888745357662
167 0.00887158081705151
168 0.0088142741805264
169 0.00875696754400129
170 0.00869966090747619
171 0.00864235427095108
172 0.00858504763442597
173 0.00852774099790086
174 0.00847043436137575
175 0.00841312772485064
176 0.00835582108832553
177 0.00829851445180043
178 0.00824120781527532
179 0.00818390117875021
180 0.0081265945422251
181 0.00806928790569999
182 0.00801198126917488
183 0.00795467463264977
184 0.00789736799612466
185 0.00784006135959956
186 0.00778275472307445
187 0.00772544808654934
188 0.00766814145002423
189 0.00761083481349912
190 0.00755352817697401
191 0.0074962215404489
192 0.00743891490392379
193 0.00738160826739869
194 0.00732430163087358
195 0.00726699499434847
196 0.00720968835782336
197 0.00715238172129825
198 0.00709507508477314
199 0.00703776844824803
200 0.00698046181172292
201 0.00692315517519781
202 0.0068658485386727
203 0.0068085419021476
204 0.00675123526562249
205 0.00669392862909738
206 0.00663662199257227
207 0.00657931535604716
208 0.00652200871952205
209 0.00646470208299694
210 0.00640739544647183
211 0.00635008880994672
212 0.00629278217342161
213 0.0062354755368965
214 0.0061781689003714
215 0.00612086226384629
216 0.00606355562732118
217 0.00600624899079607
218 0.00594894235427096
219 0.00589163571774585
220 0.00583432908122074
221 0.00577702244469563
222 0.00571971580817052
223 0.00566240917164541
224 0.0056051025351203
225 0.0055477958985952
226 0.00549048926207009
227 0.00543318262554498
228 0.00537587598901987
229 0.00531856935249476
230 0.00526126271596965
231 0.00520395607944454
232 0.00514664944291943
233 0.00508934280639432
234 0.00503203616986921
235 0.0049747295333441
236 0.004917422896819
237 0.00486011626029389
238 0.00480280962376878
239 0.00474550298724367
240 0.00468819635071856
241 0.00463088971419345
242 0.00457358307766834
243 0.00451627644114323
244 0.00445896980461812
245 0.00440166316809301
246 0.0043443565315679
247 0.00428704989504279
248 0.00422974325851769
249 0.00417243662199258
250 0.00411512998546747
251 0.00405782334894236
252 0.00400051671241725
253 0.00394321007589214
254 0.00388590343936703
255 0.00382859680284192
256 0.00377129016631681
257 0.0037139835297917
258 0.00365667689326659
259 0.00359937025674149
260 0.00354206362021638
261 0.00348475698369127
262 0.00342745034716616
263 0.00337014371064105
264 0.00331283707411594
265 0.00325553043759083
266 0.00319822380106572
267 0.00314091716454061
268 0.0030836105280155
269 0.00302630389149039
270 0.00296899725496528
271 0.00291169061844018
272 0.00285438398191507
273 0.00282
