6 0.23037
7 0.23761
8 0.2434
9 0.24697
10 0.25128
11 0.26168
12 0.26826
13 0.27236
14 0.27516
15 0.2772
16 0.28175
17 0.29225
18 0.30023
19 0.30626
20 0.31098
21 0.31477
22 0.31788
23 0.32048
24 0.32269
25 0.32501
26 0.32953
27 0.3342
28 0.33872
29 0.34343
30 0.34837
31 0.36443
32 0.37907
33 0.38836
34 0.39479
35 0.39949
36 0.40441
37 0.41452
38 0.42183
39 0.42815
40 0.43379
41 0.43884
42 0.4436
43 0.44904
44 0.4551
45 0.46035
46 0.46498
47 0.46956
48 0.47328
49 0.47626
50 0.47897
51 0.48134
52 0.48322
53 0.4855
54 0.48927
55 0.49309
56 0.49582
57 0.49731
58 0.49901
59 0.50023
60 0.50088
61 0.50105
62 0.5009
63 0.49975
64 0.49878
65 0.4984
66 0.49781
67 0.49771
68 0.49761
69 0.49684
70 0.49664
71 0.49587
72 0.49529
73 0.49526
74 0.49528
75 0.49482
76 0.49369
77 0.49048
78 0.47394
79 0.45497
80 0.43512
81 0.40859
82 0.37654
83 0.33722
84 0.27672
85 0.22295
86 0.15076
87 0.025811
88 0
89 0
90 0
91 0
92 0
93 0
94 0
95 0
96 0
97 0
98 0
99 0
100 0
101 0
102 0
103 0
104 0
105 0
106 0
107 0
108 0
109 0
110 0
111 0
112 0
113 0
114 0
115 0
116 0
117 0
118 0
119 0
120 0
121 0
122 0
123 0
124 0
125 0
126 0
127 0
128 0
129 0
130 0
131 0
132 0
133 0
134 0
135 0
136 0
137 0
138 0
139 0
140 0
141 0
142 0
143 0
144 0
145 0
146 0
147 0
148 0
149 0
150 0
151 0
152 0
153 0
154 0
155 0
156 0
157 0
158 0
159 0
160 0
161 0
162 0
163 0
164 0
165 0
166 0
167 0
168 0
169 0
170 0
171 0
172 0
173 0
174 0
175 0
176 0
177 0
178 0
179 0
180 0
181 0
182 0
183 0
184 0
185 0
186 0
187 0
188 0
189 0
190 0
191 0
192 0
193 0
194 0
195 0
196 0
197 0
198 0
199 0
200 0
201 0
202 0
203 0
204 0
205 0
206 0
207 0
208 0
209 0
210 0
211 0
212 0
213 0
214 0
215 0
216 0
217 0
218 0
219 0
220 0
221 0
222 0
223 0
224 0
225 0
226 0
227 0
228 0
229 0
230 0
231 0
232 0
233 0
234 0
235 0
236 0
237 0
238 0
239 0
240 0
241 0
242 0
243 0
244 0
245 0
246 0
247 0
248 0
249 0
250 0
251 0
252 0
253 0
254 0
255 0
256 0
257 0
258 0
259 0
260 0
261 0
262 0
263 0
264 0
265 0
266 0
267 0
268 0
269 0
270 0
271 0
272 0
273 0
274 0
275 0
276 0
