0 0.248192307692308
1 0.243993558776168
2 0.238571428571429
3 0.234444444444444
4 0.2295
5 0.220909090909091
6 0.215505050505051
7 0.20875
8 0.203703416149068
9 0.197142857142857
10 0.192118373429849
11 0.187093889716841
12 0.181818181818182
13 0.176252319109462
14 0.170686456400742
15 0.164285714285714
16 0.159148629148629
17 0.152727272727273
18 0.147525010874293
19 0.145263157894737
20 0.138421052631579
21 0.129473684210526
22 0.124536842105263
23 0.1196
24 0.114030769230769
25 0.108461538461538
26 0.104615384615385
27 0.0973076923076923
28 0.0916560461235017
29 0.0860043999393112
30 0.0782051282051282
31 0.079041248606466
32 0.0798773690078038
33 0.0807134894091416
34 0.0815496098104794
35 0.0823857302118172
36 0.083221850613155
37 0.0840579710144927
38 0.0848940914158305
39 0.0857302118171683
40 0.0865663322185061
41 0.0874024526198439
42 0.0882385730211817
43 0.0853508644375225
44 0.0894927536231884
45 0.0855620780114394
46 0.0816314023996904
47 0.0777007267879413
48 0.0737700511761923
49 0.0698393755644433
50 0.0659086999526943
51 0.0633156660120328
52 0.0634228187919463
53 0.0608974358974359
54 0.0538216560509554
55 0.0443417628783587
56 0.0436578171091445
57 0.0395262103506852
58 0.0342790697674419
59 0.0328007275525552
60 0.030391960414933
61 0.0285351651033858
62 0.0262611882507609
63 0.0246046600458365
64 0
65 0
66 0
67 0
68 0
69 0
70 0
71 0
72 0
73 0
74 0
75 0
76 0
77 0
78 0
79 0
80 0
81 0
82 0
83 0
84 0
85 0
86 0
87 0
88 0
89 0
90 0
91 0
92 0
93 0
94 0
95 0
96 0
97 0
98 0
99 0
100 0
101 0
102 0
103 0
104 0
105 0
106 0
107 0
108 0
109 0
110 0
111 0
112 0
113 0
114 0
115 0
116 0
117 0
118 0
119 0
120 0
121 0
122 0
123 0
124 0
125 0
126 0
127 0
128 0
129 0
130 0
131 0
132 0
133 0
134 0
135 0
136 0
137 0
138 0
139 0
140 0
141 0
142 0
143 0
144 0
145 0
146 0
147 0
148 0
149 0
150 0
151 0
152 0
153 0
154 0
155 0
156 0
157 0
158 0
159 0
160 0
161 0
162 0
163 0
164 0
165 0
166 0
167 0
168 0
169 0
170 0
171 0
172 0
173 0
174 0
175 0
176 0
177 0
178 0
179 0
180 0
181 0
182 0
183 0
184 0
185 0
186 0
187 0
188 0
189 0
190 0
191 0
192 0
193 0
194 0
195 0
