0 0.254512820512821
1 0.267230273752013
2 0.281428571428571
3 0.294444444444444
4 0.31
5 0.336363636363636
6 0.351868686868687
7 0.37125
8 0.385923913043478
9 0.405
10 0.4200521609538
11 0.435104321907601
12 0.450909090909091
13 0.467249364392222
14 0.483589637875352
15 0.502380952380952
16 0.518292448292448
17 0.538181818181818
18 0.553005654632449
19 0.557894736842105
20 0.578947368421053
21 0.605263157894737
22 0.618631578947368
23 0.632
24 0.648692307692308
25 0.665384615384615
26 0.680769230769231
27 0.7
28 0.716689424973449
29 0.733378849946897
30 0.756410256410256
31 0.760229571823775
32 0.764048887237293
33 0.767868202650811
34 0.77168751806433
35 0.775506833477848
36 0.779326148891366
37 0.783145464304885
38 0.786964779718403
39 0.790784095131921
40 0.79460341054544
41 0.798422725958958
42 0.802242041372476
43 0.809994668217731
44 0.807971014492754
45 0.817174128069496
46 0.826377241646239
47 0.835580355222982
48 0.844783468799725
49 0.853986582376468
50 0.86318969595321
51 0.868592537173852
52 0.87248322147651
53 0.871794871794872
54 0.872611464968153
55 0.86675982972688
56 0.867256637168142
57 0.862215807353265
58 0.855813953488372
59 0.852612310095958
60 0.873785146644617
61 0.889387705289585
62 0.91121436418319
63 0.903819709702063
64 0.927359747970435
65 0.94811320754717
66 0.965686274509804
67 0.930375874125874
68 0.946010414798049
69 0.888772770486642
70 0.902653269773941
71 0.86551437684847
72 0.827861182207513
73 0.8115945837969
74 0.837022634703119
75 0.733405567903745
76 0.806610266340473
77 0.726519979319688
78 0.696220405177069
79 0.702693316864263
80 0.663366697858222
81 0.69386175859891
82 0.813876476822571
83 0.903063326724018
84 0.902945990180033
85 0.841463414634146
86 0.856863332879139
87 0.858870337040132
88 0.799461037502807
89 0.611547237256321
90 0.24067956170433
91 0
92 0
93 0
94 0
95 0
96 0
97 0
98 0
99 0
100 0
101 0
102 0
103 0
104 0
105 0
106 0
107 0
108 0
109 0
110 0
111 0
112 0
113 0
114 0
115 0
116 0
117 0
118 0
119 0
120 0
121 0
122 0
123 0
124 0
125 0
126 0
127 0
128 0
129 0
130 0
131 0
132 0
133 0
134 0
135 0
136 0
137 0
138 0
139 0
140 0
141 0
142 0
143 0
144 0
145 0
146 0
147 0
148 0
149 0
150 0
151 0
152 0
153 0
154 0
155 0
156 0
157 0
158 0
159 0
160 0
161 0
162 0
163 0
164 0
165 0
166 0
167 0
168 0
169 0
170 0
171 0
172 0
173 0
174 0
175 0
176 0
177 0
178 0
179 0
180 0
181 0
182 0
183 0
184 0
185 0
186 0
187 0
188 0
189 0
190 0
191 0
192 0
193 0
194 0
195 0
