0 0.025
1 0.0252627450980392
2 0.025821942497158
3 0.0261541996850133
4 0.0264864568728685
5 0.0268187140607238
6 0.027150971248579
7 0.0274832284364343
8 0.0278154856242895
9 0.0281477428121448
10 0.02848
11 0.028845
12 0.02921
13 0.029575
14 0.02994
15 0.030305
16 0.03067
17 0.031035
18 0.0314
19 0.0316649122807018
20 0.0319298245614035
21 0.0323285486443381
22 0.0327272727272727
23 0.0330741626794258
24 0.0334210526315789
25 0.0337587190868738
26 0.0340963855421687
27 0.0344440261044177
28 0.0347916666666667
29 0.0351681105610561
30 0.0355445544554455
31 0.0358854847748926
32 0.0362264150943396
33 0.0365479901558655
34 0.0368695652173913
35 0.0372152704135737
36 0.0375609756097561
37 0.0379471544715447
38 0.0383333333333333
39 0.0386771561771562
40 0.039020979020979
41 0.0393502331002331
42 0.0396794871794872
43 0.0400432319618366
44 0.040406976744186
45 0.040765286124902
46 0.041123595505618
47 0.0414657525550689
48 0.0418079096045198
49 0.0421607854033528
50 0.0425136612021858
51 0.0428620937589876
52 0.0432105263157895
53 0.0435650621528696
54 0.0439195979899497
55 0.044254484985313
56 0.0445893719806763
57 0.0449472681499626
58 0.0453051643192488
59 0.045711942890218
60 0.0461187214611872
61 0.0452815829528158
62 0.0444444444444445
63 0.0437200195790504
64 0.0429955947136564
65 0.0436469201638457
66 0.0442982456140351
67 0.0595940567277224
68 0.0748898678414097
69 0.0737463037837185
70 0.0726027397260274
71 0.073457333165766
72 0.0743119266055046
73 0.073394495412844
74 0.07
75 0.076036866359447
76 0.0637305699481865
77 0.0656410256410256
78 0.0503088689365347
79 0.0434730538922156
80 0.0411444448383437
81 0.0463095238095238
82 0.0556714179968493
83 0.0666369578134284
84 0.0792694086858507
85 0.0921621982316556
86 0.102824997680936
87 0.119132898839027
88 0.126333841008834
89 0.141283538139154
90 0.145854245902356
91 0.154001437732997
92 0.161343699539136
93 0.163800235515918
94 0.163653024036244
95 0.160215048282882
96 0.164455881098646
97 0.15742116447195
98 0.119042639711863
99 0.109521319855931
100 0.1
101 0.1
102 0.1
103 0.1
104 0.1
105 0.1
106 0.1
107 0.1
108 0.1
109 0.1
110 0.1
111 0.1
112 0.1
113 0.1
114 0.1
115 0.1
116 0.1
117 0.1
118 0.1
119 0.1
120 0.1
121 0.1
122 0.1
123 0.1
124 0.1
125 0.1
126 0.1
127 0.1
128 0.1
129 0.1
130 0.2377
131 0.24016
132 0.24262
133 0.24508
134 0.24754
135 0.25
136 0.25
137 0.25
138 0.25
139 0.25
140 0.25
141 0.25
142 0.25
143 0.25
144 0.125
145 0
146 0
147 0
148 0
149 0
150 0
151 0
152 0
153 0
154 0
155 0
156 0
157 0
158 0
159 0
160 0
161 0
162 0
163 0
164 0
165 0
166 0
167 0
168 0
169 0
170 0
171 0
172 0
173 0
174 0
175 0
176 0
177 0
178 0
179 0
180 0
181 0
182 0
183 0
184 0
185 0
186 0
