0 0.199
1 0.195078431372549
2 0.185917416635089
3 0.180077739555703
4 0.174238062476317
5 0.168398385396931
6 0.162558708317545
7 0.156719031238158
8 0.150879354158772
9 0.145039677079386
10 0.1392
11 0.1332
12 0.1272
13 0.1212
14 0.1152
15 0.1092
16 0.1032
17 0.0972
18 0.0912
19 0.0851614035087719
20 0.0791228070175439
21 0.073122009569378
22 0.0671212121212121
23 0.0610606060606061
24 0.055
25 0.0489457831325301
26 0.0428915662650602
27 0.0368624497991968
28 0.0308333333333333
29 0.024773102310231
30 0.0187128712871287
31 0.0165262469643191
32 0.0143396226415094
33 0.0131263330598851
34 0.0119130434782609
35 0.010671968893602
36 0.00943089430894309
37 0.00820408351810791
38 0.00697727272727273
39 0.00588374125874126
40 0.00479020979020979
41 0.00392715617715618
42 0.00306410256410256
43 0.00262798151460942
44 0.00219186046511628
45 0.00193019989547949
46 0.0016685393258427
47 0.00162240525614169
48 0.00157627118644068
49 0.00152584051125313
50 0.00147540983606557
51 0.0014113891285591
52 0.00134736842105263
53 0.00127921184871727
54 0.00121105527638191
55 0.00112243585075134
56 0.00103381642512077
57 0.000944138259508743
58 0.000854460093896714
59 0.000744581645121873
60 0.000634703196347032
61 0.000521796042617961
62 0.000408888888888889
63 0.000318100832109643
64 0.000227312775330396
65 0.000136463405209058
66 4.56140350877193e-05
67 2.28070175438596e-05
68 0
69 0
70 0
71 0
72 0
73 0
74 0
75 0
76 0
77 0
78 0
79 0
80 0
81 0
82 0
83 0
84 0
85 0
86 0
87 0
88 0
89 0
90 0
91 0
92 0
93 0
94 0
95 0
96 0
97 0
98 0
99 0
100 0
101 0
102 0
103 0
104 0
105 0
106 0
107 0
108 0
109 0
110 0
111 0
112 0
113 0
114 0
115 0
116 0
117 0
118 0
119 0
120 0
121 0
122 0
123 0
124 0
125 0
126 0
127 0
128 0
129 0
130 0
131 0
132 0
133 0
134 0
135 0
136 0
137 0
138 0
139 0
140 0
141 0
142 0
143 0
144 0
145 0
146 0
147 0
148 0
149 0
150 0
151 0
152 0
153 0
154 0
155 0
156 0
157 0
158 0
159 0
160 0
161 0
162 0
163 0
164 0
165 0
166 0
167 0
168 0
169 0
170 0
171 0
172 0
173 0
174 0
175 0
176 0
177 0
178 0
179 0
180 0
181 0
182 0
183 0
184 0
185 0
186 0
