0 0.201
1 0.208333333333333
2 0.216666666666667
3 0.225791666666667
4 0.233804924242424
5 0.241818181818182
6 0.250175856929955
7 0.258533532041729
8 0.266891207153502
9 0.275248882265276
10 0.283606557377049
11 0.291885245901639
12 0.300163934426229
13 0.30844262295082
14 0.31672131147541
15 0.325
16 0.33344
17 0.34188
18 0.35032
19 0.35876
20 0.3672
21 0.37576
22 0.38432
23 0.39288
24 0.40144
25 0.41
26 0.418
27 0.426
28 0.434
29 0.442
30 0.45
31 0.45125
32 0.4525
33 0.45375
34 0.455
35 0.45625
36 0.45676867219917
37 0.457644778841769
38 0.458319149400263
39 0.458791208791209
40 0.455136870226489
41 0.451482531661769
42 0.447828193097049
43 0.44417385453233
44 0.44051951596761
45 0.43686517740289
46 0.43321083883817
47 0.42955650027345
48 0.425902161708731
49 0.422247823144011
50 0.417241379310345
51 0.41375
52 0.410153331650682
53 0.406556663301363
54 0.403266899191438
55 0.401103389793135
56 0.4
57 0.398818804630286
58 0.395515007194427
59 0.395431922201865
60 0.395348837209302
61 0.395032431577282
62 0.394661420457155
63 0.394557823129252
64 0.394053105113013
65 0.393548387096774
66 0.393629032258065
67 0.395086021505376
68 0.39375
69 0.398
70 0.420432220039293
71 0.433778839210434
72 0.469154354126927
73 0.453798767967146
74 0.514539833421775
75 0.575280898876404
76 0.603630077787381
77 0.587039328526871
78 0.646153846153846
79 0.591710463449594
80 0.537267080745342
81 0.513779390361396
82 0.502062483947518
83 0.478547854785479
84 0.47272980974568
85 0.466911764705882
86 0.470942037903027
87 0.476992936194261
88 0.476987447698745
89 0.486066539383353
90 0.495145631067961
91 0.507974952605274
92 0.516993917448102
93 0.527218934911242
94 0.535031847133758
95 0.569871794871795
96 0.554166666666667
97 0.518546511627907
98 0.498963730569948
99 0.465116279069767
100 0.405172413793103
101 0.383285417949222
102 0.378861788617886
103 0.360646269099346
104 0.35167715745302
105 0.341056910569106
106 0.333422387690964
107 0.335282668944874
108 0.360184221863107
109 0.38590253411306
110 0.386016949152542
111 0.368763072099632
112 0.372595580586291
113 0.36534986565159
114 0.335815151032542
115 0.290023618917845
116 0.281189538756626
117 0.200489964580874
118 0.147565359477124
119 0.119074754515847
120 0.10029420226165
121 0.0643264739564535
122 0.0268182790516192
123 0
124 0
125 0
126 0
127 0
128 0
129 0
130 0
131 0
132 0
133 0
134 0
135 0
136 0
137 0
138 0
139 0
140 0
141 0
142 0
143 0
144 0
145 0
146 0
147 0
148 0
149 0
150 0
151 0
152 0
153 0
154 0
155 0
156 0
157 0
158 0
159 0
160 0
161 0
162 0
163 0
164 0
165 0
166 0
167 0
168 0
169 0
170 0
171 0
172 0
173 0
174 0
175 0
176 0
177 0
178 0
179 0
180 0
181 0
182 0
183 0
184 0
185 0
186 0
187 0
188 0
189 0
190 0
191 0
192 0
193 0
194 0
195 0
196 0
197 0
198 0
199 0
200 0
201 0
202 0
203 0
204 0
205 0
206 0
207 0
208 0
209 0
210 0
211 0
212 0
213 0
214 0
215 0
216 0
217 0
218 0
219 0
220 0
221 0
222 0
223 0
224 0
225 0
226 0
227 0
228 0
229 0
230 0
231 0
232 0
233 0
