  120.0  4.23990e-17
  121.0  4.68280e-17
  122.0  6.45130e-17
  123.0  7.70950e-17
  124.0  6.51100e-17
  125.0  4.72620e-17
  126.0  3.72050e-17
  127.0  3.53330e-17
  128.0  3.71510e-17
  129.0  3.46540e-17
  130.0  4.24190e-17
  131.0  4.39500e-17
  132.0  4.00510e-17
  133.0  5.71450e-17
  134.0  8.02990e-17
  135.0  5.08880e-17
  136.0  4.49930e-17
  137.0  3.54300e-17
  138.0  5.53580e-17
  139.0  2.73350e-17
  140.0  3.34550e-17
  141.0  2.18710e-17
  142.0  4.89110e-17
  143.0  1.12890e-17
  144.0  1.43400e-17
  145.0  1.50690e-17
  146.0  4.78350e-17
  147.0  3.57820e-17
  148.0  1.32520e-17
  149.0  1.60260e-17
  150.0  3.01420e-17
  151.0  1.55570e-16
  152.0  5.21870e-17
  153.0  1.96340e-17
  154.0  1.06250e-17
  155.0  5.01570e-18
  156.0  6.23530e-18
  157.0  7.09970e-18
  158.0  1.00550e-17
  159.0  2.01790e-17
  160.0  2.69450e-17
  161.0  2.57230e-17
  162.0  3.17130e-17
  163.0  3.67950e-17
  164.0  4.26140e-17
  165.0  6.52560e-17
  166.0  7.76600e-17
  167.0  8.15530e-17
  168.0  8.15980e-17
  169.0  1.00030e-16
  170.0  1.22250e-16
  171.0  1.78530e-16
  172.0  2.30660e-16
  173.0  2.28070e-16
  174.0  2.11980e-16
  175.0  2.67720e-16
  176.0  3.04010e-16
  177.0  3.64100e-16
  178.0  4.44770e-16
  179.0  4.55210e-16
  180.0  4.10830e-16
  181.0  3.84270e-16
  182.0  4.61780e-16
  183.0  4.60320e-16
  184.0  4.16640e-16
  185.0  3.94230e-16
  186.0  3.83710e-16
  187.0  3.37900e-16
  188.0  2.65540e-16
  189.0  1.69000e-16
  190.0  4.96782e-17  
  191.0  3.29299e-17  
  192.0  1.88986e-17  
  193.0  1.23761e-17  
  194.0  7.92303e-18  
  195.0  5.56807e-18  
  196.0  3.96904e-18  
  197.0  3.18125e-18  
  198.0  2.63671e-18  
  199.0  2.30612e-18  
  200.0  2.12129e-18  2.24824e-18
  201.0  1.92618e-18  2.01121e-18
  202.0  1.81269e-18  1.77120e-18
  203.0  1.70878e-18  1.60261e-18
  204.0  1.53395e-18  1.53008e-18
  205.0  1.31975e-18  1.35796e-18
  206.0  1.11570e-18  1.13312e-18
  207.0  9.58350e-19  9.33283e-19
  208.0  9.30976e-19  8.77646e-19
  209.0  8.64843e-19  1.06510e-18
  210.0  8.14229e-19  1.10696e-18
  211.0  6.80075e-19  8.05117e-19
  212.0  5.74423e-19  6.35623e-19
  213.0  4.76385e-19  4.91303e-19
  214.0  4.01328e-19  4.01242e-19
  215.0  3.42139e-19  3.28906e-19
  216.0  3.17741e-19  2.83376e-19
  217.0  3.11113e-19  2.50125e-19
  218.0  2.72210e-19  2.19936e-19
  219.0  2.82318e-19  2.03647e-19
  220.0  2.80442e-19  1.96632e-19
  221.0  2.70678e-19  1.93774e-19
  222.0  2.40154e-19  1.77596e-19
  223.0  2.35946e-19  1.64496e-19
  224.0  2.92965e-19  1.82753e-19
  225.0  1.61946e-19  1.47424e-19
  226.0  1.58839e-19  1.19064e-19
  227.0  1.12198e-19  1.14837e-19
  228.0  1.47366e-19  1.12320e-19
  229.0  1.17051e-19  1.06481e-19
  230.0  1.36944e-19  9.81048e-20
  231.0  1.53114e-19  1.10032e-19
  232.0  1.47952e-19  1.19896e-19
  233.0  1.52370e-19  1.27748e-19
  234.0  2.76206e-19  1.66616e-19
  235.0  3.42404e-19  2.45073e-19
  236.0  1.31682e-19  1.40991e-19
  237.0  1.01509e-19  1.11377e-19
  238.0  1.15396e-19  1.12410e-19
  239.0  1.07245e-19  9.10938e-20
  240.0  1.22403e-19  9.25411e-20
  241.0  1.04996e-19  6.99952e-20
  242.0  1.87705e-19  1.32906e-19
  243.0  1.69949e-19  1.16719e-19
  244.0  6.78438e-20  1.19343e-19
  245.0  5.57462e-20  1.35021e-19
  246.0  3.01265e-19  3.30066e-19
  247.0  8.60835e-19  3.99475e-19
  248.0  1.62236e-19  2.72752e-19
  249.0  5.92152e-20  1.99822e-19
  250.0  1.50220e-20  1.54287e-19
  251.0  2.76738e-21  1.35862e-19
  252.0  2.11263e-20  1.02426e-19
  253.0  3.94852e-20  1.07974e-19
  254.0  1.53283e-19  1.10405e-19
  255.0  1.25125e-19  1.61298e-19
  256.0  1.35314e-19  1.53090e-19
  257.0  4.22093e-20  1.23742e-19
  258.0  6.08490e-20  1.65324e-19
  259.0  6.30526e-19  3.04954e-19
  260.0  2.40526e-19  2.44606e-19
  261.0  4.10267e-19  1.07924e-18
  262.0  1.04262e-19  4.83308e-19
  263.0  4.52074e-20  2.80838e-19
  264.0  2.07160e-20  1.87075e-19
  265.0  3.96612e-20  2.07817e-19
  266.0  3.46479e-20  1.39917e-19
  267.0  4.96775e-20  1.61643e-19
  268.0  8.61128e-20  1.68215e-19
  269.0  5.26054e-20  1.66132e-19
  270.0  5.13336e-20  1.57690e-19
  271.0  5.35633e-20  1.85439e-19
  272.0  4.93199e-20  1.33697e-19
  273.0  8.23965e-20  1.86730e-19
  274.0  4.09093e-19  3.68984e-19
  275.0  1.31310e-19  2.73298e-19
  276.0  1.35364e-18  1.14591e-18
  277.0  2.72754e-19  6.07046e-19
  278.0  1.30080e-19  3.77061e-19
  279.0  6.07917e-20  2.45319e-19
  280.0  4.34294e-20  1.76575e-19
  281.0  6.96043e-20  2.33786e-19
  282.0  3.01991e-20  1.50503e-19
  283.0  8.38384e-20  1.54632e-19
  284.0  1.61823e-19  1.64152e-19
  285.0  2.32542e-20  1.23521e-19
  286.0  2.74017e-20  1.44066e-19
  287.0  6.86751e-20  1.19540e-19
  288.0  4.23848e-20  1.25025e-19
  289.0  5.58222e-20  9.80843e-20
  290.0  6.70734e-20  1.33586e-19
  291.0  4.17434e-19  2.57730e-19
  292.0  9.60763e-20  2.52105e-19
  293.0  8.97895e-19  3.04269e-19
  294.0  3.22946e-19  5.83307e-19
  295.0  1.28906e-19  2.44700e-19
  296.0  5.42859e-20  1.77444e-19
  297.0  1.36162e-20  1.00692e-19
  298.0  3.59137e-21  1.20766e-19
  299.0  3.57720e-20  1.34611e-19
  300.0  9.31509e-21  1.04485e-19
  301.0  1.65964e-20
  302.0  1.73793e-20
  303.0  2.52487e-20
  304.0  1.48927e-20
  305.0  2.17233e-20
