  120.0  3.29940e-17
  121.0  3.14560e-17
  122.0  3.11440e-17
  123.0  3.08770e-17
  124.0  3.08700e-17
  125.0  3.12290e-17
  126.0  2.98860e-17
  127.0  2.90750e-17
  128.0  2.73870e-17
  129.0  2.56190e-17
  130.0  3.34533e-17  2.69680e-17  2.82270e-17
  131.0  3.79559e-17  3.53110e-17  3.58290e-17
  132.0  3.98416e-17  4.07160e-17  4.11470e-17
  133.0  4.40798e-17  4.28330e-17  4.29430e-17
  134.0  3.81000e-17  3.52120e-17  3.60700e-17
  135.0  4.22169e-17  4.10890e-17  4.15740e-17
  136.0  4.32290e-17  4.16870e-17  4.17420e-17
  137.0  4.29152e-17  4.11280e-17  4.14530e-17
  138.0  4.28829e-17  4.28070e-17  4.27980e-17
  139.0  3.58348e-17  3.88380e-17  4.17360e-17
  140.0  5.13658e-17  5.20810e-17  5.14080e-17
  141.0  4.93941e-17  4.78350e-17  4.76420e-17
  142.0  5.11422e-17  4.99270e-17  4.96550e-17
  143.0  4.66828e-17  4.89880e-17  5.08110e-17
  144.0  6.46341e-17  6.30180e-17  6.10540e-17
  145.0  6.01048e-17  6.22590e-17  6.27660e-17
  146.0  3.69459e-17  3.65350e-17  3.69980e-17
  147.0  3.02131e-17  2.99250e-17  3.06730e-17
  148.0  3.46209e-17  3.47600e-17  3.43580e-17
  149.0  4.23240e-17  4.27120e-17  4.14270e-17
  150.0  4.09873e-17  4.08430e-17  3.94370e-17
  151.0  3.76060e-17  3.85970e-17  3.80550e-17
  152.0  4.68420e-17  4.74860e-17  4.59430e-17
  153.0  3.27560e-17  3.33190e-17  3.33890e-17
  154.0  5.16626e-17  5.06800e-17  4.80190e-17
  155.0  2.34319e-17  2.77130e-17  2.93450e-17
  156.0  1.47519e-17  1.76400e-17  1.91480e-17
  157.0  1.57880e-17  1.65460e-17  1.70110e-17
  158.0  1.74520e-17  1.87370e-17  1.83400e-17
  159.0  2.30071e-17  2.36870e-17  2.28770e-17
  160.0  2.96820e-17  2.97850e-17  2.84470e-17
  161.0  3.65061e-17  3.61410e-17  3.43590e-17
  162.0  4.08190e-17  4.07440e-17  3.99700e-17
  163.0  5.26010e-17  5.16370e-17  5.00810e-17
  164.0  5.99770e-17  5.92440e-17  5.76670e-17
  165.0  6.57009e-17  6.53470e-17  6.35660e-17
  166.0  7.70711e-17  7.57900e-17  7.34070e-17
  167.0  6.78229e-17  6.88180e-17  6.79930e-17
  168.0  8.51031e-17  8.27020e-17  7.95640e-17
  169.0  7.73400e-17  7.63850e-17  7.46180e-17
  170.0  9.91610e-17  9.45600e-17  8.96480e-17
  171.0  7.88251e-17  8.15100e-17  8.22280e-17
  172.0  9.55861e-17  9.39100e-17  9.14410e-17
  173.0  8.25409e-17  8.42180e-17  8.44890e-17
  174.0  5.57049e-17  6.06780e-17  6.41360e-17
  175.0  3.87169e-17  4.17100e-17  4.49750e-17
  176.0  3.39729e-17  3.41500e-17  3.53340e-17
  177.0  2.24750e-17  2.36880e-17  2.48670e-17
  178.0  1.56200e-17  1.65180e-17  1.77250e-17
  179.0  1.20960e-17  1.25590e-17  1.35150e-17
  180.0  9.80380e-18  1.03400e-17  1.12040e-17
  181.0  9.56640e-18  9.84670e-18  1.05430e-17
  182.0  9.09820e-18  9.43340e-18  1.01850e-17
  183.0  1.04940e-17  1.05700e-17  1.11310e-17
  184.0  9.90180e-18  1.00730e-17  1.07130e-17
  185.0  1.12160e-17  1.12510e-17  1.16060e-17
  186.0  7.48579e-18  7.99630e-18  8.71140e-18
  187.0  8.20940e-18  8.15410e-18  8.66280e-18
  188.0  4.07839e-18  4.61640e-18  5.25220e-18
  189.0  4.52980e-18  4.46400e-18  4.84830e-18
  190.0  2.51509e-18  2.87720e-18  3.33560e-18
  191.0  2.11140e-18  2.23890e-18  2.60470e-18
  192.0  1.93130e-18  2.05810e-18  2.27370e-18
  193.0  1.61040e-18  1.69920e-18  1.90710e-18
  194.0  1.48850e-18  1.53460e-18  1.65500e-18
  195.0  1.37860e-18  1.43440e-18  1.50290e-18
  196.0  1.31800e-18  1.34990e-18  1.40470e-18
  197.0  1.25230e-18  1.28550e-18  1.33870e-18
  198.0  1.18240e-18  1.21320e-18  1.26990e-18
  199.0  1.15320e-18  1.17810e-18  1.22780e-18
  200.0  1.08230e-18  1.12160e-18  1.16900e-18
  201.0  1.02650e-18  1.06750e-18  1.12050e-18
  202.0  9.94440e-19  1.03080e-18  1.08200e-18
  203.0  9.42049e-19  9.83490e-19  1.03340e-18
  204.0  8.71280e-19  9.25630e-19  9.76430e-19
  205.0  8.07000e-19  8.67059e-19  9.21180e-19
  206.0  7.82580e-19  8.35661e-19  8.84569e-19
  207.0  7.32690e-19  7.92689e-19  8.36440e-19
  208.0  6.52090e-19  7.24849e-19  7.76889e-19
  209.0  6.10810e-19  6.85420e-19  7.28519e-19
  210.0  5.72750e-19  6.41840e-19  6.91689e-19
  211.0  5.42070e-19  6.01660e-19  6.56990e-19
  212.0  4.77140e-19  5.45609e-19  6.02170e-19
  213.0  4.47320e-19  5.15449e-19  5.73701e-19
  214.0  4.06110e-19  4.76820e-19  5.34420e-19
  215.0  3.87010e-19  4.52010e-19  5.11490e-19
  216.0  3.41630e-19  4.09420e-19  4.69730e-19
  217.0  3.22520e-19  3.90510e-19  4.49460e-19
  218.0  2.83850e-19  3.53770e-19  4.14770e-19
  219.0  2.64990e-19  3.30480e-19  3.88190e-19
  220.0  2.27180e-19  2.92070e-19  3.51270e-19
  221.0  2.02240e-19  2.67320e-19  3.24530e-19
  222.0  1.68290e-19  2.34590e-19  2.91000e-19
  223.0  1.47830e-19  2.09220e-19  2.64380e-19
  224.0  1.16870e-19  1.75010e-19  2.31080e-19
  225.0  9.91840e-20  1.51880e-19  2.04310e-19
  226.0  7.53780e-20  1.25920e-19  1.76920e-19
  227.0  6.05590e-20  1.06010e-19  1.53840e-19
  228.0  4.40759e-20  8.49189e-20  1.29770e-19
  229.0  3.45929e-20  6.92429e-20  1.08040e-19
  230.0  2.68459e-20  5.48430e-20  8.87209e-20
  231.0  2.09989e-20  4.48589e-20  7.40249e-20
  232.0  1.75029e-20  3.58069e-20  6.36827e-20
  233.0  1.20481e-20  2.73601e-20  5.11187e-20
