    5.0  0.65438E-02
    6.0  0.73787E-02
    7.0  0.97680E-02
    8.0  0.11553E-01
    9.0  0.12642E-01
   10.0  0.13376E-01
   11.0  0.13905E-01
   12.0  0.14569E-01
   13.0  0.17872E-01
   14.0  0.20720E-01
   15.0  0.22706E-01
   16.0  0.24169E-01
   17.0  0.25292E-01
   18.0  0.26182E-01
   19.0  0.26903E-01
   20.0  0.27500E-01
   21.0  0.28002E-01
   22.0  0.28431E-01
   23.0  0.28801E-01
   24.0  0.29123E-01
   25.0  0.29850E-01
   26.0  0.31896E-01
   27.0  0.33713E-01
   28.0  0.35248E-01
   29.0  0.36562E-01
   30.0  0.37699E-01
   31.0  0.38692E-01
   32.0  0.39568E-01
   33.0  0.40346E-01
   34.0  0.41042E-01
   35.0  0.41671E-01
   36.0  0.42618E-01
   37.0  0.43785E-01
   38.0  0.45000E-01
   39.0  0.46230E-01
   40.0  0.47402E-01
   41.0  0.48548E-01
   42.0  0.49825E-01
   43.0  0.51036E-01
   44.0  0.52285E-01
   45.0  0.53511E-01
   46.0  0.54588E-01
   47.0  0.55732E-01
   48.0  0.56869E-01
   49.0  0.58145E-01
   50.0  0.59335E-01
   51.0  0.60541E-01
   52.0  0.61705E-01
   53.0  0.62865E-01
   54.0  0.63982E-01
   55.0  0.65221E-01
   56.0  0.66376E-01
   57.0  0.67572E-01
   58.0  0.68767E-01
   59.0  0.69904E-01
   60.0  0.71150E-01
   61.0  0.72378E-01
   62.0  0.73580E-01
   63.0  0.74820E-01
   64.0  0.75986E-01
   65.0  0.77076E-01
   66.0  0.78270E-01
   67.0  0.79493E-01
   68.0  0.80665E-01
   69.0  0.81819E-01
   70.0  0.83050E-01
   71.0  0.84249E-01
   72.0  0.85406E-01
   73.0  0.86549E-01
   74.0  0.87763E-01
   75.0  0.88959E-01
   76.0  0.90128E-01
   77.0  0.91269E-01
   78.0  0.92409E-01
   79.0  0.93572E-01
   80.0  0.94740E-01
   81.0  0.95913E-01
   82.0  0.97093E-01
   83.0  0.98269E-01
   84.0  0.99432E-01
   85.0  0.10060E+00
   86.0  0.10177E+00
   87.0  0.10295E+00
   88.0  0.10413E+00
   89.0  0.10527E+00
   90.0  0.10636E+00
   91.0  0.10750E+00
   92.0  0.10868E+00
   93.0  0.10990E+00
   94.0  0.11117E+00
   95.0  0.11249E+00
   96.0  0.11363E+00
   97.0  0.11465E+00
   98.0  0.11571E+00
   99.0  0.11683E+00
  100.0  0.11801E+00
  101.0  0.11925E+00
  102.0  0.12057E+00
  103.0  0.12192E+00
  104.0  0.12243E+00
  105.0  0.12249E+00
  106.0  0.12254E+00
  107.0  0.12133E+00
  108.0  0.11916E+00
  109.0  0.11687E+00
  110.0  0.11445E+00
  111.0  0.11188E+00
  112.0  0.10917E+00
  113.0  0.10655E+00
  114.0  0.10423E+00
  115.0  0.10160E+00
  116.0  0.98705E-01
  117.0  0.96316E-01
  118.0  0.93930E-01
  119.0  0.91670E-01
  120.0  0.89029E-01
  121.0  0.86510E-01
  122.0  0.83883E-01
  123.0  0.81315E-01
  124.0  0.78737E-01
  125.0  0.75741E-01
  126.0  0.72743E-01
  127.0  0.69714E-01
  128.0  0.66804E-01
  129.0  0.63998E-01
  130.0  0.61035E-01
  131.0  0.58128E-01
  132.0  0.54872E-01
  133.0  0.52133E-01
  134.0  0.49044E-01
  135.0  0.46286E-01
  136.0  0.43053E-01
  137.0  0.40075E-01
  138.0  0.37074E-01
  139.0  0.34355E-01
  140.0  0.30964E-01
  141.0  0.28223E-01
  142.0  0.24991E-01
  143.0  0.22176E-01
  144.0  0.19068E-01
  145.0  0.16079E-01
  146.0  0.13102E-01
  147.0  0.10422E-01
  148.0  0.99502E-02
  149.0  0.99150E-02
  150.0  0.98361E-02
  151.0  0.97740E-02
  152.0  0.97195E-02
  153.0  0.96648E-02
  154.0  0.95876E-02
  155.0  0.95489E-02
  156.0  0.95107E-02
  157.0  0.94462E-02
  158.0  0.93905E-02
  159.0  0.93486E-02
  160.0  0.92887E-02
  161.0  0.92736E-02
  162.0  0.92736E-02
  163.0  0.92736E-02
  164.0  0.92736E-02
  165.0  0.92736E-02
  166.0  0.92736E-02
  167.0  0.92736E-02
  168.0  0.92736E-02
  169.0  0.92736E-02
  170.0  0.92736E-02
  171.0  0.92736E-02
  172.0  0.92736E-02
  173.0  0.92736E-02
  174.0  0.92736E-02
  175.0  0.92736E-02
  176.0  0.92736E-02
  177.0  0.92736E-02
  178.0  0.92736E-02
  179.0  0.92736E-02
  180.0  0.92736E-02
  181.0  0.92736E-02
  182.0  0.92736E-02
  183.0  0.92736E-02
  184.0  0.92736E-02
  185.0  0.92736E-02
  186.0  0.92736E-02
  187.0  0.92736E-02
  188.0  0.92736E-02
  189.0  0.92736E-02
  190.0  0.92736E-02
  191.0  0.92736E-02
  192.0  0.92736E-02
  193.0  0.92736E-02
  194.0  0.92736E-02
  195.0  0.92736E-02
  196.0  0.92736E-02
  197.0  0.92736E-02
  198.0  0.92736E-02
  199.0  0.92736E-02
  200.0  0.92736E-02
  201.0  0.92736E-02
  202.0  0.92736E-02
  203.0  0.92736E-02
  204.0  0.92736E-02
  205.0  0.92736E-02
  206.0  0.92736E-02
  207.0  0.92736E-02
  208.0  0.92736E-02
  209.0  0.92736E-02
  210.0  0.92736E-02
  211.0  0.92736E-02
  212.0  0.92736E-02
  213.0  0.92736E-02
  214.0  0.92736E-02
  215.0  0.92736E-02
  216.0  0.92736E-02
  217.0  0.92736E-02
  218.0  0.92736E-02
  219.0  0.92736E-02
  220.0  0.92736E-02
  221.0  0.92736E-02
  222.0  0.92736E-02
  223.0  0.92736E-02
  224.0  0.92736E-02
  225.0  0.92736E-02
  226.0  0.92736E-02
  227.0  0.92736E-02
  228.0  0.92736E-02
  229.0  0.92736E-02
  230.0  0.92736E-02
  231.0  0.92736E-02
  232.0  0.92736E-02
  233.0  0.92736E-02
  234.0  0.92736E-02
  235.0  0.92736E-02
  236.0  0.92736E-02
  237.0  0.92736E-02
  238.0  0.92736E-02
  239.0  0.92736E-02
  240.0  0.92736E-02
  241.0  0.92736E-02
  242.0  0.92736E-02
  243.0  0.92736E-02
  244.0  0.92736E-02
  245.0  0.92736E-02
  246.0  0.92736E-02
  247.0  0.92736E-02
  248.0  0.92736E-02
  249.0  0.92736E-02
  250.0  0.92736E-02
  251.0  0.92736E-02
  252.0  0.92736E-02
  253.0  0.92736E-02
  254.0  0.92736E-02
  255.0  0.92736E-02
  256.0  0.92736E-02
  257.0  0.92736E-02
  258.0  0.92736E-02
  259.0  0.92736E-02
  260.0  0.92736E-02
  261.0  0.92736E-02
  262.0  0.92736E-02
  263.0  0.92736E-02
  264.0  0.92736E-02
  265.0  0.92736E-02
  266.0  0.92736E-02
  267.0  0.92736E-02
  268.0  0.92736E-02
  269.0  0.92736E-02
  270.0  0.92736E-02
  271.0  0.92736E-02
  272.0  0.92736E-02
  273.0  0.92734E-02
  274.0  0.27413E-02
  275.0  0.26844E-02
  276.0  0.26274E-02
  277.0  0.25705E-02
  278.0  0.25135E-02
  279.0  0.24566E-02
  280.0  0.23997E-02
  281.0  0.23427E-02
  282.0  0.22858E-02
  283.0  0.22288E-02
  284.0  0.21719E-02
  285.0  0.21150E-02
  286.0  0.20580E-02
  287.0  0.20011E-02
  288.0  0.19442E-02
  289.0  0.18872E-02
  290.0  0.18303E-02
  291.0  0.17731E-02
  292.0  0.17159E-02
  293.0  0.16587E-02
  294.0  0.16015E-02
  295.0  0.15443E-02
  296.0  0.14871E-02
  297.0  0.14299E-02
  298.0  0.13727E-02
  299.0  0.13155E-02
  300.0  0.12583E-02
  301.0  0.12011E-02
  302.0  0.11439E-02
  303.0  0.10867E-02
  304.0  0.10295E-02
  305.0  0.97228E-03
  306.0  0.91508E-03
  307.0  0.85788E-03
  308.0  0.80068E-03
  309.0  0.74349E-03
  310.0  0.68629E-03
  311.0  0.62910E-03
  312.0  0.57191E-03
  313.0  0.51471E-03
  314.0  0.45752E-03
  315.0  0.40033E-03
  316.0  0.34314E-03
  317.0  0.28595E-03
  318.0  0.22875E-03
  319.0  0.17157E-03
  320.0  0.11438E-03
  321.0  0.57188E-04
  322.0  0.71570E-05
  323.0  0.00000E+00
  324.0  0.00000E+00
  325.0  0.00000E+00
  326.0  0.00000E+00
  327.0  0.00000E+00
  328.0  0.00000E+00
  329.0  0.00000E+00
  330.0  0.00000E+00
  331.0  0.00000E+00
  332.0  0.00000E+00
  333.0  0.00000E+00
  334.0  0.00000E+00
  335.0  0.00000E+00
  336.0  0.00000E+00
  337.0  0.00000E+00
  338.0  0.00000E+00
  339.0  0.00000E+00
  340.0  0.00000E+00
  341.0  0.00000E+00
  342.0  0.00000E+00
  343.0  0.00000E+00
  344.0  0.00000E+00
  345.0  0.00000E+00
  346.0  0.00000E+00
  347.0  0.00000E+00
  348.0  0.00000E+00
  349.0  0.00000E+00
  350.0  0.00000E+00
  351.0  0.00000E+00
  352.0  0.00000E+00
  353.0  0.00000E+00
  354.0  0.00000E+00
  355.0  0.00000E+00
  356.0  0.00000E+00
  357.0  0.00000E+00
  358.0  0.00000E+00
  359.0  0.00000E+00
  360.0  0.00000E+00
  361.0  0.00000E+00
  362.0  0.00000E+00
  363.0  0.00000E+00
  364.0  0.00000E+00
  365.0  0.00000E+00
  366.0  0.00000E+00
  367.0  0.00000E+00
  368.0  0.00000E+00
  369.0  0.00000E+00
  370.0  0.00000E+00
  371.0  0.00000E+00
  372.0  0.00000E+00
  373.0  0.00000E+00
  374.0  0.00000E+00
  375.0  0.00000E+00
  376.0  0.00000E+00
  377.0  0.00000E+00
  378.0  0.00000E+00
  379.0  0.00000E+00
  380.0  0.00000E+00
  381.0  0.00000E+00
  382.0  0.00000E+00
  383.0  0.00000E+00
  384.0  0.00000E+00
  385.0  0.00000E+00
  386.0  0.00000E+00
  387.0  0.00000E+00
  388.0  0.00000E+00
  389.0  0.00000E+00
  390.0  0.00000E+00
  391.0  0.00000E+00
  392.0  0.00000E+00
  393.0  0.00000E+00
  394.0  0.00000E+00
  395.0  0.00000E+00
  396.0  0.00000E+00
  397.0  0.00000E+00
  398.0  0.00000E+00
  399.0  0.00000E+00
  400.0  0.00000E+00
  401.0  0.00000E+00
  402.0  0.00000E+00
  403.0  0.00000E+00
  404.0  0.00000E+00
  405.0  0.00000E+00
  406.0  0.00000E+00
  407.0  0.00000E+00
  408.0  0.00000E+00
  409.0  0.00000E+00
  410.0  0.00000E+00
  411.0  0.00000E+00
  412.0  0.00000E+00
  413.0  0.00000E+00
  414.0  0.00000E+00
  415.0  0.00000E+00
  416.0  0.00000E+00
  417.0  0.00000E+00
  418.0  0.00000E+00
  419.0  0.00000E+00
  420.0  0.00000E+00
  421.0  0.00000E+00
  422.0  0.00000E+00
  423.0  0.00000E+00
  424.0  0.00000E+00
  425.0  0.00000E+00
  426.0  0.00000E+00
  427.0  0.00000E+00
  428.0  0.00000E+00
  429.0  0.00000E+00
  430.0  0.00000E+00
  431.0  0.00000E+00
  432.0  0.00000E+00
  433.0  0.00000E+00
  434.0  0.00000E+00
  435.0  0.00000E+00
  436.0  0.00000E+00
  437.0  0.00000E+00
  438.0  0.00000E+00
  439.0  0.00000E+00
  440.0  0.00000E+00
  441.0  0.00000E+00
  442.0  0.00000E+00
  443.0  0.00000E+00
  444.0  0.00000E+00
  445.0  0.00000E+00
  446.0  0.00000E+00
  447.0  0.00000E+00
  448.0  0.00000E+00
  449.0  0.00000E+00
  450.0  0.00000E+00
  451.0  0.00000E+00
  452.0  0.00000E+00
  453.0  0.00000E+00
  454.0  0.00000E+00
  455.0  0.00000E+00
  456.0  0.00000E+00
  457.0  0.00000E+00
  458.0  0.00000E+00
  459.0  0.00000E+00
  460.0  0.00000E+00
  461.0  0.00000E+00
  462.0  0.00000E+00
  463.0  0.00000E+00
  464.0  0.00000E+00
  465.0  0.00000E+00
  466.0  0.00000E+00
  467.0  0.00000E+00
  468.0  0.00000E+00
  469.0  0.00000E+00
  470.0  0.00000E+00
  471.0  0.00000E+00
  472.0  0.00000E+00
  473.0  0.00000E+00
  474.0  0.00000E+00
  475.0  0.00000E+00
  476.0  0.00000E+00
  477.0  0.00000E+00
  478.0  0.00000E+00
  479.0  0.00000E+00
  480.0  0.00000E+00
  481.0  0.00000E+00
  482.0  0.00000E+00
  483.0  0.00000E+00
  484.0  0.00000E+00
  485.0  0.00000E+00
  486.0  0.00000E+00
  487.0  0.00000E+00
  488.0  0.00000E+00
  489.0  0.00000E+00
  490.0  0.00000E+00
  491.0  0.00000E+00
  492.0  0.00000E+00
  493.0  0.00000E+00
  494.0  0.00000E+00
  495.0  0.00000E+00
  496.0  0.00000E+00
  497.0  0.00000E+00
  498.0  0.00000E+00
  499.0  0.00000E+00
  500.0  0.00000E+00
  501.0  0.00000E+00
  502.0  0.00000E+00
  503.0  0.00000E+00
  504.0  0.00000E+00
  505.0  0.00000E+00
  506.0  0.00000E+00
  507.0  0.00000E+00
  508.0  0.00000E+00
  509.0  0.00000E+00
  510.0  0.00000E+00
  511.0  0.00000E+00
  512.0  0.00000E+00
  513.0  0.00000E+00
  514.0  0.00000E+00
  515.0  0.00000E+00
  516.0  0.00000E+00
  517.0  0.00000E+00
  518.0  0.00000E+00
  519.0  0.00000E+00
  520.0  0.00000E+00
  521.0  0.00000E+00
  522.0  0.00000E+00
  523.0  0.00000E+00
  524.0  0.00000E+00
  525.0  0.00000E+00
  526.0  0.00000E+00
  527.0  0.00000E+00
  528.0  0.00000E+00
  529.0  0.00000E+00
  530.0  0.00000E+00
  531.0  0.00000E+00
  532.0  0.00000E+00
  533.0  0.00000E+00
  534.0  0.00000E+00
  535.0  0.00000E+00
  536.0  0.00000E+00
  537.0  0.00000E+00
  538.0  0.00000E+00
  539.0  0.00000E+00
  540.0  0.00000E+00
  541.0  0.00000E+00
  542.0  0.00000E+00
  543.0  0.00000E+00
  544.0  0.00000E+00
  545.0  0.00000E+00
  546.0  0.00000E+00
  547.0  0.00000E+00
  548.0  0.00000E+00
  549.0  0.00000E+00
  550.0  0.00000E+00
  551.0  0.00000E+00
  552.0  0.00000E+00
  553.0  0.00000E+00
  554.0  0.00000E+00
  555.0  0.00000E+00
  556.0  0.00000E+00
  557.0  0.00000E+00
  558.0  0.00000E+00
  559.0  0.00000E+00
  560.0  0.00000E+00
  561.0  0.00000E+00
  562.0  0.00000E+00
  563.0  0.00000E+00
  564.0  0.00000E+00
  565.0  0.00000E+00
  566.0  0.00000E+00
  567.0  0.00000E+00
  568.0  0.00000E+00
  569.0  0.00000E+00
  570.0  0.00000E+00
  571.0  0.00000E+00
  572.0  0.00000E+00
  573.0  0.00000E+00
  574.0  0.00000E+00
  575.0  0.00000E+00
  576.0  0.00000E+00
  577.0  0.00000E+00
  578.0  0.00000E+00
  579.0  0.00000E+00
  580.0  0.00000E+00
  581.0  0.00000E+00
  582.0  0.00000E+00
  583.0  0.00000E+00
  584.0  0.00000E+00
  585.0  0.00000E+00
  586.0  0.00000E+00
  587.0  0.00000E+00
  588.0  0.00000E+00
  589.0  0.00000E+00
  590.0  0.00000E+00
  591.0  0.00000E+00
  592.0  0.00000E+00
  593.0  0.00000E+00
  594.0  0.00000E+00
  595.0  0.00000E+00
  596.0  0.00000E+00
  597.0  0.00000E+00
  598.0  0.00000E+00
  599.0  0.00000E+00
  600.0  0.00000E+00
  601.0  0.00000E+00
  602.0  0.00000E+00
  603.0  0.00000E+00
  604.0  0.00000E+00
  605.0  0.00000E+00
  606.0  0.00000E+00
  607.0  0.00000E+00
  608.0  0.00000E+00
  609.0  0.00000E+00
  610.0  0.00000E+00
  611.0  0.00000E+00
  612.0  0.00000E+00
  613.0  0.00000E+00
  614.0  0.00000E+00
  615.0  0.00000E+00
  616.0  0.00000E+00
  617.0  0.00000E+00
  618.0  0.00000E+00
  619.0  0.00000E+00
  620.0  0.00000E+00
  621.0  0.00000E+00
  622.0  0.00000E+00
  623.0  0.00000E+00
  624.0  0.00000E+00
  625.0  0.00000E+00
  626.0  0.00000E+00
  627.0  0.00000E+00
  628.0  0.00000E+00
  629.0  0.00000E+00
  630.0  0.00000E+00
  631.0  0.00000E+00
  632.0  0.00000E+00
  633.0  0.00000E+00
  634.0  0.00000E+00
  635.0  0.00000E+00
  636.0  0.00000E+00
  637.0  0.00000E+00
  638.0  0.00000E+00
  639.0  0.00000E+00
  640.0  0.00000E+00
  641.0  0.00000E+00
  642.0  0.00000E+00
  643.0  0.00000E+00
  644.0  0.00000E+00
  645.0  0.00000E+00
  646.0  0.00000E+00
  647.0  0.00000E+00
  648.0  0.00000E+00
  649.0  0.00000E+00
  650.0  0.00000E+00
  651.0  0.00000E+00
  652.0  0.00000E+00
  653.0  0.00000E+00
  654.0  0.00000E+00
  655.0  0.00000E+00
  656.0  0.00000E+00
  657.0  0.00000E+00
  658.0  0.00000E+00
  659.0  0.00000E+00
  660.0  0.00000E+00
  661.0  0.00000E+00
  662.0  0.00000E+00
  663.0  0.00000E+00
  664.0  0.00000E+00
  665.0  0.00000E+00
  666.0  0.00000E+00
  667.0  0.00000E+00
  668.0  0.00000E+00
  669.0  0.00000E+00
  670.0  0.00000E+00
  671.0  0.00000E+00
  672.0  0.00000E+00
  673.0  0.00000E+00
  674.0  0.00000E+00
  675.0  0.00000E+00
  676.0  0.00000E+00
  677.0  0.00000E+00
  678.0  0.00000E+00
  679.0  0.00000E+00
  680.0  0.00000E+00
  681.0  0.00000E+00
  682.0  0.00000E+00
  683.0  0.00000E+00
  684.0  0.00000E+00
  685.0  0.00000E+00
  686.0  0.00000E+00
  687.0  0.00000E+00
  688.0  0.00000E+00
  689.0  0.00000E+00
  690.0  0.00000E+00
  691.0  0.00000E+00
  692.0  0.00000E+00
  693.0  0.00000E+00
  694.0  0.00000E+00
  695.0  0.00000E+00
  696.0  0.00000E+00
  697.0  0.00000E+00
  698.0  0.00000E+00
  699.0  0.00000E+00
  700.0  0.00000E+00
  701.0  0.00000E+00
  702.0  0.00000E+00
  703.0  0.00000E+00
  704.0  0.00000E+00
  705.0  0.00000E+00
  706.0  0.00000E+00
  707.0  0.00000E+00
  708.0  0.00000E+00
  709.0  0.00000E+00
  710.0  0.00000E+00
  711.0  0.00000E+00
  712.0  0.00000E+00
  713.0  0.00000E+00
  714.0  0.00000E+00
  715.0  0.00000E+00
