    5.0  0.83730E-02
    6.0  0.94362E-02
    7.0  0.12489E-01
    8.0  0.14771E-01
    9.0  0.16163E-01
   10.0  0.17102E-01
   11.0  0.17777E-01
   12.0  0.18629E-01
   13.0  0.22885E-01
   14.0  0.26556E-01
   15.0  0.29114E-01
   16.0  0.31000E-01
   17.0  0.32447E-01
   18.0  0.33593E-01
   19.0  0.34523E-01
   20.0  0.35292E-01
   21.0  0.35939E-01
   22.0  0.36492E-01
   23.0  0.36968E-01
   24.0  0.37384E-01
   25.0  0.38311E-01
   26.0  0.40907E-01
   27.0  0.43213E-01
   28.0  0.45160E-01
   29.0  0.46827E-01
   30.0  0.48269E-01
   31.0  0.49530E-01
   32.0  0.50641E-01
   33.0  0.51628E-01
   34.0  0.52511E-01
   35.0  0.53309E-01
   36.0  0.54538E-01
   37.0  0.56064E-01
   38.0  0.57598E-01
   39.0  0.59114E-01
   40.0  0.60637E-01
   41.0  0.62171E-01
   42.0  0.63876E-01
   43.0  0.65404E-01
   44.0  0.66786E-01
   45.0  0.68383E-01
   46.0  0.69865E-01
   47.0  0.71474E-01
   48.0  0.72936E-01
   49.0  0.74351E-01
   50.0  0.75782E-01
   51.0  0.77387E-01
   52.0  0.78927E-01
   53.0  0.80437E-01
   54.0  0.81888E-01
   55.0  0.83486E-01
   56.0  0.84974E-01
   57.0  0.86522E-01
   58.0  0.88073E-01
   59.0  0.89540E-01
   60.0  0.91109E-01
   61.0  0.92651E-01
   62.0  0.94162E-01
   63.0  0.95733E-01
   64.0  0.97214E-01
   65.0  0.98597E-01
   66.0  0.10013E+00
   67.0  0.10171E+00
   68.0  0.10322E+00
   69.0  0.10470E+00
   70.0  0.10628E+00
   71.0  0.10782E+00
   72.0  0.10930E+00
   73.0  0.11076E+00
   74.0  0.11231E+00
   75.0  0.11383E+00
   76.0  0.11532E+00
   77.0  0.11677E+00
   78.0  0.11823E+00
   79.0  0.11974E+00
   80.0  0.12125E+00
   81.0  0.12277E+00
   82.0  0.12429E+00
   83.0  0.12580E+00
   84.0  0.12728E+00
   85.0  0.12875E+00
   86.0  0.13024E+00
   87.0  0.13173E+00
   88.0  0.13322E+00
   89.0  0.13467E+00
   90.0  0.13606E+00
   91.0  0.13751E+00
   92.0  0.13901E+00
   93.0  0.14057E+00
   94.0  0.14219E+00
   95.0  0.14387E+00
   96.0  0.14532E+00
   97.0  0.14662E+00
   98.0  0.14798E+00
   99.0  0.14942E+00
  100.0  0.15093E+00
  101.0  0.15251E+00
  102.0  0.15419E+00
  103.0  0.15598E+00
  104.0  0.15828E+00
  105.0  0.16089E+00
  106.0  0.16360E+00
  107.0  0.16755E+00
  108.0  0.17250E+00
  109.0  0.17772E+00
  110.0  0.18323E+00
  111.0  0.18907E+00
  112.0  0.19525E+00
  113.0  0.20106E+00
  114.0  0.20583E+00
  115.0  0.21122E+00
  116.0  0.21728E+00
  117.0  0.22307E+00
  118.0  0.22897E+00
  119.0  0.23409E+00
  120.0  0.23994E+00
  121.0  0.24540E+00
  122.0  0.25067E+00
  123.0  0.25350E+00
  124.0  0.25422E+00
  125.0  0.24540E+00
  126.0  0.23522E+00
  127.0  0.22480E+00
  128.0  0.21473E+00
  129.0  0.20484E+00
  130.0  0.19446E+00
  131.0  0.18498E+00
  132.0  0.17442E+00
  133.0  0.16495E+00
  134.0  0.15412E+00
  135.0  0.14442E+00
  136.0  0.13311E+00
  137.0  0.12312E+00
  138.0  0.11312E+00
  139.0  0.10379E+00
  140.0  0.91811E-01
  141.0  0.82583E-01
  142.0  0.71490E-01
  143.0  0.61703E-01
  144.0  0.51091E-01
  145.0  0.40810E-01
  146.0  0.30608E-01
  147.0  0.21439E-01
  148.0  0.19884E-01
  149.0  0.19697E-01
  150.0  0.19566E-01
  151.0  0.19399E-01
  152.0  0.19219E-01
  153.0  0.19069E-01
  154.0  0.18913E-01
  155.0  0.18749E-01
  156.0  0.18609E-01
  157.0  0.18468E-01
  158.0  0.18301E-01
  159.0  0.18140E-01
  160.0  0.17955E-01
  161.0  0.17911E-01
  162.0  0.17911E-01
  163.0  0.17911E-01
  164.0  0.17911E-01
  165.0  0.17911E-01
  166.0  0.17911E-01
  167.0  0.17911E-01
  168.0  0.17911E-01
  169.0  0.17911E-01
  170.0  0.17911E-01
  171.0  0.17911E-01
  172.0  0.17911E-01
  173.0  0.17911E-01
  174.0  0.17911E-01
  175.0  0.17911E-01
  176.0  0.17911E-01
  177.0  0.17911E-01
  178.0  0.17911E-01
  179.0  0.17911E-01
  180.0  0.17911E-01
  181.0  0.17911E-01
  182.0  0.17911E-01
  183.0  0.17911E-01
  184.0  0.17911E-01
  185.0  0.17911E-01
  186.0  0.17911E-01
  187.0  0.17911E-01
  188.0  0.17911E-01
  189.0  0.17911E-01
  190.0  0.17911E-01
  191.0  0.17911E-01
  192.0  0.17911E-01
  193.0  0.17911E-01
  194.0  0.17911E-01
  195.0  0.17911E-01
  196.0  0.17911E-01
  197.0  0.17911E-01
  198.0  0.17911E-01
  199.0  0.17911E-01
  200.0  0.17911E-01
  201.0  0.17911E-01
  202.0  0.17911E-01
  203.0  0.17911E-01
  204.0  0.17911E-01
  205.0  0.17911E-01
  206.0  0.17911E-01
  207.0  0.17911E-01
  208.0  0.17911E-01
  209.0  0.17911E-01
  210.0  0.17911E-01
  211.0  0.17911E-01
  212.0  0.17911E-01
  213.0  0.17911E-01
  214.0  0.17911E-01
  215.0  0.17911E-01
  216.0  0.17911E-01
  217.0  0.17911E-01
  218.0  0.17911E-01
  219.0  0.17911E-01
  220.0  0.17911E-01
  221.0  0.17911E-01
  222.0  0.17911E-01
  223.0  0.17911E-01
  224.0  0.17911E-01
  225.0  0.17911E-01
  226.0  0.17911E-01
  227.0  0.17911E-01
  228.0  0.17911E-01
  229.0  0.17911E-01
  230.0  0.17911E-01
  231.0  0.17911E-01
  232.0  0.17911E-01
  233.0  0.17911E-01
  234.0  0.17911E-01
  235.0  0.17911E-01
  236.0  0.17911E-01
  237.0  0.17911E-01
  238.0  0.17911E-01
  239.0  0.17911E-01
  240.0  0.17911E-01
  241.0  0.17911E-01
  242.0  0.17911E-01
  243.0  0.17911E-01
  244.0  0.17911E-01
  245.0  0.17911E-01
  246.0  0.17911E-01
  247.0  0.17911E-01
  248.0  0.17911E-01
  249.0  0.17911E-01
  250.0  0.17911E-01
  251.0  0.17911E-01
  252.0  0.17911E-01
  253.0  0.17911E-01
  254.0  0.17911E-01
  255.0  0.17911E-01
  256.0  0.17911E-01
  257.0  0.17911E-01
  258.0  0.17911E-01
  259.0  0.17911E-01
  260.0  0.17911E-01
  261.0  0.17911E-01
  262.0  0.17911E-01
  263.0  0.17911E-01
  264.0  0.17911E-01
  265.0  0.17911E-01
  266.0  0.17911E-01
  267.0  0.17911E-01
  268.0  0.17911E-01
  269.0  0.17911E-01
  270.0  0.17911E-01
  271.0  0.17911E-01
  272.0  0.17911E-01
  273.0  0.17910E-01
  274.0  0.00000E+00
  275.0  0.00000E+00
  276.0  0.00000E+00
  277.0  0.00000E+00
  278.0  0.00000E+00
  279.0  0.00000E+00
  280.0  0.00000E+00
  281.0  0.00000E+00
  282.0  0.00000E+00
  283.0  0.00000E+00
  284.0  0.00000E+00
  285.0  0.00000E+00
  286.0  0.00000E+00
  287.0  0.00000E+00
  288.0  0.00000E+00
  289.0  0.00000E+00
  290.0  0.00000E+00
  291.0  0.00000E+00
  292.0  0.00000E+00
  293.0  0.00000E+00
  294.0  0.00000E+00
  295.0  0.00000E+00
  296.0  0.00000E+00
  297.0  0.00000E+00
  298.0  0.00000E+00
  299.0  0.00000E+00
  300.0  0.00000E+00
  301.0  0.00000E+00
  302.0  0.00000E+00
  303.0  0.00000E+00
  304.0  0.00000E+00
  305.0  0.00000E+00
  306.0  0.00000E+00
  307.0  0.00000E+00
  308.0  0.00000E+00
  309.0  0.00000E+00
  310.0  0.00000E+00
  311.0  0.00000E+00
  312.0  0.00000E+00
  313.0  0.00000E+00
  314.0  0.00000E+00
  315.0  0.00000E+00
  316.0  0.00000E+00
  317.0  0.00000E+00
  318.0  0.00000E+00
  319.0  0.00000E+00
  320.0  0.00000E+00
  321.0  0.00000E+00
  322.0  0.00000E+00
  323.0  0.00000E+00
  324.0  0.00000E+00
  325.0  0.00000E+00
  326.0  0.00000E+00
  327.0  0.00000E+00
  328.0  0.00000E+00
  329.0  0.00000E+00
  330.0  0.00000E+00
  331.0  0.00000E+00
  332.0  0.00000E+00
  333.0  0.00000E+00
  334.0  0.00000E+00
  335.0  0.00000E+00
  336.0  0.00000E+00
  337.0  0.00000E+00
  338.0  0.00000E+00
  339.0  0.00000E+00
  340.0  0.00000E+00
  341.0  0.00000E+00
  342.0  0.00000E+00
  343.0  0.00000E+00
  344.0  0.00000E+00
  345.0  0.00000E+00
  346.0  0.00000E+00
  347.0  0.00000E+00
  348.0  0.00000E+00
  349.0  0.00000E+00
  350.0  0.00000E+00
  351.0  0.00000E+00
  352.0  0.00000E+00
  353.0  0.00000E+00
  354.0  0.00000E+00
  355.0  0.00000E+00
  356.0  0.00000E+00
  357.0  0.00000E+00
  358.0  0.00000E+00
  359.0  0.00000E+00
  360.0  0.00000E+00
  361.0  0.00000E+00
  362.0  0.00000E+00
  363.0  0.00000E+00
  364.0  0.00000E+00
  365.0  0.00000E+00
  366.0  0.00000E+00
  367.0  0.00000E+00
  368.0  0.00000E+00
  369.0  0.00000E+00
  370.0  0.00000E+00
  371.0  0.00000E+00
  372.0  0.00000E+00
  373.0  0.00000E+00
  374.0  0.00000E+00
  375.0  0.00000E+00
  376.0  0.00000E+00
  377.0  0.00000E+00
  378.0  0.00000E+00
  379.0  0.00000E+00
  380.0  0.00000E+00
  381.0  0.00000E+00
  382.0  0.00000E+00
  383.0  0.00000E+00
  384.0  0.00000E+00
  385.0  0.00000E+00
  386.0  0.00000E+00
  387.0  0.00000E+00
  388.0  0.00000E+00
  389.0  0.00000E+00
  390.0  0.00000E+00
  391.0  0.00000E+00
  392.0  0.00000E+00
  393.0  0.00000E+00
  394.0  0.00000E+00
  395.0  0.00000E+00
  396.0  0.00000E+00
  397.0  0.00000E+00
  398.0  0.00000E+00
  399.0  0.00000E+00
  400.0  0.00000E+00
  401.0  0.00000E+00
  402.0  0.00000E+00
  403.0  0.00000E+00
  404.0  0.00000E+00
  405.0  0.00000E+00
  406.0  0.00000E+00
  407.0  0.00000E+00
  408.0  0.00000E+00
  409.0  0.00000E+00
  410.0  0.00000E+00
  411.0  0.00000E+00
  412.0  0.00000E+00
  413.0  0.00000E+00
  414.0  0.00000E+00
  415.0  0.00000E+00
  416.0  0.00000E+00
  417.0  0.00000E+00
  418.0  0.00000E+00
  419.0  0.00000E+00
  420.0  0.00000E+00
  421.0  0.00000E+00
  422.0  0.00000E+00
  423.0  0.00000E+00
  424.0  0.00000E+00
  425.0  0.00000E+00
  426.0  0.00000E+00
  427.0  0.00000E+00
  428.0  0.00000E+00
  429.0  0.00000E+00
  430.0  0.00000E+00
  431.0  0.00000E+00
  432.0  0.00000E+00
  433.0  0.00000E+00
  434.0  0.00000E+00
  435.0  0.00000E+00
  436.0  0.00000E+00
  437.0  0.00000E+00
  438.0  0.00000E+00
  439.0  0.00000E+00
  440.0  0.00000E+00
  441.0  0.00000E+00
  442.0  0.00000E+00
  443.0  0.00000E+00
  444.0  0.00000E+00
  445.0  0.00000E+00
  446.0  0.00000E+00
  447.0  0.00000E+00
  448.0  0.00000E+00
  449.0  0.00000E+00
  450.0  0.00000E+00
  451.0  0.00000E+00
  452.0  0.00000E+00
  453.0  0.00000E+00
  454.0  0.00000E+00
  455.0  0.00000E+00
  456.0  0.00000E+00
  457.0  0.00000E+00
  458.0  0.00000E+00
  459.0  0.00000E+00
  460.0  0.00000E+00
  461.0  0.00000E+00
  462.0  0.00000E+00
  463.0  0.00000E+00
  464.0  0.00000E+00
  465.0  0.00000E+00
  466.0  0.00000E+00
  467.0  0.00000E+00
  468.0  0.00000E+00
  469.0  0.00000E+00
  470.0  0.00000E+00
  471.0  0.00000E+00
  472.0  0.00000E+00
  473.0  0.00000E+00
  474.0  0.00000E+00
  475.0  0.00000E+00
  476.0  0.00000E+00
  477.0  0.00000E+00
  478.0  0.00000E+00
  479.0  0.00000E+00
  480.0  0.00000E+00
  481.0  0.00000E+00
  482.0  0.00000E+00
  483.0  0.00000E+00
  484.0  0.00000E+00
  485.0  0.00000E+00
  486.0  0.00000E+00
  487.0  0.00000E+00
  488.0  0.00000E+00
  489.0  0.00000E+00
  490.0  0.00000E+00
  491.0  0.00000E+00
  492.0  0.00000E+00
  493.0  0.00000E+00
  494.0  0.00000E+00
  495.0  0.00000E+00
  496.0  0.00000E+00
  497.0  0.00000E+00
  498.0  0.00000E+00
  499.0  0.00000E+00
  500.0  0.00000E+00
  501.0  0.00000E+00
  502.0  0.00000E+00
  503.0  0.00000E+00
  504.0  0.00000E+00
  505.0  0.00000E+00
  506.0  0.00000E+00
  507.0  0.00000E+00
  508.0  0.00000E+00
  509.0  0.00000E+00
  510.0  0.00000E+00
  511.0  0.00000E+00
  512.0  0.00000E+00
  513.0  0.00000E+00
  514.0  0.00000E+00
  515.0  0.00000E+00
  516.0  0.00000E+00
  517.0  0.00000E+00
  518.0  0.00000E+00
  519.0  0.00000E+00
  520.0  0.00000E+00
  521.0  0.00000E+00
  522.0  0.00000E+00
  523.0  0.00000E+00
  524.0  0.00000E+00
  525.0  0.00000E+00
  526.0  0.00000E+00
  527.0  0.00000E+00
  528.0  0.00000E+00
  529.0  0.00000E+00
  530.0  0.00000E+00
  531.0  0.00000E+00
  532.0  0.00000E+00
  533.0  0.00000E+00
  534.0  0.00000E+00
  535.0  0.00000E+00
  536.0  0.00000E+00
  537.0  0.00000E+00
  538.0  0.00000E+00
  539.0  0.00000E+00
  540.0  0.00000E+00
  541.0  0.00000E+00
  542.0  0.00000E+00
  543.0  0.00000E+00
  544.0  0.00000E+00
  545.0  0.00000E+00
  546.0  0.00000E+00
  547.0  0.00000E+00
  548.0  0.00000E+00
  549.0  0.00000E+00
  550.0  0.00000E+00
  551.0  0.00000E+00
  552.0  0.00000E+00
  553.0  0.00000E+00
  554.0  0.00000E+00
  555.0  0.00000E+00
  556.0  0.00000E+00
  557.0  0.00000E+00
  558.0  0.00000E+00
  559.0  0.00000E+00
  560.0  0.00000E+00
  561.0  0.00000E+00
  562.0  0.00000E+00
  563.0  0.00000E+00
  564.0  0.00000E+00
  565.0  0.00000E+00
  566.0  0.00000E+00
  567.0  0.00000E+00
  568.0  0.00000E+00
  569.0  0.00000E+00
  570.0  0.00000E+00
  571.0  0.00000E+00
  572.0  0.00000E+00
  573.0  0.00000E+00
  574.0  0.00000E+00
  575.0  0.00000E+00
  576.0  0.00000E+00
  577.0  0.00000E+00
  578.0  0.00000E+00
  579.0  0.00000E+00
  580.0  0.00000E+00
  581.0  0.00000E+00
  582.0  0.00000E+00
  583.0  0.00000E+00
  584.0  0.00000E+00
  585.0  0.00000E+00
  586.0  0.00000E+00
  587.0  0.00000E+00
  588.0  0.00000E+00
  589.0  0.00000E+00
  590.0  0.00000E+00
  591.0  0.00000E+00
  592.0  0.00000E+00
  593.0  0.00000E+00
  594.0  0.00000E+00
  595.0  0.00000E+00
  596.0  0.00000E+00
  597.0  0.00000E+00
  598.0  0.00000E+00
  599.0  0.00000E+00
  600.0  0.00000E+00
  601.0  0.00000E+00
  602.0  0.00000E+00
  603.0  0.00000E+00
  604.0  0.00000E+00
  605.0  0.00000E+00
  606.0  0.00000E+00
  607.0  0.00000E+00
  608.0  0.00000E+00
  609.0  0.00000E+00
  610.0  0.00000E+00
  611.0  0.00000E+00
  612.0  0.00000E+00
  613.0  0.00000E+00
  614.0  0.00000E+00
  615.0  0.00000E+00
  616.0  0.00000E+00
  617.0  0.00000E+00
  618.0  0.00000E+00
  619.0  0.00000E+00
  620.0  0.00000E+00
  621.0  0.00000E+00
  622.0  0.00000E+00
  623.0  0.00000E+00
  624.0  0.00000E+00
  625.0  0.00000E+00
  626.0  0.00000E+00
  627.0  0.00000E+00
  628.0  0.00000E+00
  629.0  0.00000E+00
  630.0  0.00000E+00
  631.0  0.00000E+00
  632.0  0.00000E+00
  633.0  0.00000E+00
  634.0  0.00000E+00
  635.0  0.00000E+00
  636.0  0.00000E+00
  637.0  0.00000E+00
  638.0  0.00000E+00
  639.0  0.00000E+00
  640.0  0.00000E+00
  641.0  0.00000E+00
  642.0  0.00000E+00
  643.0  0.00000E+00
  644.0  0.00000E+00
  645.0  0.00000E+00
  646.0  0.00000E+00
  647.0  0.00000E+00
  648.0  0.00000E+00
  649.0  0.00000E+00
  650.0  0.00000E+00
  651.0  0.00000E+00
  652.0  0.00000E+00
  653.0  0.00000E+00
  654.0  0.00000E+00
  655.0  0.00000E+00
  656.0  0.00000E+00
  657.0  0.00000E+00
  658.0  0.00000E+00
  659.0  0.00000E+00
  660.0  0.00000E+00
  661.0  0.00000E+00
  662.0  0.00000E+00
  663.0  0.00000E+00
  664.0  0.00000E+00
  665.0  0.00000E+00
  666.0  0.00000E+00
  667.0  0.00000E+00
  668.0  0.00000E+00
  669.0  0.00000E+00
  670.0  0.00000E+00
  671.0  0.00000E+00
  672.0  0.00000E+00
  673.0  0.00000E+00
  674.0  0.00000E+00
  675.0  0.00000E+00
  676.0  0.00000E+00
  677.0  0.00000E+00
  678.0  0.00000E+00
  679.0  0.00000E+00
  680.0  0.00000E+00
  681.0  0.00000E+00
  682.0  0.00000E+00
  683.0  0.00000E+00
  684.0  0.00000E+00
  685.0  0.00000E+00
  686.0  0.00000E+00
  687.0  0.00000E+00
  688.0  0.00000E+00
  689.0  0.00000E+00
  690.0  0.00000E+00
  691.0  0.00000E+00
  692.0  0.00000E+00
  693.0  0.00000E+00
  694.0  0.00000E+00
  695.0  0.00000E+00
  696.0  0.00000E+00
  697.0  0.00000E+00
  698.0  0.00000E+00
  699.0  0.00000E+00
  700.0  0.00000E+00
  701.0  0.00000E+00
  702.0  0.00000E+00
  703.0  0.00000E+00
  704.0  0.00000E+00
  705.0  0.00000E+00
  706.0  0.00000E+00
  707.0  0.00000E+00
  708.0  0.00000E+00
  709.0  0.00000E+00
  710.0  0.00000E+00
  711.0  0.00000E+00
  712.0  0.00000E+00
  713.0  0.00000E+00
  714.0  0.00000E+00
  715.0  0.00000E+00
