   50.0  2.99175e-17  2.99175e-17
   51.0  2.93340e-17  2.93340e-17
   52.0  3.08825e-17  3.08825e-17
   53.0  3.13639e-17  3.13639e-17
   54.0  3.25522e-17  3.25522e-17
   55.0  3.36556e-17  3.36556e-17
   56.0  2.88405e-17  2.88405e-17
   57.0  2.44306e-17  2.44306e-17
   58.0  2.25100e-17  2.25100e-17
   59.0  2.33610e-17  2.33610e-17
   60.0  2.41000e-17  2.41000e-17
   61.0  2.49000e-17  2.49000e-17
   62.0  2.20000e-17  2.20000e-17
   63.0  2.17822e-17  2.17822e-17
   64.0  2.13991e-17  2.13991e-17
   65.0  2.07751e-17  2.07751e-17
   66.0  2.20000e-17  2.20000e-17
   67.0  2.15000e-17  2.15000e-17
   68.0  2.34000e-17  2.34000e-17
   69.0  2.91076e-17  2.91076e-17
   70.0  2.08000e-17  2.08000e-17
   71.0  1.95949e-17  1.95949e-17
   72.0  3.27000e-17  3.27000e-17
   73.0  3.78691e-17  3.78691e-17
   74.0  1.45669e-17  1.45669e-17
   75.0  3.69730e-17  3.69730e-17
   76.0  7.71102e-17  7.71102e-17
   77.0  3.15120e-17  3.15120e-17
   78.0  2.25934e-17  2.25934e-17
   79.0  2.39781e-17  2.39781e-17
   80.0  1.80450e-17  1.80450e-17
   81.0  1.65417e-17  1.65417e-17
   82.0  1.40538e-17  1.40538e-17
   83.0  1.31415e-17  1.31415e-17
   84.0  1.49220e-17  1.49220e-17
   85.0  1.76408e-17  1.76408e-17
   86.0  2.43478e-17  2.43478e-17
   87.0  3.47585e-17  3.47585e-17
   88.0  5.26584e-17  5.26584e-17
   89.0  8.15000e-17  8.15000e-17
   90.0  8.88290e-17  8.88290e-17
   91.0  8.49999e-17  8.49999e-17
   92.0  4.10000e-17  4.10000e-17
   93.0  7.80002e-17  7.80002e-17
   94.0  6.19999e-17  6.19999e-17
   95.0  6.60380e-17  6.60380e-17
   96.0  3.69999e-17  3.69999e-17
   97.0  3.69999e-17  3.69999e-17
   98.0  2.62229e-17  2.62229e-17
   99.0  9.47110e-17  9.47110e-17
  100.0  3.69999e-17  3.69999e-17
  101.0  2.30000e-17  2.30000e-17
  102.0  1.80000e-17  1.80000e-17
  103.0  6.81000e-17  6.81000e-17
  104.0  1.20000e-17  1.20000e-17
  105.0  1.50000e-17  1.50000e-17
  106.0  7.79998e-18  7.79998e-18
  107.0  4.70000e-17  4.70000e-17
  108.0  1.33265e-17  1.33265e-17
  109.0  6.70000e-18  6.70000e-18
  110.0  1.27744e-17  1.27744e-17
  111.0  3.14532e-17  3.14532e-17
  112.0  4.49999e-17  4.49999e-17
  113.0  2.04713e-17  2.04713e-17
  114.0  3.69999e-18  3.69999e-18
  115.0  1.04053e-18  1.04053e-18
  116.0  6.60385e-19  6.60385e-19
  117.0  4.12998e-19  4.12998e-19
  118.0  2.07432e-20  2.89531e-20
  119.0  2.78939e-20  3.69526e-20
  120.0  3.82413e-20  4.42942e-20
  121.0  5.39481e-20  6.19860e-20
  122.0  7.58734e-20  8.57464e-20
  123.0  1.06964e-19  1.20957e-19
  124.0  1.50735e-19  1.73725e-19
  125.0  2.07765e-19  2.31628e-19
  126.0  2.77351e-19  3.08765e-19
  127.0  3.60850e-19  3.97714e-19
  128.0  4.29805e-19  4.87830e-19
  129.0  5.37452e-19  5.99189e-19
  130.0  6.60221e-19  7.24853e-19
  131.0  7.39813e-19  8.15632e-19
  132.0  7.43447e-19  8.22191e-19
  133.0  7.28179e-19  8.01426e-19
  134.0  7.02567e-19  7.67839e-19
  135.0  6.03246e-19  6.48105e-19
  136.0  5.77611e-19  6.11355e-19
  137.0  5.24782e-19  5.45768e-19
  138.0  4.91022e-19  5.05175e-19
  139.0  4.83861e-19  4.90350e-19
  140.0  5.01994e-19  5.07944e-19
  141.0  5.14401e-19  5.19945e-19
  142.0  5.24771e-19  5.31567e-19
  143.0  5.38289e-19  5.54206e-19
  144.0  5.42099e-19  5.67196e-19
  145.0  5.45416e-19  5.66684e-19
  146.0  5.23942e-19  5.44653e-19
  147.0  4.98905e-19  5.25587e-19
  148.0  4.89203e-19  5.24148e-19
  149.0  4.72881e-19  5.13649e-19
  150.0  4.46632e-19  4.86695e-19
  151.0  4.16870e-19  4.51849e-19
  152.0  3.64959e-19  4.04793e-19
  153.0  3.31114e-19  3.74698e-19
  154.0  3.08195e-19  3.51869e-19
  155.0  2.76277e-19  3.17308e-19
  156.0  2.27597e-19  2.64320e-19
  157.0  2.03607e-19  2.37719e-19
  158.0  1.85474e-19  2.17290e-19
  159.0  1.46118e-19  1.75495e-19
  160.0  1.20179e-19  1.50952e-19
  161.0  1.09119e-19  1.37503e-19
  162.0  8.59949e-20  1.09008e-19
  163.0  6.58190e-20  8.83743e-20
  164.0  5.78344e-20  7.79512e-20
  165.0  4.31995e-20  5.92381e-20
  166.0  3.65585e-20  5.17670e-20
  167.0  3.01490e-20  4.25268e-20
  168.0  2.17799e-20  3.19692e-20
  169.0  1.86997e-20  2.79598e-20
  170.0  1.38889e-20  2.09082e-20
  171.0  9.83422e-21  1.66887e-20
  172.0  8.46447e-21  1.37436e-20
  173.0  6.01185e-21  1.01243e-20
  174.0  4.57154e-21  7.92608e-21
  175.0  4.30000e-21  7.67000e-21
  176.0  4.30000e-21  7.67000e-21
  177.0  9.17000e-22  1.91000e-21
  178.0  9.17000e-22  1.91000e-21
  179.0  9.17000e-22  1.91000e-21
  180.0  4.50000e-22  1.91000e-21
  181.0  3.50000e-22  1.91000e-21
  182.0  2.00000e-22  1.91000e-21
  183.0  1.60000e-22  4.16000e-22
  184.0  9.25000e-23  4.16000e-22
  185.0  7.25000e-23  4.16000e-22
  186.0  6.50000e-23  4.16000e-22
  187.0  4.00000e-23  9.39000e-23
  188.0  2.60000e-23  9.39000e-23
  189.0  2.00000e-23  9.39000e-23
  190.0  1.40000e-23  9.39000e-23
  191.0  1.10000e-23  9.39000e-23
  192.0  1.05000e-23  1.72000e-23
  193.0  7.50000e-24  1.72000e-23
  194.0  5.00000e-24  1.72000e-23
  195.0  3.40000e-24  1.72000e-23
  196.0  2.90000e-24  1.72000e-23
  197.0  2.50000e-24  1.72000e-23
  198.0  2.96629e-24  2.96629e-24
  199.0  2.06248e-24  2.06248e-24
  200.0  1.17827e-24  1.17827e-24
  201.0  3.13676e-25  3.13676e-25
  202.0  1.98701e-25  1.98701e-25
  203.0  1.00000e-25  1.00000e-25  
  204.0  7.09972e-26  7.09972e-26
  205.0  7.16216e-26  7.16216e-26
  206.0  7.19105e-26  7.19105e-26
  207.0  7.18736e-26  7.18736e-26
  208.0  7.15201e-26  7.15201e-26
  209.0  7.08590e-26  7.08590e-26
  210.0  6.95657e-26  6.95657e-26
  211.0  6.76486e-26  6.76486e-26
  212.0  6.54493e-26  6.54493e-26
  213.0  6.29755e-26  6.29755e-26
  214.0  6.02349e-26  6.02349e-26
  215.0  5.72349e-26  5.72349e-26
  216.0  5.39826e-26  5.39826e-26
  217.0  5.04849e-26  5.04849e-26
  218.0  4.67485e-26  4.67485e-26
  219.0  4.27800e-26  4.27800e-26
  220.0  4.08633e-26  4.08633e-26
  221.0  4.10045e-26  4.10045e-26
  222.0  4.09318e-26  4.09318e-26
  223.0  4.06508e-26  4.06508e-26
  224.0  4.01671e-26  4.01671e-26
  225.0  3.94859e-26  3.94859e-26
  226.0  3.86127e-26  3.86127e-26
  227.0  3.75523e-26  3.75523e-26
