0 0
0.1 0
0.2 0
0.3 0
0.4 0
0.5 0
0.6 0
0.7 0
0.8 0
0.9 0
1 0
1.1 0
1.2 0
1.3 0
1.4 0
1.5 0
1.6 0
1.7 0
1.8 0
1.9 0
2 0
2.1 0
2.2 0
2.3 0
2.4 0
2.5 0
2.6 0
2.7 0
2.8 0
2.9 0
3 0
3.1 0
3.2 0
3.3 0
3.4 0
3.5 0
3.6 0
3.7 0
3.8 0
3.9 0
4 0
4.1 0
4.2 0
4.3 0
4.4 0
4.5 0
4.6 0
4.7 0
4.8 0
4.9 0
5 0
5.1 0
5.2 0
5.3 0
5.4 0
5.5 0
5.6 0
5.7 0
5.8 0
5.9 0
6 0
6.1 0
6.2 0
6.3 0
6.4 0
6.5 0
6.6 0
6.7 0
6.8 0
6.9 0
7 0
7.1 0
7.2 0
7.3 0
7.4 0
7.5 0
7.6 0
7.7 0
7.8 0
7.9 0
8 0
8.1 0
8.2 0
8.3 0
8.4 0
8.5 0
8.6 0
8.7 0
8.8 0
8.9 0
9 0
9.1 0
9.2 0
9.3 0
9.4 0
9.5 0
9.6 0
9.7 0
9.8 0
9.9 0
10 0
10.1 0
10.2 0
10.3 0
10.4 0
10.5 0
10.6 0
10.7 0
10.8 0
10.9 0
11 0
11.1 0
11.2 0
11.3 0
11.4 0
11.5 0
11.6 0
11.7 0
11.8 0
11.9 0
12 0
12.1 0
12.2 0
12.3 0
12.4 0
12.5 0
12.6 0
12.7 0
12.8 0
12.9 0
13 0
13.1 0
13.2 0
13.3 0
13.4 0
13.5 0
13.6 0
13.7 0
13.8 0
13.9 0
14 0
14.1 0
14.2 0
14.3 0
14.4 0
14.5 0
14.6 0
14.7 0
14.8 0
14.9 0
15 0
15.1 0
15.2 0
15.3 0
15.4 0
15.5 0
15.6 0
15.7 0
15.8 0
15.9 0
16 0
16.1 0
16.2 0
16.3 0
16.4 0
16.5 0
16.6 0
16.7 0
16.8 0
16.9 0
17 0
17.1 0
17.2 0
17.3 0
17.4 0
17.5 0
17.6 0
17.7 0
17.8 0
17.9 0
18 0
18.1 0
18.2 0
18.3 0
18.4 0
18.5 0
18.6 0
18.7 0
18.8 0
18.9 0
19 0
19.1 0
19.2 0
19.3 0
19.4 0
19.5 0
19.6 0
19.7 0
19.8 0
19.9 0
20 0
20.1 0
20.2 0
20.3 0
20.4 0
20.5 0
20.6 0
20.7 0
20.8 0
20.9 0
21 0
21.1 0
21.2 0
21.3 0
21.4 0
21.5 0
21.6 0
21.7 0
21.8 0
21.9 0
22 0
22.1 0
22.2 0
22.3 0
22.4 0
22.5 0
22.6 0
22.7 0
22.8 0
22.9 0
23 0
23.1 0
23.2 0
23.3 0
23.4 0
23.5 0
23.6 0
23.7 0
23.8 0
23.9 0
24 0
24.1 0
24.2 0
24.3 0
24.4 0
24.5 0
24.6 0
24.7 0
24.8 0
24.9 0
25 0
25.1 0
25.2 0
25.3 0
25.4 0
25.5 0
25.6 0
25.7 0
25.8 0
25.9 0
26 0
26.1 0
26.2 0
26.3 0
26.4 0
26.5 0
26.6 0
26.7 0
26.8 0
26.9 0
27 0
27.1 0
27.2 0
27.3 0
27.4 0
27.5 0
27.6 0
27.7 0
27.8 0
27.9 0
28 0
28.1 0
28.2 0
28.3 0
28.4 0
28.5 0
28.6 0
28.7 0
28.8 0
28.9 0
29 0
29.1 0
29.2 0
29.3 0
29.4 0
29.5 0
29.6 0
29.7 0
29.8 0
29.9 0
30 0
30.1 0
30.2 0
30.3 0
30.4 0
30.5 0
30.6 0
30.7 0
30.8 0
30.9 0
31 0
31.1 0
31.2 0
31.3 0
31.4 0
31.5 0
31.6 0
31.7 0
31.8 0
31.9 0
32 0
32.1 0
32.2 0
32.3 0
32.4 0
32.5 0
32.6 0
32.7 0
32.8 0
32.9 0
33 0
33.1 0
33.2 0
33.3 0
33.4 0
33.5 0
33.6 0
33.7 0
33.8 0
33.9 0
34 0
34.1 0
34.2 0
34.3 0
34.4 0
34.5 0
34.6 0
34.7 0
34.8 0
34.9 0
35 0
35.1 0
35.2 0
35.3 0
35.4 0
35.5 0
35.6 0
35.7 0
35.8 0
35.9 0
36 0
36.1 0
36.2 0
36.3 0
36.4 0
36.5 0
36.6 0
36.7 0
36.8 0
36.9 0
37 0
37.1 0
37.2 0
37.3 0
37.4 0
37.5 0
37.6 0
37.7 0
37.8 0
37.9 0
38 0
38.1 0
38.2 0
38.3 0
38.4 0
38.5 0
38.6 0
38.7 0
38.8 0
38.9 0
39 0
39.1 0
39.2 0
39.3 0
39.4 0
39.5 0
39.6 0
39.7 0
39.8 0
39.9 0
40 0
40.1 0
40.2 0
40.3 0
40.4 0
40.5 0
40.6 0
40.7 0
40.8 0
40.9 0
41 0
41.1 0
41.2 0
41.3 0
41.4 0
41.5 0
41.6 0
41.7 0
41.8 0
41.9 0
42 0
42.1 0
42.2 0
42.3 0
42.4 0
42.5 0
42.6 0
42.7 0
42.8 0
42.9 0
43 0
43.1 0
43.2 0
43.3 0
43.4 0
43.5 0
43.6 0
43.7 0
43.8 0
43.9 0
44 0
44.1 0
44.2 0
44.3 0
44.4 0
44.5 0
44.6 0
44.7 0
44.8 0
44.9 0
45 0
45.1 0
45.2 0
45.3 0
45.4 0
45.5 0
45.6 0
45.7 0
45.8 0
45.9 0
46 0
46.1 0
46.2 0
46.3 0
46.4 0
46.5 0
46.6 0
46.7 0
46.8 0
46.9 0
47 0
47.1 0
47.2 0
47.3 0
47.4 0
47.5 0
47.6 0
47.7 0
47.8 0
47.9 0
48 0
48.1 0
48.2 0
48.3 0
48.4 0
48.5 0
48.6 0
48.7 0
48.8 0
48.9 0
49 0
49.1 0
49.2 0
49.3 0
49.4 0
49.5 0
49.6 0
49.7 0
49.8 0
49.9 0
50 0
50.1 0
50.2 0
50.3 0
50.4 0
50.5 0
50.6 0
50.7 0
50.8 0
50.9 0
51 0
51.1 0
51.2 0
51.3 0
51.4 0
51.5 0
51.6 0
51.7 0
51.8 0
51.9 0
52 0
52.1 0
52.2 0
52.3 0
52.4 0
52.5 0
52.6 0
52.7 0
52.8 0
52.9 0
53 0
53.1 0
53.2 0
53.3 0
53.4 0
53.5 0
53.6 0
53.7 0
53.8 0
53.9 0
54 0
54.1 0
54.2 0
54.3 0
54.4 0
54.5 0
54.6 0
54.7 0
54.8 0
54.9 0
55 0
55.1 0
55.2 0
55.3 0
55.4 0
55.5 0
55.6 0
55.7 0
55.8 0
55.9 0
56 0
56.1 0
56.2 0
56.3 0
56.4 0
56.5 0
56.6 0
56.7 0
56.8 0
56.9 0
57 0
57.1 0
57.2 0
57.3 0
57.4 0
57.5 0
57.6 0
57.7 0
57.8 0
57.9 0
58 0
58.1 0
58.2 0
58.3 0
58.4 0
58.5 0
58.6 0
58.7 0
58.8 0
58.9 0
59 0
59.1 0
59.2 0
59.3 0
59.4 0
59.5 0
59.6 0
59.7 0
59.8 0
59.9 0
60 0
60.1 0
60.2 0
60.3 0
60.4 0
60.5 0
60.6 0
60.7 0
60.8 0
60.9 0
61 0
61.1 0
61.2 0
61.3 0
61.4 0
61.5 0
61.6 0
61.7 0
61.8 0
61.9 0
62 0
62.1 0
62.2 0
62.3 0
62.4 0
62.5 0
62.6 0
62.7 0
62.8 0
62.9 0
63 0
63.1 0
63.2 0
63.3 0
63.4 0
63.5 0
63.6 0
63.7 0
63.8 0
63.9 0
64 0
64.1 0
64.2 0
64.3 0
64.4 0
64.5 0
64.6 0
64.7 0
64.8 0
64.9 0
65 0
65.1 0
65.2 0
65.3 0
65.4 0
65.5 0
65.6 0
65.7 0
65.8 0
65.9 0
66 0
66.1 0
66.2 0
66.3 0
66.4 0
66.5 0
66.6 0
66.7 0
66.8 0
66.9 0
67 0
67.1 0
67.2 0
67.3 0
67.4 0
67.5 0
67.6 0
67.7 0
67.8 0
67.9 0
68 0
68.1 0
68.2 0
68.3 0
68.4 0
68.5 0
68.6 0
68.7 0
68.8 0
68.9 0
69 0
69.1 0
69.2 0
69.3 0
69.4 0
69.5 0
69.6 0
69.7 0
69.8 0
69.9 0
70 0
70.1 0
70.2 0
70.3 0
70.4 0
70.5 0
70.6 0
70.7 0
70.8 0
70.9 0
71 0
71.1 0
71.2 0
71.3 0
71.4 0
71.5 0
71.6 0
71.7 0
71.8 0
71.9 0
72 0
72.1 0
72.2 0
72.3 0
72.4 0
72.5 0
72.6 0
72.7 0
72.8 0
72.9 0
73 0
73.1 0
73.2 0
73.3 0
73.4 0
73.5 0
73.6 0
73.7 0
73.8 0
73.9 0
74 0
74.1 0
74.2 0
74.3 0
74.4 0
74.5 0
74.6 0
74.7 0
74.8 0
74.9 0
75 0
75.1 0
75.2 0
75.3 0
75.4 0
75.5 0
75.6 0
75.7 0
75.8 0
75.9 0
76 0
76.1 0
76.2 0
76.3 0
76.4 0
76.5 0
76.6 0
76.7 0
76.8 0
76.9 0
77 0
77.1 0
77.2 0
77.3 0
77.4 0
77.5 0
77.6 0
77.7 0
77.8 0
77.9 0
78 0
78.1 0
78.2 0
78.3 0
78.4 0
78.5 0
78.6 0
78.7 0
78.8 0
78.9 0
79 0
79.1 0
79.2 0
79.3 0
79.4 0
79.5 0
79.6 0
79.7 0
79.8 0
79.9 0
80 0
80.1 0
80.2 0
80.3 0
80.4 0
80.5 0
80.6 0
80.7 0
80.8 0
80.9 0
81 0
81.1 0
81.2 0
81.3 0
81.4 0
81.5 0
81.6 0
81.7 0
81.8 0
81.9 0
82 0
82.1 0
82.2 0
82.3 0
82.4 0
82.5 0
82.6 0
82.7 0
82.8 0
82.9 0
83 0
83.1 0
83.2 0
83.3 0
83.4 0
83.5 0
83.6 0
83.7 0
83.8 0
83.9 0
84 0
84.1 0
84.2 0
84.3 0
84.4 0
84.5 0
84.6 0
84.7 0
84.8 0
84.9 0
85 0
85.1 0
85.2 0
85.3 0
85.4 0
85.5 0
85.6 0
85.7 0
85.8 0
85.9 0
86 0
86.1 0
86.2 0
86.3 0
86.4 0
86.5 0
86.6 0
86.7 0
86.8 0
86.9 0
87 0
87.1 0
87.2 0
87.3 0
87.4 0
87.5 0
87.6 0
87.7 0
87.8 0
87.9 0
88 0
88.1 0
88.2 0
88.3 0
88.4 0
88.5 0
88.6 0
88.7 0
88.8 0
88.9 0
89 0
89.1 0
89.2 0
89.3 0
89.4 0
89.5 0
89.6 0
89.7 0
89.8 0
89.9 0
90 0
90.1 0
90.2 0
90.3 0
90.4 0
90.5 0
90.6 0
90.7 0
90.8 0
90.9 0
91 0
91.1 0
91.2 0
91.3 0
91.4 0
91.5 0
91.6 0
91.7 0
91.8 0
91.9 0
92 0
92.1 0
92.2 0
92.3 0
92.4 0
92.5 0
92.6 0
92.7 0
92.8 0
92.9 0
93 0
93.1 0
93.2 0
93.3 0
93.4 0
93.5 0
93.6 0
93.7 0
93.8 0
93.9 0
94 0
94.1 0
94.2 0
94.3 0
94.4 0
94.5 0
94.6 0
94.7 0
94.8 0
94.9 0
95 0
95.1 0
95.2 0
95.3 0
95.4 0
95.5 0
95.6 0
95.7 0
95.8 0
95.9 0
96 0
96.1 0
96.2 0
96.3 0
96.4 0
96.5 0
96.6 0
96.7 0
96.8 0
96.9 0
97 0
97.1 0
97.2 0
97.3 0
97.4 0
97.5 0
97.6 0
97.7 0
97.8 0
97.9 0
98 0
98.1 0
98.2 0
98.3 0
98.4 0
98.5 0
98.6 0
98.7 0
98.8 0
98.9 0
99 0
99.1 0
99.2 0
99.3 0
99.4 0
99.5 0
99.6 0
99.7 0
99.8 0
99.9 0
100 0
100.1 0
100.2 0
100.3 0
100.4 0
100.5 0
100.6 0
100.7 0
100.8 0
100.9 0
101 0
101.1 0
101.2 0
101.3 0
101.4 0
101.5 0
101.6 0
101.7 0
101.8 0
101.9 0
102 0
102.1 0
102.2 0
102.3 0
102.4 0
102.5 0
102.6 0
102.7 0
102.8 0
102.9 0
103 0
103.1 0
103.2 0
103.3 0
103.4 0
103.5 0
103.6 0
103.7 0
103.8 0
103.9 0
104 0
104.1 0
104.2 0
104.3 0
104.4 0
104.5 0
104.6 0
104.7 0
104.8 0
104.9 0
105 0
105.1 0
105.2 0
105.3 0
105.4 0
105.5 0
105.6 0
105.7 0
105.8 0
105.9 0
106 0
106.1 7.40740740740748e-18
106.2 1.48148148148149e-17
106.3 2.22222222222224e-17
106.4 2.96296296296299e-17
106.5 3.70370370370373e-17
106.6 4.44444444444448e-17
106.7 5.18518518518522e-17
106.8 5.92592592592597e-17
106.9 6.66666666666672e-17
107 7.40740740740746e-17
107.1 8.14814814814821e-17
107.2 8.88888888888895e-17
107.3 9.62962962962971e-17
107.4 1.03703703703705e-16
107.5 1.11111111111111e-16
107.6 1.11116071428571e-16
107.7 1.11121031746032e-16
107.8 1.11125992063492e-16
107.9 1.11130952380952e-16
108 1.11135912698413e-16
108.1 1.11140873015873e-16
108.2 1.11145833333333e-16
108.3 1.11150793650794e-16
108.4 1.11155753968254e-16
108.5 1.11160714285714e-16
108.6 0.600694444444444
108.7 0.601139601139601
108.8 0.600624286108157
108.9 0.600108971076713
109 0.599593656045269
109.1 0.599078341013825
109.2 0.599868652463323
109.3 0.600658963912821
109.4 0.601449275362319
109.5 0.600880932082978
109.6 0.600312588803637
109.7 0.599744245524297
109.8 0.599175902244956
109.9 0.598607558965615
110 0.598039215686274
110.1 0.6
110.2 0.599531615925059
110.3 0.599477479067082
110.4 0.599423342209105
110.5 0.599369205351128
110.6 0.599315068493151
110.7 0.599452054794521
110.8 0.59958904109589
110.9 0.59972602739726
111 0.59986301369863
111.1 0.6
111.2 0.6
111.3 0.6
111.4 0.6
111.5 0.601075268817204
111.6 0.602150537634409
111.7 0.601711328422657
111.8 0.601272119210905
111.9 0.600832909999153
112 0.600393700787402
112.1 0.600448106675108
112.2 0.600502512562814
112.3 0.600262467946138
112.4 0.600022423329462
112.5 0.599782378712786
112.6 0.59954233409611
112.7 0.599694889397406
112.8 0.599847444698703
112.9 0.6
113 0.5998556998557
113.1 0.5997113997114
113.2 0.5995670995671
113.3 0.599588669562673
113.4 0.599610239558246
113.5 0.59963180955382
113.6 0.599653379549393
113.7 0.599711149624495
113.8 0.599768919699596
113.9 0.599826689774697
114 0.599884459849798
114.1 0.599942229924899
114.2 0.6
114.3 0.599852507374631
114.4 0.599705014749263
114.5 0.599557522123894
114.6 0.599949040469325
114.7 0.600340558814756
114.8 0.600732077160187
114.9 0.601123595505618
115 0.600749063670412
115.1 0.600374531835206
115.2 0.6
115.3 0.6
115.4 0.6
115.5 0.6
115.6 0.6
115.7 0.6
115.8 0.6
115.9 0.6
116 0.599924414210129
116.1 0.599848828420257
116.2 0.599773242630386
116.3 0.600068850422457
116.4 0.600364458214529
116.5 0.600660066006601
116.6 0.6003300330033
116.7 0.6
116.8 0.599785867237687
116.9 0.599571734475375
117 0.599513387673655
117.1 0.599455040871935
117.2 0.600394269672199
117.3 0.601333498472463
117.4 0.602272727272727
117.5 0.601515151515152
117.6 0.600757575757576
117.7 0.6
117.8 0.6
117.9 0.6
118 0.599919517102616
118.1 0.599839034205231
118.2 0.599758551307847
118.3 0.599678068410463
118.4 0.599597585513079
118.5 0.599851139356464
118.6 0.60010469319985
118.7 0.600358247043235
118.8 0.600611800886621
118.9 0.600865354730006
119 0.601118908573392
119.1 0.601372462416777
119.2 0.601626016260163
119.3 0.601355013550136
119.4 0.601084010840108
119.5 0.600813008130081
119.6 0.600542005420054
119.7 0.600271002710027
119.8 0.6
119.9 0.59981684981685
120 0.5996336996337
120.1 0.599450549450549
120.2 0.599267399267399
120.3 0.599084249084249
120.4 0.598901098901099
120.5 0.599149367291768
120.6 0.599397635682437
120.7 0.599645904073106
120.8 0.599894172463776
120.9 0.600142440854445
121 0.600390709245114
121.1 0.600638977635783
121.2 0.60057590702772
121.3 0.600512836419657
121.4 0.600449765811595
121.5 0.600386695203532
121.6 0.600323624595469
121.7 0.600215749730313
121.8 0.600107874865156
121.9 0.6
122 0.599632352941176
122.1 0.599264705882353
122.2 0.599509803921569
122.3 0.599754901960784
122.4 0.6
122.5 0.6
122.6 0.6
122.7 0.6
122.8 0.6
122.9 0.6
123 0.6
123.1 0.6
123.2 0.600093457943925
123.3 0.60018691588785
123.4 0.600280373831776
123.5 0.600373831775701
123.6 0.600467289719626
123.7 0.600408878504673
123.8 0.60035046728972
123.9 0.600292056074766
124 0.600233644859813
124.1 0.60017523364486
124.2 0.600116822429906
124.3 0.600058411214953
124.4 0.6
124.5 0.6
124.6 0.6
124.7 0.6
124.8 0.6
124.9 0.6
125 0.6
125.1 0.6
125.2 0.6
125.3 0.6
125.4 0.6
125.5 0.6
125.6 0.6
125.7 0.6
125.8 0.6
125.9 0.599540229885057
126 0.599080459770115
126.1 0.598620689655172
126.2 0.59816091954023
126.3 0.597701149425287
126.4 0.598467432950192
126.5 0.599233716475096
126.6 0.6
126.7 0.599621212121212
126.8 0.599242424242424
126.9 0.598863636363636
127 0.598484848484848
127.1 0.598514408297017
127.2 0.598543968109185
127.3 0.598573527921354
127.4 0.598603087733522
127.5 0.598632647545691
127.6 0.598662207357859
127.7 0.598800761713356
127.8 0.598939316068853
127.9 0.59907787042435
128 0.599216424779847
128.1 0.599354979135344
128.2 0.599493533490841
128.3 0.599632087846338
128.4 0.599770642201835
128.5 0.599847094801223
128.6 0.599923547400612
128.7 0.6
128.8 0.599610894941634
128.9 0.599221789883269
129 0.599505227433771
129.1 0.599788664984274
129.2 0.600072102534777
129.3 0.60035554008528
129.4 0.600638977635783
129.5 0.600270464959614
129.6 0.599901952283445
129.7 0.599533439607276
129.8 0.599164926931107
129.9 0.599443284620738
130 0.599721642310369
130.1 0.6
130.2 0.599902152641879
130.3 0.599804305283757
130.4 0.599706457925636
130.5 0.599608610567515
130.6 0.599510763209393
130.7 0.599412915851272
130.8 0.599315068493151
130.9 0.599657534246575
131 0.6
131.1 0.599921135646688
131.2 0.599842271293375
131.3 0.599763406940063
131.4 0.599684542586751
131.5 0.599605678233439
131.6 0.599526813880126
131.7 0.599447949526814
131.8 0.599369085173502
131.9 0.599468092370301
132 0.5995670995671
132.1 0.599518830152633
132.2 0.599470560738166
132.3 0.5994222913237
132.4 0.599374021909233
132.5 0.599792983623526
132.6 0.600211945337819
132.7 0.600630907052112
132.8 0.601049868766404
132.9 0.600659523885221
133 0.600269179004038
133.1 0.600025131681704
133.2 0.599781084359371
133.3 0.599537037037037
133.4 0.59962962962963
133.5 0.599722222222222
133.6 0.599814814814815
133.7 0.599907407407408
133.8 0.6
133.9 0.6
134 0.6
134.1 0.6
134.2 0.6
134.3 0.6
134.4 0.6
134.5 0.6
134.6 0.6
134.7 0.6
134.8 0.6
134.9 0.600121065375303
135 0.600242130750605
135.1 0.600363196125908
135.2 0.600484261501211
135.3 0.600322014744174
135.4 0.600159767987137
135.5 0.599997521230101
135.6 0.599835274473064
135.7 0.599673027716028
135.8 0.599510780958991
135.9 0.599348534201954
136 0.598927730935274
136.1 0.598506927668594
136.2 0.598086124401914
136.3 0.598388846377007
136.4 0.598691568352099
136.5 0.598994290327192
136.6 0.599297012302285
136.7 0.599447699834851
136.8 0.599598387367417
136.9 0.599749074899983
137 0.599899762432549
137.1 0.600050449965116
137.2 0.600201137497682
137.3 0.600351825030248
137.4 0.600502512562814
137.5 0.600493706852017
137.6 0.60048490114122
137.7 0.600476095430423
137.8 0.600467289719626
137.9 0.600349638761848
138 0.60023198780407
138.1 0.600114336846292
138.2 0.599996685888513
138.3 0.599879034930735
138.4 0.599761383972957
138.5 0.599643733015179
138.6 0.5995260820574
138.7 0.599408431099622
138.8 0.599290780141844
138.9 0.599290780141844
139 0.599290780141844
139.1 0.599290780141844
139.2 0.599290780141844
139.3 0.599290780141844
139.4 0.599290780141844
139.5 0.599290780141844
139.6 0.599290780141844
139.7 0.599290780141844
139.8 0.599494352508537
139.9 0.59969792487523
140 0.599901497241923
140.1 0.600105069608616
140.2 0.600308641975309
140.3 0.600369207512065
140.4 0.600429773048821
140.5 0.600490338585577
140.6 0.600550904122333
140.7 0.600611469659089
140.8 0.600672035195845
140.9 0.600732600732601
141 0.600662337028856
141.1 0.600592073325111
141.2 0.600521809621366
141.3 0.600451545917621
141.4 0.600381282213876
141.5 0.600311018510131
141.6 0.600240754806386
141.7 0.600170491102641
141.8 0.600100227398896
141.9 0.600029963695151
142 0.599959699991406
142.1 0.599889436287661
142.2 0.599819172583916
142.3 0.599748908880171
142.4 0.599678645176426
142.5 0.599608381472681
142.6 0.599538117768936
142.7 0.599467854065191
142.8 0.599397590361446
142.9 0.599358821424311
143 0.599320052487176
143.1 0.599281283550042
143.2 0.599242514612907
143.3 0.599203745675772
143.4 0.599164976738638
143.5 0.599126207801503
143.6 0.599087438864368
143.7 0.599048669927234
143.8 0.599009900990099
143.9 0.599127434110932
144 0.599244967231766
144.1 0.599362500352599
144.2 0.599480033473433
144.3 0.599597566594266
144.4 0.5997150997151
144.5 0.599731858555388
144.6 0.599748617395676
144.7 0.599765376235965
144.8 0.599782135076253
144.9 0.599798893916541
145 0.599815652756829
145.1 0.599832411597118
145.2 0.599849170437406
145.3 0.599865929277694
145.4 0.599882688117982
145.5 0.59989944695827
145.6 0.599916205798559
145.7 0.599932964638847
145.8 0.599949723479135
145.9 0.599966482319423
146 0.599983241159712
146.1 0.6
146.2 0.600327332242226
146.3 0.600654664484452
146.4 0.600981996726678
146.5 0.601309328968903
146.6 0.601636661211129
146.7 0.601963993453355
146.8 0.602291325695581
146.9 0.602618657937807
147 0.602945990180033
147.1 0.603273322422259
147.2 0.603600654664484
147.3 0.60392798690671
147.4 0.604255319148936
147.5 0.604582651391162
147.6 0.604909983633388
147.7 0.605237315875614
147.8 0.60556464811784
147.9 0.606142935079105
148 0.606721222040371
148.1 0.607299509001637
148.2 0.607877795962902
148.3 0.608456082924168
148.4 0.609034369885434
148.5 0.609612656846699
148.6 0.610190943807965
148.7 0.610769230769231
148.8 0.611347517730496
148.9 0.612007099525233
149 0.61266668131997
149.1 0.613326263114706
149.2 0.613985844909443
149.3 0.614645426704179
149.4 0.615305008498916
149.5 0.615964590293652
149.6 0.616624172088389
149.7 0.617283753883126
149.8 0.617943335677862
149.9 0.618602917472599
150 0.619262499267335
150.1 0.619922081062071
150.2 0.620581662856808
150.3 0.621241244651545
150.4 0.621900826446281
150.5 0.622575863655948
150.6 0.623250900865614
150.7 0.623925938075281
150.8 0.624600975284948
150.9 0.625276012494614
151 0.625951049704281
151.1 0.626626086913948
151.2 0.627301124123614
151.3 0.627976161333281
151.4 0.628651198542948
151.5 0.629326235752614
151.6 0.630001272962281
151.7 0.630676310171948
151.8 0.631351347381615
151.9 0.632026384591281
152 0.632701421800948
152.1 0.633309779176025
152.2 0.633918136551101
152.3 0.634526493926178
152.4 0.635134851301255
152.5 0.635743208676331
152.6 0.636351566051408
152.7 0.636959923426485
152.8 0.637568280801561
152.9 0.638176638176638
153 0.6387662087786
153.1 0.639355779380563
153.2 0.639945349982525
153.3 0.640534920584487
153.4 0.641124491186449
153.5 0.641714061788411
153.6 0.642303632390373
153.7 0.642893202992336
153.8 0.643482773594298
153.9 0.64407234419626
154 0.644661914798222
154.1 0.645251485400184
154.2 0.645841056002147
154.3 0.646430626604109
154.4 0.647020197206071
154.5 0.647609767808033
154.6 0.648199338409995
154.7 0.648788909011958
154.8 0.64937847961392
154.9 0.649968050215882
155 0.650557620817844
155.1 0.650537634408602
155.2 0.651208319756707
155.3 0.651879005104811
155.4 0.652549690452916
155.5 0.653220375801021
155.6 0.653891061149126
155.7 0.65456174649723
155.8 0.655232431845335
155.9 0.65590311719344
156 0.656573802541544
156.1 0.657244487889649
156.2 0.657915173237754
156.3 0.658585858585859
156.4 0.659207459207459
156.5 0.65982905982906
156.6 0.660450660450661
156.7 0.661072261072261
156.8 0.661693861693862
156.9 0.662315462315462
157 0.662937062937063
157.1 0.663558663558664
157.2 0.664180264180264
157.3 0.664801864801865
157.4 0.665423465423466
157.5 0.666045066045066
157.6 0.666666666666667
157.7 0.667397660818713
157.8 0.66812865497076
157.9 0.668859649122807
158 0.669590643274854
158.1 0.670321637426901
158.2 0.671052631578947
158.3 0.671654626762986
158.4 0.672256621947024
158.5 0.672858617131063
158.6 0.673460612315102
158.7 0.67406260749914
158.8 0.674664602683179
158.9 0.675266597867217
159 0.675868593051256
159.1 0.676470588235294
159.2 0.677188313047639
159.3 0.677906037859984
159.4 0.678623762672329
159.5 0.679341487484674
159.6 0.680059212297018
159.7 0.680776937109363
159.8 0.681494661921708
159.9 0.682036784514584
160 0.68257890710746
160.1 0.683121029700336
160.2 0.683663152293212
160.3 0.684205274886088
160.4 0.684747397478964
160.5 0.68528952007184
160.6 0.685831642664715
160.7 0.686373765257591
160.8 0.686915887850467
160.9 0.687656085064751
161 0.688396282279035
161.1 0.689136479493319
161.2 0.689876676707603
161.3 0.690616873921887
161.4 0.691357071136171
161.5 0.692097268350454
161.6 0.692837465564738
161.7 0.693427883019385
161.8 0.694018300474031
161.9 0.694608717928678
162 0.695199135383324
162.1 0.695789552837971
162.2 0.696379970292617
162.3 0.696970387747264
162.4 0.69756080520191
162.5 0.698151222656557
162.6 0.698741640111203
162.7 0.69933205756585
162.8 0.699922475020496
162.9 0.700512892475143
163 0.701103309929789
163.1 0.70173002384814
163.2 0.702356737766491
163.3 0.702983451684842
163.4 0.703610165603193
163.5 0.704236879521543
163.6 0.704863593439894
163.7 0.705490307358245
163.8 0.706117021276596
163.9 0.706746870643147
164 0.707376720009699
164.1 0.70800656937625
164.2 0.708636418742802
164.3 0.709266268109353
164.4 0.709896117475905
164.5 0.710525966842456
164.6 0.711155816209008
164.7 0.711785665575559
164.8 0.712415514942111
164.9 0.713045364308662
165 0.713675213675214
165.1 0.714285714285714
165.2 0.714896214896215
165.3 0.715506715506716
165.4 0.716117216117216
165.5 0.716727716727717
165.6 0.717338217338218
165.7 0.717948717948718
165.8 0.718852575995433
165.9 0.719756434042149
166 0.720660292088864
166.1 0.721564150135579
166.2 0.722468008182294
166.3 0.723371866229009
166.4 0.724275724275724
166.5 0.72517958232244
166.6 0.726083440369155
166.7 0.72698729841587
166.8 0.727891156462585
166.9 0.728236369174535
167 0.728581581886486
167.1 0.728926794598436
167.2 0.729272007310387
167.3 0.729617220022337
167.4 0.729962432734288
167.5 0.730307645446238
167.6 0.730652858158189
167.7 0.730998070870139
167.8 0.73134328358209
167.9 0.732254918588874
168 0.733166553595658
168.1 0.734078188602442
168.2 0.734989823609227
168.3 0.735901458616011
168.4 0.736813093622795
168.5 0.737724728629579
168.6 0.738636363636364
168.7 0.738981623953183
168.8 0.739326884270003
168.9 0.739672144586823
169 0.740017404903642
169.1 0.740362665220462
169.2 0.740707925537282
169.3 0.741053185854102
169.4 0.741398446170921
169.5 0.742108511066847
169.6 0.742818575962773
169.7 0.743528640858699
169.8 0.744238705754625
169.9 0.74494877065055
170 0.745658835546476
170.1 0.746279001896979
170.2 0.746899168247483
170.3 0.747519334597986
170.4 0.74813950094849
170.5 0.748759667298993
170.6 0.749379833649497
170.7 0.75
170.8 0.750605326876513
170.9 0.751210653753027
171 0.75181598062954
171.1 0.752421307506053
171.2 0.753026634382567
171.3 0.75363196125908
171.4 0.754237288135593
171.5 0.754941908660775
171.6 0.755646529185956
171.7 0.756351149711138
171.8 0.757055770236319
171.9 0.7577603907615
172 0.758465011286682
172.1 0.758894980113942
172.2 0.759324948941202
172.3 0.759754917768462
172.4 0.760184886595722
172.5 0.760614855422982
172.6 0.761044824250242
172.7 0.761474793077502
172.8 0.761904761904762
172.9 0.762648044543549
173 0.763391327182336
173.1 0.764134609821122
173.2 0.764877892459909
173.3 0.765621175098696
173.4 0.766364457737483
173.5 0.76710774037627
173.6 0.767851023015057
173.7 0.768594305653844
173.8 0.769337588292631
173.9 0.770080870931418
174 0.770824153570205
174.1 0.771567436208991
174.2 0.771952492598361
174.3 0.77233754898773
174.4 0.772722605377099
174.5 0.773107661766468
174.6 0.773492718155837
174.7 0.773877774545206
174.8 0.774262830934575
174.9 0.774647887323944
175 0.775621206916295
175.1 0.776594526508645
175.2 0.777567846100996
175.3 0.778541165693347
175.4 0.779514485285698
175.5 0.780487804878049
175.6 0.781064024390244
175.7 0.781640243902439
175.8 0.782216463414634
175.9 0.782792682926829
176 0.783368902439024
176.1 0.783945121951219
176.2 0.784521341463415
176.3 0.78509756097561
176.4 0.785673780487805
176.5 0.78625
176.6 0.787026515151515
176.7 0.78780303030303
176.8 0.788579545454546
176.9 0.789356060606061
177 0.790132575757576
177.1 0.790909090909091
177.2 0.790835380835381
177.3 0.790761670761671
177.4 0.790687960687961
177.5 0.790614250614251
177.6 0.79054054054054
177.7 0.791528370475739
177.8 0.792516200410937
177.9 0.793504030346135
178 0.794491860281334
178.1 0.795479690216532
178.2 0.796467520151731
178.3 0.797455350086929
178.4 0.798443180022127
178.5 0.799431009957326
178.6 0.800210200143153
178.7 0.800989390328981
178.8 0.801768580514809
178.9 0.802547770700637
179 0.803036003834198
179.1 0.803524236967759
179.2 0.80401247010132
179.3 0.80450070323488
179.4 0.805170215740946
179.5 0.805839728247012
179.6 0.806509240753078
179.7 0.807178753259144
179.8 0.80784826576521
179.9 0.808517778271276
180 0.809187290777342
180.1 0.809856803283408
180.2 0.810526315789474
180.3 0.811002815681178
180.4 0.811479315572883
180.5 0.811955815464587
180.6 0.812432315356292
180.7 0.812908815247997
180.8 0.813385315139701
180.9 0.813861815031406
181 0.81433831492311
181.1 0.814814814814815
181.2 0.81550716058614
181.3 0.816199506357465
181.4 0.81689185212879
181.5 0.817584197900115
181.6 0.818276543671441
181.7 0.818968889442766
181.8 0.819661235214091
181.9 0.820353580985416
182 0.821045926756741
182.1 0.821738272528066
182.2 0.822430618299391
182.3 0.823122964070716
182.4 0.823815309842041
182.5 0.824758034105669
182.6 0.825700758369297
182.7 0.826643482632924
182.8 0.827586206896552
182.9 0.828039927404719
183 0.828493647912886
183.1 0.828947368421053
183.2 0.82940108892922
183.3 0.829854809437387
183.4 0.830308529945554
183.5 0.830762250453721
183.6 0.831215970961887
183.7 0.832016654211594
183.8 0.8328173374613
183.9 0.833666462536432
184 0.834515587611563
184.1 0.835364712686694
184.2 0.836213837761825
184.3 0.837062962836957
184.4 0.837912087912088
184.5 0.838223343820359
184.6 0.83853459972863
184.7 0.670827679782894
184.8 0.503120759837161
184.9 0.335413839891431
185 0.167706919945706
185.1 0
185.2 0
185.3 0
185.4 0
185.5 0
185.6 0
185.7 0
185.8 0
185.9 0
186 0
186.1 0
186.2 0
186.3 0
186.4 0
186.5 0
186.6 0
186.7 0
186.8 0
186.9 0
187 0
187.1 0
187.2 0
187.3 0
187.4 0
187.5 0
187.6 0
187.7 0
187.8 0
187.9 0
188 0
188.1 0
188.2 0
188.3 0
188.4 0
188.5 0
188.6 0
188.7 0
188.8 0
188.9 0
189 0
189.1 0
189.2 0
189.3 0
189.4 0
189.5 0
189.6 0
189.7 0
189.8 0
189.9 0
190 0
190.1 0
190.2 0
190.3 0
190.4 0
190.5 0
190.6 0
190.7 0
190.8 0
190.9 0
191 0
191.1 0
191.2 0
191.3 0
191.4 0
191.5 0
191.6 0
191.7 0
191.8 0
191.9 0
192 0
192.1 0
192.2 0
192.3 0
192.4 0
192.5 0
192.6 0
192.7 0
192.8 0
192.9 0
193 0
193.1 0
193.2 0
193.3 0
193.4 0
193.5 0
193.6 0
193.7 0
193.8 0
193.9 0
194 0
194.1 0
194.2 0
194.3 0
194.4 0
194.5 0
194.6 0
194.7 0
194.8 0
194.9 0
195 0
195.1 0
195.2 0
195.3 0
195.4 0
195.5 0
195.6 0
195.7 0
195.8 0
195.9 0
196 0
196.1 0
196.2 0
196.3 0
196.4 0
196.5 0
196.6 0
196.7 0
196.8 0
196.9 0
197 0
197.1 0
197.2 0
197.3 0
197.4 0
197.5 0
197.6 0
197.7 0
197.8 0
197.9 0
198 0
198.1 0
198.2 0
198.3 0
198.4 0
198.5 0
198.6 0
198.7 0
198.8 0
198.9 0
199 0
199.1 0
199.2 0
199.3 0
199.4 0
199.5 0
199.6 0
199.7 0
199.8 0
199.9 0
200 0
200.1 0
200.2 0
200.3 0
200.4 0
200.5 0
200.6 0
200.7 0
200.8 0
200.9 0
201 0
201.1 0
