0 0
0.1 0
0.2 0
0.3 0
0.4 0
0.5 0
0.6 0
0.7 0
0.8 0
0.9 0
1 0
1.1 0
1.2 0
1.3 0
1.4 0
1.5 0
1.6 0
1.7 0
1.8 0
1.9 0
2 0
2.1 0
2.2 0
2.3 0
2.4 0
2.5 0
2.6 0
2.7 0
2.8 0
2.9 0
3 0
3.1 0
3.2 0
3.3 0
3.4 0
3.5 0
3.6 0
3.7 0
3.8 0
3.9 0
4 0
4.1 0
4.2 0
4.3 0
4.4 0
4.5 0
4.6 0
4.7 0
4.8 0
4.9 0
5 0
5.1 0
5.2 0
5.3 0
5.4 0
5.5 0
5.6 0
5.7 0
5.8 0
5.9 0
6 0
6.1 0
6.2 0
6.3 0
6.4 0
6.5 0
6.6 0
6.7 0
6.8 0
6.9 0
7 0
7.1 0
7.2 0
7.3 0
7.4 0
7.5 0
7.6 0
7.7 0
7.8 0
7.9 0
8 0
8.1 0
8.2 0
8.3 0
8.4 0
8.5 0
8.6 0
8.7 0
8.8 0
8.9 0
9 0
9.1 0
9.2 0
9.3 0
9.4 0
9.5 0
9.6 0
9.7 0
9.8 0
9.9 0
10 0
10.1 0
10.2 0
10.3 0
10.4 0
10.5 0
10.6 0
10.7 0
10.8 0
10.9 0
11 0
11.1 0
11.2 0
11.3 0
11.4 0
11.5 0
11.6 0
11.7 0
11.8 0
11.9 0
12 0
12.1 0
12.2 0
12.3 0
12.4 0
12.5 0
12.6 0
12.7 0
12.8 0
12.9 0
13 0
13.1 0
13.2 0
13.3 0
13.4 0
13.5 0
13.6 0
13.7 0
13.8 0
13.9 0
14 0
14.1 0
14.2 0
14.3 0
14.4 0
14.5 0
14.6 0
14.7 0
14.8 0
14.9 0
15 0
15.1 0
15.2 0
15.3 0
15.4 0
15.5 0
15.6 0
15.7 0
15.8 0
15.9 0
16 0
16.1 0
16.2 0
16.3 0
16.4 0
16.5 0
16.6 0
16.7 0
16.8 0
16.9 0
17 0
17.1 0
17.2 0
17.3 0
17.4 0
17.5 0
17.6 0
17.7 0
17.8 0
17.9 0
18 0
18.1 0
18.2 0
18.3 0
18.4 0
18.5 0
18.6 0
18.7 0
18.8 0
18.9 0
19 0
19.1 0
19.2 0
19.3 0
19.4 0
19.5 0
19.6 0
19.7 0
19.8 0
19.9 0
20 0
20.1 0
20.2 0
20.3 0
20.4 0
20.5 0
20.6 0
20.7 0
20.8 0
20.9 0
21 0
21.1 0
21.2 0
21.3 0
21.4 0
21.5 0
21.6 0
21.7 0
21.8 0
21.9 0
22 0
22.1 0
22.2 0
22.3 0
22.4 0
22.5 0
22.6 0
22.7 0
22.8 0
22.9 0
23 0
23.1 0
23.2 0
23.3 0
23.4 0
23.5 0
23.6 0
23.7 0
23.8 0
23.9 0
24 0
24.1 0
24.2 0
24.3 0
24.4 0
24.5 0
24.6 0
24.7 0
24.8 0
24.9 0
25 0
25.1 0
25.2 0
25.3 0
25.4 0
25.5 0
25.6 0
25.7 0
25.8 0
25.9 0
26 0
26.1 0
26.2 0
26.3 0
26.4 0
26.5 0
26.6 0
26.7 0
26.8 0
26.9 0
27 0
27.1 0
27.2 0
27.3 0
27.4 0
27.5 0
27.6 0
27.7 0
27.8 0
27.9 0
28 0
28.1 0
28.2 0
28.3 0
28.4 0
28.5 0
28.6 0
28.7 0
28.8 0
28.9 0
29 0
29.1 0
29.2 0
29.3 0
29.4 0
29.5 0
29.6 0
29.7 0
29.8 0
29.9 0
30 0
30.1 0
30.2 0
30.3 0
30.4 0
30.5 0
30.6 0
30.7 0
30.8 0
30.9 0
31 0
31.1 0
31.2 0
31.3 0
31.4 0
31.5 0
31.6 0
31.7 0
31.8 0
31.9 0
32 0
32.1 0
32.2 0
32.3 0
32.4 0
32.5 0
32.6 0
32.7 0
32.8 0
32.9 0
33 0
33.1 0
33.2 0
33.3 0
33.4 0
33.5 0
33.6 0
33.7 0
33.8 0
33.9 0
34 0
34.1 0
34.2 0
34.3 0
34.4 0
34.5 0
34.6 0
34.7 0
34.8 0
34.9 0
35 0
35.1 0
35.2 0
35.3 0
35.4 0
35.5 0
35.6 0
35.7 0
35.8 0
35.9 0
36 0
36.1 0
36.2 0
36.3 0
36.4 0
36.5 0
36.6 0
36.7 0
36.8 0
36.9 0
37 0
37.1 0
37.2 0
37.3 0
37.4 0
37.5 0
37.6 0
37.7 0
37.8 0
37.9 0
38 0
38.1 0
38.2 0
38.3 0
38.4 0
38.5 0
38.6 0
38.7 0
38.8 0
38.9 0
39 0
39.1 0
39.2 0
39.3 0
39.4 0
39.5 0
39.6 0
39.7 0
39.8 0
39.9 0
40 0
40.1 0
40.2 0
40.3 0
40.4 0
40.5 0
40.6 0
40.7 0
40.8 0
40.9 0
41 0
41.1 0
41.2 0
41.3 0
41.4 0
41.5 0
41.6 0
41.7 0
41.8 0
41.9 0
42 0
42.1 0
42.2 0
42.3 0
42.4 0
42.5 0
42.6 0
42.7 0
42.8 0
42.9 0
43 0
43.1 0
43.2 0
43.3 0
43.4 0
43.5 0
43.6 0
43.7 0
43.8 0
43.9 0
44 0
44.1 0
44.2 0
44.3 0
44.4 0
44.5 0
44.6 0
44.7 0
44.8 0
44.9 0
45 0
45.1 0
45.2 0
45.3 0
45.4 0
45.5 0
45.6 0
45.7 0
45.8 0
45.9 0
46 0
46.1 0
46.2 0
46.3 0
46.4 0
46.5 0
46.6 0
46.7 0
46.8 0
46.9 0
47 0
47.1 0
47.2 0
47.3 0
47.4 0
47.5 0
47.6 0
47.7 0
47.8 0
47.9 0
48 0
48.1 0
48.2 0
48.3 0
48.4 0
48.5 0
48.6 0
48.7 0
48.8 0
48.9 0
49 0
49.1 0
49.2 0
49.3 0
49.4 0
49.5 0
49.6 0
49.7 0
49.8 0
49.9 0
50 0
50.1 0
50.2 0
50.3 0
50.4 0
50.5 0
50.6 0
50.7 0
50.8 0
50.9 0
51 0
51.1 0
51.2 0
51.3 0
51.4 0
51.5 0
51.6 0
51.7 0
51.8 0
51.9 0
52 0
52.1 0
52.2 0
52.3 0
52.4 0
52.5 0
52.6 0
52.7 0
52.8 0
52.9 0
53 0
53.1 0
53.2 0
53.3 0
53.4 0
53.5 0
53.6 0
53.7 0
53.8 0
53.9 0
54 0
54.1 0
54.2 0
54.3 0
54.4 0
54.5 0
54.6 0
54.7 0
54.8 0
54.9 0
55 0
55.1 0
55.2 0
55.3 0
55.4 0
55.5 0
55.6 0
55.7 0
55.8 0
55.9 0
56 0
56.1 0
56.2 0
56.3 0
56.4 0
56.5 0
56.6 0
56.7 0
56.8 0
56.9 0
57 0
57.1 0
57.2 0
57.3 0
57.4 0
57.5 0
57.6 0
57.7 0
57.8 0
57.9 0
58 0
58.1 0
58.2 0
58.3 0
58.4 0
58.5 0
58.6 0
58.7 0
58.8 0
58.9 0
59 0
59.1 0
59.2 0
59.3 0
59.4 0
59.5 0
59.6 0
59.7 0
59.8 0
59.9 0
60 0
60.1 0
60.2 0
60.3 0
60.4 0
60.5 0
60.6 0
60.7 0
60.8 0
60.9 0
61 0
61.1 0
61.2 0
61.3 0
61.4 0
61.5 0
61.6 0
61.7 0
61.8 0
61.9 0
62 0
62.1 0
62.2 0
62.3 0
62.4 0
62.5 0
62.6 0
62.7 0
62.8 0
62.9 0
63 0
63.1 0
63.2 0
63.3 0
63.4 0
63.5 0
63.6 0
63.7 0
63.8 0
63.9 0
64 0
64.1 0
64.2 0
64.3 0
64.4 0
64.5 0
64.6 0
64.7 0
64.8 0
64.9 0
65 0
65.1 0
65.2 0
65.3 0
65.4 0
65.5 0
65.6 0
65.7 0
65.8 0
65.9 0
66 0
66.1 0
66.2 0
66.3 0
66.4 0
66.5 0
66.6 0
66.7 0
66.8 0
66.9 0
67 0
67.1 0
67.2 0
67.3 0
67.4 0
67.5 0
67.6 0
67.7 0
67.8 0
67.9 0
68 0
68.1 0
68.2 0
68.3 0
68.4 0
68.5 0
68.6 0
68.7 0
68.8 0
68.9 0
69 0
69.1 0
69.2 0
69.3 0
69.4 0
69.5 0
69.6 0
69.7 0
69.8 0.000434871794871799
69.9 0.000869743589743617
70 0.00130461538461538
70.1 0.00173938461538462
70.2 0.00217415384615385
70.3 0.00260892307692308
70.4 0.00304369230769232
70.5 0.00347846153846155
70.6 0.00391323076923078
70.7 0.00434800000000001
70.8 0.00478276923076924
70.9 0.00521753846153848
71 0.00565230769230771
71.1 0.00608707692307695
71.2 0.00652184615384618
71.3 0.00695661538461541
71.4 0.00739138461538464
71.5 0.00782615384615387
71.6 0.00826092307692311
71.7 0.00869569230769234
71.8 0.00913046153846156
71.9 0.00956523076923081
72 0.01
72.1 0.0115
72.2 0.013
72.3 0.0145
72.4 0.016
72.5 0.0175
72.6 0.019
72.7 0.0205
72.8 0.022
72.9 0.0235000000000001
73 0.0250000000000001
73.1 0.0265000000000001
73.2 0.0280000000000001
73.3 0.0295000000000001
73.4 0.0310000000000001
73.5 0.0325000000000001
73.6 0.0340000000000001
73.7 0.0355000000000001
73.8 0.0370000000000001
73.9 0.0385000000000001
74 0.04
74.1 0.042
74.2 0.044
74.3 0.046
74.4 0.048
74.5 0.05
74.6 0.0520000000000001
74.7 0.0540000000000001
74.8 0.0560000000000001
74.9 0.0580000000000001
75 0.0600000000000001
75.1 0.0620000000000001
75.2 0.0640000000000001
75.3 0.0660000000000001
75.4 0.0680000000000001
75.5 0.0700000000000001
75.6 0.0720000000000001
75.7 0.0740000000000001
75.8 0.0760000000000001
75.9 0.0780000000000002
76 0.08
76.1 0.0804948453608248
76.2 0.0809896907216495
76.3 0.0814845360824742
76.4 0.081979381443299
76.5 0.0824742268041237
76.6 0.0829690721649485
76.7 0.0834639175257732
76.8 0.083958762886598
76.9 0.0844536082474227
77 0.0849484536082474
77.1 0.0854432989690722
77.2 0.0859381443298969
77.3 0.0864329896907217
77.4 0.0869278350515464
77.5 0.0874226804123712
77.6 0.0879175257731959
77.7 0.0884123711340207
77.8 0.0889072164948454
77.9 0.0894020618556702
78 0.0898969072164948
78.1 0.0889072164948454
78.2 0.0879175257731959
78.3 0.0869278350515464
78.4 0.0859381443298969
78.5 0.0849484536082474
78.6 0.0839587628865979
78.7 0.0829690721649484
78.8 0.0819793814432989
78.9 0.0809896907216494
79 0.0799999999999999
79.1 0.0790103092783505
79.2 0.078020618556701
79.3 0.0770309278350515
79.4 0.076041237113402
79.5 0.0750515463917525
79.6 0.074061855670103
79.7 0.0730721649484535
79.8 0.072082474226804
79.9 0.0710927835051545
80 0.0701030927835052
80.1 0.0695979381443299
80.2 0.0690927835051546
80.3 0.0685876288659794
80.4 0.0680824742268041
80.5 0.0675773195876288
80.6 0.0670721649484536
80.7 0.0665670103092783
80.8 0.0660618556701031
80.9 0.0655567010309278
81 0.0650515463917525
81.1 0.0645463917525773
81.2 0.064041237113402
81.3 0.0635360824742267
81.4 0.0630309278350515
81.5 0.0625257731958762
81.6 0.062020618556701
81.7 0.0615154639175257
81.8 0.0610103092783505
81.9 0.0605051546391752
82 0.06
82.1 0.06
82.2 0.06
82.3 0.06
82.4 0.06
82.5 0.06
82.6 0.06
82.7 0.06
82.8 0.06
82.9 0.06
83 0.06
83.1 0.06
83.2 0.06
83.3 0.06
83.4 0.06
83.5 0.06
83.6 0.06
83.7 0.06
83.8 0.06
83.9 0.06
84 0.06
84.1 0.0615
84.2 0.063
84.3 0.0645
84.4 0.066
84.5 0.0675
84.6 0.069
84.7 0.0705
84.8 0.0720000000000001
84.9 0.0735000000000001
85 0.0750000000000001
85.1 0.0765000000000001
85.2 0.0780000000000001
85.3 0.0795000000000001
85.4 0.0810000000000001
85.5 0.0825000000000001
85.6 0.0840000000000001
85.7 0.0855000000000001
85.8 0.0870000000000002
85.9 0.0885000000000002
86 0.09
86.1 0.0905
86.2 0.091
86.3 0.0915
86.4 0.092
86.5 0.0925
86.6 0.093
86.7 0.0935
86.8 0.094
86.9 0.0945
87 0.095
87.1 0.0955
87.2 0.096
87.3 0.0965
87.4 0.097
87.5 0.0975
87.6 0.098
87.7 0.0985
87.8 0.0990000000000001
87.9 0.0995000000000001
88 0.1
88.1 0.1005
88.2 0.101
88.3 0.1015
88.4 0.102
88.5 0.1025
88.6 0.103
88.7 0.1035
88.8 0.104
88.9 0.1045
89 0.105
89.1 0.1055
89.2 0.106
89.3 0.1065
89.4 0.107
89.5 0.1075
89.6 0.108
89.7 0.1085
89.8 0.109
89.9 0.1095
90 0.11
90.1 0.1095
90.2 0.109
90.3 0.1085
90.4 0.108
90.5 0.1075
90.6 0.107
90.7 0.1065
90.8 0.106
90.9 0.1055
91 0.105
91.1 0.1045
91.2 0.104
91.3 0.1035
91.4 0.103
91.5 0.1025
91.6 0.102
91.7 0.1015
91.8 0.101
91.9 0.1005
92 0.1
92.1 0.0985
92.2 0.097
92.3 0.0955
92.4 0.094
92.5 0.0925
92.6 0.091
92.7 0.0895
92.8 0.0879999999999999
92.9 0.0864999999999999
93 0.0849999999999999
93.1 0.0834999999999999
93.2 0.0819999999999999
93.3 0.0804999999999999
93.4 0.0789999999999999
93.5 0.0774999999999999
93.6 0.0759999999999999
93.7 0.0744999999999999
93.8 0.0729999999999998
93.9 0.0714999999999998
94 0.07
94.1 0.0695
94.2 0.069
94.3 0.0685
94.4 0.068
94.5 0.0675
94.6 0.067
94.7 0.0665
94.8 0.066
94.9 0.0655
95 0.065
95.1 0.0645
95.2 0.064
95.3 0.0635
95.4 0.063
95.5 0.0625
95.6 0.062
95.7 0.0615
95.8 0.061
95.9 0.0604999999999999
96 0.06
96.1 0.06
96.2 0.06
96.3 0.06
96.4 0.06
96.5 0.06
96.6 0.06
96.7 0.06
96.8 0.06
96.9 0.06
97 0.06
97.1 0.06
97.2 0.06
97.3 0.06
97.4 0.06
97.5 0.06
97.6 0.06
97.7 0.06
97.8 0.06
97.9 0.06
98 0.06
98.1 0.0605
98.2 0.061
98.3 0.0615
98.4 0.062
98.5 0.0625
98.6 0.063
98.7 0.0635
98.8 0.064
98.9 0.0645
99 0.065
99.1 0.0655
99.2 0.066
99.3 0.0665
99.4 0.067
99.5 0.0675
99.6 0.068
99.7 0.0685
99.8 0.0690000000000001
99.9 0.0695000000000001
100 0.07
100.1 0.0686995633187773
100.2 0.0673991266375546
100.3 0.0660986899563319
100.4 0.0647982532751092
100.5 0.0634978165938865
100.6 0.0621973799126638
100.7 0.0608969432314411
100.8 0.0595965065502183
100.9 0.0582960698689956
101 0.0569956331877729
101.1 0.0556951965065502
101.2 0.0543947598253275
101.3 0.0530943231441048
101.4 0.0517938864628821
101.5 0.0504934497816594
101.6 0.0491930131004366
101.7 0.0478925764192139
101.8 0.0465921397379912
101.9 0.0452917030567685
102 0.0439912663755458
102.1 0.0426908296943231
102.2 0.0413903930131004
102.3 0.0400899563318777
102.4 0.038789519650655
102.5 0.0374890829694322
102.6 0.0361886462882095
102.7 0.0348882096069868
102.8 0.0335877729257641
102.9 0.0322873362445414
103 0.0309868995633187
103.1 0.029686462882096
103.2 0.0283860262008733
103.3 0.0270855895196506
103.4 0.0257851528384278
103.5 0.0244847161572051
103.6 0.0231842794759824
103.7 0.0218838427947597
103.8 0.020583406113537
103.9 0.0192829694323143
104 0.0179825327510916
104.1 0.0166820960698689
104.2 0.0153816593886462
104.3 0.0140812227074234
104.4 0.0127807860262007
104.5 0.011480349344978
104.6 0.0101799126637553
104.7 0.00887947598253262
104.8 0.00757903930130988
104.9 0.00627860262008718
105 0.00497816593886463
105.1 0.0066820300172471
105.2 0.00838589409562956
105.3 0.010089758174012
105.4 0.0117936222523945
105.5 0.0134974863307769
105.6 0.0152013504091594
105.7 0.0169052144875419
105.8 0.0186090785659244
105.9 0.0203129426443068
106 0.0220168067226891
106.1 0.025337379396203
106.2 0.0286579520697168
106.3 0.0319785247432307
106.4 0.0352990974167446
106.5 0.0386196700902584
106.6 0.0419402427637723
106.7 0.0452608154372862
106.8 0.0485813881108001
106.9 0.051901960784314
107 0.0552225334578278
107.1 0.0585431061313417
107.2 0.0618636788048555
107.3 0.0651842514783695
107.4 0.0685048241518833
107.5 0.0718253968253968
107.6 0.0720535714285714
107.7 0.072281746031746
107.8 0.0725099206349206
107.9 0.0727380952380952
108 0.0729662698412698
108.1 0.0731944444444445
108.2 0.0734226190476191
108.3 0.0736507936507937
108.4 0.0738789682539683
108.5 0.0741071428571429
108.6 0.1
108.7 0.1
108.8 0.1
108.9 0.1
109 0.1
109.1 0.1
109.2 0.1
109.3 0.1
109.4 0.1
109.5 0.1
109.6 0.1
109.7 0.1
109.8 0.1
109.9 0.1
110 0.1
110.1 0.1
110.2 0.1
110.3 0.1
110.4 0.1
110.5 0.1
110.6 0.1
110.7 0.1
110.8 0.1
110.9 0.1
111 0.1
111.1 0.1
111.2 0.1
111.3 0.1
111.4 0.1
111.5 0.1
111.6 0.1
111.7 0.1
111.8 0.1
111.9 0.1
112 0.1
112.1 0.1
112.2 0.1
112.3 0.1
112.4 0.1
112.5 0.1
112.6 0.1
112.7 0.1
112.8 0.1
112.9 0.1
113 0.1
113.1 0.1
113.2 0.1
113.3 0.1
113.4 0.1
113.5 0.1
113.6 0.1
113.7 0.1
113.8 0.1
113.9 0.1
114 0.1
114.1 0.1
114.2 0.1
114.3 0.1
114.4 0.1
114.5 0.1
114.6 0.1
114.7 0.1
114.8 0.1
114.9 0.1
115 0.1
115.1 0.1
115.2 0.1
115.3 0.1
115.4 0.1
115.5 0.1
115.6 0.1
115.7 0.1
115.8 0.1
115.9 0.1
116 0.1
116.1 0.1
116.2 0.1
116.3 0.1
116.4 0.1
116.5 0.1
116.6 0.1
116.7 0.1
116.8 0.1
116.9 0.1
117 0.1
117.1 0.1
117.2 0.1
117.3 0.1
117.4 0.1
117.5 0.1
117.6 0.1
117.7 0.1
117.8 0.1
117.9 0.1
118 0.1
118.1 0.1
118.2 0.1
118.3 0.1
118.4 0.1
118.5 0.1
118.6 0.1
118.7 0.1
118.8 0.1
118.9 0.1
119 0.1
119.1 0.1
119.2 0.1
119.3 0.1
119.4 0.1
119.5 0.1
119.6 0.1
119.7 0.1
119.8 0.1
119.9 0.1
120 0.1
120.1 0.1
120.2 0.1
120.3 0.1
120.4 0.1
120.5 0.1
120.6 0.1
120.7 0.1
120.8 0.1
120.9 0.1
121 0.1
121.1 0.1
121.2 0.1
121.3 0.1
121.4 0.1
121.5 0.1
121.6 0.1
121.7 0.1
121.8 0.1
121.9 0.1
122 0.1
122.1 0.1
122.2 0.1
122.3 0.1
122.4 0.1
122.5 0.1
122.6 0.1
122.7 0.1
122.8 0.1
122.9 0.1
123 0.1
123.1 0.1
123.2 0.1
123.3 0.1
123.4 0.1
123.5 0.1
123.6 0.1
123.7 0.1
123.8 0.1
123.9 0.1
124 0.1
124.1 0.1
124.2 0.1
124.3 0.1
124.4 0.1
124.5 0.1
124.6 0.1
124.7 0.1
124.8 0.1
124.9 0.1
125 0.1
125.1 0.1
125.2 0.1
125.3 0.1
125.4 0.1
125.5 0.1
125.6 0.1
125.7 0.1
125.8 0.1
125.9 0.1
126 0.1
126.1 0.1
126.2 0.1
126.3 0.1
126.4 0.1
126.5 0.1
126.6 0.1
126.7 0.1
126.8 0.1
126.9 0.1
127 0.1
127.1 0.1
127.2 0.1
127.3 0.1
127.4 0.1
127.5 0.1
127.6 0.1
127.7 0.1
127.8 0.1
127.9 0.1
128 0.1
128.1 0.1
128.2 0.1
128.3 0.1
128.4 0.1
128.5 0.1
128.6 0.1
128.7 0.1
128.8 0.1
128.9 0.1
129 0.1
129.1 0.1
129.2 0.1
129.3 0.1
129.4 0.1
129.5 0.1
129.6 0.1
129.7 0.1
129.8 0.1
129.9 0.1
130 0.1
130.1 0.1
130.2 0.1
130.3 0.1
130.4 0.1
130.5 0.1
130.6 0.1
130.7 0.1
130.8 0.1
130.9 0.1
131 0.1
131.1 0.1
131.2 0.1
131.3 0.1
131.4 0.1
131.5 0.1
131.6 0.1
131.7 0.1
131.8 0.1
131.9 0.1
132 0.1
132.1 0.1
132.2 0.1
132.3 0.1
132.4 0.1
132.5 0.1
132.6 0.1
132.7 0.1
132.8 0.1
132.9 0.1
133 0.1
133.1 0.1
133.2 0.1
133.3 0.1
133.4 0.1
133.5 0.1
133.6 0.1
133.7 0.1
133.8 0.1
133.9 0.1
134 0.1
134.1 0.1
134.2 0.1
134.3 0.1
134.4 0.1
134.5 0.1
134.6 0.1
134.7 0.1
134.8 0.1
134.9 0.1
135 0.1
135.1 0.1
135.2 0.1
135.3 0.1
135.4 0.1
135.5 0.1
135.6 0.1
135.7 0.1
135.8 0.1
135.9 0.1
136 0.1
136.1 0.1
136.2 0.1
136.3 0.1
136.4 0.1
136.5 0.1
136.6 0.1
136.7 0.1
136.8 0.1
136.9 0.1
137 0.1
137.1 0.1
137.2 0.1
137.3 0.1
137.4 0.1
137.5 0.1
137.6 0.1
137.7 0.1
137.8 0.1
137.9 0.1
138 0.1
138.1 0.1
138.2 0.1
138.3 0.1
138.4 0.1
138.5 0.1
138.6 0.1
138.7 0.1
138.8 0.1
138.9 0.1
139 0.1
139.1 0.1
139.2 0.1
139.3 0.1
139.4 0.1
139.5 0.1
139.6 0.1
139.7 0.1
139.8 0.1
139.9 0.1
140 0.1
140.1 0.1
140.2 0.1
140.3 0.1
140.4 0.1
140.5 0.1
140.6 0.1
140.7 0.1
140.8 0.1
140.9 0.1
141 0.1
141.1 0.1
141.2 0.1
141.3 0.1
141.4 0.1
141.5 0.1
141.6 0.1
141.7 0.1
141.8 0.1
141.9 0.1
142 0.1
142.1 0.1
142.2 0.1
142.3 0.1
142.4 0.1
142.5 0.1
142.6 0.1
142.7 0.1
142.8 0.1
142.9 0.1
143 0.1
143.1 0.1
143.2 0.1
143.3 0.1
143.4 0.1
143.5 0.1
143.6 0.1
143.7 0.1
143.8 0.1
143.9 0.1
144 0.1
144.1 0.1
144.2 0.1
144.3 0.1
144.4 0.1
144.5 0.1
144.6 0.1
144.7 0.1
144.8 0.1
144.9 0.1
145 0.1
145.1 0.1
145.2 0.1
145.3 0.1
145.4 0.1
145.5 0.1
145.6 0.1
145.7 0.1
145.8 0.1
145.9 0.1
146 0.1
146.1 0.1
146.2 0.1
146.3 0.1
146.4 0.1
146.5 0.1
146.6 0.1
146.7 0.1
146.8 0.1
146.9 0.1
147 0.1
147.1 0.1
147.2 0.1
147.3 0.1
147.4 0.1
147.5 0.1
147.6 0.1
147.7 0.1
147.8 0.1
147.9 0.1
148 0.1
148.1 0.1
148.2 0.1
148.3 0.1
148.4 0.1
148.5 0.1
148.6 0.1
148.7 0.1
148.8 0.1
148.9 0.1
149 0.1
149.1 0.1
149.2 0.1
149.3 0.1
149.4 0.1
149.5 0.1
149.6 0.1
149.7 0.1
149.8 0.1
149.9 0.1
150 0.1
150.1 0.1
150.2 0.1
150.3 0.1
150.4 0.1
150.5 0.1
150.6 0.1
150.7 0.1
150.8 0.1
150.9 0.1
151 0.1
151.1 0.1
151.2 0.1
151.3 0.1
151.4 0.1
151.5 0.1
151.6 0.1
151.7 0.1
151.8 0.1
151.9 0.1
152 0.1
152.1 0.1
152.2 0.1
152.3 0.1
152.4 0.1
152.5 0.1
152.6 0.1
152.7 0.1
152.8 0.1
152.9 0.1
153 0.1
153.1 0.1
153.2 0.1
153.3 0.1
153.4 0.1
153.5 0.1
153.6 0.1
153.7 0.1
153.8 0.1
153.9 0.1
154 0.1
154.1 0.1
154.2 0.1
154.3 0.1
154.4 0.1
154.5 0.1
154.6 0.1
154.7 0.1
154.8 0.1
154.9 0.1
155 0.1
155.1 0.1
155.2 0.1
155.3 0.1
155.4 0.1
155.5 0.1
155.6 0.1
155.7 0.1
155.8 0.1
155.9 0.1
156 0.1
156.1 0.1
156.2 0.1
156.3 0.1
156.4 0.1
156.5 0.1
156.6 0.1
156.7 0.1
156.8 0.1
156.9 0.1
157 0.1
157.1 0.1
157.2 0.1
157.3 0.1
157.4 0.1
157.5 0.1
157.6 0.1
157.7 0.1
157.8 0.1
157.9 0.1
158 0.1
158.1 0.1
158.2 0.1
158.3 0.1
158.4 0.1
158.5 0.1
158.6 0.1
158.7 0.1
158.8 0.1
158.9 0.1
159 0.1
159.1 0.1
159.2 0.1
159.3 0.1
159.4 0.1
159.5 0.1
159.6 0.1
159.7 0.1
159.8 0.1
159.9 0.1
160 0.1
160.1 0.1
160.2 0.1
160.3 0.1
160.4 0.1
160.5 0.1
160.6 0.1
160.7 0.1
160.8 0.1
160.9 0.1
161 0.1
161.1 0.1
161.2 0.1
161.3 0.1
161.4 0.1
161.5 0.1
161.6 0.1
161.7 0.1
161.8 0.1
161.9 0.1
162 0.1
162.1 0.1
162.2 0.1
162.3 0.1
162.4 0.1
162.5 0.1
162.6 0.1
162.7 0.1
162.8 0.1
162.9 0.1
163 0.1
163.1 0.1
163.2 0.1
163.3 0.1
163.4 0.1
163.5 0.1
163.6 0.1
163.7 0.1
163.8 0.1
163.9 0.1
164 0.1
164.1 0.1
164.2 0.1
164.3 0.1
164.4 0.1
164.5 0.1
164.6 0.1
164.7 0.1
164.8 0.1
164.9 0.1
165 0.1
165.1 0.1
165.2 0.1
165.3 0.1
165.4 0.1
165.5 0.1
165.6 0.1
165.7 0.1
165.8 0.1
165.9 0.1
166 0.1
166.1 0.1
166.2 0.1
166.3 0.1
166.4 0.1
166.5 0.1
166.6 0.1
166.7 0.1
166.8 0.1
166.9 0.1
167 0.1
167.1 0.1
167.2 0.1
167.3 0.1
167.4 0.1
167.5 0.1
167.6 0.1
167.7 0.1
167.8 0.1
167.9 0.1
168 0.1
168.1 0.1
168.2 0.1
168.3 0.1
168.4 0.1
168.5 0.1
168.6 0.1
168.7 0.1
168.8 0.1
168.9 0.1
169 0.1
169.1 0.1
169.2 0.1
169.3 0.1
169.4 0.1
169.5 0.1
169.6 0.1
169.7 0.1
169.8 0.1
169.9 0.1
170 0.1
170.1 0.1
170.2 0.1
170.3 0.1
170.4 0.1
170.5 0.1
170.6 0.1
170.7 0.1
170.8 0.1
170.9 0.1
171 0.1
171.1 0.1
171.2 0.1
171.3 0.1
171.4 0.1
171.5 0.1
171.6 0.1
171.7 0.1
171.8 0.1
171.9 0.1
172 0.1
172.1 0.1
172.2 0.1
172.3 0.1
172.4 0.1
172.5 0.1
172.6 0.1
172.7 0.1
172.8 0.1
172.9 0.1
173 0.1
173.1 0.1
173.2 0.1
173.3 0.1
173.4 0.1
173.5 0.1
173.6 0.1
173.7 0.1
173.8 0.1
173.9 0.1
174 0.1
174.1 0.1
174.2 0.1
174.3 0.1
174.4 0.1
174.5 0.1
174.6 0.1
174.7 0.1
174.8 0.1
174.9 0.1
175 0.1
175.1 0.1
175.2 0.1
175.3 0.1
175.4 0.1
175.5 0.1
175.6 0.1
175.7 0.1
175.8 0.1
175.9 0.1
176 0.1
176.1 0.1
176.2 0.1
176.3 0.1
176.4 0.1
176.5 0.1
176.6 0.1
176.7 0.1
176.8 0.1
176.9 0.1
177 0.1
177.1 0.1
177.2 0.1
177.3 0.1
177.4 0.1
177.5 0.1
177.6 0.1
177.7 0.1
177.8 0.1
177.9 0.1
178 0.1
178.1 0.1
178.2 0.1
178.3 0.1
178.4 0.1
178.5 0.1
178.6 0.1
178.7 0.1
178.8 0.1
178.9 0.1
179 0.1
179.1 0.1
179.2 0.1
179.3 0.1
179.4 0.1
179.5 0.1
179.6 0.1
179.7 0.1
179.8 0.1
179.9 0.1
180 0.1
180.1 0.1
180.2 0.1
180.3 0.1
180.4 0.1
180.5 0.1
180.6 0.1
180.7 0.1
180.8 0.1
180.9 0.1
181 0.1
181.1 0.1
181.2 0.1
181.3 0.1
181.4 0.1
181.5 0.1
181.6 0.1
181.7 0.1
181.8 0.1
181.9 0.1
182 0.1
182.1 0.1
182.2 0.1
182.3 0.1
182.4 0.1
182.5 0.1
182.6 0.1
182.7 0.1
182.8 0.1
182.9 0.1
183 0.1
183.1 0.1
183.2 0.1
183.3 0.1
183.4 0.1
183.5 0.1
183.6 0.1
183.7 0.1
183.8 0.1
183.9 0.1
184 0.1
184.1 0.1
184.2 0.1
184.3 0.1
184.4 0.1
184.5 0.1
184.6 0.1
184.7 0.0799999999999989
184.8 0.059999999999998
184.9 0.0399999999999975
185 0.0199999999999976
185.1 0
185.2 0
185.3 0
185.4 0
185.5 0
185.6 0
185.7 0
185.8 0
185.9 0
186 0
186.1 0
186.2 0
186.3 0
186.4 0
186.5 0
186.6 0
186.7 0
186.8 0
186.9 0
187 0
187.1 0
187.2 0
187.3 0
187.4 0
187.5 0
187.6 0
187.7 0
187.8 0
187.9 0
188 0
188.1 0
188.2 0
188.3 0
188.4 0
188.5 0
188.6 0
188.7 0
188.8 0
188.9 0
189 0
189.1 0
189.2 0
189.3 0
189.4 0
189.5 0
189.6 0
189.7 0
189.8 0
189.9 0
190 0
190.1 0
190.2 0
190.3 0
190.4 0
190.5 0
190.6 0
190.7 0
190.8 0
190.9 0
191 0
191.1 0
191.2 0
191.3 0
191.4 0
191.5 0
191.6 0
191.7 0
191.8 0
191.9 0
192 0
192.1 0
192.2 0
192.3 0
192.4 0
192.5 0
192.6 0
192.7 0
192.8 0
192.9 0
193 0
193.1 0
193.2 0
193.3 0
193.4 0
193.5 0
193.6 0
193.7 0
193.8 0
193.9 0
194 0
194.1 0
194.2 0
194.3 0
194.4 0
194.5 0
194.6 0
194.7 0
194.8 0
194.9 0
195 0
195.1 0
195.2 0
195.3 0
195.4 0
195.5 0
195.6 0
195.7 0
195.8 0
195.9 0
196 0
196.1 0
196.2 0
196.3 0
196.4 0
196.5 0
196.6 0
196.7 0
196.8 0
196.9 0
197 0
197.1 0
197.2 0
197.3 0
197.4 0
197.5 0
197.6 0
197.7 0
197.8 0
197.9 0
198 0
198.1 0
198.2 0
198.3 0
198.4 0
198.5 0
198.6 0
198.7 0
198.8 0
198.9 0
199 0
199.1 0
199.2 0
199.3 0
199.4 0
199.5 0
199.6 0
199.7 0
199.8 0
199.9 0
200 0
200.1 0
200.2 0
200.3 0
200.4 0
200.5 0
200.6 0
200.7 0
200.8 0
200.9 0
201 0
201.1 0
