0 0.34
0.1 0.34
0.2 0.339903381642512
0.3 0.339806763285024
0.4 0.339710144927536
0.5 0.339613526570048
0.6 0.33951690821256
0.7 0.339420289855072
0.8 0.339323671497585
0.9 0.339227053140097
1 0.339130434782609
1.1 0.338910346315676
1.2 0.338690257848743
1.3 0.33847016938181
1.4 0.338250080914878
1.5 0.338029992447945
1.6 0.337809903981012
1.7 0.337589815514079
1.8 0.337369727047147
1.9 0.337149638580214
2 0.336929550113281
2.1 0.336709461646348
2.2 0.336489373179415
2.3 0.336269284712483
2.4 0.33604919624555
2.5 0.335829107778617
2.6 0.335609019311684
2.7 0.335388930844752
2.8 0.335168842377819
2.9 0.334948753910886
3 0.334728665443953
3.1 0.33450857697702
3.2 0.334288488510088
3.3 0.334068400043155
3.4 0.333848311576222
3.5 0.333628223109289
3.6 0.333408134642356
3.7 0.333188046175424
3.8 0.332967957708491
3.9 0.332747869241558
4 0.332527780774625
4.1 0.332307692307692
4.2 0.332245800176835
4.3 0.332183908045977
4.4 0.331973961998593
4.5 0.331764015951208
4.6 0.331554069903824
4.7 0.331344123856439
4.8 0.331134177809055
4.9 0.33092423176167
5 0.330714285714286
5.1 0.330541176470588
5.2 0.330368067226891
5.3 0.330194957983193
5.4 0.330021848739496
5.5 0.329848739495798
5.6 0.329675630252101
5.7 0.329502521008403
5.8 0.329329411764706
5.9 0.329156302521009
6 0.328983193277311
6.1 0.328810084033614
6.2 0.328636974789916
6.3 0.328463865546219
6.4 0.328290756302521
6.5 0.328117647058824
6.6 0.327944537815126
6.7 0.327771428571429
6.8 0.327598319327731
6.9 0.327425210084034
7 0.327252100840336
7.1 0.327078991596639
7.2 0.326905882352941
7.3 0.326732773109244
7.4 0.326559663865546
7.5 0.326386554621849
7.6 0.326213445378151
7.7 0.326040336134454
7.8 0.325867226890756
7.9 0.325694117647059
8 0.325521008403361
8.1 0.325347899159664
8.2 0.325174789915966
8.3 0.325001680672269
8.4 0.324828571428571
8.5 0.324655462184874
8.6 0.324482352941176
8.7 0.324309243697479
8.8 0.324136134453782
8.9 0.323963025210084
9 0.323789915966387
9.1 0.323616806722689
9.2 0.323443697478992
9.3 0.323270588235294
9.4 0.323097478991597
9.5 0.322924369747899
9.6 0.322751260504202
9.7 0.322578151260504
9.8 0.322405042016807
9.9 0.322231932773109
10 0.322058823529412
10.1 0.321866421568627
10.2 0.321674019607843
10.3 0.321481617647059
10.4 0.321289215686275
10.5 0.32109681372549
10.6 0.320904411764706
10.7 0.320712009803922
10.8 0.320519607843137
10.9 0.320327205882353
11 0.320134803921569
11.1 0.319942401960784
11.2 0.31975
11.3 0.319557598039216
11.4 0.319365196078432
11.5 0.319172794117647
11.6 0.318980392156863
11.7 0.318787990196079
11.8 0.318595588235294
11.9 0.31840318627451
12 0.318210784313726
12.1 0.318018382352942
12.2 0.317825980392157
12.3 0.317633578431373
12.4 0.317441176470589
12.5 0.317248774509804
12.6 0.31705637254902
12.7 0.316863970588236
12.8 0.316671568627451
12.9 0.316479166666667
13 0.316286764705883
13.1 0.316094362745098
13.2 0.315901960784314
13.3 0.31570955882353
13.4 0.315517156862745
13.5 0.315324754901961
13.6 0.315132352941177
13.7 0.314939950980392
13.8 0.314747549019608
13.9 0.314555147058824
14 0.31436274509804
14.1 0.314170343137255
14.2 0.313977941176471
14.3 0.313785539215687
14.4 0.313593137254902
14.5 0.313400735294118
14.6 0.313208333333334
14.7 0.313015931372549
14.8 0.312823529411765
14.9 0.312631127450981
15 0.312438725490196
15.1 0.312246323529412
15.2 0.312053921568628
15.3 0.311861519607843
15.4 0.311669117647059
15.5 0.311476715686275
15.6 0.31128431372549
15.7 0.311091911764706
15.8 0.310899509803922
15.9 0.310707107843137
16 0.310514705882353
16.1 0.310322303921569
16.2 0.310129901960784
16.3 0.3099375
16.4 0.309745098039216
16.5 0.309552696078431
16.6 0.309360294117647
16.7 0.309167892156863
16.8 0.308975490196079
16.9 0.308783088235294
17 0.30859068627451
17.1 0.308398284313726
17.2 0.308205882352941
17.3 0.308013480392157
17.4 0.307821078431373
17.5 0.307628676470588
17.6 0.307436274509804
17.7 0.30724387254902
17.8 0.307051470588235
17.9 0.306859068627451
18 0.306666666666667
18.1 0.306533333333333
18.2 0.3064
18.3 0.306266666666667
18.4 0.306133333333333
18.5 0.306
18.6 0.305866666666667
18.7 0.305733333333333
18.8 0.3056
18.9 0.305466666666667
19 0.305333333333333
19.1 0.3052
19.2 0.305066666666667
19.3 0.304933333333333
19.4 0.3048
19.5 0.304666666666667
19.6 0.304533333333333
19.7 0.3044
19.8 0.304266666666667
19.9 0.304133333333333
20 0.304
20.1 0.303813333333333
20.2 0.303626666666667
20.3 0.30344
20.4 0.303253333333333
20.5 0.303066666666667
20.6 0.30288
20.7 0.302693333333333
20.8 0.302506666666667
20.9 0.30232
21 0.302133333333333
21.1 0.301946666666667
21.2 0.30176
21.3 0.301573333333333
21.4 0.301386666666667
21.5 0.3012
21.6 0.301013333333333
21.7 0.300826666666667
21.8 0.30064
21.9 0.300453333333333
22 0.300266666666667
22.1 0.30008
22.2 0.299893333333333
22.3 0.299706666666667
22.4 0.29952
22.5 0.299333333333333
22.6 0.299146666666667
22.7 0.29896
22.8 0.298773333333333
22.9 0.298586666666667
23 0.2984
23.1 0.298213333333333
23.2 0.298026666666667
23.3 0.29784
23.4 0.297653333333333
23.5 0.297466666666667
23.6 0.29728
23.7 0.297093333333333
23.8 0.296906666666667
23.9 0.29672
24 0.296533333333333
24.1 0.296346666666667
24.2 0.29616
24.3 0.295973333333333
24.4 0.295786666666667
24.5 0.2956
24.6 0.295413333333333
24.7 0.295226666666667
24.8 0.29504
24.9 0.294853333333333
25 0.294666666666667
25.1 0.29449
25.2 0.294313333333333
25.3 0.294136666666667
25.4 0.29396
25.5 0.293783333333333
25.6 0.293606666666667
25.7 0.29343
25.8 0.293253333333333
25.9 0.293076666666667
26 0.2929
26.1 0.292723333333333
26.2 0.292546666666667
26.3 0.29237
26.4 0.292193333333333
26.5 0.292016666666667
26.6 0.29184
26.7 0.291663333333333
26.8 0.291486666666667
26.9 0.29131
27 0.291133333333334
27.1 0.290956666666667
27.2 0.29078
27.3 0.290603333333334
27.4 0.290426666666667
27.5 0.29025
27.6 0.290073333333334
27.7 0.289896666666667
27.8 0.28972
27.9 0.289543333333334
28 0.289366666666667
28.1 0.28919
28.2 0.289013333333334
28.3 0.288836666666667
28.4 0.28866
28.5 0.288483333333334
28.6 0.288306666666667
28.7 0.28813
28.8 0.287953333333334
28.9 0.287776666666667
29 0.2876
29.1 0.287423333333333
29.2 0.287246666666667
29.3 0.28707
29.4 0.286893333333333
29.5 0.286716666666667
29.6 0.28654
29.7 0.286363333333333
29.8 0.286186666666667
29.9 0.28601
30 0.285833333333333
30.1 0.285648095238095
30.2 0.285462857142857
30.3 0.285277619047619
30.4 0.285092380952381
30.5 0.284907142857143
30.6 0.284721904761905
30.7 0.284536666666667
30.8 0.284351428571429
30.9 0.284166190476191
31 0.283980952380953
31.1 0.283795714285714
31.2 0.283610476190476
31.3 0.283425238095238
31.4 0.28324
31.5 0.283054761904762
31.6 0.282869523809524
31.7 0.282684285714286
31.8 0.282499047619048
31.9 0.28231380952381
32 0.282128571428572
32.1 0.281943333333333
32.2 0.281758095238095
32.3 0.281572857142857
32.4 0.281387619047619
32.5 0.281202380952381
32.6 0.281017142857143
32.7 0.280831904761905
32.8 0.280646666666667
32.9 0.280461428571429
33 0.280276190476191
33.1 0.280090952380952
33.2 0.279905714285714
33.3 0.279720476190476
33.4 0.279535238095238
33.5 0.27935
33.6 0.279164761904762
33.7 0.278979523809524
33.8 0.278794285714286
33.9 0.278609047619048
34 0.27842380952381
34.1 0.278238571428571
34.2 0.278053333333333
34.3 0.277868095238095
34.4 0.277682857142857
34.5 0.277497619047619
34.6 0.277312380952381
34.7 0.277127142857143
34.8 0.276941904761905
34.9 0.276756666666667
35 0.276571428571429
35.1 0.27638693877551
35.2 0.276202448979592
35.3 0.276017959183674
35.4 0.275833469387755
35.5 0.275648979591837
35.6 0.275464489795918
35.7 0.27528
35.8 0.275095510204082
35.9 0.274911020408163
36 0.274726530612245
36.1 0.274542040816327
36.2 0.274357551020408
36.3 0.27417306122449
36.4 0.273988571428571
36.5 0.273804081632653
36.6 0.273619591836735
36.7 0.273435102040816
36.8 0.273250612244898
36.9 0.27306612244898
37 0.272881632653061
37.1 0.272697142857143
37.2 0.272512653061225
37.3 0.272328163265306
37.4 0.272143673469388
37.5 0.271959183673469
37.6 0.271774693877551
37.7 0.271590204081633
37.8 0.271405714285714
37.9 0.271221224489796
38 0.271036734693878
38.1 0.270852244897959
38.2 0.270667755102041
38.3 0.270483265306122
38.4 0.270298775510204
38.5 0.270114285714286
38.6 0.269929795918367
38.7 0.269745306122449
38.8 0.269560816326531
38.9 0.269376326530612
39 0.269191836734694
39.1 0.269007346938775
39.2 0.268822857142857
39.3 0.268638367346939
39.4 0.26845387755102
39.5 0.268269387755102
39.6 0.268084897959184
39.7 0.267900408163265
39.8 0.267715918367347
39.9 0.267531428571429
40 0.26734693877551
40.1 0.2671625
40.2 0.26697806122449
40.3 0.26679362244898
40.4 0.266609183673469
40.5 0.266424744897959
40.6 0.266240306122449
40.7 0.266055867346939
40.8 0.265871428571428
40.9 0.265686989795918
41 0.265502551020408
41.1 0.265318112244898
41.2 0.265133673469388
41.3 0.264949234693877
41.4 0.264764795918367
41.5 0.264580357142857
41.6 0.264395918367347
41.7 0.264211479591836
41.8 0.264027040816326
41.9 0.263842602040816
42 0.263658163265306
42.1 0.263473724489796
42.2 0.263289285714285
42.3 0.263104846938775
42.4 0.262920408163265
42.5 0.262735969387755
42.6 0.262551530612245
42.7 0.262367091836734
42.8 0.262182653061224
42.9 0.261998214285714
43 0.261813775510204
43.1 0.261629336734694
43.2 0.261444897959183
43.3 0.261260459183673
43.4 0.261076020408163
43.5 0.260891581632653
43.6 0.260707142857143
43.7 0.260522704081632
43.8 0.260338265306122
43.9 0.260153826530612
44 0.259969387755102
44.1 0.259784948979592
44.2 0.259600510204082
44.3 0.259416071428571
44.4 0.259231632653061
44.5 0.259047193877551
44.6 0.258862755102041
44.7 0.258678316326531
44.8 0.25849387755102
44.9 0.25830943877551
45 0.258125
45.1 0.257946710526316
45.2 0.257768421052632
45.3 0.257590131578947
45.4 0.257411842105263
45.5 0.257233552631579
45.6 0.257055263157895
45.7 0.256876973684211
45.8 0.256698684210526
45.9 0.256520394736842
46 0.256342105263158
46.1 0.256163815789474
46.2 0.25598552631579
46.3 0.255807236842105
46.4 0.255628947368421
46.5 0.255450657894737
46.6 0.255272368421053
46.7 0.255094078947369
46.8 0.254915789473684
46.9 0.2547375
47 0.254559210526316
47.1 0.254380921052632
47.2 0.254202631578948
47.3 0.254024342105263
47.4 0.253846052631579
47.5 0.253667763157895
47.6 0.253489473684211
47.7 0.253311184210527
47.8 0.253132894736842
47.9 0.252954605263158
48 0.252776315789474
48.1 0.25259802631579
48.2 0.252419736842106
48.3 0.252241447368421
48.4 0.252063157894737
48.5 0.251884868421053
48.6 0.251706578947369
48.7 0.251528289473684
48.8 0.25135
48.9 0.251171710526316
49 0.250993421052632
49.1 0.250815131578948
49.2 0.250636842105263
49.3 0.250458552631579
49.4 0.250280263157895
49.5 0.250101973684211
49.6 0.249923684210526
49.7 0.249745394736842
49.8 0.249567105263158
49.9 0.249388815789474
50 0.249210526315789
50.1 0.24902728666326
50.2 0.248844047010731
50.3 0.248660807358201
50.4 0.248477567705672
50.5 0.248294328053142
50.6 0.248111088400613
50.7 0.247927848748084
50.8 0.247744609095554
50.9 0.247561369443025
51 0.247378129790496
51.1 0.247194890137966
51.2 0.247011650485437
51.3 0.246828410832907
51.4 0.246645171180378
51.5 0.246461931527849
51.6 0.246278691875319
51.7 0.24609545222279
51.8 0.24591221257026
51.9 0.245728972917731
52 0.245545733265202
52.1 0.245362493612672
52.2 0.245179253960143
52.3 0.244996014307614
52.4 0.244812774655084
52.5 0.244629535002555
52.6 0.244446295350025
52.7 0.244263055697496
52.8 0.244079816044967
52.9 0.243896576392437
53 0.243713336739908
53.1 0.243530097087379
53.2 0.243346857434849
53.3 0.24316361778232
53.4 0.24298037812979
53.5 0.242797138477261
53.6 0.242613898824732
53.7 0.242430659172202
53.8 0.242247419519673
53.9 0.242064179867144
54 0.241880940214614
54.1 0.241697700562085
54.2 0.241514460909555
54.3 0.241331221257026
54.4 0.241147981604497
54.5 0.240964741951967
54.6 0.240781502299438
54.7 0.240598262646908
54.8 0.240415022994379
54.9 0.24023178334185
55 0.24004854368932
55.1 0.24004507628294
55.2 0.24004160887656
55.3 0.24003814147018
55.4 0.2400346740638
55.5 0.24003120665742
55.6 0.24002773925104
55.7 0.24002427184466
55.8 0.24002080443828
55.9 0.2400173370319
56 0.24001386962552
56.1 0.24001040221914
56.2 0.24000693481276
56.3 0.24000346740638
56.4 0.24
56.5 0.23953823953824
56.6 0.239076479076479
56.7 0.238614718614719
56.8 0.238152958152958
56.9 0.237691197691198
57 0.237229437229437
57.1 0.236767676767677
57.2 0.236305916305916
57.3 0.235844155844156
57.4 0.235382395382395
57.5 0.234920634920635
57.6 0.234458874458874
57.7 0.233997113997114
57.8 0.233535353535353
57.9 0.233073593073593
58 0.232611832611832
58.1 0.232150072150072
58.2 0.231688311688312
58.3 0.231226551226551
58.4 0.230764790764791
58.5 0.23030303030303
58.6 0.22984126984127
58.7 0.229379509379509
58.8 0.228917748917749
58.9 0.228455988455988
59 0.227994227994228
59.1 0.227532467532467
59.2 0.227070707070707
59.3 0.226608946608946
59.4 0.226147186147186
59.5 0.225685425685426
59.6 0.225223665223665
59.7 0.224761904761905
59.8 0.224300144300144
59.9 0.223838383838384
60 0.223376623376623
60.1 0.222914862914863
60.2 0.222453102453102
60.3 0.221991341991342
60.4 0.221529581529581
60.5 0.221067821067821
60.6 0.220606060606061
60.7 0.2201443001443
60.8 0.21968253968254
60.9 0.219220779220779
61 0.218759018759019
61.1 0.218297258297258
61.2 0.217835497835498
61.3 0.217373737373737
61.4 0.216911976911977
61.5 0.216450216450216
61.6 0.215988455988456
61.7 0.215526695526696
61.8 0.215064935064935
61.9 0.214603174603175
62 0.214141414141414
62.1 0.213858826358826
62.2 0.213576238576239
62.3 0.213293650793651
62.4 0.213011063011063
62.5 0.212728475228475
62.6 0.212445887445888
62.7 0.2121632996633
62.8 0.211880711880712
62.9 0.211598124098124
63 0.211315536315536
63.1 0.211032948532949
63.2 0.210750360750361
63.3 0.210467772967773
63.4 0.210185185185185
63.5 0.209902597402598
63.6 0.20962000962001
63.7 0.209337421837422
63.8 0.209054834054834
63.9 0.208772246272246
64 0.208489658489659
64.1 0.208207070707071
64.2 0.207924482924483
64.3 0.207641895141895
64.4 0.207359307359308
64.5 0.20707671957672
64.6 0.206794131794132
64.7 0.206511544011544
64.8 0.206228956228956
64.9 0.205946368446369
65 0.205663780663781
65.1 0.205381192881193
65.2 0.205098605098605
65.3 0.204816017316018
65.4 0.20453342953343
65.5 0.204250841750842
65.6 0.203968253968254
65.7 0.203685666185666
65.8 0.203403078403079
65.9 0.203120490620491
66 0.202837902837903
66.1 0.202555315055315
66.2 0.202272727272727
66.3 0.20199013949014
66.4 0.201707551707552
66.5 0.201424963924964
66.6 0.201142376142376
66.7 0.200859788359788
66.8 0.200577200577201
66.9 0.200294612794613
67 0.200012025012025
67.1 0.199729437229437
67.2 0.19944684944685
67.3 0.199164261664262
67.4 0.198881673881674
67.5 0.198599086099086
67.6 0.198316498316498
67.7 0.198033910533911
67.8 0.197751322751323
67.9 0.197468734968735
68 0.197186147186147
68.1 0.196903559403559
68.2 0.196620971620972
68.3 0.196338383838384
68.4 0.196055796055796
68.5 0.195773208273208
68.6 0.195490620490621
68.7 0.195208032708033
68.8 0.194925444925445
68.9 0.194642857142857
69 0.194344172451589
69.1 0.194045487760322
69.2 0.193746803069054
69.3 0.193448118377786
69.4 0.193149433686518
69.5 0.19285074899525
69.6 0.192552064303982
69.7 0.192253379612715
69.8 0.191954694921447
69.9 0.191656010230179
70 0.191357325538911
70.1 0.191058640847643
70.2 0.190759956156376
70.3 0.190461271465108
70.4 0.19016258677384
70.5 0.189863902082572
70.6 0.189565217391304
70.7 0.1894265910523
70.8 0.189287964713296
70.9 0.189149338374291
71 0.189010712035287
71.1 0.188872085696282
71.2 0.188733459357278
71.3 0.188594833018273
71.4 0.188456206679269
71.5 0.188317580340265
71.6 0.18817895400126
71.7 0.188040327662256
71.8 0.187901701323251
71.9 0.187763074984247
72 0.187624448645243
72.1 0.187485822306238
72.2 0.187347195967234
72.3 0.187208569628229
72.4 0.187069943289225
72.5 0.186931316950221
72.6 0.186792690611216
72.7 0.186654064272212
72.8 0.186515437933207
72.9 0.186376811594203
73 0.186238185255199
73.1 0.186099558916194
73.2 0.18596093257719
73.3 0.185822306238185
73.4 0.185683679899181
73.5 0.185545053560176
73.6 0.185406427221172
73.7 0.185267800882168
73.8 0.185129174543163
73.9 0.184990548204159
74 0.184851921865154
74.1 0.18471329552615
74.2 0.184574669187146
74.3 0.184436042848141
74.4 0.184297416509137
74.5 0.184158790170132
74.6 0.184020163831128
74.7 0.183881537492124
74.8 0.183742911153119
74.9 0.183604284814115
75 0.18346565847511
75.1 0.183327032136106
75.2 0.183188405797101
75.3 0.183049779458097
75.4 0.182911153119093
75.5 0.182772526780088
75.6 0.182633900441084
75.7 0.182495274102079
75.8 0.182356647763075
75.9 0.182218021424071
76 0.182079395085066
76.1 0.181940768746062
76.2 0.181802142407057
76.3 0.181663516068053
76.4 0.181524889729049
76.5 0.181386263390044
76.6 0.18124763705104
76.7 0.181109010712035
76.8 0.180970384373031
76.9 0.180831758034026
77 0.180693131695022
77.1 0.180554505356018
77.2 0.180415879017013
77.3 0.180277252678009
77.4 0.180138626339004
77.5 0.18
77.6 0.179762571695345
77.7 0.17952514339069
77.8 0.179287715086034
77.9 0.179050286781379
78 0.178812858476724
78.1 0.178575430172069
78.2 0.178338001867414
78.3 0.178100573562758
78.4 0.177863145258103
78.5 0.177625716953448
78.6 0.177388288648793
78.7 0.177150860344138
78.8 0.176913432039482
78.9 0.176676003734827
79 0.176438575430172
79.1 0.176201147125517
79.2 0.175963718820862
79.3 0.175726290516206
79.4 0.175488862211551
79.5 0.175251433906896
79.6 0.175014005602241
79.7 0.174776577297586
79.8 0.17453914899293
79.9 0.174301720688275
80 0.17406429238362
80.1 0.173826864078965
80.2 0.17358943577431
80.3 0.173352007469654
80.4 0.173114579164999
80.5 0.172877150860344
80.6 0.172639722555689
80.7 0.172402294251034
80.8 0.172164865946378
80.9 0.171927437641723
81 0.171690009337068
81.1 0.171452581032413
81.2 0.171215152727758
81.3 0.170977724423102
81.4 0.170740296118447
81.5 0.170502867813792
81.6 0.170265439509137
81.7 0.170028011204482
81.8 0.169790582899826
81.9 0.169553154595171
82 0.169315726290516
82.1 0.169078297985861
82.2 0.168840869681206
82.3 0.16860344137655
82.4 0.168366013071895
82.5 0.16812858476724
82.6 0.167891156462585
82.7 0.16765372815793
82.8 0.167416299853275
82.9 0.167178871548619
83 0.166941443243964
83.1 0.166704014939309
83.2 0.166466586634654
83.3 0.166229158329999
83.4 0.165991730025343
83.5 0.165754301720688
83.6 0.165516873416033
83.7 0.165279445111378
83.8 0.165042016806723
83.9 0.165381970970206
84 0.16572192513369
84.1 0.166061879297173
84.2 0.166401833460657
84.3 0.166741787624141
84.4 0.167081741787624
84.5 0.167421695951108
84.6 0.167761650114591
84.7 0.168101604278075
84.8 0.168441558441558
84.9 0.168781512605042
85 0.169121466768526
85.1 0.169461420932009
85.2 0.169801375095493
85.3 0.170141329258976
85.4 0.17048128342246
85.5 0.170821237585943
85.6 0.171161191749427
85.7 0.171501145912911
85.8 0.171841100076394
85.9 0.172181054239878
86 0.172521008403361
86.1 0.172860962566845
86.2 0.173200916730328
86.3 0.173540870893812
86.4 0.173880825057296
86.5 0.174220779220779
86.6 0.174560733384263
86.7 0.174900687547746
86.8 0.17524064171123
86.9 0.175580595874714
87 0.175920550038197
87.1 0.176260504201681
87.2 0.176600458365164
87.3 0.176940412528648
87.4 0.177280366692131
87.5 0.177620320855615
87.6 0.177960275019099
87.7 0.178300229182582
87.8 0.178640183346066
87.9 0.178980137509549
88 0.179320091673033
88.1 0.179660045836516
88.2 0.18
88.3 0.18
88.4 0.18
88.5 0.18
88.6 0.18
88.7 0.171659226190476
88.8 0.163318452380952
88.9 0.154977678571428
89 0.146636904761904
89.1 0.13829613095238
89.2 0.129955357142857
89.3 0.121614583333333
89.4 0.113273809523809
89.5 0.104933035714285
89.6 0.0965922619047609
89.7 0.0882514880952371
89.8 0.0799107142857143
89.9 0.0769151785714286
90 0.0739196428571428
90.1 0.0709241071428571
90.2 0.0679285714285714
90.3 0.0649330357142856
90.4 0.0619374999999999
90.5 0.0589419642857142
90.6 0.0559464285714284
90.7 0.0529508928571427
90.8 0.0499553571428569
90.9 0.0469598214285712
91 0.0439642857142855
91.1 0.0409687499999997
91.2 0.037973214285714
91.3 0.0349776785714282
91.4 0.0319821428571425
91.5 0.0289866071428568
91.6 0.025991071428571
91.7 0.0229955357142854
91.8 0.02
91.9 0.0192592592592593
92 0.0185185185185185
92.1 0.0177777777777778
92.2 0.017037037037037
92.3 0.0162962962962963
92.4 0.0155555555555555
92.5 0.0148148148148148
92.6 0.0140740740740741
92.7 0.0133333333333333
92.8 0.0125925925925926
92.9 0.0118518518518518
93 0.0111111111111111
93.1 0.0103703703703703
93.2 0.00962962962962959
93.3 0.00888888888888884
93.4 0.0081481481481481
93.5 0.00740740740740736
93.6 0.00666666666666661
93.7 0.00592592592592587
93.8 0.00518518518518512
93.9 0.00444444444444438
94 0.00370370370370364
94.1 0.00296296296296289
94.2 0.00222222222222215
94.3 0.00148148148148139
94.4 0.000740740740740654
94.5 0
94.6 0
94.7 0
94.8 0
94.9 0
95 0
95.1 0
95.2 0
95.3 0
95.4 0
95.5 0
95.6 0
95.7 0
95.8 0
95.9 0
96 0
96.1 0
96.2 0
96.3 0
96.4 0
96.5 0
96.6 0
96.7 0
96.8 0
96.9 0
97 0
97.1 0
97.2 0
97.3 0
97.4 0
97.5 0
97.6 0
97.7 0
97.8 0
97.9 0
98 0
98.1 0
98.2 0
98.3 0
98.4 0
98.5 0
98.6 0
98.7 0
98.8 0
98.9 0
99 0
99.1 0
99.2 0
99.3 0
99.4 0
99.5 0
99.6 0
99.7 0
99.8 0
99.9 0
100 0
100.1 0
100.2 0
100.3 0
100.4 0
100.5 0
100.6 0
100.7 0
100.8 0
100.9 0
101 0
101.1 0
101.2 0
101.3 0
101.4 0
101.5 0
101.6 0
101.7 0
101.8 0
101.9 0
102 0
102.1 0
102.2 0
102.3 0
102.4 0
102.5 0
102.6 0
102.7 0
102.8 0
102.9 0
103 0
103.1 0
103.2 0
103.3 0
103.4 0
103.5 0
103.6 0
103.7 0
103.8 0
103.9 0
104 0
104.1 0
104.2 0
104.3 0
104.4 0
104.5 0
104.6 0
104.7 0
104.8 0
104.9 0
105 0
105.1 0
105.2 0
105.3 0
105.4 0
105.5 0
105.6 0
105.7 0
105.8 0
105.9 0
106 0
106.1 0
106.2 0
106.3 0
106.4 0
106.5 0
106.6 0
106.7 0
106.8 0
106.9 0
107 0
107.1 0
107.2 0
107.3 0
107.4 0
107.5 0
107.6 0
107.7 0
107.8 0
107.9 0
108 0
108.1 0
108.2 0
108.3 0
108.4 0
108.5 0
108.6 0
108.7 0
108.8 0
108.9 0
109 0
109.1 0
109.2 0
109.3 0
109.4 0
109.5 0
109.6 0
109.7 0
109.8 0
109.9 0
110 0
110.1 0
110.2 0
110.3 0
110.4 0
110.5 0
110.6 0
110.7 0
110.8 0
110.9 0
111 0
111.1 0
111.2 0
111.3 0
111.4 0
111.5 0
111.6 0
111.7 0
111.8 0
111.9 0
112 0
112.1 0
112.2 0
112.3 0
112.4 0
112.5 0
112.6 0
112.7 0
112.8 0
112.9 0
113 0
113.1 0
113.2 0
113.3 0
113.4 0
113.5 0
113.6 0
113.7 0
113.8 0
113.9 0
114 0
114.1 0
114.2 0
114.3 0
114.4 0
114.5 0
114.6 0
114.7 0
114.8 0
114.9 0
115 0
115.1 0
115.2 0
115.3 0
115.4 0
115.5 0
115.6 0
115.7 0
115.8 0
115.9 0
116 0
116.1 0
116.2 0
116.3 0
116.4 0
116.5 0
116.6 0
116.7 0
116.8 0
116.9 0
117 0
117.1 0
117.2 0
117.3 0
117.4 0
117.5 0
117.6 0
117.7 0
117.8 0
117.9 0
118 0
118.1 0
118.2 0
118.3 0
118.4 0
118.5 0
118.6 0
118.7 0
118.8 0
118.9 0
119 0
119.1 0
119.2 0
119.3 0
119.4 0
119.5 0
119.6 0
119.7 0
119.8 0
119.9 0
120 0
120.1 0
120.2 0
120.3 0
120.4 0
120.5 0
120.6 0
120.7 0
120.8 0
120.9 0
121 0
121.1 0
121.2 0
121.3 0
121.4 0
121.5 0
121.6 0
121.7 0
121.8 0
121.9 0
122 0
122.1 0
122.2 0
122.3 0
122.4 0
122.5 0
122.6 0
122.7 0
122.8 0
122.9 0
123 0
123.1 0
123.2 0
123.3 0
123.4 0
123.5 0
123.6 0
123.7 0
123.8 0
123.9 0
124 0
124.1 0
124.2 0
124.3 0
124.4 0
124.5 0
124.6 0
124.7 0
124.8 0
124.9 0
125 0
125.1 0
125.2 0
125.3 0
125.4 0
125.5 0
125.6 0
125.7 0
125.8 0
125.9 0
126 0
126.1 0
126.2 0
126.3 0
126.4 0
126.5 0
126.6 0
126.7 0
126.8 0
126.9 0
127 0
127.1 0
127.2 0
127.3 0
127.4 0
127.5 0
127.6 0
127.7 0
127.8 0
127.9 0
128 0
128.1 0
128.2 0
128.3 0
128.4 0
128.5 0
128.6 0
128.7 0
128.8 0
128.9 0
129 0
129.1 0
129.2 0
129.3 0
129.4 0
129.5 0
129.6 0
129.7 0
129.8 0
129.9 0
130 0
130.1 0
130.2 0
130.3 0
130.4 0
130.5 0
130.6 0
130.7 0
130.8 0
130.9 0
131 0
131.1 0
131.2 0
131.3 0
131.4 0
131.5 0
131.6 0
131.7 0
131.8 0
131.9 0
132 0
132.1 0
132.2 0
132.3 0
132.4 0
132.5 0
132.6 0
132.7 0
132.8 0
132.9 0
133 0
133.1 0
133.2 0
133.3 0
133.4 0
133.5 0
133.6 0
133.7 0
133.8 0
133.9 0
134 0
134.1 0
134.2 0
134.3 0
134.4 0
134.5 0
134.6 0
134.7 0
134.8 0
134.9 0
135 0
135.1 0
135.2 0
135.3 0
135.4 0
135.5 0
135.6 0
135.7 0
135.8 0
135.9 0
136 0
136.1 0
136.2 0
136.3 0
136.4 0
136.5 0
136.6 0
136.7 0
136.8 0
136.9 0
137 0
137.1 0
137.2 0
137.3 0
137.4 0
137.5 0
137.6 0
137.7 0
137.8 0
137.9 0
138 0
138.1 0
138.2 0
138.3 0
138.4 0
138.5 0
138.6 0
138.7 0
138.8 0
138.9 0
139 0
139.1 0
139.2 0
139.3 0
139.4 0
139.5 0
139.6 0
139.7 0
139.8 0
139.9 0
140 0
140.1 0
140.2 0
140.3 0
140.4 0
140.5 0
140.6 0
140.7 0
140.8 0
140.9 0
141 0
141.1 0
141.2 0
141.3 0
141.4 0
141.5 0
141.6 0
141.7 0
141.8 0
141.9 0
142 0
142.1 0
142.2 0
142.3 0
142.4 0
142.5 0
142.6 0
142.7 0
142.8 0
142.9 0
143 0
143.1 0
143.2 0
143.3 0
143.4 0
143.5 0
143.6 0
143.7 0
143.8 0
143.9 0
144 0
144.1 0
144.2 0
144.3 0
144.4 0
144.5 0
144.6 0
144.7 0
144.8 0
144.9 0
145 0
145.1 0
145.2 0
145.3 0
145.4 0
145.5 0
145.6 0
145.7 0
145.8 0
145.9 0
146 0
146.1 0
146.2 0
146.3 0
146.4 0
146.5 0
146.6 0
146.7 0
146.8 0
146.9 0
147 0
147.1 0
147.2 0
147.3 0
147.4 0
147.5 0
147.6 0
147.7 0
147.8 0
147.9 0
148 0
148.1 0
148.2 0
148.3 0
148.4 0
148.5 0
148.6 0
148.7 0
148.8 0
148.9 0
149 0
149.1 0
149.2 0
149.3 0
149.4 0
149.5 0
149.6 0
149.7 0
149.8 0
149.9 0
150 0
150.1 0
150.2 0
150.3 0
150.4 0
150.5 0
150.6 0
150.7 0
150.8 0
150.9 0
151 0
151.1 0
151.2 0
151.3 0
151.4 0
151.5 0
151.6 0
151.7 0
151.8 0
151.9 0
152 0
152.1 0
152.2 0
152.3 0
152.4 0
152.5 0
152.6 0
152.7 0
152.8 0
152.9 0
153 0
153.1 0
153.2 0
153.3 0
153.4 0
153.5 0
153.6 0
153.7 0
153.8 0
153.9 0
154 0
154.1 0
154.2 0
154.3 0
154.4 0
154.5 0
154.6 0
154.7 0
154.8 0
154.9 0
155 0
155.1 0
155.2 0
155.3 0
155.4 0
155.5 0
155.6 0
155.7 0
155.8 0
155.9 0
156 0
156.1 0
156.2 0
156.3 0
156.4 0
156.5 0
156.6 0
156.7 0
156.8 0
156.9 0
157 0
157.1 0
157.2 0
157.3 0
157.4 0
157.5 0
157.6 0
157.7 0
157.8 0
157.9 0
158 0
158.1 0
158.2 0
158.3 0
158.4 0
158.5 0
158.6 0
158.7 0
158.8 0
158.9 0
159 0
159.1 0
159.2 0
159.3 0
159.4 0
159.5 0
159.6 0
159.7 0
159.8 0
159.9 0
160 0
160.1 0
160.2 0
160.3 0
160.4 0
160.5 0
160.6 0
160.7 0
160.8 0
160.9 0
161 0
161.1 0
161.2 0
161.3 0
161.4 0
161.5 0
161.6 0
161.7 0
161.8 0
161.9 0
162 0
162.1 0
162.2 0
162.3 0
162.4 0
162.5 0
162.6 0
162.7 0
162.8 0
162.9 0
163 0
163.1 0
163.2 0
163.3 0
163.4 0
163.5 0
163.6 0
163.7 0
163.8 0
163.9 0
164 0
164.1 0
164.2 0
164.3 0
164.4 0
164.5 0
164.6 0
164.7 0
164.8 0
164.9 0
165 0
165.1 0
165.2 0
165.3 0
165.4 0
165.5 0
165.6 0
165.7 0
165.8 0
165.9 0
166 0
166.1 0
166.2 0
166.3 0
166.4 0
166.5 0
166.6 0
166.7 0
166.8 0
166.9 0
167 0
167.1 0
167.2 0
167.3 0
167.4 0
167.5 0
167.6 0
167.7 0
167.8 0
167.9 0
168 0
168.1 0
168.2 0
168.3 0
168.4 0
168.5 0
168.6 0
168.7 0
168.8 0
168.9 0
169 0
169.1 0
169.2 0
169.3 0
169.4 0
169.5 0
169.6 0
169.7 0
169.8 0
169.9 0
170 0
170.1 0
170.2 0
170.3 0
170.4 0
170.5 0
170.6 0
170.7 0
170.8 0
170.9 0
171 0
171.1 0
171.2 0
171.3 0
171.4 0
171.5 0
171.6 0
171.7 0
171.8 0
171.9 0
172 0
172.1 0
172.2 0
172.3 0
172.4 0
172.5 0
172.6 0
172.7 0
172.8 0
172.9 0
173 0
173.1 0
173.2 0
173.3 0
173.4 0
173.5 0
173.6 0
173.7 0
173.8 0
173.9 0
174 0
174.1 0
174.2 0
174.3 0
174.4 0
174.5 0
174.6 0
174.7 0
174.8 0
174.9 0
175 0
175.1 0
175.2 0
175.3 0
175.4 0
175.5 0
175.6 0
175.7 0
175.8 0
175.9 0
176 0
176.1 0
176.2 0
176.3 0
176.4 0
176.5 0
176.6 0
176.7 0
176.8 0
176.9 0
177 0
177.1 0
177.2 0
177.3 0
177.4 0
177.5 0
177.6 0
177.7 0
177.8 0
177.9 0
178 0
178.1 0
178.2 0
178.3 0
178.4 0
178.5 0
178.6 0
178.7 0
178.8 0
178.9 0
179 0
179.1 0
179.2 0
179.3 0
179.4 0
179.5 0
179.6 0
179.7 0
179.8 0
179.9 0
180 0
180.1 0
180.2 0
180.3 0
180.4 0
180.5 0
180.6 0
180.7 0
180.8 0
180.9 0
181 0
181.1 0
181.2 0
181.3 0
181.4 0
181.5 0
181.6 0
181.7 0
181.8 0
181.9 0
182 0
182.1 0
182.2 0
182.3 0
182.4 0
182.5 0
182.6 0
182.7 0
182.8 0
182.9 0
183 0
183.1 0
183.2 0
183.3 0
183.4 0
183.5 0
183.6 0
183.7 0
183.8 0
183.9 0
184 0
184.1 0
184.2 0
184.3 0
184.4 0
184.5 0
184.6 0
184.7 0
184.8 0
184.9 0
185 0
185.1 0
185.2 0
185.3 0
185.4 0
185.5 0
185.6 0
185.7 0
185.8 0
185.9 0
186 0
186.1 0
186.2 0
186.3 0
186.4 0
186.5 0
186.6 0
186.7 0
186.8 0
186.9 0
187 0
187.1 0
187.2 0
187.3 0
187.4 0
187.5 0
187.6 0
187.7 0
187.8 0
187.9 0
188 0
188.1 0
188.2 0
188.3 0
188.4 0
188.5 0
188.6 0
188.7 0
188.8 0
188.9 0
189 0
189.1 0
189.2 0
189.3 0
189.4 0
189.5 0
189.6 0
189.7 0
189.8 0
189.9 0
190 0
190.1 0
190.2 0
190.3 0
190.4 0
190.5 0
190.6 0
190.7 0
190.8 0
190.9 0
191 0
191.1 0
191.2 0
191.3 0
191.4 0
191.5 0
191.6 0
191.7 0
191.8 0
191.9 0
192 0
192.1 0
192.2 0
192.3 0
192.4 0
192.5 0
192.6 0
192.7 0
192.8 0
192.9 0
193 0
193.1 0
193.2 0
193.3 0
193.4 0
193.5 0
193.6 0
193.7 0
193.8 0
193.9 0
194 0
194.1 0
194.2 0
194.3 0
194.4 0
194.5 0
194.6 0
194.7 0
194.8 0
194.9 0
195 0
195.1 0
195.2 0
195.3 0
195.4 0
195.5 0
195.6 0
195.7 0
195.8 0
195.9 0
196 0
196.1 0
196.2 0
196.3 0
196.4 0
196.5 0
196.6 0
196.7 0
196.8 0
196.9 0
