0 0.5
0.1 0.5
0.2 0.4975
0.3 0.495178571428571
0.4 0.492857142857143
0.5 0.490897959183673
0.6 0.488938775510204
0.7 0.486
0.8 0.486
0.9 0.483333333333333
1 0.480666666666667
1.1 0.478
1.2 0.474
1.3 0.474
1.4 0.471666666666667
1.5 0.469333333333333
1.6 0.467
1.7 0.464666666666667
1.8 0.462333333333333
1.9 0.46
2 0.457721518987342
2.1 0.455443037974684
2.2 0.453164556962025
2.3 0.450886075949367
2.4 0.448607594936709
2.5 0.446329113924051
2.6 0.444050632911392
2.7 0.442
2.8 0.439714285714286
2.9 0.437428571428571
3 0.435142857142857
3.1 0.432857142857143
3.2 0.430571428571429
3.3 0.428285714285714
3.4 0.426
3.5 0.423714285714286
3.6 0.421428571428571
3.7 0.419142857142857
3.8 0.416857142857143
3.9 0.414571428571429
4 0.412285714285714
4.1 0.41
4.2 0.407714285714286
4.3 0.405428571428571
4.4 0.403142857142857
4.5 0.400857142857143
4.6 0.398571428571429
4.7 0.396285714285714
4.8 0.394
4.9 0.391714285714286
5 0.389428571428571
5.1 0.387120634920635
5.2 0.386
5.3 0.383634146341463
5.4 0.381268292682927
5.5 0.37890243902439
5.6 0.376536585365854
5.7 0.374170731707317
5.8 0.37180487804878
5.9 0.369439024390244
6 0.367073170731707
6.1 0.364707317073171
6.2 0.362341463414634
6.3 0.359975609756098
6.4 0.357609756097561
6.5 0.355243902439024
6.6 0.352878048780488
6.7 0.350512195121951
6.8 0.348146341463415
6.9 0.345780487804878
7 0.343414634146341
7.1 0.341048780487805
7.2 0.338841856805665
7.3 0.336634933123525
7.4 0.334428009441385
7.5 0.332221085759245
7.6 0.330014162077105
7.7 0.327807238394965
7.8 0.325600314712825
7.9 0.323393391030685
8 0.321186467348545
8.1 0.318979543666405
8.2 0.316772619984264
8.3 0.314565696302124
8.4 0.312358772619984
8.5 0.310151848937844
8.6 0.307944925255704
8.7 0.305738001573564
8.8 0.303531077891424
8.9 0.301324154209284
9 0.3
9.1 0.298969451601031
9.2 0.297938903202061
9.3 0.296908354803092
9.4 0.295877806404122
9.5 0.294847258005153
9.6 0.293816709606183
9.7 0.292786161207214
9.8 0.291755612808244
9.9 0.29020979020979
10 0.29020979020979
10.1 0.2912513018896
10.2 0.292292813569409
10.3 0.293334325249219
10.4 0.294375836929028
10.5 0.295417348608838
10.6 0.296458860288647
10.7 0.297500371968457
10.8 0.298541883648267
10.9 0.3
11 0.299020219114634
11.1 0.298040438229269
11.2 0.297060657343903
11.3 0.296080876458537
11.4 0.295101095573172
11.5 0.294121314687806
11.6 0.293141533802441
11.7 0.292161752917075
11.8 0.291181972031709
11.9 0.289908256880734
12 0.288921659268928
12.1 0.287935061657121
12.2 0.286948464045315
12.3 0.285961866433509
12.4 0.284975268821703
12.5 0.283988671209896
12.6 0.28300207359809
12.7 0.282015475986284
12.8 0.281028878374478
12.9 0.27984496124031
13 0.279860161118711
13.1 0.279875360997112
13.2 0.279890560875513
13.3 0.279905760753914
13.4 0.279920960632315
13.5 0.279936160510716
13.6 0.279951360389117
13.7 0.279966560267518
13.8 0.279981760145919
13.9 0.28
14 0.279033816425121
14.1 0.278067632850242
14.2 0.277101449275362
14.3 0.276135265700483
14.4 0.275169082125604
14.5 0.274202898550725
14.6 0.273236714975845
14.7 0.272270531400966
14.8 0.271304347826087
14.9 0.270144927536232
15 0.270192290452712
15.1 0.270239653369192
15.2 0.270287016285672
15.3 0.270334379202151
15.4 0.270381742118631
15.5 0.270429105035111
15.6 0.270476467951591
15.7 0.270523830868071
15.8 0.270571193784551
15.9 0.270618556701031
16 0.269564257587302
16.1 0.268509958473573
16.2 0.267455659359844
16.3 0.266401360246115
16.4 0.265347061132386
16.5 0.264292762018657
16.6 0.263238462904927
16.7 0.262184163791198
16.8 0.261129864677469
16.9 0.260180995475113
17 0.259142118385816
17.1 0.258103241296519
17.2 0.257064364207221
17.3 0.256025487117924
17.4 0.254986610028627
17.5 0.25394773293933
17.6 0.252908855850032
17.7 0.251869978760735
17.8 0.250831101671438
17.9 0.25
18 0.248969072164948
18.1 0.247938144329897
18.2 0.246907216494845
18.3 0.245876288659794
18.4 0.244845360824742
18.5 0.243814432989691
18.6 0.242783505154639
18.7 0.241752577319588
18.8 0.240721649484536
18.9 0.24
19 0.240033602150538
19.1 0.240067204301075
19.2 0.240100806451613
19.3 0.240134408602151
19.4 0.240168010752688
19.5 0.240201612903226
19.6 0.240235215053763
19.7 0.240268817204301
19.8 0.240302419354839
19.9 0.240322580645161
20 0.240338015125791
20.1 0.240353449606421
20.2 0.24036888408705
20.3 0.24038431856768
20.4 0.24039975304831
20.5 0.24041518752894
20.6 0.240430622009569
20.7 0.240446056490199
20.8 0.238626846031146
20.9 0.240469208211144
21 0.238260468747936
21.1 0.236051729284728
21.2 0.23384298982152
21.3 0.231634250358313
21.4 0.229425510895105
21.5 0.227216771431897
21.6 0.225008031968689
21.7 0.222799292505482
21.8 0.219707057256991
21.9 0.219688320513237
22 0.219669583769483
22.1 0.219650847025729
22.2 0.219632110281976
22.3 0.219613373538222
22.4 0.219594636794468
22.5 0.219575900050714
22.6 0.21955716330696
22.7 0.219538426563207
22.8 0.219512195121951
22.9 0.218599589726671
23 0.21768698433139
23.1 0.21677437893611
23.2 0.215861773540829
23.3 0.214949168145549
23.4 0.214036562750268
23.5 0.213123957354988
23.6 0.212211351959707
23.7 0.211298746564426
23.8 0.210112359550562
23.9 0.209120951751487
24 0.208129543952412
24.1 0.207138136153338
24.2 0.206146728354263
24.3 0.205155320555188
24.4 0.204163912756114
24.5 0.203172504957039
24.6 0.202181097157964
24.7 0.20118968935889
24.8 0.2
24.9 0.198
25 0.196
25.1 0.194
25.2 0.192
25.3 0.19
25.4 0.188
25.5 0.186
25.6 0.184
25.7 0.182
25.8 0.18
25.9 0.179047619047619
26 0.178095238095238
26.1 0.177142857142857
26.2 0.176190476190476
26.3 0.175238095238095
26.4 0.174285714285714
26.5 0.173333333333333
26.6 0.172380952380952
26.7 0.171428571428571
26.8 0.170476190476191
26.9 0.168407888407888
27 0.166339586339586
27.1 0.164271284271284
27.2 0.162202982202982
27.3 0.16013468013468
27.4 0.158066378066378
27.5 0.155998075998076
27.6 0.153929773929774
27.7 0.151861471861472
27.8 0.15
27.9 0.148997813411079
28 0.147995626822157
28.1 0.146993440233236
28.2 0.145991253644315
28.3 0.144989067055394
28.4 0.143986880466472
28.5 0.142984693877551
28.6 0.14198250728863
28.7 0.140980320699708
28.8 0.140178571428571
28.9 0.13914700878574
29 0.138115446142908
29.1 0.137083883500076
29.2 0.136052320857244
29.3 0.135020758214413
29.4 0.133989195571581
29.5 0.132957632928749
29.6 0.131926070285917
29.7 0.130894507643086
29.8 0.130172413793103
29.9 0.129095569725468
30 0.128018725657832
30.1 0.126941881590197
30.2 0.125865037522561
30.3 0.124788193454925
30.4 0.12371134938729
30.5 0.122634505319654
30.6 0.121557661252019
30.7 0.120480817184383
30.8 0.119834710743802
30.9 0.118041178929128
31 0.116247647114455
31.1 0.114454115299781
31.2 0.112660583485108
31.3 0.110867051670434
31.4 0.109073519855761
31.5 0.107279988041087
31.6 0.105486456226414
31.7 0.10369292441174
31.8 0.101899392597067
31.9 0.100105860782393
32 0.09831232896772
32.1 0.0965187971530466
32.2 0.0947252653383731
32.3 0.0929317335236996
32.4 0.0911382017090262
32.5 0.0893446698943527
32.6 0.0875511380796793
32.7 0.0857576062650058
32.8 0.0839640744503323
32.9 0.0821705426356589
33 0.0802204590030312
33.1 0.0782703753704034
33.2 0.0763202917377756
33.3 0.0743702081051479
33.4 0.0724201244725202
33.5 0.0704700408398924
33.6 0.0685199572072646
33.7 0.0659848484848485
33.8 0.065569234006734
33.9 0.0651536195286195
34 0.0647380050505051
34.1 0.0643223905723906
34.2 0.0639067760942761
34.3 0.0634911616161616
34.4 0.0630755471380472
34.5 0.0626599326599327
34.6 0.0622443181818182
34.7 0.0618287037037037
34.8 0.0614130892255892
34.9 0.0609974747474748
35 0.0605818602693603
35.1 0.06
35.2 0.0594166666666667
35.3 0.0588333333333333
35.4 0.05825
35.5 0.0576666666666667
35.6 0.0570833333333333
35.7 0.0565
35.8 0.0559166666666666
35.9 0.0553333333333333
36 0.05475
36.1 0.0541666666666667
36.2 0.0535833333333333
36.3 0.053
36.4 0.0524860086640909
36.5 0.0519720173281817
36.6 0.0514580259922726
36.7 0.0509440346563634
36.8 0.0504300433204543
36.9 0.0499160519845451
37 0.049402060648636
37.1 0.0488880693127268
37.2 0.0483740779768177
37.3 0.0478600866409086
37.4 0.0473460953049994
37.5 0.046986301369863
37.6 0.0471425944653857
37.7 0.0472988875609083
37.8 0.047455180656431
37.9 0.0476114737519537
38 0.0477677668474763
38.1 0.0479865771812081
38.2 0.0479880686055183
38.3 0.0479895600298285
38.4 0.0479910514541387
38.5 0.0479925428784489
38.6 0.0479940343027591
38.7 0.0479955257270694
38.8 0.0479970171513796
38.9 0.0479985085756898
39 0.048
39.1 0.0483896103896104
39.2 0.0487792207792208
39.3 0.0491688311688312
39.4 0.0495584415584416
39.5 0.049948051948052
39.6 0.0503376623376623
39.7 0.0507272727272727
39.8 0.0511168831168831
39.9 0.0515064935064935
40 0.0518961038961039
40.1 0.0522857142857143
40.2 0.0526753246753247
40.3 0.0530649350649351
40.4 0.0534545454545455
40.5 0.054
40.6 0.0527952380952381
40.7 0.0515904761904762
40.8 0.0503857142857143
40.9 0.0491809523809523
41 0.0479761904761905
41.1 0.0484857614055713
41.2 0.0489953323349522
41.3 0.0495049032643331
41.4 0.050014474193714
41.5 0.0505240451230948
41.6 0.0509826589595376
41.7 0.0511664548572678
41.8 0.051350250754998
41.9 0.0515340466527282
42 0.0517178425504585
42.1 0.0519016384481887
42.2 0.0520854343459189
42.3 0.0522692302436491
42.4 0.0524530261413794
42.5 0.0526368220391096
42.6 0.0528206179368398
42.7 0.05300441383457
42.8 0.0531882097323003
42.9 0.0533720056300305
43 0.0535558015277607
43.1 0.0537395974254909
43.2 0.0539233933232212
43.3 0.0541071892209514
43.4 0.0542909851186816
43.5 0.0544747810164118
43.6 0.054658576914142
43.7 0.0547872340425532
43.8 0.0542472210856519
43.9 0.0537072081287507
44 0.0531671951718494
44.1 0.0526271822149482
44.2 0.0519791666666667
44.3 0.0522018900343643
44.4 0.0524246134020619
44.5 0.0526473367697594
44.6 0.052870060137457
44.7 0.0530927835051546
44.8 0.0530810949809477
44.9 0.0530694064567408
45 0.0530612244897959
45.1 0.0533197278911565
45.2 0.053578231292517
45.3 0.0538367346938775
45.4 0.0540952380952381
45.5 0.0543537414965986
45.6 0.0546122448979592
45.7 0.0541945436700234
45.8 0.0537768424420876
45.9 0.0532338308457712
46 0.0538060522470157
46.1 0.0543782736482603
46.2 0.054950495049505
46.3 0.0537828177281396
46.4 0.0526151404067742
46.5 0.0509803921568628
46.6 0.050217165282842
46.7 0.0494539384088213
46.8 0.0486907115348006
46.9 0.0479274846607799
47 0.0471642577867592
47.1 0.0474714300027294
47.2 0.0477786022186995
47.3 0.0480857744346696
47.4 0.0483929466506398
47.5 0.048792270531401
47.6 0.048607838417621
47.7 0.0484234063038411
47.8 0.0482389741900611
47.9 0.0479807692307692
48 0.047327293551324
48.1 0.0466738178718788
48.2 0.0460203421924336
48.3 0.0453668665129884
48.4 0.0447133908335432
48.5 0.044059915154098
48.6 0.0434064394746528
48.7 0.0430143540669856
48.8 0.0428005700906037
48.9 0.0425867861142217
49 0.0423730021378398
49.1 0.0421592181614578
49.2 0.0420095693779904
49.3 0.0418728055570161
49.4 0.0417360417360417
49.5 0.0415992779150674
49.6 0.0414761904761905
49.7 0.041578231292517
49.8 0.0416802721088435
49.9 0.0417823129251701
50 0.0419047619047619
50.1 0.0412100840336134
50.2 0.040515406162465
50.3 0.0398207282913165
50.4 0.0391260504201681
50.5 0.0384313725490196
50.6 0.0377366946778711
50.7 0.0370420168067227
50.8 0.0363203745953358
50.9 0.0355987323839488
51 0.0348770901725619
51.1 0.034155447961175
51.2 0.033433805749788
51.3 0.0327121635384011
51.4 0.0319905213270142
51.5 0.0318053444215923
51.6 0.0316201675161704
51.7 0.0314349906107485
51.8 0.0312498137053265
51.9 0.0309905660377358
52 0.0303264091888859
52.1 0.029662252340036
52.2 0.0289980954911861
52.3 0.0283339386423362
52.4 0.0276697817934863
52.5 0.0270056249446364
52.6 0.0264866897635522
52.7 0.025967754582468
52.8 0.0254488194013838
52.9 0.0249298842202997
53 0.0244109490392155
53.1 0.0238920138581313
53.2 0.0233730786770471
53.3 0.022854143495963
53.4 0.0223352083148788
53.5 0.0218162731337946
53.6 0.0212973379527104
53.7 0.0207784027716263
53.8 0.0200249684539275
53.9 0.0192715341362287
54 0.0185180998185299
54.1 0.0177646655008311
54.2 0.0170112311831324
54.3 0.0162577968654336
54.4 0.0155043625477348
54.5 0.0149769585253456
54.6 0.0142159774727163
54.7 0.013454996420087
54.8 0.0126940153674577
54.9 0.0120091324200913
55 0.0111719939117199
55.1 0.01
55.2 0.00777777777777776
55.3 0.0055555555555555
55.4 0.00333333333333324
55.5 0.00259259259259252
55.6 0.00185185185185181
55.7 0.00111111111111108
55.8 0.000962962962962939
55.9 0.000814814814814794
56 0.000666666666666651
56.1 0.000518518518518507
56.2 0.000370370370370363
56.3 0.000222222222222218
56.4 0.000211789254042771
56.5 0
56.6 0
56.7 0
56.8 0
56.9 0
57 0
57.1 0
57.2 0
57.3 0
57.4 0
57.5 0
57.6 0
57.7 0
57.8 0
57.9 0
58 0
58.1 0
58.2 0
58.3 0
58.4 0
58.5 0
58.6 0
58.7 0
58.8 0
58.9 0
59 0
59.1 0
59.2 0
59.3 0
59.4 0
59.5 0
59.6 0
59.7 0
59.8 0
59.9 0
60 0
60.1 0
60.2 0
60.3 0
60.4 0
60.5 0
60.6 0
60.7 0
60.8 0
60.9 0
61 0
61.1 0
61.2 0
61.3 0
61.4 0
61.5 0
61.6 0
61.7 0
61.8 0
61.9 0
62 0
62.1 0
62.2 0
62.3 0
62.4 0
62.5 0
62.6 0
62.7 0
62.8 0
62.9 0
63 0
63.1 0
63.2 0
63.3 0
63.4 0
63.5 0
63.6 0
63.7 0
63.8 0
63.9 0
64 0
64.1 0
64.2 0
64.3 0
64.4 0
64.5 0
64.6 0
64.7 0
64.8 0
64.9 0
65 0
65.1 0
65.2 0
65.3 0
65.4 0
65.5 0
65.6 0
65.7 0
65.8 0
65.9 0
66 0
66.1 0
66.2 0
66.3 0
66.4 0
66.5 0
66.6 0
66.7 0
66.8 0
66.9 0
67 0
67.1 0
67.2 0
67.3 0
67.4 0
67.5 0
67.6 0
67.7 0
67.8 0
67.9 0
68 0
68.1 0
68.2 0
68.3 0
68.4 0
68.5 0
68.6 0
68.7 0
68.8 0
68.9 0
69 0
69.1 0
69.2 0
69.3 0
69.4 0
69.5 0
69.6 0
69.7 0
69.8 0
69.9 0
70 0
70.1 0
70.2 0
70.3 0
70.4 0
70.5 0
70.6 0
70.7 0
70.8 0
70.9 0
71 0
71.1 0
71.2 0
71.3 0
71.4 0
71.5 0
71.6 0
71.7 0
71.8 0
71.9 0
72 0
72.1 0
72.2 0
72.3 0
72.4 0
72.5 0
72.6 0
72.7 0
72.8 0
72.9 0
73 0
73.1 0
73.2 0
73.3 0
73.4 0
73.5 0
73.6 0
73.7 0
73.8 0
73.9 0
74 0
74.1 0
74.2 0
74.3 0
74.4 0
74.5 0
74.6 0
74.7 0
74.8 0
74.9 0
75 0
75.1 0
75.2 0
75.3 0
75.4 0
75.5 0
75.6 0
75.7 0
75.8 0
75.9 0
76 0
76.1 0
76.2 0
76.3 0
76.4 0
76.5 0
76.6 0
76.7 0
76.8 0
76.9 0
77 0
77.1 0
77.2 0
77.3 0
77.4 0
77.5 0
77.6 0
77.7 0
77.8 0
77.9 0
78 0
78.1 0
78.2 0
78.3 0
78.4 0
78.5 0
78.6 0
78.7 0
78.8 0
78.9 0
79 0
79.1 0
79.2 0
79.3 0
79.4 0
79.5 0
79.6 0
79.7 0
79.8 0
79.9 0
80 0
80.1 0
80.2 0
80.3 0
80.4 0
80.5 0
80.6 0
80.7 0
80.8 0
80.9 0
81 0
81.1 0
81.2 0
81.3 0
81.4 0
81.5 0
81.6 0
81.7 0
81.8 0
81.9 0
82 0
82.1 0
82.2 0
82.3 0
82.4 0
82.5 0
82.6 0
82.7 0
82.8 0
82.9 0
83 0
83.1 0
83.2 0
83.3 0
83.4 0
83.5 0
83.6 0
83.7 0
83.8 0
83.9 0
84 0
84.1 0
84.2 0
84.3 0
84.4 0
84.5 0
84.6 0
84.7 0
84.8 0
84.9 0
85 0
85.1 0
85.2 0
85.3 0
85.4 0
85.5 0
85.6 0
85.7 0
85.8 0
85.9 0
86 0
86.1 0
86.2 0
86.3 0
86.4 0
86.5 0
86.6 0
86.7 0
86.8 0
86.9 0
87 0
87.1 0
87.2 0
87.3 0
87.4 0
87.5 0
87.6 0
87.7 0
87.8 0
87.9 0
88 0
88.1 0
88.2 0
88.3 0
88.4 0
88.5 0
88.6 0
88.7 0
88.8 0
88.9 0
89 0
89.1 0
89.2 0
89.3 0
89.4 0
89.5 0
89.6 0
89.7 0
89.8 0
89.9 0
90 0
90.1 0
90.2 0
90.3 0
90.4 0
90.5 0
90.6 0
90.7 0
90.8 0
90.9 0
91 0
91.1 0
91.2 0
91.3 0
91.4 0
91.5 0
91.6 0
91.7 0
91.8 0
91.9 0
92 0
92.1 0
92.2 0
92.3 0
92.4 0
92.5 0
92.6 0
92.7 0
92.8 0
92.9 0
93 0
93.1 0
93.2 0
93.3 0
93.4 0
93.5 0
93.6 0
93.7 0
93.8 0
93.9 0
94 0
94.1 0
94.2 0
94.3 0
94.4 0
94.5 0
94.6 0
94.7 0
94.8 0
94.9 0
95 0
95.1 0
95.2 0
95.3 0
95.4 0
95.5 0
95.6 0
95.7 0
95.8 0
95.9 0
96 0
96.1 0
96.2 0
96.3 0
96.4 0
96.5 0
96.6 0
96.7 0
96.8 0
96.9 0
97 0
97.1 0
97.2 0
97.3 0
97.4 0
97.5 0
97.6 0
97.7 0
97.8 0
97.9 0
98 0
98.1 0
98.2 0
98.3 0
98.4 0
98.5 0
98.6 0
98.7 0
98.8 0
98.9 0
99 0
99.1 0
99.2 0
99.3 0
99.4 0
99.5 0
99.6 0
99.7 0
99.8 0
99.9 0
100 0
100.1 0
100.2 0
100.3 0
100.4 0
100.5 0
100.6 0
100.7 0
100.8 0
100.9 0
101 0
101.1 0
101.2 0
101.3 0
101.4 0
101.5 0
101.6 0
101.7 0
101.8 0
101.9 0
102 0
102.1 0
102.2 0
102.3 0
102.4 0
102.5 0
102.6 0
102.7 0
102.8 0
102.9 0
103 0
103.1 0
103.2 0
103.3 0
103.4 0
103.5 0
103.6 0
103.7 0
103.8 0
