0 0.249
0.1 0.249
0.2 0.2485
0.3 0.248
0.4 0.2475
0.5 0.246880952380952
0.6 0.246261904761905
0.7 0.245333333333333
0.8 0.245333333333333
0.9 0.24480658436214
1 0.244279835390947
1.1 0.243753086419753
1.2 0.242962962962963
1.3 0.242962962962963
1.4 0.242231040564374
1.5 0.241499118165785
1.6 0.240767195767196
1.7 0.240035273368607
1.8 0.239303350970018
1.9 0.238571428571429
2 0.23804902551738
2.1 0.237526622463331
2.2 0.237004219409283
2.3 0.236481816355234
2.4 0.235959413301185
2.5 0.235437010247137
2.6 0.234914607193088
2.7 0.234444444444444
2.8 0.233895061728395
2.9 0.233345679012346
3 0.232796296296296
3.1 0.232246913580247
3.2 0.231697530864198
3.3 0.231148148148148
3.4 0.230598765432099
3.5 0.230049382716049
3.6 0.2295
3.7 0.228945747800587
3.8 0.228391495601173
3.9 0.22783724340176
4 0.227282991202346
4.1 0.226728739002933
4.2 0.226174486803519
4.3 0.225620234604106
4.4 0.225065982404692
4.5 0.224511730205279
4.6 0.223957478005865
4.7 0.223403225806452
4.8 0.222848973607038
4.9 0.222294721407625
5 0.221740469208211
5.1 0.22116311502118
5.2 0.220909090909091
5.3 0.220315964523282
5.4 0.219722838137472
5.5 0.219129711751663
5.6 0.218536585365854
5.7 0.217943458980044
5.8 0.217350332594235
5.9 0.216757206208426
6 0.216164079822616
6.1 0.215570953436807
6.2 0.214977827050998
6.3 0.214384700665188
6.4 0.213791574279379
6.5 0.21319844789357
6.6 0.212605321507761
6.7 0.212012195121951
6.8 0.211419068736142
6.9 0.210825942350333
7 0.210232815964523
7.1 0.209639689578714
7.2 0.20907165174072
7.3 0.208503613902727
7.4 0.207935576064733
7.5 0.20736753822674
7.6 0.206799500388746
7.7 0.206231462550753
7.8 0.205663424712759
7.9 0.205095386874766
8 0.204527349036772
8.1 0.203959311198779
8.2 0.203391273360785
8.3 0.202823235522792
8.4 0.202255197684799
8.5 0.201687159846805
8.6 0.201119122008812
8.7 0.200551084170818
8.8 0.199983046332825
8.9 0.199415008494831
9 0.198846970656838
9.1 0.198278932818844
9.2 0.197710894980851
9.3 0.197142857142857
9.4 0.19658559622196
9.5 0.196028335301063
9.6 0.195471074380165
9.7 0.194913813459268
9.8 0.194356552538371
9.9 0.193799291617473
10 0.193242030696576
10.1 0.192684769775679
10.2 0.192127508854782
10.3 0.191570247933884
10.4 0.191012987012987
10.5 0.19045572609209
10.6 0.189898465171193
10.7 0.189341204250295
10.8 0.188783943329398
10.9 0.188226682408501
11 0.187669421487603
11.1 0.187112160566706
11.2 0.186554899645809
11.3 0.185997638724912
11.4 0.185440377804014
11.5 0.184883116883117
11.6 0.18432585596222
11.7 0.183768595041322
11.8 0.183211334120425
11.9 0.182654073199528
12 0.182088892925257
12.1 0.181818181818182
12.2 0.181243346817117
12.3 0.180668511816053
12.4 0.180093676814988
12.5 0.179518841813924
12.6 0.178944006812859
12.7 0.178369171811795
12.8 0.17779433681073
12.9 0.177219501809666
13 0.176644666808601
13.1 0.176069831807537
13.2 0.175494996806472
13.3 0.174920161805408
13.4 0.174345326804343
13.5 0.173770491803279
13.6 0.173195656802214
13.7 0.17262082180115
13.8 0.172045986800085
13.9 0.171471151799021
14 0.170896316797956
14.1 0.170321481796892
14.2 0.169746646795827
14.3 0.169171811794763
14.4 0.168596976793698
14.5 0.168022141792634
14.6 0.167447306791569
14.7 0.166872471790505
14.8 0.16629763678944
14.9 0.165722801788376
15 0.165147966787311
15.1 0.164285714285714
15.2 0.164285714285714
15.3 0.163721887868229
15.4 0.163158061450744
15.5 0.162594235033259
15.6 0.162030408615774
15.7 0.16146658219829
15.8 0.160902755780805
15.9 0.16033892936332
16 0.159775102945835
16.1 0.15921127652835
16.2 0.158647450110865
16.3 0.15808362369338
16.4 0.157519797275895
16.5 0.15695597085841
16.6 0.156392144440925
16.7 0.15582831802344
16.8 0.155264491605955
16.9 0.15470066518847
17 0.154136838770985
17.1 0.1535730123535
17.2 0.152979451320731
17.3 0.152727272727273
17.4 0.152105263157895
17.5 0.151483253588517
17.6 0.150861244019139
17.7 0.150239234449761
17.8 0.149617224880383
17.9 0.148995215311005
18 0.148373205741627
18.1 0.147751196172249
18.2 0.147129186602871
18.3 0.146507177033493
18.4 0.145885167464115
18.5 0.145263157894737
18.6 0.144715789473684
18.7 0.144168421052632
18.8 0.143621052631579
18.9 0.143073684210526
19 0.142526315789474
19.1 0.141978947368421
19.2 0.141431578947368
19.3 0.140884210526316
19.4 0.140336842105263
19.5 0.139789473684211
19.6 0.139242105263158
19.7 0.138421052631579
19.8 0.138421052631579
19.9 0.137803992740472
20 0.137186932849365
20.1 0.136569872958258
20.2 0.135952813067151
20.3 0.135335753176044
20.4 0.134718693284936
20.5 0.134101633393829
20.6 0.133484573502722
20.7 0.132867513611615
20.8 0.132250453720508
20.9 0.131633393829401
21 0.131016333938294
21.1 0.130399274047187
21.2 0.129473684210526
21.3 0.129473684210526
21.4 0.128892879256966
21.5 0.128312074303406
21.6 0.127731269349845
21.7 0.127150464396285
21.8 0.126569659442724
21.9 0.125988854489164
22 0.125408049535604
22.1 0.124827244582043
22.2 0.124246439628483
22.3 0.123665634674923
22.4 0.123084829721362
22.5 0.122504024767802
22.6 0.121923219814242
22.7 0.121342414860681
22.8 0.120761609907121
22.9 0.12018080495356
23 0.1196
23.1 0.119043076923077
23.2 0.118486153846154
23.3 0.117929230769231
23.4 0.117372307692308
23.5 0.116815384615385
23.6 0.116258461538462
23.7 0.115701538461538
23.8 0.115144615384615
23.9 0.114587692307692
24 0.114030769230769
24.1 0.113473846153846
24.2 0.112916923076923
24.3 0.11236
24.4 0.111803076923077
24.5 0.111246153846154
24.6 0.110689230769231
24.7 0.110132307692308
24.8 0.109575384615385
24.9 0.109018461538462
25 0.108461538461538
25.1 0.107912087912088
25.2 0.107362637362637
25.3 0.106813186813187
25.4 0.106263736263736
25.5 0.105714285714286
25.6 0.105164835164835
25.7 0.104615384615385
25.8 0.10405325443787
25.9 0.103491124260355
26 0.10292899408284
26.1 0.102366863905325
26.2 0.101804733727811
26.3 0.101242603550296
26.4 0.100680473372781
26.5 0.100118343195266
26.6 0.0995562130177515
26.7 0.0989940828402367
26.8 0.0984319526627219
26.9 0.0978698224852071
27 0.0973076923076923
27.1 0.0967425276892732
27.2 0.0961773630708542
27.3 0.0956121984524351
27.4 0.0950470338340161
27.5 0.094481869215597
27.6 0.0939167045971779
27.7 0.0933515399787589
27.8 0.0927863753603398
27.9 0.0922212107419208
28 0.0916560461235017
28.1 0.0910908815050827
28.2 0.0905257168866636
28.3 0.0899605522682445
28.4 0.0893953876498255
28.5 0.0888302230314064
28.6 0.0882650584129874
28.7 0.0876998937945683
28.8 0.0871347291761492
28.9 0.0865695645577302
29 0.0860043999393111
29.1 0.0854392353208921
29.2 0.084874070702473
29.3 0.084308906084054
29.4 0.0837437414656349
29.5 0.0831785768472159
29.6 0.0826134122287968
29.7 0.0820482476103778
29.8 0.0814830829919587
29.9 0.0809179183735397
30 0.0803527537551206
30.1 0.0797875891367016
30.2 0.0792224245182825
30.3 0.0786572598998635
30.4 0.0782051282051282
30.5 0.0782912932846554
30.6 0.0783774583641826
30.7 0.0784636234437097
30.8 0.0785497885232369
30.9 0.0786359536027641
31 0.0787221186822913
31.1 0.0788082837618184
31.2 0.0788944488413456
31.3 0.0789806139208728
31.4 0.0790667790004
31.5 0.0791529440799271
31.6 0.0792391091594543
31.7 0.0793252742389815
31.8 0.0794114393185087
31.9 0.0794976043980358
32 0.079583769477563
32.1 0.0796699345570902
32.2 0.0797560996366174
32.3 0.0798422647161445
32.4 0.0799284297956717
32.5 0.0800145948751989
32.6 0.0801007599547261
32.7 0.0801869250342532
32.8 0.0802730901137804
32.9 0.0803592551933076
33 0.0804454202728348
33.1 0.0805315853523619
33.2 0.0806177504318891
33.3 0.0807039155114163
33.4 0.0807900805909435
33.5 0.0808762456704707
33.6 0.0809624107499978
33.7 0.081048575829525
33.8 0.0811347409090522
33.9 0.0812209059885794
34 0.0813070710681065
34.1 0.0813932361476337
34.2 0.0814794012271609
34.3 0.0815655663066881
34.4 0.0816517313862152
34.5 0.0817378964657424
34.6 0.0818240615452696
34.7 0.0819102266247968
34.8 0.0819963917043239
34.9 0.0820825567838511
35 0.0821687218633783
35.1 0.0822548869429055
35.2 0.0823410520224326
35.3 0.0824272171019598
35.4 0.082513382181487
35.5 0.0825995472610142
35.6 0.0826857123405413
35.7 0.0827718774200685
35.8 0.0828580424995957
35.9 0.0829442075791229
36 0.08303037265865
36.1 0.0831165377381772
36.2 0.0832027028177044
36.3 0.0832888678972316
36.4 0.0833750329767587
36.5 0.0834611980562859
36.6 0.0835473631358131
36.7 0.0836335282153403
36.8 0.0837196932948674
36.9 0.0838058583743946
37 0.0838920234539218
37.1 0.083978188533449
37.2 0.0840643536129762
37.3 0.0841505186925033
37.4 0.0842366837720305
37.5 0.0843228488515577
37.6 0.0844090139310849
37.7 0.084495179010612
37.8 0.0845813440901392
37.9 0.0846675091696664
38 0.0847536742491936
38.1 0.0848398393287207
38.2 0.0849260044082479
38.3 0.0850121694877751
38.4 0.0850983345673023
38.5 0.0851844996468294
38.6 0.0852706647263566
38.7 0.0853568298058838
38.8 0.085442994885411
38.9 0.0855291599649381
39 0.0856153250444653
39.1 0.0857014901239925
39.2 0.0857876552035197
39.3 0.0858738202830468
39.4 0.085959985362574
39.5 0.0860461504421012
39.6 0.0861323155216284
39.7 0.0862184806011555
39.8 0.0863046456806827
39.9 0.0863908107602099
40 0.0864769758397371
40.1 0.0865631409192642
40.2 0.0866493059987914
40.3 0.0867354710783186
40.4 0.0868216361578458
40.5 0.0869078012373729
40.6 0.0869939663169001
40.7 0.0870801313964273
40.8 0.0871662964759545
40.9 0.0872524615554817
41 0.0873386266350088
41.1 0.087424791714536
41.2 0.0875109567940632
41.3 0.0875971218735904
41.4 0.0876832869531176
41.5 0.0877694520326448
41.6 0.0878556171121719
41.7 0.0879417821916991
41.8 0.0880279472712263
41.9 0.0881141123507535
42 0.0882002774302807
42.1 0.0882864425098079
42.2 0.088372607589335
42.3 0.0884587726688622
42.4 0.0885449377483894
42.5 0.0886311028279166
42.6 0.0887172679074438
42.7 0.088803432986971
42.8 0.0888895980664981
42.9 0.0889757631460253
43 0.0890619282255525
43.1 0.0891480933050797
43.2 0.0892342583846069
43.3 0.089320423464134
43.4 0.0894065885436612
43.5 0.0894927536231884
43.6 0.0891268316118184
43.7 0.0887609096004484
43.8 0.0883949875890784
43.9 0.0880290655777084
44 0.0876631435663384
44.1 0.0872972215549684
44.2 0.0869312995435984
44.3 0.0865653775322284
44.4 0.0861994555208584
44.5 0.0858335335094883
44.6 0.0854676114981183
44.7 0.0851016894867483
44.8 0.0847357674753783
44.9 0.0843698454640083
45 0.0840039234526383
45.1 0.0836380014412683
45.2 0.0832720794298983
45.3 0.0829061574185283
45.4 0.0825402354071583
45.5 0.0821743133957883
45.6 0.0818083913844183
45.7 0.0814424693730483
45.8 0.0810765473616783
45.9 0.0807106253503082
46 0.0803447033389382
46.1 0.0799787813275682
46.2 0.0796128593161982
46.3 0.0792469373048282
46.4 0.0788810152934582
46.5 0.0785150932820882
46.6 0.0781491712707182
46.7 0.0777832492593482
46.8 0.0774173272479782
46.9 0.0770514052366082
47 0.0766854832252382
47.1 0.0763195612138682
47.2 0.0759536392024982
47.3 0.0755877171911282
47.4 0.0752217951797581
47.5 0.0748558731683881
47.6 0.0744899511570181
47.7 0.0741240291456481
47.8 0.0737581071342781
47.9 0.0733921851229081
48 0.0730262631115381
48.1 0.0726603411001681
48.2 0.0722944190887981
48.3 0.0719284970774281
48.4 0.0715625750660581
48.5 0.0711966530546881
48.6 0.0708307310433181
48.7 0.0704648090319481
48.8 0.0700988870205781
48.9 0.069732965009208
49 0.069367042997838
49.1 0.069001120986468
49.2 0.068635198975098
49.3 0.068269276963728
49.4 0.067903354952358
49.5 0.067537432940988
49.6 0.067171510929618
49.7 0.066805588918248
49.8 0.066439666906878
49.9 0.066073744895508
50 0.065707822884138
50.1 0.065341900872768
50.2 0.064975978861398
50.3 0.064610056850028
50.4 0.064244134838658
50.5 0.063878212827288
50.6 0.063512290815918
50.7 0.063
50.8 0.0633221970329714
50.9 0.0633292830723358
51 0.0633363691117003
51.1 0.0633434551510647
51.2 0.0633505411904291
51.3 0.0633576272297936
51.4 0.063364713269158
51.5 0.0633717993085224
51.6 0.0633788853478869
51.7 0.0633859713872513
51.8 0.0633930574266157
51.9 0.0634001434659801
52 0.0634072295053446
52.1 0.063414315544709
52.2 0.0634228187919463
52.3 0.0627582443460225
52.4 0.0620936699000987
52.5 0.0614290954541749
52.6 0.0608974358974359
52.7 0.0602541831841195
52.8 0.0596109304708031
52.9 0.0589676777574867
53 0.0583244250441703
53.1 0.0576811723308539
53.2 0.0570379196175375
53.3 0.056394666904221
53.4 0.0557514141909046
53.5 0.0551081614775882
53.6 0.0544649087642718
53.7 0.0538216560509554
53.8 0.0532604842817568
53.9 0.0526993125125581
54 0.0521381407433595
54.1 0.0515769689741609
54.2 0.0510157972049623
54.3 0.0504546254357636
54.4 0.049893453666565
54.5 0.0493322818973664
54.6 0.0487711101281677
54.7 0.0482099383589691
54.8 0.0476487665897705
54.9 0.0470875948205718
55 0.0465264230513732
55.1 0.0459652512821746
55.2 0.045404079512976
55.3 0.0446745562130178
55.4 0.0444078947368421
55.5 0.0436668408397917
55.6 0.0433279321368188
55.7 0.0429890234338459
55.8 0.042650114730873
55.9 0.0423112060279
56 0.0419722973249271
56.1 0.0416333886219542
56.2 0.0412944799189813
56.3 0.0409555712160084
56.4 0.0406166625130354
56.5 0.0402777538100625
56.6 0.0399388451070896
56.7 0.0395999364041167
56.8 0.0392610277011438
56.9 0.0389221189981708
57 0.0385832102951979
57.1 0.038244301592225
57.2 0.0379053928892521
57.3 0.0375664841862792
57.4 0.0372275754833062
57.5 0.0368886667803333
57.6 0.0365497580773604
57.7 0.0362108493743875
57.8 0.0358719406714146
57.9 0.0355330319684417
58 0.0351941232654687
58.1 0.0348552145624958
58.2 0.0345163058595229
58.3 0.0342790697674419
58.4 0.0340033864057326
58.5 0.0336725663716814
58.6 0.0334424009234321
58.7 0.0332122354751828
58.8 0.0329820700269334
58.9 0.0327519045786841
59 0.0325217391304348
59.1 0.0322927656503698
59.2 0.0320637921703049
59.3 0.0318348186902399
59.4 0.031605845210175
59.5 0.03137687173011
59.6 0.0311478982500451
59.7 0.0309189247699802
59.8 0.0306899512899152
59.9 0.0304609778098503
60 0.0302320043297853
60.1 0.0300030308497204
60.2 0.0297740573696554
60.3 0.0295450838895905
60.4 0.0293161104095255
60.5 0.0290871369294606
60.6 0.0288663481990306
60.7 0.0286455594686007
60.8 0.0284247707381708
60.9 0.0282039820077408
61 0.0279831932773109
61.1 0.0277520164692383
61.2 0.0275208396611657
61.3 0.027289662853093
61.4 0.0270584860450204
61.5 0.0268273092369478
61.6 0.026600860842473
61.7 0.0263744124479983
61.8 0.0261479640535235
61.9 0.0259215156590487
62 0.025695067264574
62.1 0.0255560538116592
62.2 0.0254170403587444
62.3 0.0252780269058296
62.4 0.0251390134529148
62.5 0.025
62.6 0.0248636363636364
62.7 0.0247272727272727
62.8 0.0245909090909091
62.9 0.0244545454545455
63 0.0243181818181818
63.1 0.0207938076416337
63.2 0.0172694334650856
63.3 0.0137450592885375
63.4 0.0102206851119894
63.5 0.00669631093544129
63.6 0.0031719367588932
63.7 0
63.8 0
63.9 0
64 0
64.1 0
64.2 0
64.3 0
64.4 0
64.5 0
64.6 0
64.7 0
64.8 0
64.9 0
65 0
65.1 0
65.2 0
65.3 0
65.4 0
65.5 0
65.6 0
65.7 0
65.8 0
65.9 0
66 0
66.1 0
66.2 0
66.3 0
66.4 0
66.5 0
66.6 0
66.7 0
66.8 0
66.9 0
67 0
67.1 0
67.2 0
67.3 0
67.4 0
67.5 0
67.6 0
67.7 0
67.8 0
67.9 0
68 0
68.1 0
68.2 0
68.3 0
68.4 0
68.5 0
68.6 0
68.7 0
68.8 0
68.9 0
69 0
69.1 0
69.2 0
69.3 0
69.4 0
69.5 0
69.6 0
69.7 0
69.8 0
69.9 0
70 0
70.1 0
70.2 0
70.3 0
70.4 0
70.5 0
70.6 0
70.7 0
70.8 0
70.9 0
71 0
71.1 0
71.2 0
71.3 0
71.4 0
71.5 0
71.6 0
71.7 0
71.8 0
71.9 0
72 0
72.1 0
72.2 0
72.3 0
72.4 0
72.5 0
72.6 0
72.7 0
72.8 0
72.9 0
73 0
73.1 0
73.2 0
73.3 0
73.4 0
73.5 0
73.6 0
73.7 0
73.8 0
73.9 0
74 0
74.1 0
74.2 0
74.3 0
74.4 0
74.5 0
74.6 0
74.7 0
74.8 0
74.9 0
75 0
75.1 0
75.2 0
75.3 0
75.4 0
75.5 0
75.6 0
75.7 0
75.8 0
75.9 0
76 0
76.1 0
76.2 0
76.3 0
76.4 0
76.5 0
76.6 0
76.7 0
76.8 0
76.9 0
77 0
77.1 0
77.2 0
77.3 0
77.4 0
77.5 0
77.6 0
77.7 0
77.8 0
77.9 0
78 0
78.1 0
78.2 0
78.3 0
78.4 0
78.5 0
78.6 0
78.7 0
78.8 0
78.9 0
79 0
79.1 0
79.2 0
79.3 0
79.4 0
79.5 0
79.6 0
79.7 0
79.8 0
79.9 0
80 0
80.1 0
80.2 0
80.3 0
80.4 0
80.5 0
80.6 0
80.7 0
80.8 0
80.9 0
81 0
81.1 0
81.2 0
81.3 0
81.4 0
81.5 0
81.6 0
81.7 0
81.8 0
81.9 0
82 0
82.1 0
82.2 0
82.3 0
82.4 0
82.5 0
82.6 0
82.7 0
82.8 0
82.9 0
83 0
83.1 0
83.2 0
83.3 0
83.4 0
83.5 0
83.6 0
83.7 0
83.8 0
83.9 0
84 0
84.1 0
84.2 0
84.3 0
84.4 0
84.5 0
84.6 0
84.7 0
84.8 0
84.9 0
85 0
85.1 0
85.2 0
85.3 0
85.4 0
85.5 0
85.6 0
85.7 0
85.8 0
85.9 0
86 0
86.1 0
86.2 0
86.3 0
86.4 0
86.5 0
86.6 0
86.7 0
86.8 0
86.9 0
87 0
87.1 0
87.2 0
87.3 0
87.4 0
87.5 0
87.6 0
87.7 0
87.8 0
87.9 0
88 0
88.1 0
88.2 0
88.3 0
88.4 0
88.5 0
88.6 0
88.7 0
88.8 0
88.9 0
89 0
89.1 0
89.2 0
89.3 0
89.4 0
89.5 0
89.6 0
89.7 0
89.8 0
89.9 0
90 0
90.1 0
90.2 0
90.3 0
90.4 0
90.5 0
90.6 0
90.7 0
90.8 0
90.9 0
91 0
91.1 0
91.2 0
91.3 0
91.4 0
91.5 0
91.6 0
91.7 0
91.8 0
91.9 0
92 0
92.1 0
92.2 0
92.3 0
92.4 0
92.5 0
92.6 0
92.7 0
92.8 0
92.9 0
93 0
93.1 0
93.2 0
93.3 0
93.4 0
93.5 0
93.6 0
93.7 0
93.8 0
93.9 0
94 0
94.1 0
94.2 0
94.3 0
94.4 0
94.5 0
94.6 0
94.7 0
94.8 0
94.9 0
95 0
95.1 0
95.2 0
95.3 0
95.4 0
95.5 0
95.6 0
95.7 0
95.8 0
95.9 0
96 0
96.1 0
96.2 0
96.3 0
96.4 0
96.5 0
96.6 0
96.7 0
96.8 0
96.9 0
97 0
97.1 0
97.2 0
97.3 0
97.4 0
97.5 0
97.6 0
97.7 0
97.8 0
97.9 0
98 0
98.1 0
98.2 0
98.3 0
98.4 0
98.5 0
98.6 0
98.7 0
98.8 0
98.9 0
99 0
99.1 0
99.2 0
99.3 0
99.4 0
99.5 0
99.6 0
99.7 0
99.8 0
99.9 0
100 0
100.1 0
100.2 0
100.3 0
100.4 0
100.5 0
100.6 0
100.7 0
100.8 0
100.9 0
101 0
101.1 0
101.2 0
101.3 0
101.4 0
101.5 0
101.6 0
101.7 0
101.8 0
101.9 0
102 0
102.1 0
102.2 0
102.3 0
102.4 0
102.5 0
102.6 0
102.7 0
102.8 0
102.9 0
103 0
103.1 0
103.2 0
103.3 0
103.4 0
103.5 0
103.6 0
103.7 0
103.8 0
103.9 0
104 0
104.1 0
104.2 0
104.3 0
104.4 0
104.5 0
104.6 0
104.7 0
104.8 0
104.9 0
105 0
105.1 0
105.2 0
105.3 0
105.4 0
105.5 0
105.6 0
105.7 0
105.8 0
105.9 0
106 0
106.1 0
106.2 0
106.3 0
106.4 0
106.5 0
106.6 0
106.7 0
106.8 0
106.9 0
107 0
107.1 0
107.2 0
107.3 0
107.4 0
107.5 0
107.6 0
107.7 0
107.8 0
107.9 0
108 0
108.1 0
108.2 0
108.3 0
108.4 0
108.5 0
108.6 0
108.7 0
108.8 0
108.9 0
109 0
109.1 0
109.2 0
109.3 0
109.4 0
109.5 0
109.6 0
109.7 0
109.8 0
109.9 0
110 0
110.1 0
110.2 0
110.3 0
110.4 0
110.5 0
110.6 0
110.7 0
110.8 0
110.9 0
111 0
111.1 0
111.2 0
111.3 0
111.4 0
111.5 0
111.6 0
111.7 0
111.8 0
111.9 0
112 0
112.1 0
112.2 0
112.3 0
112.4 0
112.5 0
112.6 0
112.7 0
112.8 0
112.9 0
113 0
113.1 0
113.2 0
113.3 0
113.4 0
113.5 0
113.6 0
113.7 0
113.8 0
113.9 0
114 0
114.1 0
114.2 0
114.3 0
114.4 0
114.5 0
114.6 0
114.7 0
114.8 0
114.9 0
115 0
115.1 0
115.2 0
115.3 0
115.4 0
115.5 0
115.6 0
115.7 0
115.8 0
115.9 0
116 0
116.1 0
116.2 0
116.3 0
116.4 0
116.5 0
116.6 0
116.7 0
116.8 0
116.9 0
117 0
117.1 0
117.2 0
117.3 0
117.4 0
117.5 0
117.6 0
117.7 0
117.8 0
117.9 0
118 0
118.1 0
118.2 0
118.3 0
118.4 0
118.5 0
118.6 0
118.7 0
118.8 0
118.9 0
119 0
119.1 0
119.2 0
119.3 0
119.4 0
119.5 0
119.6 0
119.7 0
119.8 0
119.9 0
120 0
120.1 0
120.2 0
120.3 0
120.4 0
120.5 0
120.6 0
120.7 0
120.8 0
120.9 0
121 0
121.1 0
121.2 0
121.3 0
121.4 0
121.5 0
121.6 0
121.7 0
121.8 0
121.9 0
122 0
122.1 0
122.2 0
122.3 0
122.4 0
122.5 0
122.6 0
122.7 0
122.8 0
122.9 0
123 0
123.1 0
123.2 0
123.3 0
123.4 0
123.5 0
123.6 0
123.7 0
123.8 0
123.9 0
124 0
124.1 0
124.2 0
124.3 0
124.4 0
124.5 0
124.6 0
124.7 0
124.8 0
124.9 0
125 0
125.1 0
125.2 0
125.3 0
125.4 0
125.5 0
125.6 0
125.7 0
125.8 0
125.9 0
126 0
126.1 0
126.2 0
126.3 0
126.4 0
126.5 0
126.6 0
126.7 0
126.8 0
126.9 0
127 0
127.1 0
127.2 0
127.3 0
127.4 0
127.5 0
127.6 0
127.7 0
127.8 0
127.9 0
128 0
128.1 0
128.2 0
128.3 0
128.4 0
128.5 0
128.6 0
128.7 0
128.8 0
128.9 0
129 0
129.1 0
129.2 0
129.3 0
129.4 0
129.5 0
129.6 0
129.7 0
129.8 0
129.9 0
130 0
130.1 0
130.2 0
130.3 0
130.4 0
130.5 0
130.6 0
130.7 0
130.8 0
130.9 0
131 0
131.1 0
131.2 0
131.3 0
131.4 0
131.5 0
131.6 0
131.7 0
131.8 0
131.9 0
132 0
132.1 0
132.2 0
132.3 0
132.4 0
132.5 0
132.6 0
132.7 0
132.8 0
132.9 0
133 0
133.1 0
133.2 0
133.3 0
133.4 0
133.5 0
133.6 0
133.7 0
133.8 0
133.9 0
134 0
134.1 0
134.2 0
134.3 0
134.4 0
134.5 0
134.6 0
134.7 0
134.8 0
134.9 0
135 0
135.1 0
135.2 0
135.3 0
135.4 0
135.5 0
135.6 0
135.7 0
135.8 0
135.9 0
136 0
136.1 0
136.2 0
136.3 0
136.4 0
136.5 0
136.6 0
136.7 0
136.8 0
136.9 0
137 0
137.1 0
137.2 0
137.3 0
137.4 0
137.5 0
137.6 0
137.7 0
137.8 0
137.9 0
138 0
138.1 0
138.2 0
138.3 0
138.4 0
138.5 0
138.6 0
138.7 0
138.8 0
138.9 0
139 0
139.1 0
139.2 0
139.3 0
139.4 0
139.5 0
139.6 0
139.7 0
139.8 0
139.9 0
140 0
140.1 0
140.2 0
140.3 0
140.4 0
140.5 0
140.6 0
140.7 0
140.8 0
140.9 0
141 0
141.1 0
141.2 0
141.3 0
141.4 0
141.5 0
141.6 0
141.7 0
141.8 0
141.9 0
142 0
142.1 0
142.2 0
142.3 0
142.4 0
142.5 0
142.6 0
142.7 0
142.8 0
142.9 0
143 0
143.1 0
143.2 0
143.3 0
143.4 0
143.5 0
143.6 0
143.7 0
143.8 0
143.9 0
144 0
144.1 0
144.2 0
144.3 0
144.4 0
144.5 0
144.6 0
144.7 0
144.8 0
144.9 0
145 0
145.1 0
145.2 0
145.3 0
145.4 0
145.5 0
145.6 0
145.7 0
145.8 0
145.9 0
146 0
146.1 0
146.2 0
146.3 0
146.4 0
146.5 0
146.6 0
146.7 0
146.8 0
146.9 0
147 0
147.1 0
147.2 0
147.3 0
147.4 0
147.5 0
147.6 0
147.7 0
147.8 0
147.9 0
148 0
148.1 0
148.2 0
148.3 0
148.4 0
148.5 0
148.6 0
148.7 0
148.8 0
148.9 0
149 0
149.1 0
149.2 0
149.3 0
149.4 0
149.5 0
149.6 0
149.7 0
149.8 0
149.9 0
150 0
150.1 0
150.2 0
150.3 0
150.4 0
150.5 0
150.6 0
150.7 0
150.8 0
150.9 0
151 0
151.1 0
151.2 0
151.3 0
151.4 0
151.5 0
151.6 0
151.7 0
151.8 0
151.9 0
152 0
152.1 0
152.2 0
152.3 0
152.4 0
152.5 0
152.6 0
152.7 0
152.8 0
152.9 0
153 0
153.1 0
153.2 0
153.3 0
153.4 0
153.5 0
153.6 0
153.7 0
153.8 0
153.9 0
154 0
154.1 0
154.2 0
154.3 0
154.4 0
154.5 0
154.6 0
154.7 0
154.8 0
154.9 0
155 0
155.1 0
155.2 0
155.3 0
155.4 0
155.5 0
155.6 0
155.7 0
155.8 0
155.9 0
156 0
156.1 0
156.2 0
156.3 0
156.4 0
156.5 0
156.6 0
156.7 0
156.8 0
156.9 0
157 0
157.1 0
157.2 0
157.3 0
157.4 0
157.5 0
157.6 0
157.7 0
157.8 0
157.9 0
158 0
158.1 0
158.2 0
158.3 0
158.4 0
158.5 0
158.6 0
158.7 0
158.8 0
158.9 0
159 0
159.1 0
159.2 0
159.3 0
159.4 0
159.5 0
159.6 0
159.7 0
159.8 0
159.9 0
160 0
160.1 0
160.2 0
160.3 0
160.4 0
160.5 0
160.6 0
160.7 0
160.8 0
160.9 0
161 0
161.1 0
161.2 0
161.3 0
161.4 0
161.5 0
161.6 0
161.7 0
161.8 0
161.9 0
162 0
162.1 0
162.2 0
162.3 0
162.4 0
162.5 0
162.6 0
162.7 0
162.8 0
162.9 0
163 0
163.1 0
163.2 0
163.3 0
163.4 0
163.5 0
163.6 0
163.7 0
163.8 0
163.9 0
164 0
164.1 0
164.2 0
164.3 0
164.4 0
164.5 0
164.6 0
164.7 0
164.8 0
164.9 0
165 0
165.1 0
165.2 0
165.3 0
165.4 0
165.5 0
165.6 0
165.7 0
165.8 0
165.9 0
166 0
166.1 0
166.2 0
166.3 0
166.4 0
166.5 0
166.6 0
166.7 0
166.8 0
166.9 0
167 0
167.1 0
167.2 0
167.3 0
167.4 0
167.5 0
167.6 0
167.7 0
167.8 0
167.9 0
168 0
168.1 0
168.2 0
168.3 0
168.4 0
168.5 0
168.6 0
168.7 0
168.8 0
168.9 0
169 0
169.1 0
169.2 0
169.3 0
169.4 0
169.5 0
169.6 0
169.7 0
169.8 0
169.9 0
170 0
170.1 0
170.2 0
170.3 0
170.4 0
170.5 0
170.6 0
170.7 0
170.8 0
170.9 0
171 0
171.1 0
171.2 0
171.3 0
171.4 0
171.5 0
171.6 0
171.7 0
171.8 0
171.9 0
172 0
172.1 0
172.2 0
172.3 0
172.4 0
172.5 0
172.6 0
172.7 0
172.8 0
172.9 0
173 0
173.1 0
173.2 0
173.3 0
173.4 0
173.5 0
173.6 0
173.7 0
173.8 0
173.9 0
174 0
174.1 0
174.2 0
174.3 0
174.4 0
174.5 0
174.6 0
174.7 0
174.8 0
174.9 0
175 0
175.1 0
175.2 0
175.3 0
175.4 0
175.5 0
175.6 0
175.7 0
175.8 0
175.9 0
176 0
176.1 0
176.2 0
176.3 0
176.4 0
176.5 0
176.6 0
176.7 0
176.8 0
176.9 0
177 0
177.1 0
177.2 0
177.3 0
177.4 0
177.5 0
177.6 0
177.7 0
177.8 0
177.9 0
178 0
178.1 0
178.2 0
178.3 0
178.4 0
178.5 0
178.6 0
178.7 0
178.8 0
178.9 0
179 0
179.1 0
179.2 0
179.3 0
179.4 0
179.5 0
179.6 0
179.7 0
179.8 0
179.9 0
180 0
180.1 0
180.2 0
180.3 0
180.4 0
180.5 0
180.6 0
180.7 0
180.8 0
180.9 0
181 0
181.1 0
181.2 0
181.3 0
181.4 0
181.5 0
181.6 0
181.7 0
181.8 0
181.9 0
182 0
182.1 0
182.2 0
182.3 0
182.4 0
182.5 0
182.6 0
182.7 0
182.8 0
182.9 0
183 0
183.1 0
183.2 0
183.3 0
183.4 0
183.5 0
183.6 0
183.7 0
183.8 0
183.9 0
184 0
184.1 0
184.2 0
184.3 0
184.4 0
184.5 0
184.6 0
184.7 0
184.8 0
184.9 0
185 0
185.1 0
185.2 0
185.3 0
185.4 0
185.5 0
185.6 0
185.7 0
185.8 0
185.9 0
186 0
186.1 0
186.2 0
186.3 0
186.4 0
186.5 0
186.6 0
186.7 0
186.8 0
186.9 0
187 0
187.1 0
187.2 0
187.3 0
187.4 0
187.5 0
187.6 0
187.7 0
187.8 0
187.9 0
188 0
188.1 0
188.2 0
188.3 0
188.4 0
188.5 0
188.6 0
188.7 0
188.8 0
188.9 0
189 0
189.1 0
189.2 0
189.3 0
189.4 0
189.5 0
189.6 0
189.7 0
189.8 0
189.9 0
190 0
190.1 0
190.2 0
190.3 0
190.4 0
190.5 0
190.6 0
190.7 0
190.8 0
190.9 0
191 0
191.1 0
191.2 0
191.3 0
191.4 0
191.5 0
191.6 0
191.7 0
191.8 0
191.9 0
192 0
192.1 0
192.2 0
192.3 0
192.4 0
192.5 0
192.6 0
192.7 0
192.8 0
192.9 0
193 0
193.1 0
193.2 0
193.3 0
193.4 0
193.5 0
193.6 0
193.7 0
193.8 0
193.9 0
194 0
194.1 0
194.2 0
194.3 0
194.4 0
194.5 0
194.6 0
194.7 0
194.8 0
194.9 0
195 0
