0 0.249
0.1 0.249
0.2 0.2485
0.3 0.248
0.4 0.2475
0.5 0.246880952380952
0.6 0.246261904761905
0.7 0.245333333333333
0.8 0.245333333333333
0.9 0.244477366255144
1 0.243621399176955
1.1 0.242765432098765
1.2 0.241481481481481
1.3 0.241481481481481
1.4 0.240758377425044
1.5 0.240035273368607
1.6 0.239312169312169
1.7 0.238589065255732
1.8 0.237865961199295
1.9 0.237142857142857
2 0.23651999196303
2.1 0.235897126783203
2.2 0.235274261603376
2.3 0.234651396423548
2.4 0.234028531243721
2.5 0.233405666063894
2.6 0.232782800884067
2.7 0.232222222222222
2.8 0.231475308641975
2.9 0.230728395061728
3 0.229981481481481
3.1 0.229234567901235
3.2 0.228487654320988
3.3 0.227740740740741
3.4 0.226993827160494
3.5 0.226246913580247
3.6 0.2255
3.7 0.22483724340176
3.8 0.224174486803519
3.9 0.223511730205279
4 0.222848973607038
4.1 0.222186217008798
4.2 0.221523460410557
4.3 0.220860703812317
4.4 0.220197947214076
4.5 0.219535190615836
4.6 0.218872434017595
4.7 0.218209677419355
4.8 0.217546920821114
4.9 0.216884164222874
5 0.216221407624633
5.1 0.215556011730205
5.2 0.215227272727273
5.3 0.214545454545455
5.4 0.213863636363636
5.5 0.213181818181818
5.6 0.2125
5.7 0.211818181818182
5.8 0.211136363636364
5.9 0.210454545454546
6 0.209772727272727
6.1 0.209090909090909
6.2 0.208409090909091
6.3 0.207727272727273
6.4 0.207045454545455
6.5 0.206363636363636
6.6 0.205681818181818
6.7 0.205
6.8 0.204318181818182
6.9 0.203636363636364
7 0.202954545454545
7.1 0.202272727272727
7.2 0.201585005903188
7.3 0.200897284533648
7.4 0.200209563164109
7.5 0.199521841794569
7.6 0.19883412042503
7.7 0.19814639905549
7.8 0.19745867768595
7.9 0.196770956316411
8 0.196083234946871
8.1 0.195395513577332
8.2 0.194707792207792
8.3 0.194020070838253
8.4 0.193332349468713
8.5 0.192644628099174
8.6 0.191956906729634
8.7 0.191269185360094
8.8 0.190581463990555
8.9 0.189893742621015
9 0.189206021251476
9.1 0.188518299881936
9.2 0.187830578512397
9.3 0.187142857142857
9.4 0.186469893742621
9.5 0.185796930342385
9.6 0.185123966942149
9.7 0.184451003541913
9.8 0.183778040141677
9.9 0.18310507674144
10 0.182432113341204
10.1 0.181759149940968
10.2 0.181086186540732
10.3 0.180413223140496
10.4 0.17974025974026
10.5 0.179067296340024
10.6 0.178394332939788
10.7 0.177721369539551
10.8 0.177048406139315
10.9 0.176375442739079
11 0.175702479338843
11.1 0.175029515938607
11.2 0.174356552538371
11.3 0.173683589138135
11.4 0.173010625737899
11.5 0.172337662337662
11.6 0.171664698937426
11.7 0.17099173553719
11.8 0.170318772136954
11.9 0.169645808736718
12 0.168975388248116
12.1 0.168636363636364
12.2 0.167955077709176
12.3 0.167273791781989
12.4 0.166592505854801
12.5 0.165911219927613
12.6 0.165229934000426
12.7 0.164548648073238
12.8 0.163867362146051
12.9 0.163186076218863
13 0.162504790291676
13.1 0.161823504364488
13.2 0.1611422184373
13.3 0.160460932510113
13.4 0.159779646582925
13.5 0.159098360655738
13.6 0.15841707472855
13.7 0.157735788801363
13.8 0.157054502874175
13.9 0.156373216946987
14 0.1556919310198
14.1 0.155010645092612
14.2 0.154329359165425
14.3 0.153648073238237
14.4 0.15296678731105
14.5 0.152285501383862
14.6 0.151604215456674
14.7 0.150922929529487
14.8 0.150241643602299
14.9 0.149560357675112
15 0.148879071747924
15.1 0.147857142857143
15.2 0.147857142857143
15.3 0.147163446309788
15.4 0.146469749762433
15.5 0.145776053215078
15.6 0.145082356667723
15.7 0.144388660120367
15.8 0.143694963573012
15.9 0.143001267025657
16 0.142307570478302
16.1 0.141613873930947
16.2 0.140920177383592
16.3 0.140226480836237
16.4 0.139532784288882
16.5 0.138839087741527
16.6 0.138145391194172
16.7 0.137451694646817
16.8 0.136757998099462
16.9 0.136064301552106
17 0.135370605004751
17.1 0.134676908457396
17.2 0.134004497702921
17.3 0.133636363636364
17.4 0.132938596491228
17.5 0.132240829346093
17.6 0.131543062200957
17.7 0.130845295055821
17.8 0.130147527910686
17.9 0.12944976076555
18 0.128751993620415
18.1 0.128054226475279
18.2 0.127356459330144
18.3 0.126658692185008
18.4 0.125960925039872
18.5 0.125263157894737
18.6 0.124589473684211
18.7 0.123915789473684
18.8 0.123242105263158
18.9 0.122568421052632
19 0.121894736842105
19.1 0.121221052631579
19.2 0.120547368421053
19.3 0.119873684210526
19.4 0.1192
19.5 0.118526315789474
19.6 0.117852631578947
19.7 0.116842105263158
19.8 0.116842105263158
19.9 0.116152450090744
20 0.11546279491833
20.1 0.114773139745917
20.2 0.114083484573503
20.3 0.113393829401089
20.4 0.112704174228675
20.5 0.112014519056261
20.6 0.111324863883848
20.7 0.110635208711434
20.8 0.10994555353902
20.9 0.109255898366606
21 0.108566243194192
21.1 0.107876588021779
21.2 0.106842105263158
21.3 0.106842105263158
21.4 0.106133746130031
21.5 0.105425386996904
21.6 0.104717027863777
21.7 0.10400866873065
21.8 0.103300309597523
21.9 0.102591950464396
22 0.101883591331269
22.1 0.101175232198142
22.2 0.100466873065016
22.3 0.0997585139318886
22.4 0.0990501547987616
22.5 0.0983417956656347
22.6 0.0976334365325078
22.7 0.0969250773993808
22.8 0.0962167182662539
22.9 0.0955083591331269
23 0.0948
23.1 0.0941176923076923
23.2 0.0934353846153846
23.3 0.0927530769230769
23.4 0.0920707692307692
23.5 0.0913884615384616
23.6 0.0907061538461539
23.7 0.0900238461538462
23.8 0.0893415384615385
23.9 0.0886592307692308
24 0.0879769230769231
24.1 0.0872946153846154
24.2 0.0866123076923077
24.3 0.08593
24.4 0.0852476923076923
24.5 0.0845653846153846
24.6 0.0838830769230769
24.7 0.0832007692307692
24.8 0.0825184615384615
24.9 0.0818361538461538
25 0.0811538461538461
25.1 0.0804945054945055
25.2 0.0798351648351648
25.3 0.0791758241758242
25.4 0.0785164835164835
25.5 0.0778571428571428
25.6 0.0771978021978022
25.7 0.0765384615384615
25.8 0.0758579881656805
25.9 0.0751775147928994
26 0.0744970414201183
26.1 0.0738165680473373
26.2 0.0731360946745562
26.3 0.0724556213017751
26.4 0.0717751479289941
26.5 0.071094674556213
26.6 0.0704142011834319
26.7 0.0697337278106509
26.8 0.0690532544378698
26.9 0.0683727810650887
27 0.0676923076923077
27.1 0.0670171445911091
27.2 0.0663419814899105
27.3 0.0656668183887119
27.4 0.0649916552875133
27.5 0.0643164921863147
27.6 0.0636413290851161
27.7 0.0629661659839175
27.8 0.0622910028827189
27.9 0.0616158397815203
28 0.0609406766803217
28.1 0.0602655135791231
28.2 0.0595903504779245
28.3 0.0589151873767259
28.4 0.0582400242755272
28.5 0.0575648611743286
28.6 0.05688969807313
28.7 0.0562145349719314
28.8 0.0555393718707328
28.9 0.0548642087695342
29 0.0541890456683356
29.1 0.053513882567137
29.2 0.0528387194659384
29.3 0.0521635563647398
29.4 0.0514883932635412
29.5 0.0508132301623426
29.6 0.050138067061144
29.7 0.0494629039599454
29.8 0.0487877408587468
29.9 0.0481125777575482
30 0.0474374146563496
30.1 0.046762251555151
30.2 0.0460870884539524
30.3 0.0454119253527538
30.4 0.0448717948717949
30.5 0.0445368956743003
30.6 0.0442019964768056
30.7 0.043867097279311
30.8 0.0435321980818164
30.9 0.0431972988843218
31 0.0428623996868272
31.1 0.0425275004893325
31.2 0.0421926012918379
31.3 0.0418577020943433
31.4 0.0415228028968487
31.5 0.0411879036993541
31.6 0.0408530045018595
31.7 0.0405181053043648
31.8 0.0401832061068702
31.9 0.0398483069093756
32 0.039513407711881
32.1 0.0391785085143864
32.2 0.0388436093168918
32.3 0.0385087101193971
32.4 0.0381738109219025
32.5 0.0378389117244079
32.6 0.0375040125269133
32.7 0.0371691133294187
32.8 0.0368342141319241
32.9 0.0364993149344294
33 0.0361644157369348
33.1 0.0358295165394402
33.2 0.0354946173419456
33.3 0.035159718144451
33.4 0.0348248189469563
33.5 0.0344899197494617
33.6 0.0341550205519671
33.7 0.0338201213544725
33.8 0.0334852221569779
33.9 0.0331503229594833
34 0.0328154237619886
34.1 0.032480524564494
34.2 0.0321456253669994
34.3 0.0318107261695048
34.4 0.0314758269720102
34.5 0.0311409277745156
34.6 0.0308060285770209
34.7 0.0304711293795263
34.8 0.0301362301820317
34.9 0.0298013309845371
35 0.0294664317870425
35.1 0.0291315325895478
35.2 0.0287966333920532
35.3 0.0284617341945586
35.4 0.028126834997064
35.5 0.0277919357995694
35.6 0.0274570366020748
35.7 0.0271221374045801
35.8 0.0267872382070855
35.9 0.0264523390095909
36 0.0261174398120963
36.1 0.0257825406146017
36.2 0.0254476414171071
36.3 0.0251127422196124
36.4 0.0247778430221178
36.5 0.0244429438246232
36.6 0.0241080446271286
36.7 0.023773145429634
36.8 0.0234382462321394
36.9 0.0231033470346447
37 0.0227684478371501
37.1 0.0224335486396555
37.2 0.0220986494421609
37.3 0.0217637502446663
37.4 0.0214288510471716
37.5 0.021093951849677
37.6 0.0207590526521824
37.7 0.0204241534546878
37.8 0.0200892542571932
37.9 0.0197543550596986
38 0.0194194558622039
38.1 0.0190845566647093
38.2 0.0187496574672147
38.3 0.0184147582697201
38.4 0.0180798590722255
38.5 0.0177449598747309
38.6 0.0174100606772362
38.7 0.0170751614797416
38.8 0.016740262282247
38.9 0.0164053630847524
39 0.0160704638872578
39.1 0.0157355646897631
39.2 0.0154006654922685
39.3 0.0150657662947739
39.4 0.0147308670972793
39.5 0.0143959678997847
39.6 0.0140610687022901
39.7 0.0137261695047954
39.8 0.0133912703073008
39.9 0.0130563711098062
40 0.0127214719123116
40.1 0.012386572714817
40.2 0.0120516735173224
40.3 0.0117167743198277
40.4 0.0113818751223331
40.5 0.0110469759248385
40.6 0.0107120767273439
40.7 0.0103771775298493
40.8 0.0100422783323547
40.9 0.00970737913486003
41 0.00937247993736542
41.1 0.0090375807398708
41.2 0.00870268154237618
41.3 0.00836778234488157
41.4 0.00803288314738695
41.5 0.00769798394989233
41.6 0.00736308475239772
41.7 0.0070281855549031
41.8 0.00669328635740848
41.9 0.00635838715991386
42 0.00602348796241925
42.1 0.00568858876492463
42.2 0.00535368956743001
42.3 0.0050187903699354
42.4 0.00468389117244078
42.5 0.00434899197494616
42.6 0.00401409277745155
42.7 0.00367919357995693
42.8 0.00334429438246231
42.9 0.00300939518496769
43 0.00267449598747308
43.1 0.00233959678997846
43.2 0.00200469759248385
43.3 0.00166979839498923
43.4 0.00133489919749461
43.5 0.001
43.6 0.000988531307550645
43.7 0.000977062615101289
43.8 0.000965593922651934
43.9 0.000954125230202578
44 0.000942656537753223
44.1 0.000931187845303867
44.2 0.000919719152854512
44.3 0.000908250460405156
44.4 0.000896781767955801
44.5 0.000885313075506446
44.6 0.00087384438305709
44.7 0.000862375690607735
44.8 0.000850906998158379
44.9 0.000839438305709024
45 0.000827969613259668
45.1 0.000816500920810313
45.2 0.000805032228360958
45.3 0.000793563535911602
45.4 0.000782094843462247
45.5 0.000770626151012891
45.6 0.000759157458563536
45.7 0.00074768876611418
45.8 0.000736220073664825
45.9 0.000724751381215469
46 0.000713282688766114
46.1 0.000701813996316759
46.2 0.000690345303867403
46.3 0.000678876611418048
46.4 0.000667407918968692
46.5 0.000655939226519337
46.6 0.000644470534069981
46.7 0.000633001841620626
46.8 0.00062153314917127
46.9 0.000610064456721915
47 0.000598595764272559
47.1 0.000587127071823204
47.2 0.000575658379373849
47.3 0.000564189686924493
47.4 0.000552720994475138
47.5 0.000541252302025782
47.6 0.000529783609576427
47.7 0.000518314917127071
47.8 0.000506846224677716
47.9 0.00049537753222836
48 0.000483908839779005
48.1 0.00047244014732965
48.2 0.000460971454880294
48.3 0.000449502762430939
48.4 0.000438034069981583
48.5 0.000426565377532228
48.6 0.000415096685082872
48.7 0.000403627992633517
48.8 0.000392159300184161
48.9 0.000380690607734806
49 0.000369221915285451
49.1 0.000357753222836095
49.2 0.00034628453038674
49.3 0.000334815837937384
49.4 0.000323347145488029
49.5 0.000311878453038673
49.6 0.000300409760589318
49.7 0.000288941068139963
49.8 0.000277472375690607
49.9 0.000266003683241252
50 0.000254534990791896
50.1 0.000243066298342541
50.2 0.000231597605893185
50.3 0.00022012891344383
50.4 0.000208660220994474
50.5 0.000197191528545119
50.6 0.000185722836095764
50.7 0.000169666666666667
50.8 0.000166512906176669
50.9 0.000162277901440719
51 0.000158042896704769
51.1 0.000153807891968818
51.2 0.000149572887232868
51.3 0.000145337882496918
51.4 0.000141102877760967
51.5 0.000136867873025017
51.6 0.000132632868289067
51.7 0.000128397863553116
51.8 0.000124162858817166
51.9 0.000119927854081216
52 0.000115692849345265
52.1 0.000111457844609315
52.2 0.000106375838926175
52.3 0.000102251967683794
52.4 9.81280964414132e-05
52.5 9.40042251990326e-05
52.6 9.07051282051282e-05
52.7 8.63387673897228e-05
52.8 8.19724065743174e-05
52.9 7.7606045758912e-05
53 7.32396849435066e-05
53.1 6.88733241281012e-05
53.2 6.45069633126958e-05
53.3 6.01406024972904e-05
53.4 5.5774241681885e-05
53.5 5.14078808664796e-05
53.6 4.70415200510743e-05
53.7 4.26751592356688e-05
53.8 4.00570513071001e-05
53.9 3.74389433785315e-05
54 3.48208354499629e-05
54.1 3.22027275213942e-05
54.2 2.95846195928256e-05
54.3 2.69665116642569e-05
54.4 2.43484037356883e-05
54.5 2.17302958071196e-05
54.6 1.9112187878551e-05
54.7 1.64940799499824e-05
54.8 1.38759720214137e-05
54.9 1.12578640928451e-05
55 8.63975616427644e-06
55.1 6.02164823570781e-06
55.2 3.40354030713916e-06
55.3 0
55.4 0
55.5 0
55.6 0
55.7 0
55.8 0
55.9 0
56 0
56.1 0
56.2 0
56.3 0
56.4 0
56.5 0
56.6 0
56.7 0
56.8 0
56.9 0
57 0
57.1 0
57.2 0
57.3 0
57.4 0
57.5 0
57.6 0
57.7 0
57.8 0
57.9 0
58 0
58.1 0
58.2 0
58.3 0
58.4 0
58.5 0
58.6 0
58.7 0
58.8 0
58.9 0
59 0
59.1 0
59.2 0
59.3 0
59.4 0
59.5 0
59.6 0
59.7 0
59.8 0
59.9 0
60 0
60.1 0
60.2 0
60.3 0
60.4 0
60.5 0
60.6 0
60.7 0
60.8 0
60.9 0
61 0
61.1 0
61.2 0
61.3 0
61.4 0
61.5 0
61.6 0
61.7 0
61.8 0
61.9 0
62 0
62.1 0
62.2 0
62.3 0
62.4 0
62.5 0
62.6 0
62.7 0
62.8 0
62.9 0
63 0
63.1 0
63.2 0
63.3 0
63.4 0
63.5 0
63.6 0
63.7 0
63.8 0
63.9 0
64 0
64.1 0
64.2 0
64.3 0
64.4 0
64.5 0
64.6 0
64.7 0
64.8 0
64.9 0
65 0
65.1 0
65.2 0
65.3 0
65.4 0
65.5 0
65.6 0
65.7 0
65.8 0
65.9 0
66 0
66.1 0
66.2 0
66.3 0
66.4 0
66.5 0
66.6 0
66.7 0
66.8 0
66.9 0
67 0
67.1 0
67.2 0
67.3 0
67.4 0
67.5 0
67.6 0
67.7 0
67.8 0
67.9 0
68 0
68.1 0
68.2 0
68.3 0
68.4 0
68.5 0
68.6 0
68.7 0
68.8 0
68.9 0
69 0
69.1 0
69.2 0
69.3 0
69.4 0
69.5 0
69.6 0
69.7 0
69.8 0
69.9 0
70 0
70.1 0
70.2 0
70.3 0
70.4 0
70.5 0
70.6 0
70.7 0
70.8 0
70.9 0
71 0
71.1 0
71.2 0
71.3 0
71.4 0
71.5 0
71.6 0
71.7 0
71.8 0
71.9 0
72 0
72.1 0
72.2 0
72.3 0
72.4 0
72.5 0
72.6 0
72.7 0
72.8 0
72.9 0
73 0
73.1 0
73.2 0
73.3 0
73.4 0
73.5 0
73.6 0
73.7 0
73.8 0
73.9 0
74 0
74.1 0
74.2 0
74.3 0
74.4 0
74.5 0
74.6 0
74.7 0
74.8 0
74.9 0
75 0
75.1 0
75.2 0
75.3 0
75.4 0
75.5 0
75.6 0
75.7 0
75.8 0
75.9 0
76 0
76.1 0
76.2 0
76.3 0
76.4 0
76.5 0
76.6 0
76.7 0
76.8 0
76.9 0
77 0
77.1 0
77.2 0
77.3 0
77.4 0
77.5 0
77.6 0
77.7 0
77.8 0
77.9 0
78 0
78.1 0
78.2 0
78.3 0
78.4 0
78.5 0
78.6 0
78.7 0
78.8 0
78.9 0
79 0
79.1 0
79.2 0
79.3 0
79.4 0
79.5 0
79.6 0
79.7 0
79.8 0
79.9 0
80 0
80.1 0
80.2 0
80.3 0
80.4 0
80.5 0
80.6 0
80.7 0
80.8 0
80.9 0
81 0
81.1 0
81.2 0
81.3 0
81.4 0
81.5 0
81.6 0
81.7 0
81.8 0
81.9 0
82 0
82.1 0
82.2 0
82.3 0
82.4 0
82.5 0
82.6 0
82.7 0
82.8 0
82.9 0
83 0
83.1 0
83.2 0
83.3 0
83.4 0
83.5 0
83.6 0
83.7 0
83.8 0
83.9 0
84 0
84.1 0
84.2 0
84.3 0
84.4 0
84.5 0
84.6 0
84.7 0
84.8 0
84.9 0
85 0
85.1 0
85.2 0
85.3 0
85.4 0
85.5 0
85.6 0
85.7 0
85.8 0
85.9 0
86 0
86.1 0
86.2 0
86.3 0
86.4 0
86.5 0
86.6 0
86.7 0
86.8 0
86.9 0
87 0
87.1 0
87.2 0
87.3 0
87.4 0
87.5 0
87.6 0
87.7 0
87.8 0
87.9 0
88 0
88.1 0
88.2 0
88.3 0
88.4 0
88.5 0
88.6 0
88.7 0
88.8 0
88.9 0
89 0
89.1 0
89.2 0
89.3 0
89.4 0
89.5 0
89.6 0
89.7 0
89.8 0
89.9 0
90 0
90.1 0
90.2 0
90.3 0
90.4 0
90.5 0
90.6 0
90.7 0
90.8 0
90.9 0
91 0
91.1 0
91.2 0
91.3 0
91.4 0
91.5 0
91.6 0
91.7 0
91.8 0
91.9 0
92 0
92.1 0
92.2 0
92.3 0
92.4 0
92.5 0
92.6 0
92.7 0
92.8 0
92.9 0
93 0
93.1 0
93.2 0
93.3 0
93.4 0
93.5 0
93.6 0
93.7 0
93.8 0
93.9 0
94 0
94.1 0
94.2 0
94.3 0
94.4 0
94.5 0
94.6 0
94.7 0
94.8 0
94.9 0
95 0
95.1 0
95.2 0
95.3 0
95.4 0
95.5 0
95.6 0
95.7 0
95.8 0
95.9 0
96 0
96.1 0
96.2 0
96.3 0
96.4 0
96.5 0
96.6 0
96.7 0
96.8 0
96.9 0
97 0
97.1 0
97.2 0
97.3 0
97.4 0
97.5 0
97.6 0
97.7 0
97.8 0
97.9 0
98 0
98.1 0
98.2 0
98.3 0
98.4 0
98.5 0
98.6 0
98.7 0
98.8 0
98.9 0
99 0
99.1 0
99.2 0
99.3 0
99.4 0
99.5 0
99.6 0
99.7 0
99.8 0
99.9 0
100 0
100.1 0
100.2 0
100.3 0
100.4 0
100.5 0
100.6 0
100.7 0
100.8 0
100.9 0
101 0
101.1 0
101.2 0
101.3 0
101.4 0
101.5 0
101.6 0
101.7 0
101.8 0
101.9 0
102 0
102.1 0
102.2 0
102.3 0
102.4 0
102.5 0
102.6 0
102.7 0
102.8 0
102.9 0
103 0
103.1 0
103.2 0
103.3 0
103.4 0
103.5 0
103.6 0
103.7 0
103.8 0
103.9 0
104 0
104.1 0
104.2 0
104.3 0
104.4 0
104.5 0
104.6 0
104.7 0
104.8 0
104.9 0
105 0
105.1 0
105.2 0
105.3 0
105.4 0
105.5 0
105.6 0
105.7 0
105.8 0
105.9 0
106 0
106.1 0
106.2 0
106.3 0
106.4 0
106.5 0
106.6 0
106.7 0
106.8 0
106.9 0
107 0
107.1 0
107.2 0
107.3 0
107.4 0
107.5 0
107.6 0
107.7 0
107.8 0
107.9 0
108 0
108.1 0
108.2 0
108.3 0
108.4 0
108.5 0
108.6 0
108.7 0
108.8 0
108.9 0
109 0
109.1 0
109.2 0
109.3 0
109.4 0
109.5 0
109.6 0
109.7 0
109.8 0
109.9 0
110 0
110.1 0
110.2 0
110.3 0
110.4 0
110.5 0
110.6 0
110.7 0
110.8 0
110.9 0
111 0
111.1 0
111.2 0
111.3 0
111.4 0
111.5 0
111.6 0
111.7 0
111.8 0
111.9 0
112 0
112.1 0
112.2 0
112.3 0
112.4 0
112.5 0
112.6 0
112.7 0
112.8 0
112.9 0
113 0
113.1 0
113.2 0
113.3 0
113.4 0
113.5 0
113.6 0
113.7 0
113.8 0
113.9 0
114 0
114.1 0
114.2 0
114.3 0
114.4 0
114.5 0
114.6 0
114.7 0
114.8 0
114.9 0
115 0
115.1 0
115.2 0
115.3 0
115.4 0
115.5 0
115.6 0
115.7 0
115.8 0
115.9 0
116 0
116.1 0
116.2 0
116.3 0
116.4 0
116.5 0
116.6 0
116.7 0
116.8 0
116.9 0
117 0
117.1 0
117.2 0
117.3 0
117.4 0
117.5 0
117.6 0
117.7 0
117.8 0
117.9 0
118 0
118.1 0
118.2 0
118.3 0
118.4 0
118.5 0
118.6 0
118.7 0
118.8 0
118.9 0
119 0
119.1 0
119.2 0
119.3 0
119.4 0
119.5 0
119.6 0
119.7 0
119.8 0
119.9 0
120 0
120.1 0
120.2 0
120.3 0
120.4 0
120.5 0
120.6 0
120.7 0
120.8 0
120.9 0
121 0
121.1 0
121.2 0
121.3 0
121.4 0
121.5 0
121.6 0
121.7 0
121.8 0
121.9 0
122 0
122.1 0
122.2 0
122.3 0
122.4 0
122.5 0
122.6 0
122.7 0
122.8 0
122.9 0
123 0
123.1 0
123.2 0
123.3 0
123.4 0
123.5 0
123.6 0
123.7 0
123.8 0
123.9 0
124 0
124.1 0
124.2 0
124.3 0
124.4 0
124.5 0
124.6 0
124.7 0
124.8 0
124.9 0
125 0
125.1 0
125.2 0
125.3 0
125.4 0
125.5 0
125.6 0
125.7 0
125.8 0
125.9 0
126 0
126.1 0
126.2 0
126.3 0
126.4 0
126.5 0
126.6 0
126.7 0
126.8 0
126.9 0
127 0
127.1 0
127.2 0
127.3 0
127.4 0
127.5 0
127.6 0
127.7 0
127.8 0
127.9 0
128 0
128.1 0
128.2 0
128.3 0
128.4 0
128.5 0
128.6 0
128.7 0
128.8 0
128.9 0
129 0
129.1 0
129.2 0
129.3 0
129.4 0
129.5 0
129.6 0
129.7 0
129.8 0
129.9 0
130 0
130.1 0
130.2 0
130.3 0
130.4 0
130.5 0
130.6 0
130.7 0
130.8 0
130.9 0
131 0
131.1 0
131.2 0
131.3 0
131.4 0
131.5 0
131.6 0
131.7 0
131.8 0
131.9 0
132 0
132.1 0
132.2 0
132.3 0
132.4 0
132.5 0
132.6 0
132.7 0
132.8 0
132.9 0
133 0
133.1 0
133.2 0
133.3 0
133.4 0
133.5 0
133.6 0
133.7 0
133.8 0
133.9 0
134 0
134.1 0
134.2 0
134.3 0
134.4 0
134.5 0
134.6 0
134.7 0
134.8 0
134.9 0
135 0
135.1 0
135.2 0
135.3 0
135.4 0
135.5 0
135.6 0
135.7 0
135.8 0
135.9 0
136 0
136.1 0
136.2 0
136.3 0
136.4 0
136.5 0
136.6 0
136.7 0
136.8 0
136.9 0
137 0
137.1 0
137.2 0
137.3 0
137.4 0
137.5 0
137.6 0
137.7 0
137.8 0
137.9 0
138 0
138.1 0
138.2 0
138.3 0
138.4 0
138.5 0
138.6 0
138.7 0
138.8 0
138.9 0
139 0
139.1 0
139.2 0
139.3 0
139.4 0
139.5 0
139.6 0
139.7 0
139.8 0
139.9 0
140 0
140.1 0
140.2 0
140.3 0
140.4 0
140.5 0
140.6 0
140.7 0
140.8 0
140.9 0
141 0
141.1 0
141.2 0
141.3 0
141.4 0
141.5 0
141.6 0
141.7 0
141.8 0
141.9 0
142 0
142.1 0
142.2 0
142.3 0
142.4 0
142.5 0
142.6 0
142.7 0
142.8 0
142.9 0
143 0
143.1 0
143.2 0
143.3 0
143.4 0
143.5 0
143.6 0
143.7 0
143.8 0
143.9 0
144 0
144.1 0
144.2 0
144.3 0
144.4 0
144.5 0
144.6 0
144.7 0
144.8 0
144.9 0
145 0
145.1 0
145.2 0
145.3 0
145.4 0
145.5 0
145.6 0
145.7 0
145.8 0
145.9 0
146 0
146.1 0
146.2 0
146.3 0
146.4 0
146.5 0
146.6 0
146.7 0
146.8 0
146.9 0
147 0
147.1 0
147.2 0
147.3 0
147.4 0
147.5 0
147.6 0
147.7 0
147.8 0
147.9 0
148 0
148.1 0
148.2 0
148.3 0
148.4 0
148.5 0
148.6 0
148.7 0
148.8 0
148.9 0
149 0
149.1 0
149.2 0
149.3 0
149.4 0
149.5 0
149.6 0
149.7 0
149.8 0
149.9 0
150 0
150.1 0
150.2 0
150.3 0
150.4 0
150.5 0
150.6 0
150.7 0
150.8 0
150.9 0
151 0
151.1 0
151.2 0
151.3 0
151.4 0
151.5 0
151.6 0
151.7 0
151.8 0
151.9 0
152 0
152.1 0
152.2 0
152.3 0
152.4 0
152.5 0
152.6 0
152.7 0
152.8 0
152.9 0
153 0
153.1 0
153.2 0
153.3 0
153.4 0
153.5 0
153.6 0
153.7 0
153.8 0
153.9 0
154 0
154.1 0
154.2 0
154.3 0
154.4 0
154.5 0
154.6 0
154.7 0
154.8 0
154.9 0
155 0
155.1 0
155.2 0
155.3 0
155.4 0
155.5 0
155.6 0
155.7 0
155.8 0
155.9 0
156 0
156.1 0
156.2 0
156.3 0
156.4 0
156.5 0
156.6 0
156.7 0
156.8 0
156.9 0
157 0
157.1 0
157.2 0
157.3 0
157.4 0
157.5 0
157.6 0
157.7 0
157.8 0
157.9 0
158 0
158.1 0
158.2 0
158.3 0
158.4 0
158.5 0
158.6 0
158.7 0
158.8 0
158.9 0
159 0
159.1 0
159.2 0
159.3 0
159.4 0
159.5 0
159.6 0
159.7 0
159.8 0
159.9 0
160 0
160.1 0
160.2 0
160.3 0
160.4 0
160.5 0
160.6 0
160.7 0
160.8 0
160.9 0
161 0
161.1 0
161.2 0
161.3 0
161.4 0
161.5 0
161.6 0
161.7 0
161.8 0
161.9 0
162 0
162.1 0
162.2 0
162.3 0
162.4 0
162.5 0
162.6 0
162.7 0
162.8 0
162.9 0
163 0
163.1 0
163.2 0
163.3 0
163.4 0
163.5 0
163.6 0
163.7 0
163.8 0
163.9 0
164 0
164.1 0
164.2 0
164.3 0
164.4 0
164.5 0
164.6 0
164.7 0
164.8 0
164.9 0
165 0
165.1 0
165.2 0
165.3 0
165.4 0
165.5 0
165.6 0
165.7 0
165.8 0
165.9 0
166 0
166.1 0
166.2 0
166.3 0
166.4 0
166.5 0
166.6 0
166.7 0
166.8 0
166.9 0
167 0
167.1 0
167.2 0
167.3 0
167.4 0
167.5 0
167.6 0
167.7 0
167.8 0
167.9 0
168 0
168.1 0
168.2 0
168.3 0
168.4 0
168.5 0
168.6 0
168.7 0
168.8 0
168.9 0
169 0
169.1 0
169.2 0
169.3 0
169.4 0
169.5 0
169.6 0
169.7 0
169.8 0
169.9 0
170 0
170.1 0
170.2 0
170.3 0
170.4 0
170.5 0
170.6 0
170.7 0
170.8 0
170.9 0
171 0
171.1 0
171.2 0
171.3 0
171.4 0
171.5 0
171.6 0
171.7 0
171.8 0
171.9 0
172 0
172.1 0
172.2 0
172.3 0
172.4 0
172.5 0
172.6 0
172.7 0
172.8 0
172.9 0
173 0
173.1 0
173.2 0
173.3 0
173.4 0
173.5 0
173.6 0
173.7 0
173.8 0
173.9 0
174 0
174.1 0
174.2 0
174.3 0
174.4 0
174.5 0
174.6 0
174.7 0
174.8 0
174.9 0
175 0
175.1 0
175.2 0
175.3 0
175.4 0
175.5 0
175.6 0
175.7 0
175.8 0
175.9 0
176 0
176.1 0
176.2 0
176.3 0
176.4 0
176.5 0
176.6 0
176.7 0
176.8 0
176.9 0
177 0
177.1 0
177.2 0
177.3 0
177.4 0
177.5 0
177.6 0
177.7 0
177.8 0
177.9 0
178 0
178.1 0
178.2 0
178.3 0
178.4 0
178.5 0
178.6 0
178.7 0
178.8 0
178.9 0
179 0
179.1 0
179.2 0
179.3 0
179.4 0
179.5 0
179.6 0
179.7 0
179.8 0
179.9 0
180 0
180.1 0
180.2 0
180.3 0
180.4 0
180.5 0
180.6 0
180.7 0
180.8 0
180.9 0
181 0
181.1 0
181.2 0
181.3 0
181.4 0
181.5 0
181.6 0
181.7 0
181.8 0
181.9 0
182 0
182.1 0
182.2 0
182.3 0
182.4 0
182.5 0
182.6 0
182.7 0
182.8 0
182.9 0
183 0
183.1 0
183.2 0
183.3 0
183.4 0
183.5 0
183.6 0
183.7 0
183.8 0
183.9 0
184 0
184.1 0
184.2 0
184.3 0
184.4 0
184.5 0
184.6 0
184.7 0
184.8 0
184.9 0
185 0
185.1 0
185.2 0
185.3 0
185.4 0
185.5 0
185.6 0
185.7 0
185.8 0
185.9 0
186 0
186.1 0
186.2 0
186.3 0
186.4 0
186.5 0
186.6 0
186.7 0
186.8 0
186.9 0
187 0
187.1 0
187.2 0
187.3 0
187.4 0
187.5 0
187.6 0
187.7 0
187.8 0
187.9 0
188 0
188.1 0
188.2 0
188.3 0
188.4 0
188.5 0
188.6 0
188.7 0
188.8 0
188.9 0
189 0
189.1 0
189.2 0
189.3 0
189.4 0
189.5 0
189.6 0
189.7 0
189.8 0
189.9 0
190 0
190.1 0
190.2 0
190.3 0
190.4 0
190.5 0
190.6 0
190.7 0
190.8 0
190.9 0
191 0
191.1 0
191.2 0
191.3 0
191.4 0
191.5 0
191.6 0
191.7 0
191.8 0
191.9 0
192 0
192.1 0
192.2 0
192.3 0
192.4 0
192.5 0
192.6 0
192.7 0
192.8 0
192.9 0
193 0
193.1 0
193.2 0
193.3 0
193.4 0
193.5 0
193.6 0
193.7 0
193.8 0
193.9 0
194 0
194.1 0
194.2 0
194.3 0
194.4 0
194.5 0
194.6 0
194.7 0
194.8 0
194.9 0
195 0
