0 0.5
0.1 0.5
0.2 0.501605136436597
0.3 0.503210272873194
0.4 0.504815409309791
0.5 0.506420545746388
0.6 0.508025682182985
0.7 0.509630818619583
0.8 0.51123595505618
0.9 0.512841091492777
1 0.514285714285714
1.1 0.515702011141535
1.2 0.517118307997356
1.3 0.519101123595506
1.4 0.520585874799358
1.5 0.52207062600321
1.6 0.523555377207063
1.7 0.525040128410915
1.8 0.526524879614767
1.9 0.52800963081862
2 0.529494382022472
2.1 0.530979133226324
2.2 0.532463884430177
2.3 0.533948635634029
2.4 0.535433386837881
2.5 0.536918138041733
2.6 0.538402889245586
2.7 0.539887640449438
2.8 0.541372391653291
2.9 0.542857142857143
3 0.544285714285714
3.1 0.545818656229615
3.2 0.547351598173516
3.3 0.548884540117417
3.4 0.550417482061318
3.5 0.551950424005219
3.6 0.553483365949119
3.7 0.55501630789302
3.8 0.556549249836921
3.9 0.558082191780822
4 0.559615133724723
4.1 0.561148075668624
4.2 0.562681017612525
4.3 0.564213959556425
4.4 0.565746901500326
4.5 0.566666666666667
4.6 0.568212560386473
4.7 0.56975845410628
4.8 0.571304347826087
4.9 0.572850241545894
5 0.5743961352657
5.1 0.575942028985507
5.2 0.577487922705314
5.3 0.579033816425121
5.4 0.580579710144927
5.5 0.582125603864734
5.6 0.583671497584541
5.7 0.585217391304348
5.8 0.586763285024154
5.9 0.588309178743961
6 0.589855072463768
6.1 0.591400966183575
6.2 0.592946859903381
6.3 0.594492753623188
6.4 0.596038647342995
6.5 0.597584541062802
6.6 0.599130434782609
6.7 0.600676328502415
6.8 0.602222222222222
6.9 0.603770424836601
7 0.60531862745098
7.1 0.606866830065359
7.2 0.608415032679738
7.3 0.609963235294117
7.4 0.611511437908496
7.5 0.613059640522876
7.6 0.614607843137255
7.7 0.616156045751634
7.8 0.617704248366013
7.9 0.619252450980392
8 0.620800653594771
8.1 0.62234885620915
8.2 0.623897058823529
8.3 0.625445261437908
8.4 0.626993464052287
8.5 0.628541666666666
8.6 0.630089869281045
8.7 0.631638071895425
8.8 0.633186274509804
8.9 0.634734477124183
9 0.636282679738562
9.1 0.637830882352941
9.2 0.63937908496732
9.3 0.640927287581699
9.4 0.642475490196078
9.5 0.644023692810457
9.6 0.645571895424837
9.7 0.647120098039216
9.8 0.648668300653595
9.9 0.650216503267974
10 0.651764705882353
10.1 0.653312745098039
10.2 0.654860784313725
10.3 0.656408823529412
10.4 0.657956862745098
10.5 0.659504901960784
10.6 0.66105294117647
10.7 0.662600980392157
10.8 0.664149019607843
10.9 0.665697058823529
11 0.667245098039215
11.1 0.668793137254902
11.2 0.670341176470588
11.3 0.671889215686274
11.4 0.67343725490196
11.5 0.674985294117647
11.6 0.676533333333333
11.7 0.678081372549019
11.8 0.679629411764705
11.9 0.681177450980392
12 0.682725490196078
12.1 0.684273529411764
12.2 0.68582156862745
12.3 0.687369607843137
12.4 0.688917647058823
12.5 0.690465686274509
12.6 0.692013725490195
12.7 0.693561764705882
12.8 0.695109803921568
12.9 0.696657843137254
13 0.698205882352941
13.1 0.699753921568627
13.2 0.701301960784313
13.3 0.70285
13.4 0.704398039215686
13.5 0.705946078431372
13.6 0.707494117647058
13.7 0.709042156862745
13.8 0.710590196078431
13.9 0.712138235294117
14 0.713686274509804
14.1 0.71523431372549
14.2 0.716782352941176
14.3 0.718330392156863
14.4 0.719878431372549
14.5 0.721426470588235
14.6 0.722974509803921
14.7 0.724522549019608
14.8 0.726070588235294
14.9 0.72761862745098
15 0.729166666666667
15.1 0.730672482379902
15.2 0.732178298093138
15.3 0.733684113806373
15.4 0.735189929519609
15.5 0.736695745232845
15.6 0.73820156094608
15.7 0.739707376659316
15.8 0.741213192372551
15.9 0.742719008085787
16 0.744224823799023
16.1 0.745730639512258
16.2 0.747236455225494
16.3 0.748742270938729
16.4 0.750248086651965
16.5 0.751753902365201
16.6 0.753259718078436
16.7 0.754765533791672
16.8 0.756271349504907
16.9 0.757777165218143
17 0.759282980931379
17.1 0.760788796644614
17.2 0.76229461235785
17.3 0.763800428071086
17.4 0.765306243784321
17.5 0.766812059497557
17.6 0.768317875210792
17.7 0.769823690924028
17.8 0.771329506637264
17.9 0.772835322350499
18 0.774341138063735
18.1 0.77584695377697
18.2 0.777352769490206
18.3 0.778858585203442
18.4 0.780364400916677
18.5 0.781870216629913
18.6 0.783376032343148
18.7 0.784881848056384
18.8 0.78638766376962
18.9 0.787893479482855
19 0.789399295196091
19.1 0.790905110909326
19.2 0.792410926622562
19.3 0.793916742335798
19.4 0.795422558049033
19.5 0.796928373762269
19.6 0.798434189475504
19.7 0.79994000518874
19.8 0.801445820901976
19.9 0.802951636615211
20 0.804457452328447
20.1 0.805963268041683
20.2 0.807469083754918
20.3 0.808974899468154
20.4 0.81048071518139
20.5 0.811986530894625
20.6 0.813492346607861
20.7 0.814998162321096
20.8 0.816503978034332
20.9 0.818461538461538
21 0.819981671283092
21.1 0.821501804104646
21.2 0.8230219369262
21.3 0.824542069747754
21.4 0.826062202569308
21.5 0.827582335390862
21.6 0.829102468212416
21.7 0.83062260103397
21.8 0.832142733855524
21.9 0.833662866677078
22 0.835182999498632
22.1 0.836703132320186
22.2 0.83822326514174
22.3 0.839743397963294
22.4 0.841263530784848
22.5 0.842783663606402
22.6 0.844303796427955
22.7 0.845823929249509
22.8 0.847344062071063
22.9 0.848864194892617
23 0.850384327714171
23.1 0.851904460535725
23.2 0.853424593357279
23.3 0.854944726178833
23.4 0.856464859000387
23.5 0.85798499182194
23.6 0.859505124643494
23.7 0.861025257465048
23.8 0.862545390286602
23.9 0.864065523108156
24 0.86558565592971
24.1 0.867105788751264
24.2 0.868625921572818
24.3 0.870146054394372
24.4 0.871666187215925
24.5 0.873186320037479
24.6 0.874706452859033
24.7 0.876530612244898
24.8 0.878117514611478
24.9 0.879704416978059
25 0.881291319344639
25.1 0.88287822171122
25.2 0.8844651240778
25.3 0.886052026444381
25.4 0.887638928810961
25.5 0.889225831177541
25.6 0.890812733544122
25.7 0.892399635910702
25.8 0.893986538277283
25.9 0.895573440643863
26 0.897160343010444
26.1 0.898747245377024
26.2 0.900334147743604
26.3 0.901921050110185
26.4 0.903507952476765
26.5 0.905094854843346
26.6 0.906681757209926
26.7 0.908268659576507
26.8 0.909855561943087
26.9 0.911442464309667
27 0.913029366676248
27.1 0.914616269042828
27.2 0.916203171409409
27.3 0.917790073775989
27.4 0.91937697614257
27.5 0.92096387850915
27.6 0.922550780875731
27.7 0.924137683242311
27.8 0.925724585608891
27.9 0.927311487975472
28 0.928898390342052
28.1 0.930485292708633
28.2 0.932072195075213
28.3 0.933659097441794
28.4 0.935245999808374
28.5 0.936832902174954
28.6 0.938419804541535
28.7 0.940006706908115
28.8 0.941593609274696
28.9 0.943180511641276
29 0.944767414007857
29.1 0.946354316374437
29.2 0.947941218741017
29.3 0.949528121107598
29.4 0.951115023474178
29.5 0.952701925840759
29.6 0.954288828207339
29.7 0.95587573057392
29.8 0.9574626329405
29.9 0.95904953530708
30 0.960636437673661
30.1 0.962223340040241
30.2 0.963810242406822
30.3 0.965397144773402
30.4 0.966666666666667
30.5 0.966714015151515
30.6 0.966761363636364
30.7 0.966808712121212
30.8 0.96685606060606
30.9 0.966903409090909
31 0.966950757575757
31.1 0.966998106060606
31.2 0.967045454545454
31.3 0.967092803030303
31.4 0.967140151515151
31.5 0.9671875
31.6 0.967234848484848
31.7 0.967282196969697
31.8 0.967329545454545
31.9 0.967376893939394
32 0.967424242424242
32.1 0.967471590909091
32.2 0.967518939393939
32.3 0.967566287878788
32.4 0.967613636363636
32.5 0.967660984848485
32.6 0.967708333333333
32.7 0.967755681818182
32.8 0.96780303030303
32.9 0.967850378787878
33 0.967897727272727
33.1 0.967945075757575
33.2 0.967992424242424
33.3 0.968039772727272
33.4 0.968087121212121
33.5 0.968134469696969
33.6 0.968181818181818
33.7 0.968229166666666
33.8 0.968276515151515
33.9 0.968323863636363
34 0.968371212121212
34.1 0.96841856060606
34.2 0.968465909090909
34.3 0.968513257575757
34.4 0.968560606060606
34.5 0.968607954545454
34.6 0.968655303030303
34.7 0.968702651515151
34.8 0.96875
34.9 0.968954859114433
35 0.969159718228867
35.1 0.969364577343301
35.2 0.969569436457734
35.3 0.969774295572168
35.4 0.969979154686601
35.5 0.970184013801035
35.6 0.970388872915468
35.7 0.970593732029902
35.8 0.970798591144336
35.9 0.971003450258769
36 0.971208309373203
36.1 0.971413168487636
36.2 0.97161802760207
36.3 0.971822886716504
36.4 0.972027745830937
36.5 0.972232604945371
36.6 0.972437464059804
36.7 0.972642323174238
36.8 0.972847182288671
36.9 0.973052041403105
37 0.973256900517539
37.1 0.973461759631972
37.2 0.973666618746406
37.3 0.973871477860839
37.4 0.974076336975273
37.5 0.974281196089706
37.6 0.97448605520414
37.7 0.974690914318574
37.8 0.974895773433007
37.9 0.975100632547441
38 0.975305491661874
38.1 0.975510350776308
38.2 0.975715209890741
38.3 0.975920069005175
38.4 0.976124928119609
38.5 0.976329787234042
38.6 0.976534646348476
38.7 0.976739505462909
38.8 0.976944364577343
38.9 0.977149223691777
39 0.97735408280621
39.1 0.977558941920644
39.2 0.977763801035078
39.3 0.977968660149511
39.4 0.978173519263945
39.5 0.978378378378378
39.6 0.978451921309064
39.7 0.97852546423975
39.8 0.978599007170436
39.9 0.978672550101122
40 0.978746093031807
40.1 0.978819635962493
40.2 0.978893178893179
40.3 0.978966721823865
40.4 0.979040264754551
40.5 0.979113807685236
40.6 0.979187350615922
40.7 0.979260893546608
40.8 0.979334436477294
40.9 0.97940797940798
41 0.979481522338665
41.1 0.979555065269351
41.2 0.979628608200037
41.3 0.979702151130723
41.4 0.979775694061408
41.5 0.979849236992094
41.6 0.97992277992278
41.7 0.979996322853466
41.8 0.980069865784152
41.9 0.980143408714837
42 0.980216951645523
42.1 0.980290494576209
42.2 0.980364037506895
42.3 0.980437580437581
42.4 0.980511123368266
42.5 0.980584666298952
42.6 0.980658209229638
42.7 0.980731752160324
42.8 0.980805295091009
42.9 0.980878838021695
43 0.980952380952381
43.1 0.981386377335745
43.2 0.981820373719108
43.3 0.982254370102472
43.4 0.982688366485835
43.5 0.983122362869198
43.6 0.983390261871275
43.7 0.983658160873351
43.8 0.983926059875427
43.9 0.984193958877503
44 0.98446185787958
44.1 0.984729756881656
44.2 0.984997655883732
44.3 0.985265554885808
44.4 0.985533453887885
44.5 0.985801352889961
44.6 0.986069251892037
44.7 0.986337150894113
44.8 0.98660504989619
44.9 0.986872948898266
45 0.987140847900342
45.1 0.987408746902418
45.2 0.987676645904495
45.3 0.987944544906571
45.4 0.988212443908647
45.5 0.988480342910723
45.6 0.9887482419128
45.7 0.989016140914876
45.8 0.989284039916952
45.9 0.989551938919028
46 0.989819837921105
46.1 0.990087736923181
46.2 0.990355635925257
46.3 0.990623534927333
46.4 0.990891433929409
46.5 0.991159332931486
46.6 0.991427231933562
46.7 0.991695130935638
46.8 0.991963029937714
46.9 0.992230928939791
47 0.992498827941867
47.1 0.992766726943943
47.2 0.993034625946019
47.3 0.993302524948095
47.4 0.993570423950171
47.5 0.993838322952248
47.6 0.994106221954324
47.7 0.9943741209564
47.8 0.994642019958476
47.9 0.994909918960552
48 0.995177817962629
48.1 0.995445716964705
48.2 0.995713615966781
48.3 0.995981514968857
48.4 0.996249413970933
48.5 0.99651731297301
48.6 0.996785211975086
48.7 0.997053110977162
48.8 0.997321009979238
48.9 0.997588908981314
49 0.99785680798339
49.1 0.998124706985467
49.2 0.998392605987543
49.3 0.998660504989619
49.4 0.998928403991695
49.5 0.999196302993771
49.6 0.999464201995848
49.7 0.999732100997924
49.8 1
49.9 1
50 1
50.1 1
50.2 1
50.3 1
50.4 1
50.5 1
50.6 1
50.7 1
50.8 1
50.9 1
51 1
51.1 0.997981266149871
51.2 0.995962532299742
51.3 0.993943798449612
51.4 0.991925064599483
51.5 0.989906330749354
51.6 0.987887596899225
51.7 0.985868863049096
51.8 0.983850129198967
51.9 0.981831395348837
52 0.98062015503876
52.1 0.974020854982621
52.2 0.966101694915254
52.3 0.970000204288701
52.4 0.973898713662147
52.5 0.977797223035594
52.6 0.980916030534351
52.7 0.979404183602657
52.8 0.977892336670963
52.9 0.976380489739268
53 0.974868642807574
53.1 0.97335679587588
53.2 0.971844948944186
53.3 0.970333102012491
53.4 0.968821255080797
53.5 0.967309408149103
53.6 0.965797561217409
53.7 0.964285714285714
53.8 0.964012931656512
53.9 0.96374014902731
54 0.963467366398108
54.1 0.963194583768906
54.2 0.962921801139703
54.3 0.962649018510501
54.4 0.962376235881299
54.5 0.962103453252097
54.6 0.961830670622895
54.7 0.961557887993693
54.8 0.96128510536449
54.9 0.961012322735288
55 0.960739540106086
55.1 0.960466757476884
55.2 0.960193974847682
55.3 0.959839357429719
55.4 0.944664031620553
55.5 0.954871580270252
55.6 0.956264051785635
55.7 0.957656523301019
55.8 0.959048994816403
55.9 0.960441466331787
56 0.961833937847171
56.1 0.963226409362554
56.2 0.964618880877938
56.3 0.966011352393322
56.4 0.967403823908706
56.5 0.96879629542409
56.6 0.970188766939473
56.7 0.971581238454857
56.8 0.972973709970241
56.9 0.974366181485625
57 0.975758653001008
57.1 0.977151124516392
57.2 0.978543596031776
57.3 0.97993606754716
57.4 0.981328539062543
57.5 0.982721010577927
57.6 0.984113482093311
57.7 0.985505953608695
57.8 0.986898425124078
57.9 0.988290896639462
58 0.989683368154846
58.1 0.991075839670229
58.2 0.992468311185613
58.3 0.993860782700997
58.4 0.995670995670996
58.5 0.993816972077842
58.6 0.991962948484688
58.7 0.990108924891534
58.8 0.98825490129838
58.9 0.986400877705226
59 0.984546854112072
59.1 0.982692830518918
59.2 0.980838806925764
59.3 0.97898478333261
59.4 0.977130759739455
59.5 0.975276736146301
59.6 0.973422712553147
59.7 0.971568688959993
59.8 0.97008547008547
59.9 0.959401709401709
60 0.956058337445199
60.1 0.960780737240591
60.2 0.965503137035984
60.3 0.970225536831377
60.4 0.974947936626769
60.5 0.979670336422162
60.6 0.984392736217554
60.7 0.989115136012947
60.8 0.995726495726496
60.9 0.995963912630579
61 0.996153846153846
61.1 0.991416309012876
61.2 0.989330749775146
61.3 0.987245190537416
61.4 0.985159631299687
61.5 0.983074072061957
61.6 0.980988512824228
61.7 0.978902953586498
61.8 0.977889325379504
61.9 0.976875697172511
62 0.975862068965517
62.1 0.974768865567216
62.2 0.973675662168916
62.3 0.972582458770615
62.4 0.971489255372314
62.5 0.970762145513715
62.6 0.979166666666667
62.7 0.976979562206835
62.8 0.974792457747003
62.9 0.972605353287172
63 0.969233314171592
63.1 0.965507261665997
63.2 0.961781209160403
63.3 0.958055156654808
63.4 0.954329104149214
63.5 0.950603051643619
63.6 0.946876999138024
63.7 0.94315094663243
63.8 0.939424894126835
63.9 0.935698841621241
64 0.931972789115646
64.1 0.928231292517007
64.2 0.924489795918367
64.3 0.920748299319728
64.4 0.917006802721088
64.5 0.913265306122449
64.6 0.909523809523809
64.7 0.90578231292517
64.8 0.90204081632653
64.9 0.898299319727891
65 0.894557823129252
65.1 0.890765123253602
65.2 0.886972423377953
65.3 0.883179723502304
65.4 0.879387023626655
65.5 0.875594323751006
65.6 0.871801623875356
65.7 0.868008923999707
65.8 0.864216224124058
65.9 0.860423524248409
66 0.85663082437276
66.1 0.852868194424172
66.2 0.849105564475583
66.3 0.845342934526995
66.4 0.841580304578407
66.5 0.837817674629819
66.6 0.83405504468123
66.7 0.830292414732642
66.8 0.826529784784054
66.9 0.822767154835466
67 0.819004524886878
67.1 0.810924369747899
67.2 0.822633354417036
67.3 0.834342339086173
67.4 0.847222222222222
67.5 0.78988326848249
67.6 0.794202825227745
67.7 0.798522381972999
67.8 0.802841938718253
67.9 0.807161495463508
68 0.810185185185185
68.1 0.815713853599516
68.2 0.820689655172414
68.3 0.865370606877631
68.4 0.910051558582851
68.5 0.954732510288066
68.6 0.954989443891109
68.7 0.931796935718669
68.8 0.908604427546229
68.9 0.885411919373789
69 0.862219411201349
69.1 0.841346153846154
69.2 0.841464552758555
69.3 0.841582951670957
69.4 0.841701350583358
69.5 0.84180790960452
69.6 0.826387504154204
69.7 0.810967098703888
69.8 0.795546693253572
69.9 0.780126287803256
70 0.764705882352941
70.1 0.763729365263892
70.2 0.762752848174843
70.3 0.761776331085794
70.4 0.760799813996745
70.5 0.759823296907696
70.6 0.758846779818647
70.7 0.757870262729598
70.8 0.756893745640549
70.9 0.7559172285515
71 0.754940711462451
71.1 0.753804303435148
71.2 0.752667895407846
71.3 0.751531487380544
71.4 0.750395079353242
71.5 0.748917748917749
71.6 0.743759044398703
71.7 0.738600339879657
71.8 0.733441635360612
71.9 0.728282930841566
72 0.72312422632252
72.1 0.716417910447761
72.2 0.764991235269681
72.3 0.832993890020367
72.4 0.8069505310901
72.5 0.780907172159835
72.6 0.754863813229572
72.7 0.741891140723825
72.8 0.728918468218079
72.9 0.726646224956143
73 0.709459459459459
73.1 0.712158723609105
73.2 0.714857987758751
73.3 0.717557251908397
73.4 0.749156606529049
73.5 0.774436090225564
73.6 0.845454545454546
73.7 0.925506493506494
73.8 0.957563357346143
73.9 0.832441363070867
74 0.744855967078189
74.1 0.95625
74.2 0.861044730392155
74.3 0.803921568627451
74.4 0.893992932862191
74.5 0.588932806324111
74.6 0.619938101275265
74.7 0.568858093953184
74.8 0.819285094700695
74.9 0.480286738351254
75 0.606060606060606
75.1 0.308641975308642
75.2 0.738853503184713
75.3 0.603951890034363
75.4 0.67504835589942
75.5 0.671695680206318
75.6 0.579386146856344
75.7 0.597572362278212
75.8 0.572687224669604
75.9 0.762877831481756
76 0.631507381507382
76.1 0.551122194513716
76.2 0.464536897613692
76.3 0.66201159951161
76.4 0.78475379594153
76.5 0.740965642301587
76.6 0.809079312378867
76.7 0.87719298245614
76.8 0.6
76.9 0.670196078431377
77 0.578420964594371
77.1 0.615065723445779
77.2 0.440758293838863
77.3 0.582879146919439
77.4 0.725
77.5 0.4
77.6 0.424307036247336
77.7 0.448614072494672
77.8 0.485074626865672
77.9 0.571877454831115
78 0.519737644905437
78.1 0.807606263982103
78.2 0.665404879884581
78.3 0.452102803738318
78.4 0.51029809764414
78.5 0.580132450331126
78.6 0.557046979865772
78.7 0.752558968347889
78.8 0.732913646069055
78.9 0.606018576670425
79 0.481361443255721
79.1 0.600448613310652
79.2 0.719535783365571
79.3 0.206829268292683
79.4 0.169452369995396
79.5 0.132075471698113
79.6 0.0880503144654063
79.7 0.0440251572327006
79.8 0
79.9 0
80 0
80.1 0
80.2 0
80.3 0
80.4 0
80.5 0
80.6 0
80.7 0
80.8 0
80.9 0
81 0
81.1 0
81.2 0
81.3 0
81.4 0
81.5 0
81.6 0
81.7 0
81.8 0
81.9 0
82 0
82.1 0
82.2 0
82.3 0
82.4 0
82.5 0
82.6 0
82.7 0
82.8 0
82.9 0
83 0
83.1 0
83.2 0
83.3 0
83.4 0
83.5 0
83.6 0
83.7 0
83.8 0
83.9 0
84 0
84.1 0
84.2 0
84.3 0
84.4 0
84.5 0
84.6 0
84.7 0
84.8 0
84.9 0
85 0
85.1 0
85.2 0
85.3 0
85.4 0
85.5 0
85.6 0
85.7 0
85.8 0
85.9 0
86 0
86.1 0
86.2 0
86.3 0
86.4 0
86.5 0
86.6 0
86.7 0
86.8 0
86.9 0
87 0
87.1 0
87.2 0
87.3 0
87.4 0
87.5 0
87.6 0
87.7 0
87.8 0
87.9 0
88 0
88.1 0
88.2 0
88.3 0
88.4 0
88.5 0
88.6 0
88.7 0
88.8 0
88.9 0
89 0
89.1 0
89.2 0
89.3 0
89.4 0
89.5 0
89.6 0
89.7 0
89.8 0
89.9 0
90 0
90.1 0
90.2 0
90.3 0
90.4 0
90.5 0
90.6 0
90.7 0
90.8 0
90.9 0
91 0
91.1 0
91.2 0
91.3 0
91.4 0
91.5 0
91.6 0
91.7 0
91.8 0
91.9 0
92 0
92.1 0
92.2 0
92.3 0
92.4 0
92.5 0
92.6 0
92.7 0
92.8 0
92.9 0
93 0
93.1 0
93.2 0
93.3 0
93.4 0
93.5 0
93.6 0
93.7 0
93.8 0
93.9 0
94 0
94.1 0
94.2 0
94.3 0
94.4 0
94.5 0
94.6 0
94.7 0
94.8 0
94.9 0
95 0
95.1 0
95.2 0
95.3 0
95.4 0
95.5 0
95.6 0
95.7 0
95.8 0
95.9 0
96 0
96.1 0
96.2 0
96.3 0
96.4 0
96.5 0
96.6 0
96.7 0
96.8 0
96.9 0
97 0
97.1 0
97.2 0
97.3 0
97.4 0
97.5 0
97.6 0
97.7 0
97.8 0
97.9 0
98 0
98.1 0
98.2 0
98.3 0
98.4 0
98.5 0
98.6 0
98.7 0
98.8 0
98.9 0
99 0
99.1 0
99.2 0
99.3 0
99.4 0
99.5 0
99.6 0
99.7 0
99.8 0
99.9 0
100 0
100.1 0
100.2 0
100.3 0
100.4 0
100.5 0
100.6 0
100.7 0
100.8 0
100.9 0
101 0
101.1 0
101.2 0
101.3 0
101.4 0
101.5 0
101.6 0
101.7 0
101.8 0
101.9 0
102 0
102.1 0
102.2 0
102.3 0
102.4 0
102.5 0
102.6 0
102.7 0
102.8 0
102.9 0
103 0
103.1 0
103.2 0
103.3 0
103.4 0
103.5 0
103.6 0
103.7 0
103.8 0
