0 0.201
0.1 0.201
0.2 0.201814814814815
0.3 0.20262962962963
0.4 0.203444444444444
0.5 0.204259259259259
0.6 0.205074074074074
0.7 0.205888888888889
0.8 0.206703703703704
0.9 0.207518518518519
1 0.208333333333333
1.1 0.209166666666667
1.2 0.21
1.3 0.210833333333333
1.4 0.211666666666667
1.5 0.2125
1.6 0.213333333333333
1.7 0.214166666666667
1.8 0.215
1.9 0.215833333333333
2 0.216666666666667
2.1 0.2175
2.2 0.218333333333333
2.3 0.219166666666667
2.4 0.22
2.5 0.220833333333333
2.6 0.221666666666667
2.7 0.2225
2.8 0.223333333333333
2.9 0.224166666666667
3 0.225
3.1 0.225833333333333
3.2 0.226674641148325
3.3 0.227515948963317
3.4 0.228357256778309
3.5 0.229198564593301
3.6 0.230039872408294
3.7 0.230881180223286
3.8 0.231722488038278
3.9 0.23256379585327
4 0.233405103668262
4.1 0.234246411483254
4.2 0.235087719298246
4.3 0.235929027113238
4.4 0.23677033492823
4.5 0.237611642743222
4.6 0.238452950558214
4.7 0.239294258373206
4.8 0.240135566188198
4.9 0.24097687400319
5 0.241818181818182
5.1 0.242653949329359
5.2 0.243489716840537
5.3 0.244325484351714
5.4 0.245161251862891
5.5 0.245997019374069
5.6 0.246832786885246
5.7 0.247668554396423
5.8 0.248504321907601
5.9 0.249340089418778
6 0.250175856929955
6.1 0.251011624441133
6.2 0.25184739195231
6.3 0.252683159463487
6.4 0.253518926974665
6.5 0.254354694485842
6.6 0.255190461997019
6.7 0.256026229508197
6.8 0.256861997019374
6.9 0.257697764530552
7 0.258533532041729
7.1 0.259369299552906
7.2 0.260205067064084
7.3 0.261040834575261
7.4 0.261876602086438
7.5 0.262712369597616
7.6 0.263548137108793
7.7 0.26438390461997
7.8 0.265219672131148
7.9 0.266055439642325
8 0.266891207153502
8.1 0.26772697466468
8.2 0.268562742175857
8.3 0.269398509687034
8.4 0.270234277198212
8.5 0.271070044709389
8.6 0.271905812220566
8.7 0.272741579731744
8.8 0.273577347242921
8.9 0.274413114754098
9 0.275248882265276
9.1 0.276084649776453
9.2 0.27692041728763
9.3 0.277756184798808
9.4 0.278591952309985
9.5 0.279427719821162
9.6 0.28026348733234
9.7 0.281099254843517
9.8 0.281935022354694
9.9 0.282770789865872
10 0.283606557377049
10.1 0.284434426229508
10.2 0.285262295081967
10.3 0.286090163934426
10.4 0.286918032786885
10.5 0.287745901639344
10.6 0.288573770491803
10.7 0.289401639344262
10.8 0.290229508196721
10.9 0.29105737704918
11 0.291885245901639
11.1 0.292713114754098
11.2 0.293540983606557
11.3 0.294368852459016
11.4 0.295196721311475
11.5 0.296024590163934
11.6 0.296852459016393
11.7 0.297680327868852
11.8 0.298508196721311
11.9 0.29933606557377
12 0.300163934426229
12.1 0.300991803278688
12.2 0.301819672131147
12.3 0.302647540983606
12.4 0.303475409836065
12.5 0.304303278688524
12.6 0.305131147540983
12.7 0.305959016393442
12.8 0.306786885245901
12.9 0.30761475409836
13 0.308442622950819
13.1 0.309270491803278
13.2 0.310098360655737
13.3 0.310926229508196
13.4 0.311754098360655
13.5 0.312581967213115
13.6 0.313409836065574
13.7 0.314237704918033
13.8 0.315065573770492
13.9 0.315893442622951
14 0.31672131147541
14.1 0.317549180327869
14.2 0.318377049180328
14.3 0.319204918032787
14.4 0.320032786885246
14.5 0.320860655737705
14.6 0.321688524590164
14.7 0.322516393442623
14.8 0.323344262295082
14.9 0.324172131147541
15 0.325
15.1 0.325844
15.2 0.326688
15.3 0.327532
15.4 0.328376
15.5 0.32922
15.6 0.330064
15.7 0.330908
15.8 0.331752
15.9 0.332596
16 0.33344
16.1 0.334284
16.2 0.335128
16.3 0.335972
16.4 0.336816
16.5 0.33766
16.6 0.338504
16.7 0.339348
16.8 0.340192
16.9 0.341036
17 0.34188
17.1 0.342724
17.2 0.343568
17.3 0.344412
17.4 0.345256
17.5 0.3461
17.6 0.346944
17.7 0.347788
17.8 0.348632
17.9 0.349476
18 0.35032
18.1 0.351164
18.2 0.352008
18.3 0.352852
18.4 0.353696
18.5 0.35454
18.6 0.355384
18.7 0.356228
18.8 0.357072
18.9 0.357916
19 0.35876
19.1 0.359604
19.2 0.360448
19.3 0.361292
19.4 0.362136
19.5 0.36298
19.6 0.363824
19.7 0.364668
19.8 0.365512
19.9 0.366356
20 0.3672
20.1 0.368056
20.2 0.368912
20.3 0.369768
20.4 0.370624
20.5 0.37148
20.6 0.372336
20.7 0.373192
20.8 0.374048
20.9 0.374904
21 0.37576
21.1 0.376616
21.2 0.377472
21.3 0.378328
21.4 0.379184
21.5 0.38004
21.6 0.380896
21.7 0.381752
21.8 0.382608
21.9 0.383464
22 0.38432
22.1 0.385176
22.2 0.386032
22.3 0.386888
22.4 0.387744
22.5 0.3886
22.6 0.389456
22.7 0.390312
22.8 0.391168
22.9 0.392024
23 0.39288
23.1 0.393736
23.2 0.394592
23.3 0.395448
23.4 0.396304
23.5 0.39716
23.6 0.398016
23.7 0.398872
23.8 0.399728
23.9 0.400584
24 0.40144
24.1 0.402296
24.2 0.403152
24.3 0.404008
24.4 0.404864
24.5 0.40572
24.6 0.406576
24.7 0.407432
24.8 0.408288
24.9 0.409144
25 0.41
25.1 0.4108
25.2 0.4116
25.3 0.4124
25.4 0.4132
25.5 0.414
25.6 0.4148
25.7 0.4156
25.8 0.4164
25.9 0.4172
26 0.418
26.1 0.4188
26.2 0.4196
26.3 0.4204
26.4 0.4212
26.5 0.422
26.6 0.4228
26.7 0.4236
26.8 0.4244
26.9 0.4252
27 0.426
27.1 0.4268
27.2 0.4276
27.3 0.4284
27.4 0.4292
27.5 0.43
27.6 0.4308
27.7 0.4316
27.8 0.4324
27.9 0.4332
28 0.434
28.1 0.4348
28.2 0.4356
28.3 0.4364
28.4 0.4372
28.5 0.438
28.6 0.4388
28.7 0.4396
28.8 0.4404
28.9 0.4412
29 0.442
29.1 0.4428
29.2 0.4436
29.3 0.4444
29.4 0.4452
29.5 0.446
29.6 0.4468
29.7 0.4476
29.8 0.4484
29.9 0.4492
30 0.45
30.1 0.450125
30.2 0.45025
30.3 0.450375
30.4 0.4505
30.5 0.450625
30.6 0.45075
30.7 0.450875
30.8 0.451
30.9 0.451125
31 0.45125
31.1 0.451375
31.2 0.4515
31.3 0.451625
31.4 0.45175
31.5 0.451875
31.6 0.452
31.7 0.452125
31.8 0.45225
31.9 0.452375
32 0.4525
32.1 0.452625
32.2 0.45275
32.3 0.452875
32.4 0.453
32.5 0.453125
32.6 0.45325
32.7 0.453375
32.8 0.4535
32.9 0.453625
33 0.45375
33.1 0.453875
33.2 0.454
33.3 0.454125
33.4 0.45425
33.5 0.454375
33.6 0.4545
33.7 0.454625
33.8 0.45475
33.9 0.454875
34 0.455
34.1 0.455125
34.2 0.45525
34.3 0.455375
34.4 0.4555
34.5 0.455625
34.6 0.45575
34.7 0.455875
34.8 0.456
34.9 0.456125
35 0.45625
35.1 0.456301867219917
35.2 0.456353734439834
35.3 0.456405601659751
35.4 0.456457468879668
35.5 0.456509336099585
35.6 0.456561203319502
35.7 0.456613070539419
35.8 0.456664937759336
35.9 0.456716804979253
36 0.45676867219917
36.1 0.456820539419087
36.2 0.456872406639004
36.3 0.456924273858921
36.4 0.456976141078838
36.5 0.457028008298755
36.6 0.457079875518672
36.7 0.457131742738589
36.8 0.457183609958506
36.9 0.457235477178423
37 0.45728734439834
37.1 0.457339211618257
37.2 0.457391078838174
37.3 0.457442946058091
37.4 0.457644778841769
37.5 0.457732965760957
37.6 0.457821152680145
37.7 0.457909339599332
37.8 0.45799752651852
37.9 0.458085713437708
38 0.458173900356895
38.1 0.458262087276083
38.2 0.458350274195271
38.3 0.458438461114458
38.4 0.458526648033646
38.5 0.458614834952834
38.6 0.458703021872021
38.7 0.458791208791209
38.8 0.458435169121278
38.9 0.458079129451348
39 0.457723089781418
39.1 0.457367050111488
39.2 0.457011010441557
39.3 0.456654970771627
39.4 0.456298931101697
39.5 0.455942891431766
39.6 0.455586851761836
39.7 0.455230812091906
39.8 0.454874772421975
39.9 0.454518732752045
40 0.454162693082115
40.1 0.453806653412185
40.2 0.453450613742254
40.3 0.453094574072324
40.4 0.452738534402394
40.5 0.452382494732464
40.6 0.452026455062533
40.7 0.451670415392603
40.8 0.451314375722673
40.9 0.450958336052742
41 0.450602296382812
41.1 0.450246256712882
41.2 0.449890217042952
41.3 0.449534177373021
41.4 0.449178137703091
41.5 0.448822098033161
41.6 0.44846605836323
41.7 0.4481100186933
41.8 0.44775397902337
41.9 0.44739793935344
42 0.447041899683509
42.1 0.446685860013579
42.2 0.446329820343649
42.3 0.445973780673718
42.4 0.445617741003788
42.5 0.445261701333858
42.6 0.444905661663928
42.7 0.444549621993997
42.8 0.444193582324067
42.9 0.443837542654137
43 0.443481502984206
43.1 0.443125463314276
43.2 0.442769423644346
43.3 0.442413383974416
43.4 0.442057344304485
43.5 0.441701304634555
43.6 0.441345264964625
43.7 0.440989225294695
43.8 0.440633185624764
43.9 0.440277145954834
44 0.439921106284904
44.1 0.439565066614973
44.2 0.439209026945043
44.3 0.438852987275113
44.4 0.438496947605183
44.5 0.438140907935252
44.6 0.437784868265322
44.7 0.437428828595392
44.8 0.437072788925461
44.9 0.436716749255531
45 0.436360709585601
45.1 0.436004669915671
45.2 0.43564863024574
45.3 0.43529259057581
45.4 0.43493655090588
45.5 0.434580511235949
45.6 0.434224471566019
45.7 0.433868431896089
45.8 0.433512392226159
45.9 0.433156352556228
46 0.432800312886298
46.1 0.432444273216368
46.2 0.432088233546437
46.3 0.431732193876507
46.4 0.431376154206577
46.5 0.431020114536647
46.6 0.430664074866716
46.7 0.430308035196786
46.8 0.429951995526856
46.9 0.429595955856926
47 0.429239916186995
47.1 0.428883876517065
47.2 0.428527836847135
47.3 0.428171797177204
47.4 0.427815757507274
47.5 0.427459717837344
47.6 0.427103678167414
47.7 0.426747638497483
47.8 0.426391598827553
47.9 0.426035559157623
48 0.425679519487692
48.1 0.425323479817762
48.2 0.424967440147832
48.3 0.424611400477902
48.4 0.424255360807971
48.5 0.423899321138041
48.6 0.423543281468111
48.7 0.423187241798181
48.8 0.42283120212825
48.9 0.42247516245832
49 0.42211912278839
49.1 0.421763083118459
49.2 0.421407043448529
49.3 0.421051003778599
49.4 0.420694964108669
49.5 0.420338924438738
49.6 0.419982884768808
49.7 0.419626845098878
49.8 0.419270805428947
49.9 0.418914765759017
50 0.418558726089087
50.1 0.418202686419157
50.2 0.417846646749226
50.3 0.417490607079296
50.4 0.417241379310345
50.5 0.416775862068966
50.6 0.416310344827586
50.7 0.415844827586207
50.8 0.415379310344828
50.9 0.414913793103448
51 0.414448275862069
51.1 0.414063934968407
51.2 0.413679594074745
51.3 0.413295253181082
51.4 0.41291091228742
51.5 0.412526571393758
51.6 0.412142230500096
51.7 0.411757889606434
51.8 0.411373548712771
51.9 0.410989207819109
52 0.410604866925447
52.1 0.410220526031785
52.2 0.409836185138123
52.3 0.40945184424446
52.4 0.409067503350798
52.5 0.408683162457136
52.6 0.408298821563474
52.7 0.407914480669812
52.8 0.407530139776149
52.9 0.407145798882487
53 0.406761457988825
53.1 0.406377117095163
53.2 0.4059927762015
53.3 0.405608435307838
53.4 0.405224094414176
53.5 0.404839753520514
53.6 0.404455412626852
53.7 0.404071071733189
53.8 0.403571428571429
53.9 0.403767660910518
54 0.403225806451613
54.1 0.403012176885281
54.2 0.402798547318949
54.3 0.402584917752617
54.4 0.402371288186285
54.5 0.402157658619953
54.6 0.401944029053621
54.7 0.401730399487289
54.8 0.401516769920957
54.9 0.401303140354625
55 0.401089510788293
55.1 0.400875881221961
55.2 0.400662251655629
55.3 0.400448622089297
55.4 0.400234992522965
55.5 0.4
55.6 0.4
55.7 0.4
55.8 0.4
55.9 0.4
56 0.4
56.1 0.399881880463029
56.2 0.399763760926057
56.3 0.399645641389086
56.4 0.399527521852114
56.5 0.399409402315143
56.6 0.399291282778171
56.7 0.3991731632412
56.8 0.399055043704229
56.9 0.398936924167257
57 0.398818804630286
57.1 0.398700685093314
57.2 0.398582565556343
57.3 0.398464446019372
57.4 0.3983463264824
57.5 0.398228206945429
57.6 0.398110087408457
57.7 0.397991967871486
57.8 0.397873848334515
57.9 0.397755728797543
58 0.397590361445783
58.1 0.395953757225434
58.2 0.39541547277937
58.3 0.395411770803255
58.4 0.39540806882714
58.5 0.395404366851025
58.6 0.39540066487491
58.7 0.395396962898795
58.8 0.395393260922681
58.9 0.395389558946566
59 0.395385856970451
59.1 0.395382154994336
59.2 0.395378453018221
59.3 0.395374751042106
59.4 0.395371049065991
59.5 0.395367347089877
59.6 0.395363645113762
59.7 0.395359943137647
59.8 0.395356241161532
59.9 0.395352539185417
60 0.395348837209302
60.1 0.3953171966461
60.2 0.395285556082898
60.3 0.395253915519696
60.4 0.395222274956494
60.5 0.395190634393292
60.6 0.39515899383009
60.7 0.395127353266888
60.8 0.395095712703686
60.9 0.395064072140484
61 0.395032431577282
61.1 0.39500079101408
61.2 0.394969150450878
61.3 0.394937509887676
61.4 0.394905869324474
61.5 0.394874228761272
61.6 0.39484258819807
61.7 0.394810947634868
61.8 0.394779307071666
61.9 0.394747666508464
62 0.394716025945262
62.1 0.39468438538206
62.2 0.394652744818858
62.3 0.394621104255656
62.4 0.394589463692454
62.5 0.394557823129252
62.6 0.394517445687953
62.7 0.394477068246654
62.8 0.394436690805354
62.9 0.394396313364055
63 0.394355935922756
63.1 0.394315558481457
63.2 0.394275181040158
63.3 0.394234803598859
63.4 0.39419442615756
63.5 0.394154048716261
63.6 0.394113671274962
63.7 0.394073293833663
63.8 0.394032916392364
63.9 0.393992538951064
64 0.393952161509765
64.1 0.393911784068466
64.2 0.393871406627167
64.3 0.393831029185868
64.4 0.393790651744569
64.5 0.39375027430327
64.6 0.393709896861971
64.7 0.393669519420672
64.8 0.393629141979372
64.9 0.393588764538073
65 0.393548387096774
65.1 0.393556451612903
65.2 0.393564516129032
65.3 0.393572580645161
65.4 0.39358064516129
65.5 0.393588709677419
65.6 0.393596774193548
65.7 0.393604838709677
65.8 0.393612903225806
65.9 0.393620967741936
66 0.393629032258065
66.1 0.393637096774194
66.2 0.393645161290323
66.3 0.393653225806452
66.4 0.393661290322581
66.5 0.39366935483871
66.6 0.393677419354839
66.7 0.393685483870968
66.8 0.393693548387097
66.9 0.393701612903226
67 0.393709677419355
67.1 0.393717741935484
67.2 0.393725806451613
67.3 0.393733870967742
67.4 0.393741935483871
67.5 0.39375
67.6 0.394033333333333
67.7 0.394316666666667
67.8 0.3946
67.9 0.394883333333333
68 0.395166666666667
68.1 0.39545
68.2 0.395733333333333
68.3 0.396016666666667
68.4 0.3963
68.5 0.396583333333333
68.6 0.396866666666667
68.7 0.39715
68.8 0.397433333333333
68.9 0.397716666666667
69 0.398
69.1 0.400243222003929
69.2 0.402486444007859
69.3 0.404729666011788
69.4 0.406972888015717
69.5 0.409216110019646
69.6 0.411459332023576
69.7 0.413702554027505
69.8 0.415945776031434
69.9 0.418188998035364
70 0.420432220039293
70.1 0.421766881956407
70.2 0.423101543873521
70.3 0.424436205790635
70.4 0.425770867707749
70.5 0.427105529624863
70.6 0.428440191541977
70.7 0.429774853459092
70.8 0.431109515376206
70.9 0.43244417729332
71 0.433778839210434
71.1 0.435113501127548
71.2 0.436448163044662
71.3 0.437782824961776
71.4 0.43911748687889
71.5 0.440452148796005
71.6 0.441786810713119
71.7 0.443121472630233
71.8 0.444456134547347
71.9 0.445790796464461
72 0.447125458381575
72.1 0.448460120298689
72.2 0.449794782215803
72.3 0.451129444132918
72.4 0.452464106050032
72.5 0.453798767967146
72.6 0.458658053203516
72.7 0.463517338439887
72.8 0.468376623676257
72.9 0.473235908912627
73 0.478095194148998
73.1 0.482954479385368
73.2 0.487813764621738
73.3 0.492673049858109
73.4 0.497532335094479
73.5 0.502391620330849
73.6 0.50725090556722
73.7 0.51211019080359
73.8 0.51696947603996
73.9 0.521828761276331
74 0.526688046512701
74.1 0.531547331749072
74.2 0.536406616985442
74.3 0.541265902221812
74.4 0.546125187458183
74.5 0.550984472694553
74.6 0.555843757930923
74.7 0.560703043167294
74.8 0.565562328403664
74.9 0.570421613640035
75 0.575280898876404
75.1 0.578115816767502
75.2 0.5809507346586
75.3 0.583785652549697
75.4 0.586620570440795
75.5 0.589455488331893
75.6 0.592290406222991
75.7 0.595125324114088
75.8 0.597960242005186
75.9 0.600795159896284
76 0.603630077787381
76.1 0.606464995678479
76.2 0.609299913569577
76.3 0.612134831460674
76.4 0.614969749351772
76.5 0.61780466724287
76.6 0.620639585133967
76.7 0.623474503025065
76.8 0.626309420916163
76.9 0.629144338807261
77 0.631979256698358
77.1 0.634814174589456
77.2 0.637649092480554
77.3 0.640484010371651
77.4 0.643318928262749
77.5 0.646153846153846
77.6 0.641798375537506
77.7 0.637442904921166
77.8 0.633087434304826
77.9 0.628731963688485
78 0.624376493072145
78.1 0.620021022455805
78.2 0.615665551839465
78.3 0.611310081223124
78.4 0.606954610606784
78.5 0.602599139990444
78.6 0.598243669374104
78.7 0.593888198757763
78.8 0.589532728141423
78.9 0.585177257525083
79 0.580821786908743
79.1 0.576466316292403
79.2 0.572110845676063
79.3 0.567755375059722
79.4 0.563399904443382
79.5 0.559044433827042
79.6 0.554688963210702
79.7 0.550333492594362
79.8 0.545978021978021
79.9 0.541622551361681
80 0.537267080745342
80.1 0.534918311706947
80.2 0.532569542668552
80.3 0.530220773630158
80.4 0.527872004591763
80.5 0.525523235553369
80.6 0.523174466514974
80.7 0.52082569747658
80.8 0.518476928438185
80.9 0.516128159399791
81 0.513779390361396
81.1 0.511430621323002
81.2 0.509081852284607
81.3 0.506733083246213
81.4 0.504384314207818
81.5 0.502035545169424
81.6 0.499686776131029
81.7 0.497338007092634
81.8 0.49498923805424
81.9 0.492640469015845
82 0.490291699977451
82.1 0.487942930939056
82.2 0.485594161900662
82.3 0.483245392862267
82.4 0.480896623823873
82.5 0.478547854785479
82.6 0.478082411182295
82.7 0.477616967579111
82.8 0.477151523975927
82.9 0.476686080372743
83 0.476220636769559
83.1 0.475755193166375
83.2 0.475289749563192
83.3 0.474824305960008
83.4 0.474358862356824
83.5 0.47389341875364
83.6 0.473427975150456
83.7 0.472962531547272
83.8 0.472497087944089
83.9 0.472031644340905
84 0.471566200737721
84.1 0.471100757134537
84.2 0.470635313531353
84.3 0.470169869928169
84.4 0.469704426324985
84.5 0.469238982721802
84.6 0.468773539118618
84.7 0.468308095515434
84.8 0.46784265191225
84.9 0.467377208309066
85 0.466911764705882
85.1 0.467314792025597
85.2 0.467717819345311
85.3 0.468120846665026
85.4 0.46852387398474
85.5 0.468926901304455
85.6 0.469329928624169
85.7 0.469732955943884
85.8 0.470135983263598
85.9 0.470539010583313
86 0.470942037903027
86.1 0.471345065222742
86.2 0.471748092542456
86.3 0.472151119862171
86.4 0.472554147181885
86.5 0.4729571745016
86.6 0.473360201821314
86.7 0.473763229141029
86.8 0.474166256460743
86.9 0.474569283780458
87 0.474972311100172
87.1 0.475375338419887
87.2 0.475778365739601
87.3 0.476181393059316
87.4 0.47658442037903
87.5 0.476987447698745
87.6 0.477713775033513
87.7 0.478440102368282
87.8 0.479166429703051
87.9 0.479892757037819
88 0.480619084372588
88.1 0.481345411707357
88.2 0.482071739042125
88.3 0.482798066376894
88.4 0.483524393711663
88.5 0.484250721046431
88.6 0.4849770483812
88.7 0.485703375715969
88.8 0.486429703050737
88.9 0.487156030385506
89 0.487882357720275
89.1 0.488608685055043
89.2 0.489335012389812
89.3 0.490061339724581
89.4 0.490787667059349
89.5 0.491513994394118
89.6 0.492240321728887
89.7 0.492966649063655
89.8 0.493692976398424
89.9 0.494419303733193
90 0.495145631067961
90.1 0.496428563221692
90.2 0.497711495375424
90.3 0.498994427529155
90.4 0.500277359682886
90.5 0.501560291836617
90.6 0.502843223990349
90.7 0.50412615614408
90.8 0.505409088297811
90.9 0.506692020451542
91 0.507974952605274
91.1 0.509257884759005
91.2 0.510540816912736
91.3 0.511823749066467
91.4 0.513106681220199
91.5 0.51438961337393
91.6 0.515672545527661
91.7 0.516955477681392
91.8 0.518238409835124
91.9 0.519521341988855
92 0.520804274142586
92.1 0.522087206296318
92.2 0.523370138450049
92.3 0.52465307060378
92.4 0.525936002757511
92.5 0.527218934911242
92.6 0.527739795726077
92.7 0.528260656540911
92.8 0.528781517355746
92.9 0.52930237817058
93 0.529823238985414
93.1 0.530344099800249
93.2 0.530864960615083
93.3 0.531385821429918
93.4 0.531906682244752
93.5 0.532427543059586
93.6 0.532948403874421
93.7 0.533469264689255
93.8 0.533990125504089
93.9 0.534510986318924
94 0.535031847133758
94.1 0.538515841907562
94.2 0.541999836681365
94.3 0.545483831455169
94.4 0.548967826228973
94.5 0.552451821002777
94.6 0.55593581577658
94.7 0.559419810550384
94.8 0.562903805324188
94.9 0.566387800097992
95 0.569871794871795
95.1 0.568301282051282
95.2 0.566730769230769
95.3 0.565160256410256
95.4 0.563589743589744
95.5 0.562019230769231
95.6 0.560448717948718
95.7 0.558878205128205
95.8 0.557307692307692
95.9 0.555737179487179
96 0.554166666666667
96.1 0.550486470926885
96.2 0.546806275187104
96.3 0.543126079447323
96.4 0.539445883707542
96.5 0.53576568796776
96.6 0.532085492227979
96.7 0.528405296488198
96.8 0.524725100748416
96.9 0.521044905008635
97 0.517364709268854
97.1 0.513684513529073
97.2 0.510004317789292
97.3 0.50632412204951
97.4 0.502643926309729
97.5 0.498963730569948
97.6 0.49557898541993
97.7 0.492194240269912
97.8 0.488809495119894
97.9 0.485424749969876
98 0.482040004819858
98.1 0.47865525966984
98.2 0.475270514519821
98.3 0.471885769369803
98.4 0.468501024219785
98.5 0.465116279069767
98.6 0.461120021384656
98.7 0.457123763699545
98.8 0.453127506014435
98.9 0.449131248329324
99 0.445134990644213
99.1 0.441138732959102
99.2 0.437142475273991
99.3 0.43314621758888
99.4 0.429149959903769
99.5 0.425153702218658
99.6 0.421157444533547
99.7 0.417161186848436
99.8 0.413164929163325
99.9 0.409168671478214
100 0.405172413793103
100.1 0.401316354270997
100.2 0.397460294748891
100.3 0.393604235226785
100.4 0.389748175704678
100.5 0.385892116182573
100.6 0.385314483459892
100.7 0.384736850737212
100.8 0.384159218014531
100.9 0.38358158529185
101 0.38300395256917
101.1 0.38257816767891
101.2 0.38215238278865
101.3 0.38172659789839
101.4 0.38130081300813
101.5 0.380894308943089
101.6 0.380487804878049
101.7 0.380081300813008
101.8 0.379674796747967
101.9 0.379268292682927
102 0.378861788617886
102.1 0.377003484320557
102.2 0.375145180023229
102.3 0.3732868757259
102.4 0.371428571428571
102.5 0.369570267131243
102.6 0.367711962833914
102.7 0.365853658536585
102.8 0.363874890815024
102.9 0.361896123093462
103 0.359917355371901
103.1 0.359264631472424
103.2 0.358611907572946
103.3 0.357959183673469
103.4 0.357367346938775
103.5 0.356775510204082
103.6 0.356183673469388
103.7 0.355591836734694
103.8 0.355
103.9 0.354484126984127
104 0.353968253968254
104.1 0.352736726874658
104.2 0.351505199781062
104.3 0.350273672687466
104.4 0.34904214559387
104.5 0.347711273089742
104.6 0.346380400585615
104.7 0.345049528081488
104.8 0.34371865557736
104.9 0.342387783073233
105 0.341056910569106
105.1 0.340723391139491
105.2 0.340389871709876
105.3 0.340056352280261
105.4 0.339722832850646
105.5 0.339389313421031
105.6 0.339055793991416
105.7 0.336520761156213
105.8 0.333985728321009
105.9 0.331450695485806
106 0.328915662650602
106.1 0.329902958136046
106.2 0.33089025362149
106.3 0.331877549106934
106.4 0.332864844592377
106.5 0.333852140077821
106.6 0.333670859349079
106.7 0.333489578620336
106.8 0.333308297891593
106.9 0.333127017162851
107 0.332945736434109
107.1 0.334905000759994
107.2 0.33686426508588
107.3 0.338823529411765
107.4 0.340876121635095
107.5 0.342928713858425
107.6 0.344981306081755
107.7 0.347033898305085
107.8 0.352700961443156
107.9 0.358368024581228
108 0.364035087719298
108.1 0.364074350723972
108.2 0.364113613728645
108.3 0.364152876733318
108.4 0.364192139737991
108.5 0.367789746077956
108.6 0.37138735241792
108.7 0.374984958757885
108.8 0.378582565097849
108.9 0.382180171437814
109 0.385777777777778
109.1 0.385840155945419
109.2 0.38590253411306
109.3 0.385964912280702
109.4 0.385973585092675
109.5 0.385982257904649
109.6 0.385990930716622
109.7 0.385999603528595
109.8 0.386008276340569
109.9 0.386016949152542
110 0.385028873556322
110.1 0.384040797960102
110.2 0.383052722363882
110.3 0.382064646767661
110.4 0.381076571171441
110.5 0.380088495575221
110.6 0.373724280590949
110.7 0.367360065606678
110.8 0.360995850622407
110.9 0.362695373948557
111 0.364394897274708
111.1 0.366094420600858
111.2 0.367608790134188
111.3 0.369123159667518
111.4 0.370637529200848
111.5 0.372151898734177
111.6 0.375314111579934
111.7 0.378476324425692
111.8 0.381638537271449
111.9 0.384800750117206
112 0.387962962962963
112.1 0.375526545859163
112.2 0.363090128755365
112.3 0.371124125245777
112.4 0.37915812173619
112.5 0.387192118226601
112.6 0.36454844006568
112.7 0.341904761904762
112.8 0.351200396825397
112.9 0.360496031746033
113 0.369791666666667
113.1 0.364169337606838
113.2 0.358547008547008
113.3 0.352924679487179
113.4 0.34730235042735
113.5 0.341680021367521
113.6 0.336057692307692
113.7 0.332342182274247
113.8 0.328626672240802
113.9 0.324911162207358
114 0.321195652173913
114.1 0.333216873706005
114.2 0.345238095238095
114.3 0.33912559175717
114.4 0.333013088276246
114.5 0.326900584795322
114.6 0.316152046783625
114.7 0.305403508771929
114.8 0.294654970760233
114.9 0.283906432748537
115 0.273157894736842
115.1 0.256481859989779
115.2 0.239805825242718
115.3 0.253203883495146
115.4 0.266601941747574
115.5 0.28
115.6 0.281095890410959
115.7 0.282191780821918
115.8 0.270566089086455
115.9 0.258940397350993
116 0.285714285714286
116.1 0.263207792207792
116.2 0.240701298701298
116.3 0.218194805194803
116.4 0.195688311688309
116.5 0.173181818181818
116.6 0.191272727272728
116.7 0.209363636363637
116.8 0.227454545454547
116.9 0.245545454545456
117 0.263636363636364
117.1 0.236709956709955
117.2 0.209783549783547
117.3 0.182857142857143
117.4 0.200581232492998
117.5 0.218305322128853
117.6 0.236029411764706
117.7 0.177022058823526
117.8 0.118014705882353
117.9 0.121007352941177
118 0.124
118.1 0.133982608695652
118.2 0.143965217391305
118.3 0.153947826086957
118.4 0.16393043478261
118.5 0.173913043478261
118.6 0.138031790556333
118.7 0.102150537634409
118.8 0.120248201148032
118.9 0.138345864661654
119 0.117096188747731
119.1 0.0947181449033138
119.2 0.0852216748768473
119.3 0.103184713375796
119.4 0.0728888888888889
119.5 0.0848314606741573
119.6 0.0807692307692308
119.7 0.0903846153846159
119.8 0.1
119.9 0.121978021978023
120 0.143956043956044
120.1 0.105488660275892
120.2 0.0670212765957447
120.3 0.13953488372093
120.4 0.0983606557377049
120.5 0.0909836065573771
120.6 0.0722725673679016
120.7 0.0681685718672816
120.8 0.0620125786163522
120.9 0.0644954979412698
121 0.066978417266187
121.1 0.0747477018385293
121.2 0.0825169864108715
121.3 0.090286270983214
121.4 0.0980555555555556
121.5 0.0830555555555555
121.6 0.0685490543735216
121.7 0.0540425531914894
121.8 0.019
121.9 0.0290291262135922
122 0
122.1 0
122.2 0
122.3 0
122.4 0
122.5 0
122.6 0
122.7 0
122.8 0
122.9 0
123 0
123.1 0
123.2 0
123.3 0
123.4 0
123.5 0
123.6 0
123.7 0
123.8 0
123.9 0
124 0
124.1 0
124.2 0
124.3 0
124.4 0
124.5 0
124.6 0
124.7 0
124.8 0
124.9 0
125 0
125.1 0
125.2 0
125.3 0
125.4 0
125.5 0
125.6 0
125.7 0
125.8 0
125.9 0
126 0
126.1 0
126.2 0
126.3 0
126.4 0
126.5 0
126.6 0
126.7 0
126.8 0
126.9 0
127 0
127.1 0
127.2 0
127.3 0
127.4 0
127.5 0
127.6 0
127.7 0
127.8 0
127.9 0
128 0
128.1 0
128.2 0
128.3 0
128.4 0
128.5 0
128.6 0
128.7 0
128.8 0
128.9 0
129 0
129.1 0
129.2 0
129.3 0
129.4 0
129.5 0
129.6 0
129.7 0
129.8 0
129.9 0
130 0
130.1 0
130.2 0
130.3 0
130.4 0
130.5 0
130.6 0
130.7 0
130.8 0
130.9 0
131 0
131.1 0
131.2 0
131.3 0
131.4 0
131.5 0
131.6 0
131.7 0
131.8 0
131.9 0
132 0
132.1 0
132.2 0
132.3 0
132.4 0
132.5 0
132.6 0
132.7 0
132.8 0
132.9 0
133 0
133.1 0
133.2 0
133.3 0
133.4 0
133.5 0
133.6 0
133.7 0
133.8 0
133.9 0
134 0
134.1 0
134.2 0
134.3 0
134.4 0
134.5 0
134.6 0
134.7 0
134.8 0
134.9 0
135 0
135.1 0
135.2 0
135.3 0
135.4 0
135.5 0
135.6 0
135.7 0
135.8 0
135.9 0
136 0
136.1 0
136.2 0
136.3 0
136.4 0
136.5 0
136.6 0
136.7 0
136.8 0
136.9 0
137 0
137.1 0
137.2 0
137.3 0
137.4 0
137.5 0
137.6 0
137.7 0
137.8 0
137.9 0
138 0
138.1 0
138.2 0
138.3 0
138.4 0
138.5 0
138.6 0
138.7 0
138.8 0
138.9 0
139 0
139.1 0
139.2 0
139.3 0
139.4 0
139.5 0
139.6 0
139.7 0
139.8 0
139.9 0
140 0
140.1 0
140.2 0
140.3 0
140.4 0
140.5 0
140.6 0
140.7 0
140.8 0
140.9 0
141 0
141.1 0
141.2 0
141.3 0
141.4 0
141.5 0
141.6 0
141.7 0
141.8 0
141.9 0
142 0
142.1 0
142.2 0
142.3 0
142.4 0
142.5 0
142.6 0
142.7 0
142.8 0
142.9 0
143 0
143.1 0
143.2 0
143.3 0
143.4 0
143.5 0
143.6 0
143.7 0
143.8 0
143.9 0
144 0
144.1 0
144.2 0
144.3 0
144.4 0
144.5 0
144.6 0
144.7 0
144.8 0
144.9 0
145 0
145.1 0
145.2 0
145.3 0
145.4 0
145.5 0
145.6 0
145.7 0
145.8 0
145.9 0
146 0
146.1 0
146.2 0
146.3 0
146.4 0
146.5 0
146.6 0
146.7 0
146.8 0
146.9 0
147 0
147.1 0
147.2 0
147.3 0
147.4 0
147.5 0
147.6 0
147.7 0
147.8 0
147.9 0
148 0
148.1 0
148.2 0
148.3 0
148.4 0
148.5 0
148.6 0
148.7 0
148.8 0
148.9 0
149 0
149.1 0
149.2 0
149.3 0
149.4 0
149.5 0
149.6 0
149.7 0
149.8 0
149.9 0
150 0
150.1 0
150.2 0
150.3 0
150.4 0
150.5 0
150.6 0
150.7 0
150.8 0
150.9 0
151 0
151.1 0
151.2 0
151.3 0
151.4 0
151.5 0
151.6 0
151.7 0
151.8 0
151.9 0
152 0
152.1 0
152.2 0
152.3 0
152.4 0
152.5 0
152.6 0
152.7 0
152.8 0
152.9 0
153 0
153.1 0
153.2 0
153.3 0
153.4 0
153.5 0
153.6 0
153.7 0
153.8 0
153.9 0
154 0
154.1 0
154.2 0
154.3 0
154.4 0
154.5 0
154.6 0
154.7 0
154.8 0
154.9 0
155 0
155.1 0
155.2 0
155.3 0
155.4 0
155.5 0
155.6 0
155.7 0
155.8 0
155.9 0
156 0
156.1 0
156.2 0
156.3 0
156.4 0
156.5 0
156.6 0
156.7 0
156.8 0
156.9 0
157 0
157.1 0
157.2 0
157.3 0
157.4 0
157.5 0
157.6 0
157.7 0
157.8 0
157.9 0
158 0
158.1 0
158.2 0
158.3 0
158.4 0
158.5 0
158.6 0
158.7 0
158.8 0
158.9 0
159 0
159.1 0
159.2 0
159.3 0
159.4 0
159.5 0
159.6 0
159.7 0
159.8 0
159.9 0
160 0
160.1 0
160.2 0
160.3 0
160.4 0
160.5 0
160.6 0
160.7 0
160.8 0
160.9 0
161 0
161.1 0
161.2 0
161.3 0
161.4 0
161.5 0
161.6 0
161.7 0
161.8 0
161.9 0
162 0
162.1 0
162.2 0
162.3 0
162.4 0
162.5 0
162.6 0
162.7 0
162.8 0
162.9 0
163 0
163.1 0
163.2 0
163.3 0
163.4 0
163.5 0
163.6 0
163.7 0
163.8 0
163.9 0
164 0
164.1 0
164.2 0
164.3 0
164.4 0
164.5 0
164.6 0
164.7 0
164.8 0
164.9 0
165 0
165.1 0
165.2 0
165.3 0
165.4 0
165.5 0
165.6 0
165.7 0
165.8 0
165.9 0
166 0
166.1 0
166.2 0
166.3 0
166.4 0
166.5 0
166.6 0
166.7 0
166.8 0
166.9 0
167 0
167.1 0
167.2 0
167.3 0
167.4 0
167.5 0
167.6 0
167.7 0
167.8 0
167.9 0
168 0
168.1 0
168.2 0
168.3 0
168.4 0
168.5 0
168.6 0
168.7 0
168.8 0
168.9 0
169 0
169.1 0
169.2 0
169.3 0
169.4 0
169.5 0
169.6 0
169.7 0
169.8 0
169.9 0
170 0
170.1 0
170.2 0
170.3 0
170.4 0
170.5 0
170.6 0
170.7 0
170.8 0
170.9 0
171 0
171.1 0
171.2 0
171.3 0
171.4 0
171.5 0
171.6 0
171.7 0
171.8 0
171.9 0
172 0
172.1 0
172.2 0
172.3 0
172.4 0
172.5 0
172.6 0
172.7 0
172.8 0
172.9 0
173 0
173.1 0
173.2 0
173.3 0
173.4 0
173.5 0
173.6 0
173.7 0
173.8 0
173.9 0
174 0
174.1 0
174.2 0
174.3 0
174.4 0
174.5 0
174.6 0
174.7 0
174.8 0
174.9 0
175 0
175.1 0
175.2 0
175.3 0
175.4 0
175.5 0
175.6 0
175.7 0
175.8 0
175.9 0
176 0
176.1 0
176.2 0
176.3 0
176.4 0
176.5 0
176.6 0
176.7 0
176.8 0
176.9 0
177 0
177.1 0
177.2 0
177.3 0
177.4 0
177.5 0
177.6 0
177.7 0
177.8 0
177.9 0
178 0
178.1 0
178.2 0
178.3 0
178.4 0
178.5 0
178.6 0
178.7 0
178.8 0
178.9 0
179 0
179.1 0
179.2 0
179.3 0
179.4 0
179.5 0
179.6 0
179.7 0
179.8 0
179.9 0
180 0
180.1 0
180.2 0
180.3 0
180.4 0
180.5 0
180.6 0
180.7 0
180.8 0
180.9 0
181 0
181.1 0
181.2 0
181.3 0
181.4 0
181.5 0
181.6 0
181.7 0
181.8 0
181.9 0
182 0
182.1 0
182.2 0
182.3 0
182.4 0
182.5 0
182.6 0
182.7 0
182.8 0
182.9 0
183 0
183.1 0
183.2 0
183.3 0
183.4 0
183.5 0
183.6 0
183.7 0
183.8 0
183.9 0
184 0
184.1 0
184.2 0
184.3 0
184.4 0
184.5 0
184.6 0
184.7 0
184.8 0
184.9 0
185 0
185.1 0
185.2 0
185.3 0
185.4 0
185.5 0
185.6 0
185.7 0
185.8 0
185.9 0
186 0
186.1 0
186.2 0
186.3 0
186.4 0
186.5 0
186.6 0
186.7 0
186.8 0
186.9 0
187 0
187.1 0
187.2 0
187.3 0
187.4 0
187.5 0
187.6 0
187.7 0
187.8 0
187.9 0
188 0
188.1 0
188.2 0
188.3 0
188.4 0
188.5 0
188.6 0
188.7 0
188.8 0
188.9 0
189 0
189.1 0
189.2 0
189.3 0
189.4 0
189.5 0
189.6 0
189.7 0
189.8 0
189.9 0
190 0
190.1 0
190.2 0
190.3 0
190.4 0
190.5 0
190.6 0
190.7 0
190.8 0
190.9 0
191 0
191.1 0
191.2 0
191.3 0
191.4 0
191.5 0
191.6 0
191.7 0
191.8 0
191.9 0
192 0
192.1 0
192.2 0
192.3 0
192.4 0
192.5 0
192.6 0
192.7 0
192.8 0
192.9 0
193 0
193.1 0
193.2 0
193.3 0
193.4 0
193.5 0
193.6 0
193.7 0
193.8 0
193.9 0
194 0
194.1 0
194.2 0
194.3 0
194.4 0
194.5 0
194.6 0
194.7 0
194.8 0
194.9 0
195 0
195.1 0
195.2 0
195.3 0
195.4 0
195.5 0
195.6 0
195.7 0
195.8 0
195.9 0
196 0
196.1 0
196.2 0
196.3 0
196.4 0
196.5 0
196.6 0
196.7 0
196.8 0
196.9 0
197 0
197.1 0
197.2 0
197.3 0
197.4 0
197.5 0
197.6 0
197.7 0
197.8 0
197.9 0
198 0
198.1 0
198.2 0
198.3 0
198.4 0
198.5 0
198.6 0
198.7 0
198.8 0
198.9 0
199 0
199.1 0
199.2 0
199.3 0
199.4 0
199.5 0
199.6 0
199.7 0
199.8 0
199.9 0
200 0
200.1 0
200.2 0
200.3 0
200.4 0
200.5 0
200.6 0
200.7 0
200.8 0
200.9 0
201 0
201.1 0
201.2 0
201.3 0
201.4 0
201.5 0
201.6 0
201.7 0
201.8 0
201.9 0
202 0
202.1 0
202.2 0
202.3 0
202.4 0
202.5 0
202.6 0
202.7 0
202.8 0
202.9 0
203 0
203.1 0
203.2 0
203.3 0
203.4 0
203.5 0
203.6 0
203.7 0
203.8 0
203.9 0
204 0
204.1 0
204.2 0
204.3 0
204.4 0
204.5 0
204.6 0
204.7 0
204.8 0
204.9 0
205 0
205.1 0
205.2 0
205.3 0
205.4 0
205.5 0
205.6 0
205.7 0
205.8 0
205.9 0
206 0
206.1 0
206.2 0
206.3 0
206.4 0
206.5 0
206.6 0
206.7 0
206.8 0
206.9 0
207 0
207.1 0
207.2 0
207.3 0
207.4 0
207.5 0
207.6 0
207.7 0
207.8 0
207.9 0
208 0
208.1 0
208.2 0
208.3 0
208.4 0
208.5 0
208.6 0
208.7 0
208.8 0
208.9 0
209 0
209.1 0
209.2 0
209.3 0
209.4 0
209.5 0
209.6 0
209.7 0
209.8 0
209.9 0
210 0
210.1 0
210.2 0
210.3 0
210.4 0
210.5 0
210.6 0
210.7 0
210.8 0
210.9 0
211 0
211.1 0
211.2 0
211.3 0
211.4 0
211.5 0
211.6 0
211.7 0
211.8 0
211.9 0
212 0
212.1 0
212.2 0
212.3 0
212.4 0
212.5 0
212.6 0
212.7 0
212.8 0
212.9 0
213 0
213.1 0
213.2 0
213.3 0
213.4 0
213.5 0
213.6 0
213.7 0
213.8 0
213.9 0
214 0
214.1 0
214.2 0
214.3 0
214.4 0
214.5 0
214.6 0
214.7 0
214.8 0
214.9 0
215 0
215.1 0
215.2 0
215.3 0
215.4 0
215.5 0
215.6 0
215.7 0
215.8 0
215.9 0
216 0
216.1 0
216.2 0
216.3 0
216.4 0
216.5 0
216.6 0
216.7 0
216.8 0
216.9 0
217 0
217.1 0
217.2 0
217.3 0
217.4 0
217.5 0
217.6 0
217.7 0
217.8 0
217.9 0
218 0
218.1 0
218.2 0
218.3 0
218.4 0
218.5 0
218.6 0
218.7 0
218.8 0
218.9 0
219 0
219.1 0
219.2 0
219.3 0
219.4 0
219.5 0
219.6 0
219.7 0
219.8 0
219.9 0
220 0
220.1 0
220.2 0
220.3 0
220.4 0
220.5 0
220.6 0
220.7 0
220.8 0
220.9 0
221 0
221.1 0
221.2 0
221.3 0
221.4 0
221.5 0
221.6 0
221.7 0
221.8 0
221.9 0
222 0
222.1 0
222.2 0
222.3 0
222.4 0
222.5 0
222.6 0
222.7 0
222.8 0
222.9 0
223 0
223.1 0
223.2 0
223.3 0
223.4 0
223.5 0
223.6 0
223.7 0
223.8 0
223.9 0
224 0
224.1 0
224.2 0
224.3 0
224.4 0
224.5 0
224.6 0
224.7 0
224.8 0
224.9 0
225 0
225.1 0
225.2 0
225.3 0
225.4 0
225.5 0
225.6 0
225.7 0
225.8 0
225.9 0
226 0
226.1 0
226.2 0
226.3 0
226.4 0
226.5 0
226.6 0
226.7 0
226.8 0
226.9 0
227 0
227.1 0
227.2 0
227.3 0
227.4 0
227.5 0
227.6 0
227.7 0
227.8 0
227.9 0
228 0
228.1 0
228.2 0
228.3 0
228.4 0
228.5 0
228.6 0
228.7 0
228.8 0
228.9 0
229 0
229.1 0
229.2 0
229.3 0
229.4 0
229.5 0
229.6 0
229.7 0
229.8 0
229.9 0
230 0
230.1 0
230.2 0
230.3 0
230.4 0
230.5 0
230.6 0
230.7 0
230.8 0
230.9 0
231 0
231.1 0
231.2 0
231.3 0
231.4 0
231.5 0
231.6 0
231.7 0
231.8 0
231.9 0
232 0
232.1 0
232.2 0
232.3 0
232.4 0
232.5 0
232.6 0
232.7 0
232.8 0
232.9 0
233 0
