0 0
0.1 0
0.2 0
0.3 0
0.4 0
0.5 0
0.6 0
0.7 0
0.8 0
0.9 0
1 0
1.1 0
1.2 0
1.3 0
1.4 0
1.5 0
1.6 0
1.7 0
1.8 0
1.9 0
2 0
2.1 0
2.2 0
2.3 0
2.4 0
2.5 0
2.6 0
2.7 0
2.8 0
2.9 0
3 0
3.1 0
3.2 0
3.3 0
3.4 0
3.5 0
3.6 0
3.7 0
3.8 0
3.9 0
4 0
4.1 0
4.2 0
4.3 0
4.4 0
4.5 0
4.6 0
4.7 0
4.8 0
4.9 0
5 0
5.1 0
5.2 0
5.3 0
5.4 0
5.5 0
5.6 0
5.7 0
5.8 0
5.9 0
6 0
6.1 0
6.2 0
6.3 0
6.4 0
6.5 0
6.6 0
6.7 0
6.8 0
6.9 0
7 0
7.1 0
7.2 0
7.3 0
7.4 0
7.5 0
7.6 0
7.7 0
7.8 0
7.9 0
8 0
8.1 0
8.2 0
8.3 0
8.4 0
8.5 0
8.6 0
8.7 0
8.8 0
8.9 0
9 0
9.1 0
9.2 0
9.3 0
9.4 0
9.5 0
9.6 0
9.7 0
9.8 0
9.9 0
10 0
10.1 0
10.2 0
10.3 0
10.4 0
10.5 0
10.6 0
10.7 0
10.8 0
10.9 0
11 0
11.1 0
11.2 0
11.3 0
11.4 0
11.5 0
11.6 0
11.7 0
11.8 0
11.9 0
12 0
12.1 0
12.2 0
12.3 0
12.4 0
12.5 0
12.6 0
12.7 0
12.8 0
12.9 0
13 0
13.1 0
13.2 0
13.3 0
13.4 0
13.5 0
13.6 0
13.7 0
13.8 0
13.9 0
14 0
14.1 0
14.2 0
14.3 0
14.4 0
14.5 0
14.6 0
14.7 0
14.8 0
14.9 0
15 0
15.1 0
15.2 0
15.3 0
15.4 0
15.5 0
15.6 0
15.7 0
15.8 0
15.9 0
16 0
16.1 0
16.2 0
16.3 0
16.4 0
16.5 0
16.6 0
16.7 0
16.8 0
16.9 0
17 0
17.1 0
17.2 0
17.3 0
17.4 0
17.5 0
17.6 0
17.7 0
17.8 0
17.9 0
18 0
18.1 0
18.2 0
18.3 0
18.4 0
18.5 0
18.6 0
18.7 0
18.8 0
18.9 0
19 0
19.1 0
19.2 0
19.3 0
19.4 0
19.5 0
19.6 0
19.7 0
19.8 0
19.9 0
20 0
20.1 0
20.2 0
20.3 0
20.4 0
20.5 0
20.6 0
20.7 0
20.8 0
20.9 0
21 0
21.1 0
21.2 0
21.3 0
21.4 0
21.5 0
21.6 0
21.7 0
21.8 0
21.9 0
22 0
22.1 0
22.2 0
22.3 0
22.4 0
22.5 0
22.6 0
22.7 0
22.8 0
22.9 0
23 0
23.1 0
23.2 0
23.3 0
23.4 0
23.5 0
23.6 0
23.7 0
23.8 0
23.9 0
24 0
24.1 0
24.2 0
24.3 0
24.4 0
24.5 0
24.6 0
24.7 0
24.8 0
24.9 0
25 0
25.1 0
25.2 0
25.3 0
25.4 0
25.5 0
25.6 0
25.7 0
25.8 0
25.9 0
26 0
26.1 0
26.2 0
26.3 0
26.4 0
26.5 0
26.6 0
26.7 0
26.8 0
26.9 0
27 0
27.1 0
27.2 0
27.3 0
27.4 0
27.5 0
27.6 0
27.7 0
27.8 0
27.9 0
28 0
28.1 0
28.2 0
28.3 0
28.4 0
28.5 0
28.6 0
28.7 0
28.8 0
28.9 0
29 0
29.1 0
29.2 0
29.3 0
29.4 0
29.5 0
29.6 0
29.7 0
29.8 0
29.9 0
30 0
30.1 0
30.2 0
30.3 0
30.4 0
30.5 0
30.6 0
30.7 0
30.8 0
30.9 0
31 0
31.1 0
31.2 0
31.3 0
31.4 0
31.5 0
31.6 0
31.7 0
31.8 0
31.9 0
32 0
32.1 0
32.2 0
32.3 0
32.4 0
32.5 0
32.6 0
32.7 0
32.8 0
32.9 0
33 0
33.1 0
33.2 0
33.3 0
33.4 0
33.5 0
33.6 0
33.7 0
33.8 0
33.9 0
34 0
34.1 0
34.2 0
34.3 0
34.4 0
34.5 0
34.6 0
34.7 0
34.8 0
34.9 0
35 0
35.1 0
35.2 0
35.3 0
35.4 0
35.5 0
35.6 0
35.7 0
35.8 0
35.9 0
36 0
36.1 0
36.2 0
36.3 0
36.4 0
36.5 0
36.6 0
36.7 0
36.8 0
36.9 0
37 0
37.1 0
37.2 0
37.3 0
37.4 0
37.5 0
37.6 0
37.7 0
37.8 0
37.9 0
38 0
38.1 0
38.2 0
38.3 0
38.4 0
38.5 0
38.6 0
38.7 0
38.8 0
38.9 0
39 0
39.1 0
39.2 0
39.3 0
39.4 0
39.5 0
39.6 0
39.7 0
39.8 0
39.9 0
40 0
40.1 0
40.2 0
40.3 0
40.4 0
40.5 0
40.6 0
40.7 0
40.8 0
40.9 0
41 0
41.1 0
41.2 0
41.3 0
41.4 0
41.5 0
41.6 0
41.7 0
41.8 0
41.9 0
42 0
42.1 0
42.2 0
42.3 0
42.4 0
42.5 0
42.6 0
42.7 0
42.8 0
42.9 0
43 0
43.1 0
43.2 0
43.3 0
43.4 0
43.5 0
43.6 0
43.7 0
43.8 0
43.9 0
44 0
44.1 0
44.2 0
44.3 0
44.4 0
44.5 0
44.6 0
44.7 0
44.8 0
44.9 0
45 0
45.1 0
45.2 0
45.3 0
45.4 0
45.5 0
45.6 0
45.7 0
45.8 0
45.9 0
46 0
46.1 0
46.2 0
46.3 0
46.4 0
46.5 0
46.6 0
46.7 0
46.8 0
46.9 0
47 0
47.1 0
47.2 0
47.3 0
47.4 0
47.5 0
47.6 0
47.7 0
47.8 0
47.9 0
48 0
48.1 0
48.2 0
48.3 0
48.4 0
48.5 0
48.6 0
48.7 0
48.8 0
48.9 0
49 0
49.1 0
49.2 0
49.3 0
49.4 0
49.5 0
49.6 0
49.7 0
49.8 0
49.9 0
50 0
50.1 0
50.2 0
50.3 0
50.4 0
50.5 0
50.6 0
50.7 0
50.8 0
50.9 0
51 0
51.1 0
51.2 0
51.3 0
51.4 0
51.5 0
51.6 0
51.7 0
51.8 0
51.9 0
52 0
52.1 0
52.2 0
52.3 0
52.4 0
52.5 0
52.6 0
52.7 0
52.8 0
52.9 0
53 0
53.1 0
53.2 0
53.3 0
53.4 0
53.5 0
53.6 0
53.7 0
53.8 0
53.9 0
54 0
54.1 0
54.2 0
54.3 0
54.4 0
54.5 0
54.6 0
54.7 0
54.8 0
54.9 0
55 0
55.1 0
55.2 0
55.3 0
55.4 0
55.5 0
55.6 0
55.7 0
55.8 0
55.9 0
56 0
56.1 0
56.2 0
56.3 0
56.4 0
56.5 0
56.6 0
56.7 0
56.8 0
56.9 0
57 0
57.1 0
57.2 0
57.3 0
57.4 0
57.5 0
57.6 0
57.7 0
57.8 0
57.9 0
58 0
58.1 0
58.2 0
58.3 0
58.4 0
58.5 0
58.6 0
58.7 0
58.8 0
58.9 0
59 0
59.1 0
59.2 0
59.3 0
59.4 0
59.5 0
59.6 0
59.7 0
59.8 0
59.9 0
60 0
60.1 0
60.2 0
60.3 0
60.4 0
60.5 0
60.6 0
60.7 0
60.8 0
60.9 0
61 0
61.1 0
61.2 0
61.3 0
61.4 0
61.5 0
61.6 0
61.7 0
61.8 0
61.9 0
62 0
62.1 0
62.2 0
62.3 0
62.4 0
62.5 0
62.6 0
62.7 0
62.8 0
62.9 0
63 0
63.1 0
63.2 0
63.3 0
63.4 0
63.5 0
63.6 0
63.7 0
63.8 0
63.9 0
64 0
64.1 0
64.2 0
64.3 0
64.4 0
64.5 0
64.6 0
64.7 0
64.8 0
64.9 0
65 0
65.1 0
65.2 0
65.3 0
65.4 0
65.5 0
65.6 0
65.7 0
65.8 0
65.9 0
66 0
66.1 0
66.2 0
66.3 0
66.4 0
66.5 0
66.6 0
66.7 0
66.8 0
66.9 0
67 0
67.1 0
67.2 0
67.3 0
67.4 0
67.5 0
67.6 3.8666666666667e-05
67.7 7.73333333333339e-05
67.8 0.000116000000000001
67.9 0.000154666666666668
68 0.000193333333333334
68.1 0.000232000000000001
68.2 0.000270666666666668
68.3 0.000309333333333335
68.4 0.000348000000000002
68.5 0.000386666666666669
68.6 0.000425333333333336
68.7 0.000464000000000003
68.8 0.000502666666666669
68.9 0.000541333333333337
69 0.00058
69.1 0.000742039292730847
69.2 0.000904078585461693
69.3 0.00106611787819254
69.4 0.00122815717092338
69.5 0.00139019646365423
69.6 0.00155223575638508
69.7 0.00171427504911592
69.8 0.00187631434184677
69.9 0.00203835363457762
70 0.00220039292730845
70.1 0.00275221293916889
70.2 0.00330403295102932
70.3 0.00385585296288976
70.4 0.00440767297475019
70.5 0.00495949298661063
70.6 0.00551131299847107
70.7 0.0060631330103315
70.8 0.00661495302219194
70.9 0.00716677303405237
71 0.00771859304591281
71.1 0.00827041305777325
71.2 0.00882223306963368
71.3 0.00937405308149412
71.4 0.00992587309335455
71.5 0.010477693105215
71.6 0.0110295131170754
71.7 0.0115813331289359
71.8 0.0121331531407963
71.9 0.0126849731526567
72 0.0132367931645172
72.1 0.0137886131763776
72.2 0.014340433188238
72.3 0.0148922532000985
72.4 0.0154440732119589
72.5 0.0159958932238193
72.6 0.0166774058094733
72.7 0.0173589183951272
72.8 0.0180404309807812
72.9 0.0187219435664352
73 0.0194034561520892
73.1 0.0200849687377431
73.2 0.0207664813233971
73.3 0.0214479939090511
73.4 0.022129506494705
73.5 0.022811019080359
73.6 0.023492531666013
73.7 0.024174044251667
73.8 0.0248555568373209
73.9 0.0255370694229749
74 0.0262185820086289
74.1 0.0269000945942828
74.2 0.0275816071799368
74.3 0.0282631197655908
74.4 0.0289446323512448
74.5 0.0296261449368987
74.6 0.0303076575225527
74.7 0.0309891701082067
74.8 0.0316706826938606
74.9 0.0323521952795146
75 0.0330337078651685
75.1 0.0342046672428695
75.2 0.0353756266205704
75.3 0.0365465859982714
75.4 0.0377175453759724
75.5 0.0388885047536733
75.6 0.0400594641313743
75.7 0.0412304235090752
75.8 0.0424013828867762
75.9 0.0435723422644771
76 0.0447433016421781
76.1 0.045914261019879
76.2 0.04708522039758
76.3 0.0482561797752809
76.4 0.0494271391529819
76.5 0.0505980985306829
76.6 0.0517690579083838
76.7 0.0529400172860848
76.8 0.0541109766637857
76.9 0.0552819360414867
77 0.0564528954191876
77.1 0.0576238547968886
77.2 0.0587948141745896
77.3 0.0599657735522905
77.4 0.0611367329299915
77.5 0.0623076923076923
77.6 0.0635296703296703
77.7 0.0647516483516484
77.8 0.0659736263736264
77.9 0.0671956043956044
78 0.0684175824175824
78.1 0.0696395604395605
78.2 0.0708615384615385
78.3 0.0720835164835165
78.4 0.0733054945054946
78.5 0.0745274725274726
78.6 0.0757494505494506
78.7 0.0769714285714286
78.8 0.0781934065934067
78.9 0.0794153846153847
79 0.0806373626373627
79.1 0.0818593406593408
79.2 0.0830813186813188
79.3 0.0843032967032968
79.4 0.0855252747252748
79.5 0.0867472527472529
79.6 0.0879692307692309
79.7 0.0891912087912089
79.8 0.090413186813187
79.9 0.091635164835165
80 0.0928571428571429
80.1 0.093024045261669
80.2 0.0931909476661952
80.3 0.0933578500707214
80.4 0.0935247524752476
80.5 0.0936916548797737
80.6 0.0938585572842999
80.7 0.0940254596888261
80.8 0.0941923620933522
80.9 0.0943592644978784
81 0.0945261669024045
81.1 0.0946930693069307
81.2 0.0948599717114569
81.3 0.0950268741159831
81.4 0.0951937765205092
81.5 0.0953606789250354
81.6 0.0955275813295616
81.7 0.0956944837340877
81.8 0.0958613861386139
81.9 0.0960282885431401
82 0.0961951909476662
82.1 0.0963620933521924
82.2 0.0965289957567186
82.3 0.0966958981612447
82.4 0.0968628005657709
82.5 0.097029702970297
82.6 0.0968249854397204
82.7 0.0966202679091439
82.8 0.0964155503785673
82.9 0.0962108328479907
83 0.0960061153174141
83.1 0.0958013977868375
83.2 0.0955966802562609
83.3 0.0953919627256843
83.4 0.0951872451951077
83.5 0.0949825276645311
83.6 0.0947778101339545
83.7 0.094573092603378
83.8 0.0943683750728014
83.9 0.0941636575422248
84 0.0939589400116482
84.1 0.0937542224810716
84.2 0.093549504950495
84.3 0.0933447874199184
84.4 0.0931400698893418
84.5 0.0929353523587653
84.6 0.0927306348281887
84.7 0.0925259172976121
84.8 0.0923211997670355
84.9 0.0921164822364589
85 0.0919117647058824
85.1 0.091632783657396
85.2 0.0913538026089097
85.3 0.0910748215604233
85.4 0.090795840511937
85.5 0.0905168594634507
85.6 0.0902378784149643
85.7 0.089958897366478
85.8 0.0896799163179917
85.9 0.0894009352695053
86 0.089121954221019
86.1 0.0888429731725326
86.2 0.0885639921240463
86.3 0.0882850110755599
86.4 0.0880060300270736
86.5 0.0877270489785873
86.6 0.0874480679301009
86.7 0.0871690868816146
86.8 0.0868901058331282
86.9 0.0866111247846419
87 0.0863321437361556
87.1 0.0860531626876692
87.2 0.0857741816391829
87.3 0.0854952005906965
87.4 0.0852162195422102
87.5 0.0849372384937239
87.6 0.0846271275947516
87.7 0.0843170166957793
87.8 0.0840069057968071
87.9 0.0836967948978348
88 0.0833866839988626
88.1 0.0830765730998903
88.2 0.082766462200918
88.3 0.0824563513019458
88.4 0.0821462404029735
88.5 0.0818361295040013
88.6 0.081526018605029
88.7 0.0812159077060567
88.8 0.0809057968070845
88.9 0.0805956859081122
89 0.08028557500914
89.1 0.0799754641101677
89.2 0.0796653532111955
89.3 0.0793552423122232
89.4 0.079045131413251
89.5 0.0787350205142787
89.6 0.0784249096153064
89.7 0.0781147987163342
89.8 0.0778046878173619
89.9 0.0774945769183897
90 0.0771844660194175
90.1 0.076818980869765
90.2 0.0764534957201126
90.3 0.0760880105704601
90.4 0.0757225254208077
90.5 0.0753570402711553
90.6 0.0749915551215028
90.7 0.0746260699718504
90.8 0.0742605848221979
90.9 0.0738950996725455
91 0.0735296145228931
91.1 0.0731641293732406
91.2 0.0727986442235882
91.3 0.0724331590739357
91.4 0.0720676739242833
91.5 0.0717021887746308
91.6 0.0713367036249784
91.7 0.070971218475326
91.8 0.0706057333256735
91.9 0.0702402481760211
92 0.0698747630263686
92.1 0.0695092778767162
92.2 0.0691437927270638
92.3 0.0687783075774113
92.4 0.0684128224277589
92.5 0.0680473372781065
92.6 0.0679269840073368
92.7 0.0678066307365671
92.8 0.0676862774657973
92.9 0.0675659241950276
93 0.0674455709242579
93.1 0.0673252176534881
93.2 0.0672048643827184
93.3 0.0670845111119486
93.4 0.0669641578411789
93.5 0.0668438045704092
93.6 0.0667234512996394
93.7 0.0666030980288697
93.8 0.0664827447581
93.9 0.0663623914873302
94 0.0662420382165605
94.1 0.0656178343949045
94.2 0.0649936305732484
94.3 0.0643694267515923
94.4 0.0637452229299363
94.5 0.0631210191082802
94.6 0.0624968152866242
94.7 0.0618726114649681
94.8 0.061248407643312
94.9 0.060624203821656
95 0.06
95.1 0.0600714285714286
95.2 0.0601428571428571
95.3 0.0602142857142857
95.4 0.0602857142857143
95.5 0.0603571428571429
95.6 0.0604285714285714
95.7 0.0605
95.8 0.0605714285714286
95.9 0.0606428571428572
96 0.0607142857142857
96.1 0.0611226252158895
96.2 0.0615309647174932
96.3 0.061939304219097
96.4 0.0623476437207007
96.5 0.0627559832223045
96.6 0.0631643227239082
96.7 0.063572662225512
96.8 0.0639810017271157
96.9 0.0643893412287195
97 0.0647976807303232
97.1 0.065206020231927
97.2 0.0656143597335307
97.3 0.0660226992351345
97.4 0.0664310387367383
97.5 0.066839378238342
97.6 0.0672717194842752
97.7 0.0677040607302085
97.8 0.0681364019761417
97.9 0.068568743222075
98 0.0690010844680082
98.1 0.0694334257139415
98.2 0.0698657669598747
98.3 0.070298108205808
98.4 0.0707304494517412
98.5 0.0711627906976744
98.6 0.0716197540764501
98.7 0.0720767174552259
98.8 0.0725336808340016
98.9 0.0729906442127774
99 0.0734476075915531
99.1 0.0739045709703288
99.2 0.0743615343491045
99.3 0.0748184977278803
99.4 0.075275461106656
99.5 0.0757324244854317
99.6 0.0761893878642075
99.7 0.0766463512429832
99.8 0.0771033146217589
99.9 0.0775602780005347
100 0.0780172413793103
100.1 0.0781814279582201
100.2 0.0783456145371298
100.3 0.0785098011160395
100.4 0.0786739876949492
100.5 0.0788381742738589
100.6 0.0790389188657275
100.7 0.079239663457596
100.8 0.0794404080494645
100.9 0.0796411526413331
101 0.0798418972332016
101.1 0.0798001221118931
101.2 0.0797583469905845
101.3 0.079716571869276
101.4 0.0796747967479675
101.5 0.0795392953929539
101.6 0.0794037940379404
101.7 0.0792682926829268
101.8 0.0791327913279133
101.9 0.0789972899728997
102 0.0788617886178862
102.1 0.0790360046457608
102.2 0.0792102206736353
102.3 0.0793844367015099
102.4 0.0795586527293845
102.5 0.079732868757259
102.6 0.0799070847851336
102.7 0.0800813008130081
102.8 0.0803847790544021
102.9 0.0806882572957961
103 0.0809917355371901
103.1 0.0809332658683308
103.2 0.0808747961994715
103.3 0.0808163265306122
103.4 0.0810697278911565
103.5 0.0813231292517007
103.6 0.0815765306122449
103.7 0.0818299319727891
103.8 0.0820833333333333
103.9 0.0821130952380952
104 0.0821428571428571
104.1 0.0821052271483306
104.2 0.082067597153804
104.3 0.0820299671592775
104.4 0.081992337164751
104.5 0.103489549263309
104.6 0.124986761361867
104.7 0.146483973460425
104.8 0.167981185558984
104.9 0.189478397657542
105 0.210975609756098
105.1 0.209503995254545
105.2 0.208032380752992
105.3 0.206560766251439
105.4 0.205089151749886
105.5 0.203617537248334
105.6 0.202145922746781
105.7 0.201810245272937
105.8 0.201474567799093
105.9 0.201138890325249
106 0.200803212851406
106.1 0.200642570281125
106.2 0.200481927710843
106.3 0.200321285140562
106.4 0.200160642570281
106.5 0.2
106.6 0.199767441860465
106.7 0.19953488372093
106.8 0.199302325581395
106.9 0.19906976744186
107 0.198837209302326
107.1 0.198832649338805
107.2 0.198828089375285
107.3 0.198823529411765
107.4 0.198905782652044
107.5 0.198988035892323
107.6 0.199070289132602
107.7 0.199152542372881
107.8 0.193440876201804
107.9 0.187729210030726
108 0.182017543859649
108.1 0.181491323833601
108.2 0.180965103807554
108.3 0.180438883781506
108.4 0.179912663755459
108.5 0.178593886462882
108.6 0.177275109170306
108.7 0.175956331877729
108.8 0.174637554585153
108.9 0.173318777292576
109 0.172
109.1 0.171538011695906
109.2 0.171076023391813
109.3 0.170614035087719
109.4 0.170144464268015
109.5 0.16967489344831
109.6 0.169205322628605
109.7 0.168735751808901
109.8 0.168266180989196
109.9 0.167796610169492
110 0.168001599920004
110.1 0.168206589670516
110.2 0.168411579421029
110.3 0.168616569171541
110.4 0.168821558922054
110.5 0.169026548672566
110.6 0.170360714329429
110.7 0.171694879986291
110.8 0.173029045643154
110.9 0.172005057610457
111 0.170981069577761
111.1 0.169957081545064
111.2 0.169239963057532
111.3 0.16852284457
111.4 0.167805726082469
111.5 0.167088607594937
111.6 0.165893108298172
111.7 0.164697609001406
111.8 0.163502109704641
111.9 0.162306610407876
112 0.161111111111111
112.1 0.164031950405341
112.2 0.166952789699571
112.3 0.164339626630584
112.4 0.161726463561597
112.5 0.159113300492611
112.6 0.164556650246306
112.7 0.17
112.8 0.167326388888889
112.9 0.164652777777778
113 0.161979166666667
113.1 0.163187767094017
113.2 0.164396367521368
113.3 0.165604967948718
113.4 0.166813568376069
113.5 0.168022168803419
113.6 0.169230769230769
113.7 0.169857859531773
113.8 0.170484949832776
113.9 0.171112040133779
114 0.171739130434783
114.1 0.168905279503105
114.2 0.166071428571429
114.3 0.167439431913116
114.4 0.168807435254804
114.5 0.170175438596491
114.6 0.172561403508772
114.7 0.174947368421053
114.8 0.177333333333334
114.9 0.179719298245614
115 0.182105263157895
115.1 0.197606029637201
115.2 0.213106796116505
115.3 0.200780874830357
115.4 0.18845495354421
115.5 0.176129032258065
115.6 0.175050817498895
115.7 0.173972602739726
115.8 0.176390274879797
115.9 0.178807947019868
116 0.170676691729323
116.1 0.175904989747095
116.2 0.181133287764867
116.3 0.186361585782639
116.4 0.191589883800411
116.5 0.196818181818182
116.6 0.192330578512397
116.7 0.187842975206611
116.8 0.183355371900826
116.9 0.178867768595041
117 0.174380165289256
117.1 0.179872491145219
117.2 0.185364817001181
117.3 0.190857142857143
117.4 0.183855742296918
117.5 0.176854341736694
117.6 0.169852941176471
117.7 0.187500000000001
117.8 0.205147058823529
117.9 0.203017973856209
118 0.200888888888889
118.1 0.199319806763285
118.2 0.197750724637681
118.3 0.196181642512077
118.4 0.194612560386473
118.5 0.19304347826087
118.6 0.198134642356241
118.7 0.203225806451613
118.8 0.19822944457919
118.9 0.193233082706767
119 0.197122115633912
119.1 0.201007082329988
119.2 0.20295566502463
119.3 0.196178343949045
119.4 0.209777777777778
119.5 0.197191011235955
119.6 0.197802197802198
119.7 0.194734432234432
119.8 0.191666666666667
119.9 0.186492673992674
120 0.181318681318681
120.1 0.18906359597849
120.2 0.196808510638298
120.3 0.181395348837209
120.4 0.189344262295082
120.5 0.189344262295082
120.6 0.192061492999367
120.7 0.191211738566916
120.8 0.189937106918239
120.9 0.190292294466314
121 0.190647482014388
121.1 0.187777278177458
121.2 0.184907074340527
121.3 0.182036870503597
121.4 0.179166666666667
121.5 0.181944444444444
121.6 0.184057328605201
121.7 0.186170212765957
121.8 0.191818181818182
121.9 0.189320388349515
122 0.190526315789474
122.1 0.190421052631579
122.2 0.189954337899543
122.3 0.189969558599696
122.4 0.189984779299848
122.5 0.19
122.6 0.19
122.7 0.18993288590604
122.8 0.18996644295302
122.9 0.19
123 0.19
123.1 0.18994708994709
123.2 0.19047619047619
123.3 0.189814814814815
123.4 0.189744832041344
123.5 0.189674849267873
123.6 0.189604866494401
123.7 0.18953488372093
123.8 0.188850174216028
123.9 0.188271240954168
124 0.187692307692308
124.1 0.187179487179487
124.2 0.186666666666667
124.3 0.185989583333333
124.4 0.1853125
124.5 0.184578703703704
124.6 0.183844907407407
124.7 0.183111111111111
124.8 0.182513725490196
124.9 0.181814026351281
125 0.181617647058824
125.1 0.180716619981326
125.2 0.180010820584178
125.3 0.179305021187031
125.4 0.178599221789883
125.5 0.177920300550114
125.6 0.177241379310345
125.7 0.176567398119122
125.8 0.1758934169279
125.9 0.175219435736677
126 0.174545454545455
126.1 0.173837026696912
126.2 0.173128598848369
126.3 0.172369738544652
126.4 0.171610878240936
126.5 0.17085201793722
126.6 0.170392573361655
126.7 0.169933128786091
126.8 0.169473684210526
126.9 0.168582995951417
127 0.167692307692308
127.1 0.167010989010989
127.2 0.166545454545455
127.3 0.165792207792208
127.4 0.165038961038961
127.5 0.164285714285714
127.6 0.163638095238095
127.7 0.162920879120879
127.8 0.162203663003663
127.9 0.161486446886447
128 0.160769230769231
128.1 0.160089686098655
128.2 0.159701492537313
128.3 0.158536585365854
128.4 0.158247422680412
128.5 0.157474226804124
128.6 0.156701030927835
128.7 0.156209150326797
128.8 0.155555555555556
128.9 0.154313099041534
129 0.154313099041534
129.1 0.153572662118988
129.2 0.152832225196442
129.3 0.152091788273897
129.4 0.151351351351351
129.5 0.150588235294118
129.6 0.15
129.7 0.149444444444444
129.8 0.148920863309353
129.9 0.147619047619048
130 0.1475
130.1 0.147058823529412
130.2 0.14628390278267
130.3 0.145508982035928
130.4 0.144869875633349
130.5 0.144230769230769
130.6 0.143010752688172
130.7 0.142063492063492
130.8 0.142063492063492
130.9 0.141313436172591
131 0.14056338028169
131.1 0.139865023474178
131.2 0.139166666666667
131.3 0.138662280701754
131.4 0.137828947368421
131.5 0.137306701030928
131.6 0.136851851851852
131.7 0.135714285714286
131.8 0.135051759834368
131.9 0.134057971014493
132 0.133695652173913
132.1 0.133076923076923
132.2 0.132027027027027
132.3 0.132027027027027
132.4 0.130677290836653
132.5 0.130677290836653
132.6 0.129874604147513
132.7 0.129071917458372
132.8 0.128269230769231
132.9 0.127634615384615
133 0.127
133.1 0.126268965517241
133.2 0.125172413793103
133.3 0.125172413793103
133.4 0.124397230518599
133.5 0.123622047244094
133.6 0.122795982837475
133.7 0.121556886227545
133.8 0.121556886227545
133.9 0.120838684077628
134 0.120120481927711
134.1 0.119506172839506
134.2 0.118507462686567
134.3 0.118507462686567
134.4 0.11764299308825
134.5 0.116778523489933
134.6 0.116081081081081
134.7 0.115367185367185
134.8 0.11465328965329
134.9 0.113939393939394
135 0.113323863636364
135.1 0.112708333333333
135.2 0.111954809286899
135.3 0.111201285240464
135.4 0.11044776119403
135.5 0.109921867174196
135.6 0.109395973154362
135.7 0.10868236001202
135.8 0.107611940298507
135.9 0.107238805970149
136 0.106865671641791
136.1 0.106263982102908
136.2 0.105591397849462
136.3 0.104597701149425
136.4 0.103928571428571
136.5 0.103205627705628
136.6 0.102549474335189
136.7 0.102121212121212
136.8 0.100909090909091
136.9 0.100909090909091
137 0.0998333333333333
137.1 0.0991666666666666
137.2 0.0982654320987655
137.3 0.0978725749559082
137.4 0.0971857359965263
137.5 0.0964571573310175
137.6 0.0957285786655087
137.7 0.095
137.8 0.0943330134357005
137.9 0.0936660268714012
138 0.0929752066115702
138.1 0.0923355716253444
138.2 0.0916959366391184
138.3 0.0910563016528925
138.4 0.0904166666666667
138.5 0.0895555555555556
138.6 0.0889285714285714
138.7 0.0882440476190476
138.8 0.0875595238095237
138.9 0.086875
139 0.0862129510309278
139.1 0.0855509020618557
139.2 0.0848888530927835
139.3 0.0842268041237113
139.4 0.0835249401228782
139.5 0.0828230761220451
139.6 0.0821212121212121
139.7 0.0812080536912752
139.8 0.0809447599380485
139.9 0.0807692307692308
140 0.0794623655913979
140.1 0.0788461538461538
140.2 0.0781730769230769
140.3 0.0775
140.4 0.0767613636363636
140.5 0.0760227272727272
140.6 0.0752840909090908
140.7 0.0745454545454546
140.8 0.0739134199134199
140.9 0.0732813852813853
141 0.0726380406380406
141.1 0.0723333333333333
141.2 0.0713513513513513
141.3 0.0706756756756756
141.4 0.07
141.5 0.0693111782477341
141.6 0.0688172043010753
141.7 0.0679206828753657
141.8 0.0677777777777778
141.9 0.0668157181571815
142 0.0658536585365854
142.1 0.0653846153846154
142.2 0.0645701357466063
142.3 0.0637556561085972
142.4 0.0629411764705882
142.5 0.0624390243902439
142.6 0.0618095743069232
142.7 0.0611801242236025
142.8 0.0603846153846154
142.9 0.0597452991452991
143 0.0591059829059829
143.1 0.0584666666666667
143.2 0.0578047619047619
143.3 0.0571428571428571
143.4 0.0563414634146341
143.5 0.0556943089430894
143.6 0.0550471544715447
143.7 0.0544
143.8 0.0536
143.9 0.0529842105263158
144 0.0523684210526316
144.1 0.0516666666666667
144.2 0.0509777777777777
144.3 0.0502888888888888
144.4 0.0496
144.5 0.049
144.6 0.0483082706766917
144.7 0.0478378378378378
144.8 0.0465789473684211
144.9 0.0465789473684211
145 0.0456
145.1 0.0449128205128205
145.2 0.044225641025641
145.3 0.0435384615384615
145.4 0.0428525641025641
145.5 0.0421666666666667
145.6 0.0415
145.7 0.0408333333333333
145.8 0.0401538461538461
145.9 0.0394743589743589
146 0.0387948717948717
146.1 0.0381153846153846
146.2 0.0374358974358973
146.3 0.0364166666666667
146.4 0.0364166666666667
146.5 0.0356083333333333
146.6 0.0348
146.7 0.034
146.8 0.0333684210526316
146.9 0.0327258771929824
147 0.0320833333333333
147.1 0.13
147.2 0.13
147.3 0.13
147.4 0.129333333333333
147.5 0.129
147.6 0.129
147.7 0.129
147.8 0.129
147.9 0.129
148 0.129
148.1 0.1285
148.2 0.128
148.3 0.128
148.4 0.128
148.5 0.127960057061341
148.6 0.128
148.7 0.127432835820895
148.8 0.126865671641791
148.9 0.126932835820896
149 0.127
149.1 0.126909090909091
149.2 0.127
149.3 0.127073170731707
149.4 0.126715447154472
149.5 0.126357723577236
149.6 0.126
149.7 0.125609756097561
149.8 0.126
149.9 0.1255
150 0.125
150.1 0.125079365079365
150.2 0.124545454545455
150.3 0.124772727272727
150.4 0.125
150.5 0.125
150.6 0.124555555555556
150.7 0.124111111111111
150.8 0.123666666666667
150.9 0.123222222222222
151 0.122777777777778
151.1 0.122912457912458
151.2 0.123047138047138
151.3 0.123181818181818
151.4 0.123076923076923
151.5 0.122985074626866
151.6 0.121997300944669
151.7 0.121952521163047
151.8 0.121907741381426
151.9 0.121862961599804
152 0.121818181818182
152.1 0.121661559414368
152.2 0.121504937010555
152.3 0.121348314606742
152.4 0.12
152.5 0.120238095238095
152.6 0.119946091644205
152.7 0.119973045822102
152.8 0.12
152.9 0.12
153 0.118888888888889
153.1 0.118616928446771
153.2 0.118344968004654
153.3 0.118073007562536
153.4 0.117801047120419
153.5 0.118181818181818
153.6 0.117766373411535
153.7 0.117350928641251
153.8 0.116935483870968
153.9 0.116942148760331
154 0.117241379310345
154.1 0.117114093959732
154.2 0.116681154788537
154.3 0.116031746031746
154.4 0.116090184000632
154.5 0.116060606060606
154.6 0.114765100671141
154.7 0.114950117903138
154.8 0.115135135135135
154.9 0.114918918918919
155 0.114702702702703
155.1 0.114486486486486
155.2 0.11427027027027
155.3 0.114054054054054
155.4 0.113788697788698
155.5 0.113523341523342
155.6 0.113257985257985
155.7 0.112992628992629
155.8 0.112727272727273
155.9 0.112309582309582
156 0.111891891891892
156.1 0.111052631578947
156.2 0.111
156.3 0.110975609756098
156.4 0.111058451816746
156.5 0.110562782955353
156.6 0.11006711409396
156.7 0.11
156.8 0.109736842105263
156.9 0.109473684210526
157 0.109210526315789
157.1 0.108947368421053
157.2 0.109090909090909
157.3 0.108947368421053
157.4 0.108
157.5 0.107704545454545
157.6 0.107409090909091
157.7 0.107113636363636
157.8 0.106818181818182
157.9 0.106486013986014
158 0.106153846153846
158.1 0.105923076923077
158.2 0.105692307692308
158.3 0.105461538461538
158.4 0.105230769230769
158.5 0.105
158.6 0.104514925373134
158.7 0.104029850746269
158.8 0.104032258064516
158.9 0.103956427539721
159 0.103880597014925
159.1 0.102684563758389
159.2 0.102494192049561
159.3 0.102303820340733
159.4 0.102113448631905
159.5 0.101923076923077
159.6 0.101733583489681
159.7 0.101544090056285
159.8 0.101354596622889
159.9 0.101165103189493
160 0.100975609756098
160.1 0.100593238653906
160.2 0.100210867551713
160.3 0.0998284964495215
160.4 0.0994461253473294
160.5 0.0990637542451374
160.6 0.0986813831429453
160.7 0.0982990120407533
160.8 0.0979166409385612
160.9 0.0975342698363692
161 0.0971518987341772
161.1 0.0971428571428572
161.2 0.096
161.3 0.0961290322580645
161.4 0.0961538461538461
161.5 0.096056338028169
161.6 0.0950704225352113
161.7 0.094821335419927
161.8 0.0945722483046427
161.9 0.0943231611893584
162 0.0940740740740741
162.1 0.0937692489931296
162.2 0.0934644239121851
162.3 0.0931595988312406
162.4 0.0928547737502961
162.5 0.0925499486693516
162.6 0.0922451235884071
162.7 0.0919402985074627
162.8 0.091455223880597
162.9 0.0909701492537313
163 0.0904850746268656
163.1 0.09
163.2 0.0898095238095238
163.3 0.0896190476190476
163.4 0.0894285714285714
163.5 0.0892380952380952
163.6 0.089047619047619
163.7 0.0880721966205837
163.8 0.0870967741935484
163.9 0.086989247311828
164 0.0868965517241379
164.1 0.0866863644790508
164.2 0.0864761772339637
164.3 0.0862659899888765
164.4 0.0860558027437894
164.5 0.0858456154987023
164.6 0.0856354282536151
164.7 0.085425241008528
164.8 0.0852150537634409
164.9 0.084965651135006
165 0.0847162485065711
165.1 0.0844668458781362
165.2 0.0842174432497013
165.3 0.0839680406212664
165.4 0.0837186379928315
165.5 0.0834692353643966
165.6 0.0832198327359617
165.7 0.0829704301075268
165.8 0.082721027479092
165.9 0.0824716248506571
166 0.0822222222222222
166.1 0.082030303030303
166.2 0.0818383838383838
166.3 0.0816464646464646
166.4 0.0814545454545454
166.5 0.0812626262626263
166.6 0.0810707070707071
166.7 0.0808787878787879
166.8 0.0806868686868687
166.9 0.0804949494949495
167 0.0803030303030303
167.1 0.080074494949495
167.2 0.0798459595959596
167.3 0.0796174242424242
167.4 0.0793888888888889
167.5 0.0791603535353535
167.6 0.0789318181818182
167.7 0.0787032828282828
167.8 0.0784747474747475
167.9 0.0782462121212121
168 0.0780176767676767
168.1 0.0777891414141414
168.2 0.077560606060606
168.3 0.0773320707070707
168.4 0.0771035353535353
168.5 0.076875
168.6 0.0766482456140351
168.7 0.0764214912280702
168.8 0.0761947368421053
168.9 0.0759679824561404
169 0.0757412280701754
169.1 0.0755144736842105
169.2 0.0752877192982456
169.3 0.0750609649122807
169.4 0.0748342105263158
169.5 0.0746074561403509
169.6 0.074380701754386
169.7 0.074153947368421
169.8 0.0739271929824561
169.9 0.0737004385964912
170 0.0734736842105263
170.1 0.0732421052631579
170.2 0.0730105263157895
170.3 0.072778947368421
170.4 0.0725473684210526
170.5 0.0723157894736842
170.6 0.0720842105263158
170.7 0.0718526315789473
170.8 0.0716210526315789
170.9 0.0713894736842105
171 0.0711578947368421
171.1 0.0709263157894737
171.2 0.0706947368421052
171.3 0.0704631578947368
171.4 0.0702315789473684
171.5 0.07
171.6 0.0697827160493827
171.7 0.0695654320987654
171.8 0.0693481481481481
171.9 0.0691308641975309
172 0.0689135802469136
172.1 0.0686962962962963
172.2 0.068479012345679
172.3 0.0682617283950617
172.4 0.0680444444444444
172.5 0.0678271604938272
172.6 0.0676098765432099
172.7 0.0673925925925926
172.8 0.0671753086419753
172.9 0.066958024691358
173 0.0667407407407408
173.1 0.0665199827734712
173.2 0.0662992248062016
173.3 0.066078466838932
173.4 0.0658577088716624
173.5 0.0656369509043928
173.6 0.0654161929371232
173.7 0.0651954349698536
173.8 0.064974677002584
173.9 0.0647539190353144
174 0.0645331610680448
174.1 0.0643124031007752
174.2 0.0640916451335056
174.3 0.063870887166236
174.4 0.0636501291989664
174.5 0.0634293712316968
174.6 0.0632086132644272
174.7 0.0629878552971576
174.8 0.062767097329888
174.9 0.0625463393626184
175 0.0623255813953488
175.1 0.0620964685615848
175.2 0.0618673557278208
175.3 0.0616382428940568
175.4 0.0614091300602928
175.5 0.0611800172265288
175.6 0.0609509043927648
175.7 0.0607217915590008
175.8 0.0604926787252368
175.9 0.0602635658914728
176 0.0600344530577088
176.1 0.0598053402239448
176.2 0.0595762273901808
176.3 0.0593471145564168
176.4 0.0591180017226529
176.5 0.0588888888888889
176.6 0.0586644555002764
176.7 0.0584400221116639
176.8 0.0582155887230514
176.9 0.0579911553344389
177 0.0577667219458264
177.1 0.0575422885572139
177.2 0.0573178551686014
177.3 0.0570934217799889
177.4 0.0568689883913764
177.5 0.0566445550027639
177.6 0.0564201216141514
177.7 0.0561956882255389
177.8 0.0559712548369264
177.9 0.055746821448314
178 0.0555223880597015
178.1 0.0553080750095675
178.2 0.0550937619594336
178.3 0.0548794489092997
178.4 0.0546651358591657
178.5 0.0544508228090318
178.6 0.0542365097588978
178.7 0.0540221967087639
178.8 0.0538078836586299
178.9 0.053593570608496
179 0.053379257558362
179.1 0.0531649445082281
179.2 0.0529506314580941
179.3 0.0527363184079602
179.4 0.0525220053578262
179.5 0.0523076923076923
179.6 0.0520722135007849
179.7 0.0518367346938775
179.8 0.0516012558869702
179.9 0.0513657770800628
180 0.0511302982731554
180.1 0.050894819466248
180.2 0.0506593406593406
180.3 0.0504238618524333
180.4 0.0501883830455259
180.5 0.0499529042386185
180.6 0.0497174254317111
180.7 0.0494819466248037
180.8 0.0492464678178963
180.9 0.049010989010989
181 0.0487755102040816
181.1 0.0485446428571428
181.2 0.0483137755102041
181.3 0.0480829081632653
181.4 0.0478520408163265
181.5 0.0476211734693877
181.6 0.047390306122449
181.7 0.0471594387755102
181.8 0.0469285714285714
181.9 0.0466977040816326
182 0.0464668367346939
182.1 0.0462359693877551
182.2 0.0460051020408163
182.3 0.0457742346938775
182.4 0.0455433673469387
182.5 0.0453125
182.6 0.0450916666666667
182.7 0.0448708333333333
182.8 0.04465
182.9 0.0444291666666667
183 0.0442083333333333
183.1 0.0439875
183.2 0.0437666666666666
183.3 0.0435458333333333
183.4 0.043325
183.5 0.0431041666666666
183.6 0.0428833333333333
183.7 0.0426625
183.8 0.0424416666666666
183.9 0.0422208333333333
184 0.042
184.1 0.0418
184.2 0.0416
184.3 0.0414
184.4 0.0412
184.5 0.041
184.6 0.0408
184.7 0.0406
184.8 0.0404
184.9 0.0402
185 0.04
185.1 0.0398
185.2 0.0396
185.3 0.0394
185.4 0.0392
185.5 0.039
185.6 0.0388375
185.7 0.038675
185.8 0.0385125
185.9 0.03835
186 0.0381875
186.1 0.038025
186.2 0.0378625
186.3 0.0377
186.4 0.0375375
186.5 0.037375
186.6 0.0372125
186.7 0.03705
186.8 0.0368875
186.9 0.036725
187 0.0365625
187.1 0.0363916666666667
187.2 0.0362208333333333
187.3 0.03605
187.4 0.0358791666666667
187.5 0.0357083333333333
187.6 0.0355375
187.7 0.0353666666666667
187.8 0.0351958333333333
187.9 0.035025
188 0.0348541666666666
188.1 0.0346833333333333
188.2 0.0345125
188.3 0.0343416666666666
188.4 0.0341708333333333
188.5 0.034
188.6 0.033840625
188.7 0.03368125
188.8 0.033521875
188.9 0.0333625
189 0.033203125
189.1 0.03304375
189.2 0.032884375
189.3 0.032725
189.4 0.032565625
189.5 0.03240625
189.6 0.032246875
189.7 0.0320875
189.8 0.031928125
189.9 0.03176875
190 0.031609375
190.1 0.03145
190.2 0.031290625
190.3 0.03113125
190.4 0.030971875
190.5 0.0308125
190.6 0.0306478571428571
190.7 0.0304832142857143
190.8 0.0303185714285714
190.9 0.0301539285714286
191 0.0299892857142857
191.1 0.0298246428571428
191.2 0.02966
191.3 0.0294953571428571
191.4 0.0293307142857143
191.5 0.0291660714285714
191.6 0.0290014285714285
191.7 0.0288367857142857
191.8 0.0286721428571428
191.9 0.0285075
192 0.0283428571428571
192.1 0.0281782142857143
192.2 0.0280135714285714
192.3 0.0278489285714286
192.4 0.0276842857142857
192.5 0.0275196428571429
192.6 0.027355
192.7 0.0271903571428571
192.8 0.0270257142857143
192.9 0.0268610714285714
193 0.0266964285714286
193.1 0.0265317857142857
193.2 0.0263671428571428
193.3 0.0262025
193.4 0.0260378571428571
193.5 0.0258732142857143
193.6 0.0257085714285714
193.7 0.0255439285714285
193.8 0.0253792857142857
193.9 0.0252146428571428
194 0.02505
194.1 0.0248844444444444
194.2 0.0247188888888889
194.3 0.0245533333333333
194.4 0.0243877777777778
194.5 0.0242222222222222
194.6 0.0240566666666667
194.7 0.0238911111111111
194.8 0.0237255555555555
194.9 0.02356
195 0.0233944444444444
195.1 0.0232288888888889
195.2 0.0230633333333333
195.3 0.0228977777777777
195.4 0.0227322222222222
195.5 0.0225666666666667
195.6 0.0224022222222222
195.7 0.0222377777777778
195.8 0.0220733333333333
195.9 0.0219088888888889
196 0.0217444444444444
196.1 0.02158
196.2 0.0214155555555555
196.3 0.0212511111111111
196.4 0.0210866666666667
196.5 0.0209222222222222
196.6 0.0207577777777778
196.7 0.0205933333333333
196.8 0.0204288888888889
196.9 0.0202644444444444
197 0.0201
197.1 0.0199355555555555
197.2 0.0197711111111111
197.3 0.0196066666666666
197.4 0.0194422222222222
197.5 0.0192777777777778
197.6 0.0191138888888889
197.7 0.01895
197.8 0.0187861111111111
197.9 0.0186222222222222
198 0.0184583333333333
198.1 0.0182944444444444
198.2 0.0181305555555555
198.3 0.0179666666666667
198.4 0.0178027777777778
198.5 0.0176388888888889
198.6 0.017475
198.7 0.0173111111111111
198.8 0.0171472222222222
198.9 0.0169833333333333
199 0.0168194444444444
199.1 0.0166555555555555
199.2 0.0164916666666666
199.3 0.0163277777777778
199.4 0.0161638888888889
199.5 0.016
199.6 0.0158375
199.7 0.015675
199.8 0.0155125
199.9 0.01535
200 0.0151875
200.1 0.015025
200.2 0.0148625
200.3 0.0147
200.4 0.0145375
200.5 0.014375
200.6 0.0142125
200.7 0.01405
200.8 0.0138875
200.9 0.013725
201 0.0135625
201.1 0.0134
201.2 0.0132375
201.3 0.013075
201.4 0.0129125
201.5 0.01275
201.6 0.0125833333333333
201.7 0.0124166666666667
201.8 0.01225
201.9 0.0120833333333333
202 0.0119166666666667
202.1 0.01175
202.2 0.0115833333333333
202.3 0.0114166666666667
202.4 0.01125
202.5 0.0110833333333333
202.6 0.0109166666666666
202.7 0.01075
202.8 0.0105833333333333
202.9 0.0104166666666666
203 0.01025
203.1 0.0100833333333333
203.2 0.00991666666666664
203.3 0.00974999999999997
203.4 0.00958333333333331
203.5 0.00941666666666667
203.6 0.00925365079365079
203.7 0.00909063492063492
203.8 0.00892761904761904
203.9 0.00876460317460317
204 0.00860158730158729
204.1 0.00843857142857142
204.2 0.00827555555555554
204.3 0.00811253968253967
204.4 0.00794952380952379
204.5 0.00778650793650792
204.6 0.00762349206349204
204.7 0.00746047619047616
204.8 0.00729746031746029
204.9 0.00713444444444442
205 0.00697142857142857
205.1 0.00686145363408521
205.2 0.00675147869674185
205.3 0.00664150375939849
205.4 0.00653152882205513
205.5 0.00642155388471178
205.6 0.00631157894736841
205.7 0.00620160401002505
205.8 0.0060916290726817
205.9 0.00598165413533834
206 0.00587167919799498
206.1 0.00576170426065162
206.2 0.00565172932330826
206.3 0.0055417543859649
206.4 0.00543177944862154
206.5 0.00532180451127819
206.6 0.00521182957393482
206.7 0.00510185463659146
206.8 0.0049918796992481
206.9 0.00488190476190475
207 0.0047719298245614
207.1 0.00474374825953773
207.2 0.00471556669451406
207.3 0.00468738512949039
207.4 0.00465920356446672
207.5 0.00463102199944305
207.6 0.00460284043441938
207.7 0.00457465886939571
207.8 0.00454647730437204
207.9 0.00451829573934837
208 0.0044901141743247
208.1 0.00446193260930103
208.2 0.00443375104427736
208.3 0.00440556947925369
208.4 0.00437738791423002
208.5 0.00434920634920635
208.6 0.00432063492063492
208.7 0.00429206349206349
208.8 0.00426349206349206
208.9 0.00423492063492063
209 0.00420634920634921
209.1 0.00417881481481481
209.2 0.00415128042328042
209.3 0.00412374603174603
209.4 0.00409621164021164
209.5 0.00406867724867725
209.6 0.00404114285714286
209.7 0.00401360846560846
209.8 0.00398607407407407
209.9 0.00395853968253968
210 0.00393100529100529
210.1 0.0039034708994709
210.2 0.0038759365079365
210.3 0.00384840211640211
210.4 0.00382086772486772
210.5 0.00379333333333333
210.6 0.00376519047619048
210.7 0.00373704761904762
210.8 0.00370890476190476
210.9 0.0036807619047619
211 0.00365261904761905
211.1 0.00362447619047619
211.2 0.00359633333333333
211.3 0.00356819047619047
211.4 0.00354004761904762
211.5 0.00351190476190476
211.6 0.00348333333333333
211.7 0.0034547619047619
211.8 0.00342619047619047
211.9 0.00339761904761905
212 0.00336904761904762
212.1 0.00334047619047619
212.2 0.00331190476190476
212.3 0.00328333333333333
212.4 0.0032547619047619
212.5 0.00322619047619048
212.6 0.00319845238095238
212.7 0.00317071428571429
212.8 0.00314297619047619
212.9 0.00311523809523809
213 0.0030875
213.1 0.0030597619047619
213.2 0.00303202380952381
213.3 0.00300428571428571
213.4 0.00297654761904762
213.5 0.00294880952380952
213.6 0.00292107142857143
213.7 0.00289333333333333
213.8 0.00286559523809523
213.9 0.00283785714285714
214 0.00281011904761904
214.1 0.00278238095238095
214.2 0.00275464285714285
214.3 0.00272690476190476
214.4 0.00269916666666666
214.5 0.00267142857142857
214.6 0.00264312030075188
214.7 0.00261481203007519
214.8 0.0025865037593985
214.9 0.0025581954887218
215 0.00252988721804511
215.1 0.00250157894736842
215.2 0.00247327067669173
215.3 0.00244496240601504
215.4 0.00241665413533834
215.5 0.00238834586466165
215.6 0.00236003759398496
215.7 0.00233172932330827
215.8 0.00230342105263158
215.9 0.00227511278195488
216 0.00224680451127819
216.1 0.0022184962406015
216.2 0.00219018796992481
216.3 0.00216187969924812
216.4 0.00213357142857142
216.5 0.00210526315789474
216.6 0.00207873107426099
216.7 0.00205219899062725
216.8 0.00202566690699351
216.9 0.00199913482335977
217 0.00197260273972603
217.1 0.00194438926940639
217.2 0.00191617579908676
217.3 0.00188796232876712
217.4 0.00185974885844749
217.5 0.00183153538812785
217.6 0.00180332191780822
217.7 0.00177510844748858
217.8 0.00174689497716895
217.9 0.00171868150684931
218 0.00169046803652968
218.1 0.00166225456621004
218.2 0.00163404109589041
218.3 0.00160582762557077
218.4 0.00157761415525114
218.5 0.0015494006849315
218.6 0.00152118721461187
218.7 0.00149297374429223
218.8 0.0014647602739726
218.9 0.00143654680365296
219 0.00140833333333333
219.1 0.00138
219.2 0.00135166666666667
219.3 0.00132333333333333
219.4 0.001295
219.5 0.00126666666666667
219.6 0.00123833333333333
219.7 0.00121
219.8 0.00118166666666666
219.9 0.00115333333333333
220 0.001125
220.1 0.00109666666666666
220.2 0.00106833333333333
220.3 0.00104
220.4 0.00101166666666666
220.5 0.000983333333333333
220.6 0.000955897435897434
220.7 0.000928461538461536
220.8 0.000901025641025638
220.9 0.00087358974358974
221 0.000846153846153846
221.1 0.000817896153846153
221.2 0.000789638461538461
221.3 0.000761380769230768
221.4 0.000733123076923076
221.5 0.000704865384615383
221.6 0.000676607692307691
221.7 0.000648349999999998
221.8 0.000620092307692305
221.9 0.000591834615384613
222 0.000563576923076921
222.1 0.000535319230769228
222.2 0.000507061538461535
222.3 0.000478803846153843
222.4 0.00045054615384615
222.5 0.000422288461538458
222.6 0.000394030769230765
222.7 0.000365773076923072
222.8 0.00033751538461538
222.9 0.000309257692307688
223 0.000281
223.1 0.000252899999999999
223.2 0.000224799999999999
223.3 0.000196699999999998
223.4 0.000168599999999998
223.5 0.000140499999999998
223.6 0.000112399999999997
223.7 8.4299999999996e-05
223.8 5.61999999999958e-05
223.9 2.80999999999963e-05
224 0
224.1 0
224.2 0
224.3 0
224.4 0
224.5 0
224.6 0
224.7 0
224.8 0
224.9 0
225 0
225.1 0
225.2 0
225.3 0
225.4 0
225.5 0
225.6 0
225.7 0
225.8 0
225.9 0
226 0
226.1 0
226.2 0
226.3 0
226.4 0
226.5 0
226.6 0
226.7 0
226.8 0
226.9 0
227 0
227.1 0
227.2 0
227.3 0
227.4 0
227.5 0
227.6 0
227.7 0
227.8 0
227.9 0
228 0
228.1 0
228.2 0
228.3 0
228.4 0
228.5 0
228.6 0
228.7 0
228.8 0
228.9 0
229 0
229.1 0
229.2 0
229.3 0
229.4 0
229.5 0
229.6 0
229.7 0
229.8 0
229.9 0
230 0
230.1 0
230.2 0
230.3 0
230.4 0
230.5 0
230.6 0
230.7 0
230.8 0
230.9 0
231 0
231.1 0
231.2 0
231.3 0
231.4 0
231.5 0
231.6 0
231.7 0
231.8 0
231.9 0
232 0
232.1 0
232.2 0
232.3 0
232.4 0
232.5 0
232.6 0
232.7 0
232.8 0
232.9 0
233 0
