12 1.95e-18
12.1 1.99e-18
12.2 2.03e-18
12.3 2.07e-18
12.4 2.11e-18
12.5 2.15e-18
12.6 2.194e-18
12.7 2.238e-18
12.8 2.282e-18
12.9 2.326e-18
13 2.37e-18
13.1 2.408e-18
13.2 2.446e-18
13.3 2.484e-18
13.4 2.522e-18
13.5 2.56e-18
13.6 2.602e-18
13.7 2.644e-18
13.8 2.686e-18
13.9 2.728e-18
14 2.77e-18
14.1 2.812e-18
14.2 2.854e-18
14.3 2.896e-18
14.4 2.938e-18
14.5 2.98e-18
14.6 3.026e-18
14.7 3.072e-18
14.8 3.118e-18
14.9 3.164e-18
15 3.21e-18
15.1 3.26e-18
15.2 3.31e-18
15.3 3.36e-18
15.4 3.41e-18
15.5 3.46e-18
15.6 3.51e-18
15.7 3.56e-18
15.8 3.61e-18
15.9 3.66e-18
16 3.71e-18
16.1 3.762e-18
16.2 3.814e-18
16.3 3.866e-18
16.4 3.918e-18
16.5 3.97e-18
16.6 4.024e-18
16.7 4.078e-18
16.8 4.132e-18
16.9 4.186e-18
17 4.24e-18
17.1 4.294e-18
17.2 4.348e-18
17.3 4.402e-18
17.4 4.456e-18
17.5 4.51e-18
17.6 4.57e-18
17.7 4.63e-18
17.8 4.69e-18
17.9 4.75e-18
18 4.81e-18
18.1 4.88e-18
18.2 4.95e-18
18.3 5.02e-18
18.4 5.09e-18
18.5 5.16e-18
18.6 5.228e-18
18.7 5.296e-18
18.8 5.364e-18
18.9 5.432e-18
19 5.5e-18
19.1 5.566e-18
19.2 5.632e-18
19.3 5.698e-18
19.4 5.764e-18
19.5 5.83e-18
19.6 5.904e-18
19.7 5.978e-18
19.8 6.052e-18
19.9 6.126e-18
20 6.2e-18
20.1 6.276e-18
20.2 6.352e-18
20.3 6.428e-18
20.4 6.504e-18
20.5 6.58e-18
20.6 6.662e-18
20.7 6.744e-18
20.8 6.826e-18
20.9 6.908e-18
21 6.99e-18
21.1 7.072e-18
21.2 7.154e-18
21.3 7.236e-18
21.4 7.318e-18
21.5 7.4e-18
21.6 7.49e-18
21.7 7.58e-18
21.8 7.67e-18
21.9 7.76e-18
22 7.85e-18
22.1 7.936e-18
22.2 8.022e-18
22.3 8.108e-18
22.4 8.194e-18
22.5 8.28e-18
22.6 8.366e-18
22.7 8.452e-18
22.8 8.538e-18
22.9 8.624e-18
23 8.71e-18
23.1 8.792e-18
23.2 8.874e-18
23.3 8.956e-18
23.4 9.038e-18
23.5 9.12e-18
23.6 9.196e-18
23.7 9.272e-18
23.8 9.348e-18
23.9 9.424e-18
24 9.5e-18
24.1 9.56e-18
24.2 9.62e-18
24.3 9.68e-18
24.4 9.74e-18
24.5 9.8e-18
24.6 9.844e-18
24.7 9.888e-18
24.8 9.932e-18
24.9 9.976e-18
25 1.002e-17
25.1 1.0052e-17
25.2 1.0084e-17
25.3 1.0116e-17
25.4 1.0148e-17
25.5 1.018e-17
25.6 1.02e-17
25.7 1.022e-17
25.8 1.024e-17
25.9 1.026e-17
26 1.028e-17
26.1 1.0304e-17
26.2 1.0328e-17
26.3 1.0352e-17
26.4 1.0376e-17
26.5 1.04e-17
26.6 1.042e-17
26.7 1.044e-17
26.8 1.046e-17
26.9 1.048e-17
27 1.05e-17
27.1 1.0522e-17
27.2 1.0544e-17
27.3 1.0566e-17
27.4 1.0588e-17
27.5 1.061e-17
27.6 1.0644e-17
27.7 1.0678e-17
27.8 1.0712e-17
27.9 1.0746e-17
28 1.078e-17
28.1 1.0808e-17
28.2 1.0836e-17
28.3 1.0864e-17
28.4 1.0892e-17
28.5 1.092e-17
28.6 1.0956e-17
28.7 1.0992e-17
28.8 1.1028e-17
28.9 1.1064e-17
29 1.11e-17
29.1 1.1134e-17
29.2 1.1168e-17
29.3 1.1202e-17
29.4 1.1236e-17
29.5 1.127e-17
29.6 1.1316e-17
29.7 1.1362e-17
29.8 1.1408e-17
29.9 1.1454e-17
30 1.15e-17
30.1 1.15526315789474e-17
30.2 1.16052631578947e-17
30.3 1.16578947368421e-17
30.4 1.17e-17
30.5 1.17533333333333e-17
30.6 1.18066666666667e-17
30.7 1.186e-17
30.8 1.19133333333333e-17
30.9 1.19666666666667e-17
31 1.202e-17
31.1 1.209e-17
31.2 1.216e-17
31.3 1.223e-17
31.4 1.23e-17
31.5 1.237e-17
31.6 1.2442e-17
31.7 1.2514e-17
31.8 1.2586e-17
31.9 1.2658e-17
32 1.273e-17
32.1 1.281e-17
32.2 1.289e-17
32.3 1.297e-17
32.4 1.305e-17
32.5 1.313e-17
32.6 1.3214e-17
32.7 1.3298e-17
32.8 1.3382e-17
32.9 1.3466e-17
33 1.355e-17
33.1 1.363e-17
33.2 1.371e-17
33.3 1.379e-17
33.4 1.387e-17
33.5 1.395e-17
33.6 1.4036e-17
33.7 1.4122e-17
33.8 1.4208e-17
33.9 1.4294e-17
34 1.438e-17
34.1 1.4468e-17
34.2 1.4556e-17
34.3 1.4644e-17
34.4 1.4732e-17
34.5 1.482e-17
34.6 1.4912e-17
34.7 1.5004e-17
34.8 1.5096e-17
34.9 1.5188e-17
35 1.528e-17
35.1 1.537e-17
35.2 1.546e-17
35.3 1.555e-17
35.4 1.564e-17
35.5 1.573e-17
35.6 1.582e-17
35.7 1.591e-17
35.8 1.6e-17
35.9 1.609e-17
36 1.618e-17
36.1 1.627e-17
36.2 1.636e-17
36.3 1.645e-17
36.4 1.654e-17
36.5 1.663e-17
36.6 1.672e-17
36.7 1.681e-17
36.8 1.69e-17
36.9 1.699e-17
37 1.708e-17
37.1 1.7175e-17
37.2 1.727e-17
37.3 1.7365e-17
37.4 1.746e-17
37.5 1.7555e-17
37.6 1.765e-17
37.7 1.7745e-17
37.8 1.784e-17
37.9 1.7935e-17
38 1.803e-17
38.1 1.8132e-17
38.2 1.8234e-17
38.3 1.8336e-17
38.4 1.8438e-17
38.5 1.854e-17
38.6 1.8642e-17
38.7 1.8744e-17
38.8 1.8846e-17
38.9 1.8948e-17
39 1.905e-17
39.1 1.9152e-17
39.2 1.9254e-17
39.3 1.9356e-17
39.4 1.9458e-17
39.5 1.956e-17
39.6 1.9662e-17
39.7 1.9764e-17
39.8 1.9866e-17
39.9 1.9968e-17
40 2.007e-17
40.1 2.0165e-17
40.2 2.026e-17
40.3 2.0355e-17
40.4 2.045e-17
40.5 2.0545e-17
40.6 2.064e-17
40.7 2.0735e-17
40.8 2.083e-17
40.9 2.0925e-17
41 2.102e-17
41.1 2.1103e-17
41.2 2.1186e-17
41.3 2.1269e-17
41.4 2.1352e-17
41.5 2.1435e-17
41.6 2.1518e-17
41.7 2.1601e-17
41.8 2.1684e-17
41.9 2.1767e-17
42 2.185e-17
42.1 2.1929e-17
42.2 2.2008e-17
42.3 2.2087e-17
42.4 2.2166e-17
42.5 2.2245e-17
42.6 2.2324e-17
42.7 2.2403e-17
42.8 2.2482e-17
42.9 2.2561e-17
43 2.264e-17
43.1 2.2686e-17
43.2 2.2732e-17
43.3 2.2778e-17
43.4 2.2824e-17
43.5 2.287e-17
43.6 2.2916e-17
43.7 2.2962e-17
43.8 2.3008e-17
43.9 2.3054e-17
44 2.31e-17
44.1 2.31e-17
44.2 2.31e-17
44.3 2.31e-17
44.4 2.31e-17
44.5 2.31e-17
44.6 2.31e-17
44.7 2.31e-17
44.8 2.31e-17
44.9 2.31e-17
45 2.31e-17
45.1 2.3095e-17
45.2 2.309e-17
45.3 2.3085e-17
45.4 2.308e-17
45.5 2.3075e-17
45.6 2.307e-17
45.7 2.3065e-17
45.8 2.306e-17
45.9 2.3055e-17
46 2.305e-17
46.1 2.3072e-17
46.2 2.3094e-17
46.3 2.3116e-17
46.4 2.3138e-17
46.5 2.316e-17
46.6 2.3182e-17
46.7 2.3204e-17
46.8 2.3226e-17
46.9 2.3248e-17
47 2.327e-17
47.1 2.3303e-17
47.2 2.3336e-17
47.3 2.3369e-17
47.4 2.3402e-17
47.5 2.3435e-17
47.6 2.3468e-17
47.7 2.3501e-17
47.8 2.3534e-17
47.9 2.3567e-17
48 2.36e-17
48.1 2.359e-17
48.2 2.358e-17
48.3 2.357e-17
48.4 2.356e-17
48.5 2.355e-17
48.6 2.354e-17
48.7 2.353e-17
48.8 2.352e-17
48.9 2.351e-17
49 2.35e-17
49.1 2.43357e-17
49.2 2.46446e-17
49.3 2.4641957992074e-17
49.4 2.44601244727808e-17
49.5 2.43705401374422e-17
49.6 2.4321e-17
49.7 2.43175e-17
49.8 2.46264e-17
49.9 2.46213e-17
50 2.46178909090909e-17
50.1 2.46144818181818e-17
50.2 2.46110727272727e-17
50.3 2.46087e-17
50.4 2.46046e-17
50.5 2.42876e-17
50.6 2.52205e-17
50.7 2.48395187764991e-17
50.8 2.45915e-17
50.9 2.52124e-17
51 2.55204e-17
51.1 2.52033e-17
51.2 2.52007358974359e-17
51.3 2.51988e-17
51.4 2.48817e-17
51.5 2.58157e-17
51.6 2.54996e-17
51.7 2.54956e-17
51.8 2.54926996216898e-17
51.9 2.5491e-17
52 2.61115e-17
52.1 2.61084e-17
52.2 2.57914e-17
52.3 2.57873e-17
52.4 2.57843743124634e-17
52.5 2.57823e-17
52.6 2.70287e-17
52.7 2.54627e-17
52.8 2.56487705596107e-17
52.9 2.57686e-17
53 2.63906e-17
53.1 2.69181834319527e-17
53.2 2.60705e-17
53.3 2.66904e-17
53.4 2.60614e-17
53.5 2.63698e-17
53.6 2.73787423407917e-17
53.7 2.57392e-17
53.8 2.58395317850033e-17
53.9 2.59398635700066e-17
54 2.60416e-17
54.1 2.66615e-17
54.2 2.6658e-17
54.3 2.60325e-17
54.4 2.60285e-17
54.5 2.53979e-17
54.6 2.55507386454183e-17
54.7 2.57048e-17
54.8 2.57013e-17
54.9 2.55061466257669e-17
55 2.53832e-17
55.1 2.53787e-17
55.2 2.56866e-17
55.3 2.56836794392523e-17
55.4 2.56816e-17
55.5 2.5365e-17
55.6 2.44235e-17
55.7 2.50444e-17
55.8 2.46956721238938e-17
55.9 2.44139e-17
56 2.44098e-17
56.1 2.47183e-17
56.2 2.44022e-17
56.3 2.43977e-17
56.4 2.43950575129534e-17
56.5 2.43926e-17
56.6 2.37626e-17
56.7 2.37598877358491e-17
56.8 2.3758e-17
56.9 2.37534e-17
57 2.37484e-17
57.1 2.37457478939158e-17
57.2 2.37433e-17
57.3 2.37383e-17
57.4 2.3735204400607e-17
57.5 2.3732108801214e-17
57.6 2.37281e-17
57.7 2.35467750428327e-17
57.8 2.34106e-17
57.9 2.34055e-17
58 2.34025414201183e-17
58.1 2.3401e-17
58.2 2.33959e-17
58.3 2.33908e-17
58.4 2.35310104300092e-17
58.5 2.36973e-17
58.6 2.36932e-17
58.7 2.36905649538867e-17
58.8 2.36892e-17
58.9 2.33726e-17
59 2.33681e-17
59.1 2.3365e-17
59.2 2.36735e-17
59.3 2.36694e-17
59.4 2.36664277410832e-17
59.5 2.36649e-17
59.6 2.36608e-17
59.7 2.35118667903525e-17
59.8 2.33397e-17
59.9 2.36477e-17
60 2.32935942632171e-17
60.1 2.30181e-17
60.2 2.36391e-17
60.3 2.3635e-17
60.4 2.3631659312953e-17
60.5 2.36283186259061e-17
60.6 2.36244e-17
60.7 2.36212730839976e-17
60.8 2.36193e-17
60.9 2.33038e-17
61 2.32993e-17
61.1 2.39192e-17
61.2 2.39162196913252e-17
61.3 2.39136e-17
61.4 2.35971e-17
61.5 2.3905e-17
61.6 2.40743663911846e-17
61.7 2.42124e-17
61.8 2.42084e-17
61.9 2.38913e-17
62 2.35748e-17
62.1 2.37487548022599e-17
62.2 2.38827e-17
62.3 2.35662e-17
62.4 2.41861e-17
62.5 2.40144783783784e-17
62.6 2.38686e-17
62.7 2.38645e-17
62.8 2.4485e-17
62.9 2.42974225435232e-17
63 2.41098450870463e-17
63.1 2.38493e-17
63.2 2.40302635722679e-17
63.3 2.4347880474934e-17
63.4 2.42244111731594e-17
63.5 2.41507e-17
63.6 2.44597e-17
63.7 2.41436e-17
63.8 2.47646e-17
63.9 2.47609467970157e-17
64 2.47572935940314e-17
64.1 2.47536403910471e-17
64.2 2.47504e-17
64.3 2.47458e-17
64.4 2.45357271040424e-17
64.5 2.44288e-17
64.6 2.44237e-17
64.7 2.47327e-17
64.8 2.47291e-17
64.9 2.44121e-17
65 2.50335e-17
65.1 2.48416113801453e-17
65.2 2.47165e-17
65.3 2.43994e-17
65.4 2.53334e-17
65.5 2.47043e-17
65.6 2.50138e-17
65.7 2.46968e-17
65.8 2.51096324468086e-17
65.9 2.53177e-17
66 2.40988648512585e-17
66.1 2.43270183488805e-17
66.2 2.45554e-17
66.3 2.45709e-17
66.4 2.48004068879668e-17
66.5 2.54703e-17
66.6 2.47470488038279e-17
66.7 2.53831067726331e-17
66.8 2.30108e-17
66.9 2.60476515373352e-17
67 2.23738641304348e-17
67.1 2.76379754010686e-17
67.2 2.46973200620478e-17
67.3 2.33538991708126e-17
67.4 2.30205191268196e-17
67.5 3.50370183291776e-17
67.6 2.55052029958674e-17
67.7 2.39167442666666e-17
67.8 2.316612e-17
67.9 2.29324216704288e-17
68 2.19060212234704e-17
68.1 2.63363428982726e-17
68.2 3.9223959979318e-17
68.3 2.56265177608845e-17
68.4 2.59321e-17
68.5 2.45455218257262e-17
68.6 2.51317e-17
68.7 2.41007204669261e-17
68.8 2.39126e-17
68.9 2.42208233425415e-17
69 2.18523e-17
69.1 2.19827071651088e-17
69.2 2.48527e-17
69.3 2.82601499999998e-17
69.4 3.75021568828207e-17
69.5 4.18872153710241e-17
69.6 2.59102095277546e-17
69.7 2.32848e-17
69.8 2.32009878888428e-17
69.9 2.32801502268861e-17
70 2.33605e-17
70.1 2.380635e-17
70.2 2.38296e-17
70.3 2.30580029045643e-17
70.4 2.51496e-17
70.5 2.55993e-17
70.6 2.5202e-17
70.7 2.52195e-17
70.8 2.42260647840532e-17
70.9 2.51956539136796e-17
71 2.44501e-17
71.1 2.65850560469938e-17
71.2 2.61887e-17
71.3 2.70586096273292e-17
71.4 2.07501e-17
71.5 1.73815e-17
71.6 2.15601738154616e-17
71.7 2.31833650622406e-17
71.8 2.62811749999999e-17
71.9 2.90773992901511e-17
72 2.78587e-17
72.1 3.10230744548282e-17
72.2 3.10703161462982e-17
72.3 5.8059218626433e-17
72.4 4.59133355855852e-17
72.5 3.65763084219857e-17
72.6 2.99393957468881e-17
72.7 3.10632492836681e-17
72.8 2.45739478441128e-17
72.9 2.53352436137074e-17
73 2.67680573203193e-17
73.1 2.23865480842912e-17
73.2 2.21370229016786e-17
73.3 1.97395748226951e-17
73.4 2.46787665141811e-17
73.5 2.45626374028856e-17
73.6 2.20999696390651e-17
73.7 2.6457926218852e-17
73.8 2.49070972328242e-17
73.9 2.62985998065762e-17
74 2.61799500905797e-17
74.1 2.04427806695461e-17
74.2 1.77596596059115e-17
74.3 1.92809187772927e-17
74.4 3.59049005802698e-17
74.5 2.58736150727645e-17
74.6 2.05166443756444e-17
74.7 2.62312833827888e-17
74.8 2.71130565961731e-17
74.9 2.72624593779452e-17
75 3.35549761506283e-17
75.1 1.71758567951323e-17
75.2 1.87357624338625e-17
75.3 1.83869194475142e-17
75.4 5.1790281341719e-17
75.5 2.61897490286771e-17
75.6 1.41754345454544e-17
75.7 3.35477176870769e-17
75.8 3.20294468302646e-17
75.9 1.51835425793247e-17
76 2.5823658333334e-17
76.1 4.14193467059984e-17
76.2 1.66652285971227e-17
76.3 3.54883507394758e-17
76.4 2.260667105263e-17
76.5 6.49392462128488e-17
76.6 1.56770479187813e-17
76.7 1.5319114020619e-17
76.8 2.92042853238864e-17
76.9 2.82120445248864e-17
77 1.62342942922378e-17
77.1 3.84971784294207e-17
77.2 7.37478804243034e-17
77.3 2.13490549800803e-17
77.4 1.63485119433207e-17
77.5 3.45940270896274e-17
77.6 8.97372348140426e-17
77.7 1.90876529999986e-17
77.8 1.41504983638108e-17
77.9 2.65162994877055e-17
78 1.58234849858358e-17
78.1 5.5839559171597e-17
78.2 2.28102820295983e-17
78.3 4.66105625363049e-17
78.4 1.22526974817901e-16
78.5 1.77148222554897e-17
78.6 2.87427999032883e-17
78.7 1.31267957581226e-17
78.8 1.22908089700994e-17
78.9 2.45572403191489e-17
79 2.77815213213218e-17
79.1 5.63994359516595e-17
79.2 6.87121754146234e-17
79.3 2.36679616803264e-17
79.4 2.99909442094683e-17
79.5 3.85367570874922e-17
79.6 1.85160443966651e-17
79.7 1.23263543972227e-17
79.8 1.03957e-17
79.9 1.30696455428491e-17
80 2.30618364695697e-17
80.1 3.12157132934011e-17
80.2 2.71113781400639e-17
80.3 1.77136e-17
80.4 1.47451290731947e-17
80.5 2.11817303194888e-17
80.6 3.56837908268245e-17
80.7 3.56651e-17
80.8 2.03008632490788e-17
80.9 1.2227e-17
81 8.96435306564491e-18
81.1 9.63558422324831e-18
81.2 2.1432393562368e-17
81.3 3.39800764787039e-17
81.4 3.11699e-17
81.5 1.89856903949906e-17
81.6 1.07823269800646e-17
81.7 1.41447886359171e-17
81.8 3.06620986901472e-17
81.9 3.10598891359746e-17
82 2.58722231176959e-17
82.1 1.9785650027117e-17
82.2 1.14206506618272e-17
82.3 9.0111445172719e-18
82.4 1.53630006618452e-17
82.5 2.01888e-17
82.6 1.96323048073824e-17
82.7 1.22305558571744e-17
82.8 1.35593e-18
82.9 5.42373e-18
83 4.0678e-18
83.1 1.35593e-18
83.2 5.09266670630646e-18
83.3 9.49153e-18
83.4 1.79444768204856e-17
83.5 2.10169e-17
83.6 1.89831e-17
83.7 1.50116671350758e-17
83.8 1.40588152815691e-17
83.9 1.43800052448337e-17
84 2.58905298279042e-18
84.1 2.4327171727627e-17
84.2 9.26738711928073e-18
84.3 9.79497725869572e-20
84.4 1.53815385122837e-17
84.5 2.13869505106011e-18
84.6 6.65340508442332e-20
84.7 1.41566500020973e-18
84.8 5.22226689118322e-20
84.9 4.27620431576075e-18
85 1.79739857001766e-17
85.1 7.67001790178396e-19
85.2 1.10316980138907e-19
85.3 3.66522792836811e-17
85.4 1.36570219793216e-17
85.5 3.11837220969032e-19
85.6 3.96738326475254e-17
85.7 4.89432181941854e-17
85.8 8.299133548915e-18
85.9 1.76480191474466e-19
86 3.30845557397476e-19
86.1 1.27896646181002e-17
86.2 4.57379702431558e-19
86.3 2.99338327507007e-17
86.4 1.0046619481868e-17
86.5 5.17298632409949e-17
86.6 4.8734004008937e-18
86.7 1.06951962105711e-16
86.8 9.70266768708059e-18
86.9 3.92491505181827e-19
87 3.85710420188844e-21
87.1 9.74457536696574e-17
87.2 1.33404084382478e-16
87.3 2.10558402259007e-18
87.4 2.23337116592329e-20
87.5 1.57843260184654e-18
87.6 1.40484813983876e-16
87.7 1.72823449990306e-17
87.8 3.48345710519473e-19
87.9 8.14862714941921e-19
88 2.86552960527649e-18
88.1 1.32582767407042e-16
88.2 1.25153321322716e-17
88.3 1.53074045529952e-17
88.4 3.70160714675524e-18
88.5 5.85096659092744e-19
88.6 6.00914622382292e-17
88.7 1.48259611462661e-16
88.8 1.71773885260601e-18
88.9 6.73668322661395e-18
89 5.24665021269731e-19
89.1 1.11156094035816e-16
89.2 1.34399666101196e-17
89.3 4.32829925312328e-19
89.4 8.40099016418035e-18
89.5 8.86993619053399e-19
89.6 6.04167214293702e-17
89.7 7.18585989674498e-17
89.8 7.3732443998024e-18
89.9 1.30421649678186e-17
90 6.07000451146446e-18
90.1 1.50476900290491e-17
90.2 1.06597149785807e-17
90.3 6.75822379869858e-18
90.4 5.80457732118889e-17
90.5 2.07613662060949e-17
90.6 1.29043076012261e-18
90.7 1.49617347885709e-17
90.8 4.88559264732514e-17
90.9 9.72122307336612e-19
91 3.29478216327772e-18
91.1 1.68450646181752e-17
91.2 3.95037992060768e-19
91.3 1.33701495486091e-16
91.4 3.03896118928866e-18
91.5 6.42229105884586e-20
91.6 9.6474791409429e-18
91.7 1.86169206612993e-17
91.8 4.18137922226113e-18
91.9 6.47448859363253e-20
92 7.5613414276169e-17
92.1 8.87694004169039e-18
92.2 2.00050337205338e-18
92.3 7.05481254766474e-17
92.4 3.19536481229274e-18
92.5 6.43263117153078e-20
92.6 1.18854040134805e-17
92.7 1.18157973063487e-18
92.8 9.00474837414607e-20
92.9 1.32187237514879e-16
93 4.03780479421278e-18
93.1 5.85897613172408e-20
93.2 7.7529764710367e-18
93.3 4.56435883078676e-19
93.4 2.14109439506673e-20
93.5 2.53991404707369e-18
93.6 2.00029139205549e-19
93.7 1.57466431563156e-20
93.8 1.45037829005641e-17
93.9 2.94361648937179e-16
94 4.77909039025312e-17
94.1 2.39729589011748e-18
94.2 6.41866848831718e-17
94.3 7.88196582037939e-17
94.4 7.61959603917472e-19
94.5 6.69403910722946e-19
94.6 1.46680323391653e-18
94.7 2.2103225527051e-19
94.8 8.61288729852201e-22
94.9 2.52092441066433e-17
95 6.31041476326702e-18
95.1 2.08544211646199e-19
95.2 3.19042139898372e-20
95.3 1.14405751790625e-21
95.4 3.81053355971921e-21
95.5 2.4112823983731e-17
95.6 5.15359886718224e-18
95.7 1.60723003542201e-19
95.8 6.15062783599271e-16
95.9 5.91156930886803e-16
96 3.34902002773873e-16
96.1 7.39305163150435e-17
96.2 3.00502601877379e-19
96.3 6.33707886840397e-20
96.4 3.05442772471958e-19
96.5 1.19142455268008e-18
96.6 4.8074909061011e-16
96.7 1.03104995497623e-17
96.8 2.95625756823158e-19
96.9 3.83391897872112e-20
97 7.01214456914376e-20
97.1 8.08144253028922e-19
97.2 2.60107739574466e-16
97.3 5.99987510125135e-17
97.4 7.17775240231662e-19
97.5 2.1026260806548e-20
97.6 8.53016297965401e-21
97.7 1.37744453255037e-20
97.8 8.30307227091509e-20
97.9 1.58709559389805e-16
98 1.48351466851312e-17
98.1 5.06467059040822e-19
98.2 8.21593979045813e-21
98.3 2.23443788796476e-22
98.4 1.6944702552603e-23
98.5 2.17763856654382e-22
98.6 7.60454851783532e-17
98.7 1.62625978996253e-18
98.8 1.55104515203767e-20
98.9 5.46316990351728e-20
99 9.05694209943235e-20
99.1 1.97063433423432e-20
99.2 1.97456805699942e-17
99.3 9.96435859797549e-19
99.4 7.70254798600022e-21
99.5 2.30077066061959e-22
99.6 7.33537537389808e-23
99.7 3.62241699324625e-23
99.8 1.95688902408978e-23
99.9 1.93438425442123e-23
