0 1e-21
0.1 1e-21
0.2 5.55555555555556e-21
0.3 1.01111111111111e-20
0.4 1.46666666666667e-20
0.5 1.92222222222222e-20
0.6 2.37777777777778e-20
0.7 2.83333333333333e-20
0.8 3.28888888888889e-20
0.9 3.74444444444444e-20
1 4.2e-20
1.1 7.59e-20
1.2 1.098e-19
1.3 1.437e-19
1.4 1.776e-19
1.5 2.115e-19
1.6 2.454e-19
1.7 2.793e-19
1.8 3.132e-19
1.9 3.471e-19
2 3.81e-19
2.1 4.149e-19
2.2 4.488e-19
2.3 4.827e-19
2.4 5.166e-19
2.5 5.505e-19
2.6 5.844e-19
2.7 6.183e-19
2.8 6.522e-19
2.9 6.861e-19
3 7.2e-19
3.1 3.6e-20
3.2 3.98947368421053e-20
3.3 4.37894736842105e-20
3.4 4.76842105263158e-20
3.5 5.1578947368421e-20
3.6 5.54736842105263e-20
3.7 5.93684210526316e-20
3.8 6.32631578947368e-20
3.9 6.71578947368421e-20
4 7.10526315789473e-20
4.1 7.49473684210526e-20
4.2 7.88421052631579e-20
4.3 8.27368421052631e-20
4.4 8.66315789473684e-20
4.5 9.05263157894737e-20
4.6 9.44210526315789e-20
4.7 9.83157894736842e-20
4.8 1.02210526315789e-19
4.9 1.06105263157895e-19
5 1.1e-19
5.1 1.2e-19
5.2 1.3e-19
5.3 1.4e-19
5.4 1.5e-19
5.5 1.6e-19
5.6 1.7e-19
5.7 1.8e-19
5.8 1.9e-19
5.9 2e-19
6 2.1e-19
6.1 2.2e-19
6.2 2.3e-19
6.3 2.4e-19
6.4 2.5e-19
6.5 2.6e-19
6.6 2.7e-19
6.7 2.8e-19
6.8 2.9e-19
6.9 3e-19
7 3.1e-19
7.1 3.2e-19
7.2 3.3e-19
7.3 3.4e-19
7.4 3.5e-19
7.5 3.6e-19
7.6 3.7e-19
7.7 3.8e-19
7.8 3.9e-19
7.9 4e-19
8 4.1e-19
8.1 4.2e-19
8.2 4.3e-19
8.3 4.4e-19
8.4 4.5e-19
8.5 4.6e-19
8.6 4.7e-19
8.7 4.8e-19
8.8 4.9e-19
8.9 5e-19
9 5.1e-19
9.1 5.2e-19
9.2 5.3e-19
9.3 5.4e-19
9.4 5.5e-19
9.5 5.6e-19
9.6 5.7e-19
9.7 5.8e-19
9.8 5.9e-19
9.9 6e-19
10 6.1e-19
10.1 6.258e-19
10.2 6.416e-19
10.3 6.574e-19
10.4 6.732e-19
10.5 6.89e-19
10.6 7.048e-19
10.7 7.206e-19
10.8 7.364e-19
10.9 7.522e-19
11 7.68e-19
11.1 7.838e-19
11.2 7.996e-19
11.3 8.154e-19
11.4 8.312e-19
11.5 8.47e-19
11.6 8.628e-19
11.7 8.786e-19
11.8 8.944e-19
11.9 9.102e-19
12 9.26e-19
12.1 9.418e-19
12.2 9.576e-19
12.3 9.734e-19
12.4 9.892e-19
12.5 1.005e-18
12.6 1.0208e-18
12.7 1.0366e-18
12.8 1.0524e-18
12.9 1.0682e-18
13 1.084e-18
13.1 1.0998e-18
13.2 1.1156e-18
13.3 1.1314e-18
13.4 1.1472e-18
13.5 1.163e-18
13.6 1.1788e-18
13.7 1.1946e-18
13.8 1.2104e-18
13.9 1.2262e-18
14 1.242e-18
14.1 1.2578e-18
14.2 1.2736e-18
14.3 1.2894e-18
14.4 1.3052e-18
14.5 1.321e-18
14.6 1.3368e-18
14.7 1.3526e-18
14.8 1.3684e-18
14.9 1.3842e-18
15 1.4e-18
15.1 1.422e-18
15.2 1.444e-18
15.3 1.466e-18
15.4 1.488e-18
15.5 1.51e-18
15.6 1.532e-18
15.7 1.554e-18
15.8 1.576e-18
15.9 1.598e-18
16 1.62e-18
16.1 1.642e-18
16.2 1.664e-18
16.3 1.686e-18
16.4 1.708e-18
16.5 1.73e-18
16.6 1.752e-18
16.7 1.774e-18
16.8 1.796e-18
16.9 1.818e-18
17 1.84e-18
17.1 1.862e-18
17.2 1.884e-18
17.3 1.906e-18
17.4 1.928e-18
17.5 1.95e-18
17.6 1.972e-18
17.7 1.994e-18
17.8 2.016e-18
17.9 2.038e-18
18 2.06e-18
18.1 2.082e-18
18.2 2.104e-18
18.3 2.126e-18
18.4 2.148e-18
18.5 2.17e-18
18.6 2.192e-18
18.7 2.214e-18
18.8 2.236e-18
18.9 2.258e-18
19 2.28e-18
19.1 2.302e-18
19.2 2.324e-18
19.3 2.346e-18
19.4 2.368e-18
19.5 2.39e-18
19.6 2.412e-18
19.7 2.434e-18
19.8 2.456e-18
19.9 2.478e-18
20 2.5e-18
20.1 2.53e-18
20.2 2.56e-18
20.3 2.59e-18
20.4 2.62e-18
20.5 2.65e-18
20.6 2.68e-18
20.7 2.71e-18
20.8 2.74e-18
20.9 2.77e-18
21 2.8e-18
21.1 2.83e-18
21.2 2.86e-18
21.3 2.89e-18
21.4 2.92e-18
21.5 2.95e-18
21.6 2.98e-18
21.7 3.01e-18
21.8 3.04e-18
21.9 3.07e-18
22 3.1e-18
22.1 3.13e-18
22.2 3.16e-18
22.3 3.19e-18
22.4 3.22e-18
22.5 3.25e-18
22.6 3.28e-18
22.7 3.31e-18
22.8 3.34e-18
22.9 3.37e-18
23 3.4e-18
23.1 3.43e-18
23.2 3.46e-18
23.3 3.49e-18
23.4 3.52e-18
23.5 3.55e-18
23.6 3.58e-18
23.7 3.61e-18
23.8 3.64e-18
23.9 3.67e-18
24 3.7e-18
24.1 3.73e-18
24.2 3.76e-18
24.3 3.79e-18
24.4 3.82e-18
24.5 3.85e-18
24.6 3.88e-18
24.7 3.91e-18
24.8 3.94e-18
24.9 3.97e-18
25 4e-18
25.1 4.04e-18
25.2 4.08e-18
25.3 4.12e-18
25.4 4.16e-18
25.5 4.2e-18
25.6 4.24e-18
25.7 4.28e-18
25.8 4.32e-18
25.9 4.36e-18
26 4.4e-18
26.1 4.44e-18
26.2 4.48e-18
26.3 4.52e-18
26.4 4.56e-18
26.5 4.6e-18
26.6 4.64e-18
26.7 4.68e-18
26.8 4.72e-18
26.9 4.76e-18
27 4.8e-18
27.1 4.84e-18
27.2 4.88e-18
27.3 4.92e-18
27.4 4.96e-18
27.5 5e-18
27.6 5.04e-18
27.7 5.08e-18
27.8 5.12e-18
27.9 5.16e-18
28 5.2e-18
28.1 5.24e-18
28.2 5.28e-18
28.3 5.32e-18
28.4 5.36e-18
28.5 5.4e-18
28.6 5.44e-18
28.7 5.48e-18
28.8 5.52e-18
28.9 5.56e-18
29 5.6e-18
29.1 5.64e-18
29.2 5.68e-18
29.3 5.72e-18
29.4 5.76e-18
29.5 5.8e-18
29.6 5.84e-18
29.7 5.88e-18
29.8 5.92e-18
29.9 5.96e-18
30 6e-18
30.1 6.04e-18
30.2 6.08e-18
30.3 6.12e-18
30.4 6.16e-18
30.5 6.2e-18
30.6 6.24e-18
30.7 6.28e-18
30.8 6.32e-18
30.9 6.36e-18
31 6.4e-18
31.1 6.44e-18
31.2 6.48e-18
31.3 6.52e-18
31.4 6.56e-18
31.5 6.6e-18
31.6 6.64e-18
31.7 6.68e-18
31.8 6.72e-18
31.9 6.76e-18
32 6.8e-18
32.1 6.84e-18
32.2 6.88e-18
32.3 6.92e-18
32.4 6.96e-18
32.5 7e-18
32.6 7.04e-18
32.7 7.08e-18
32.8 7.12e-18
32.9 7.16e-18
33 7.2e-18
33.1 7.24e-18
33.2 7.28e-18
33.3 7.31999999999999e-18
33.4 7.35999999999999e-18
33.5 7.39999999999999e-18
33.6 7.43999999999999e-18
33.7 7.47999999999999e-18
33.8 7.52e-18
33.9 7.56e-18
34 7.59999999999999e-18
34.1 7.64e-18
34.2 7.68e-18
34.3 7.72e-18
34.4 7.76e-18
34.5 7.8e-18
34.6 7.84e-18
34.7 7.88e-18
34.8 7.92e-18
34.9 7.96e-18
35 8e-18
35.1 8.49792531120332e-18
35.2 8.99585062240664e-18
35.3 9.49377593360996e-18
35.4 9.99170124481328e-18
35.5 1.04896265560166e-17
35.6 1.09875518672199e-17
35.7 1.14854771784232e-17
35.8 1.19834024896266e-17
35.9 1.24813278008299e-17
36 1.29792531120332e-17
36.1 1.34771784232365e-17
36.2 1.39751037344398e-17
36.3 1.44730290456431e-17
36.4 1.49709543568465e-17
36.5 1.54688796680498e-17
36.6 1.59668049792531e-17
36.7 1.64647302904564e-17
36.8 1.69626556016597e-17
36.9 1.74605809128631e-17
37 1.79585062240664e-17
37.1 1.84564315352697e-17
37.2 1.8954356846473e-17
37.3 1.94522821576763e-17
37.4 1.7046511627907e-17
37.5 1.71352415026834e-17
37.6 1.72239713774597e-17
37.7 1.73127012522361e-17
37.8 1.74014311270125e-17
37.9 1.74901610017889e-17
38 1.75788908765653e-17
38.1 1.76676207513417e-17
38.2 1.77563506261181e-17
38.3 1.78450805008944e-17
38.4 1.79338103756708e-17
38.5 1.80225402504472e-17
38.6 1.81112701252236e-17
38.7 1.82e-17
38.8 1.82925449871465e-17
38.9 1.83850899742931e-17
39 1.84776349614396e-17
39.1 1.85701799485861e-17
39.2 1.86627249357326e-17
39.3 1.87552699228792e-17
39.4 1.88478149100257e-17
39.5 1.89403598971722e-17
39.6 1.90329048843188e-17
39.7 1.91254498714653e-17
39.8 1.92179948586118e-17
39.9 1.93105398457584e-17
40 1.94030848329049e-17
40.1 1.94956298200514e-17
40.2 1.95881748071979e-17
40.3 1.96807197943445e-17
40.4 1.9773264781491e-17
40.5 1.98658097686375e-17
40.6 1.99583547557841e-17
40.7 2.00508997429306e-17
40.8 2.01434447300771e-17
40.9 2.02359897172236e-17
41 2.03285347043702e-17
41.1 2.04210796915167e-17
41.2 2.05136246786632e-17
41.3 2.06061696658098e-17
41.4 2.06987146529563e-17
41.5 2.07912596401028e-17
41.6 2.08838046272494e-17
41.7 2.09763496143959e-17
41.8 2.10688946015424e-17
41.9 2.11614395886889e-17
42 2.12539845758355e-17
42.1 2.1346529562982e-17
42.2 2.14390745501285e-17
42.3 2.15316195372751e-17
42.4 2.16241645244216e-17
42.5 2.17167095115681e-17
42.6 2.18092544987147e-17
42.7 2.19017994858612e-17
42.8 2.19943444730077e-17
42.9 2.20868894601542e-17
43 2.21794344473008e-17
43.1 2.22719794344473e-17
43.2 2.23645244215938e-17
43.3 2.24570694087404e-17
43.4 2.25496143958869e-17
43.5 2.26421593830334e-17
43.6 2.27347043701799e-17
43.7 2.28272493573265e-17
43.8 2.2919794344473e-17
43.9 2.30123393316195e-17
44 2.31048843187661e-17
44.1 2.31974293059126e-17
44.2 2.32899742930591e-17
44.3 2.33825192802057e-17
44.4 2.34750642673522e-17
44.5 2.35676092544987e-17
44.6 2.36601542416452e-17
44.7 2.37526992287918e-17
44.8 2.38452442159383e-17
44.9 2.39377892030848e-17
45 2.40303341902314e-17
45.1 2.41228791773779e-17
45.2 2.42154241645244e-17
45.3 2.4307969151671e-17
45.4 2.44005141388175e-17
45.5 2.4493059125964e-17
45.6 2.45856041131105e-17
45.7 2.46781491002571e-17
45.8 2.47706940874036e-17
45.9 2.48632390745501e-17
46 2.49557840616967e-17
46.1 2.50483290488432e-17
46.2 2.51408740359897e-17
46.3 2.52334190231363e-17
46.4 2.53259640102828e-17
46.5 2.54185089974293e-17
46.6 2.55110539845758e-17
46.7 2.56035989717224e-17
46.8 2.56961439588689e-17
46.9 2.57886889460154e-17
47 2.5881233933162e-17
47.1 2.59737789203085e-17
47.2 2.6066323907455e-17
47.3 2.61588688946015e-17
47.4 2.62514138817481e-17
47.5 2.63439588688946e-17
47.6 2.64365038560411e-17
47.7 2.65290488431877e-17
47.8 2.66215938303342e-17
47.9 2.67141388174807e-17
48 2.68066838046273e-17
48.1 2.68992287917738e-17
48.2 2.69917737789203e-17
48.3 2.70843187660668e-17
48.4 2.71768637532134e-17
48.5 2.72694087403599e-17
48.6 2.73619537275064e-17
48.7 2.7454498714653e-17
48.8 2.75470437017995e-17
48.9 2.7639588688946e-17
49 2.77321336760925e-17
49.1 2.78246786632391e-17
49.2 2.79172236503856e-17
49.3 2.80097686375321e-17
49.4 2.81023136246787e-17
49.5 2.81948586118252e-17
49.6 2.82874035989717e-17
49.7 2.83799485861183e-17
49.8 2.84724935732648e-17
49.9 2.85650385604113e-17
50 2.86575835475579e-17
50.1 2.87501285347044e-17
50.2 2.88426735218509e-17
50.3 2.89352185089974e-17
50.4 2.9e-17
50.5 2.83333333333333e-17
50.6 2.76666666666667e-17
50.7 2.7e-17
50.8 2.63333333333333e-17
50.9 2.56666666666666e-17
51 2.5e-17
51.1 2.51060070671378e-17
51.2 2.52120141342756e-17
51.3 2.53180212014134e-17
51.4 2.54240282685512e-17
51.5 2.5530035335689e-17
51.6 2.56360424028269e-17
51.7 2.57420494699647e-17
51.8 2.58480565371025e-17
51.9 2.59540636042403e-17
52 2.60600706713781e-17
52.1 2.61660777385159e-17
52.2 2.62720848056537e-17
52.3 2.63780918727915e-17
52.4 2.64840989399293e-17
52.5 2.65901060070671e-17
52.6 2.66961130742049e-17
52.7 2.68021201413428e-17
52.8 2.69081272084806e-17
52.9 2.70141342756184e-17
53 2.71201413427562e-17
53.1 2.7226148409894e-17
53.2 2.73321554770318e-17
53.3 2.74381625441696e-17
53.4 2.75441696113074e-17
53.5 2.76501766784452e-17
53.6 2.7756183745583e-17
53.7 2.78621908127209e-17
53.8 2.8e-17
53.9 2.65714285714285e-17
54 3.1e-17
54.1 3.07350993377483e-17
54.2 3.04701986754967e-17
54.3 3.0205298013245e-17
54.4 2.99403973509934e-17
54.5 2.96754966887417e-17
54.6 2.94105960264901e-17
54.7 2.91456953642384e-17
54.8 2.88807947019868e-17
54.9 2.86158940397351e-17
55 2.83509933774835e-17
55.1 2.80860927152318e-17
55.2 2.78211920529801e-17
55.3 2.75562913907285e-17
55.4 2.72913907284768e-17
55.5 2.7e-17
55.6 2.8e-17
55.7 2.9e-17
55.8 3e-17
55.9 3.1e-17
56 3.2e-17
56.1 3.20588235294118e-17
56.2 3.21176470588235e-17
56.3 3.21764705882353e-17
56.4 3.22352941176471e-17
56.5 3.22941176470588e-17
56.6 3.23529411764706e-17
56.7 3.24117647058824e-17
56.8 3.24705882352941e-17
56.9 3.25294117647059e-17
57 3.25882352941177e-17
57.1 3.26470588235294e-17
57.2 3.27058823529412e-17
57.3 3.2764705882353e-17
57.4 3.28235294117647e-17
57.5 3.28823529411765e-17
57.6 3.29411764705882e-17
57.7 3.3e-17
57.8 3.30588235294118e-17
57.9 3.31176470588235e-17
58 3.32e-17
58.1 3.46e-17
58.2 3.49e-17
58.3 3.51111111111111e-17
58.4 3.53222222222222e-17
58.5 3.55333333333333e-17
58.6 3.57444444444445e-17
58.7 3.59555555555556e-17
58.8 3.61666666666667e-17
58.9 3.63777777777778e-17
59 3.65888888888889e-17
59.1 3.68e-17
59.2 3.70111111111111e-17
59.3 3.72222222222222e-17
59.4 3.74333333333333e-17
59.5 3.76444444444444e-17
59.6 3.78555555555556e-17
59.7 3.80666666666667e-17
59.8 3.82777777777778e-17
59.9 3.84888888888889e-17
60 3.87e-17
60.1 3.8916e-17
60.2 3.9132e-17
60.3 3.9348e-17
60.4 3.9564e-17
60.5 3.978e-17
60.6 3.9996e-17
60.7 4.0212e-17
60.8 4.0428e-17
60.9 4.0644e-17
61 4.086e-17
61.1 4.1076e-17
61.2 4.1292e-17
61.3 4.1508e-17
61.4 4.1724e-17
61.5 4.194e-17
61.6 4.2156e-17
61.7 4.2372e-17
61.8 4.2588e-17
61.9 4.2804e-17
62 4.302e-17
62.1 4.3236e-17
62.2 4.3452e-17
62.3 4.3668e-17
62.4 4.3884e-17
62.5 4.41e-17
62.6 4.4196e-17
62.7 4.4292e-17
62.8 4.4388e-17
62.9 4.4484e-17
63 4.458e-17
63.1 4.4676e-17
63.2 4.4772e-17
63.3 4.4868e-17
63.4 4.4964e-17
63.5 4.506e-17
63.6 4.5156e-17
63.7 4.5252e-17
63.8 4.5348e-17
63.9 4.5444e-17
64 4.554e-17
64.1 4.5636e-17
64.2 4.5732e-17
64.3 4.5828e-17
64.4 4.5924e-17
64.5 4.602e-17
64.6 4.6116e-17
64.7 4.6212e-17
64.8 4.6308e-17
64.9 4.6404e-17
65 4.65e-17
65.1 4.656e-17
65.2 4.662e-17
65.3 4.668e-17
65.4 4.674e-17
65.5 4.68e-17
65.6 4.686e-17
65.7 4.692e-17
65.8 4.698e-17
65.9 4.704e-17
66 4.71e-17
66.1 4.716e-17
66.2 4.722e-17
66.3 4.728e-17
66.4 4.734e-17
66.5 4.74e-17
66.6 4.746e-17
66.7 4.752e-17
66.8 4.758e-17
66.9 4.764e-17
67 4.77e-17
67.1 4.776e-17
67.2 4.782e-17
67.3 4.788e-17
67.4 4.794e-17
67.5 4.8e-17
67.6 4.81333333333333e-17
67.7 4.82666666666667e-17
67.8 4.84e-17
67.9 4.85333333333333e-17
68 4.86666666666667e-17
68.1 4.88e-17
68.2 4.89333333333333e-17
68.3 4.90666666666667e-17
68.4 4.92e-17
68.5 4.93333333333333e-17
68.6 4.94666666666667e-17
68.7 4.96e-17
68.8 4.97333333333333e-17
68.9 4.98666666666667e-17
69 5e-17
69.1 5.009e-17
69.2 5.018e-17
69.3 5.027e-17
69.4 5.036e-17
69.5 5.045e-17
69.6 5.054e-17
69.7 5.063e-17
69.8 5.072e-17
69.9 5.081e-17
70 5.09e-17
70.1 5.0812e-17
70.2 5.0724e-17
70.3 5.0636e-17
70.4 5.0548e-17
70.5 5.046e-17
70.6 5.0372e-17
70.7 5.0284e-17
70.8 5.0196e-17
70.9 5.0108e-17
71 5.002e-17
71.1 4.9932e-17
71.2 4.9844e-17
71.3 4.9756e-17
71.4 4.9668e-17
71.5 4.958e-17
71.6 4.9492e-17
71.7 4.9404e-17
71.8 4.9316e-17
71.9 4.9228e-17
72 4.914e-17
72.1 4.9052e-17
72.2 4.8964e-17
72.3 4.8876e-17
72.4 4.8788e-17
72.5 4.87e-17
72.6 4.8532e-17
72.7 4.8364e-17
72.8 4.8196e-17
72.9 4.8028e-17
73 4.786e-17
73.1 4.7692e-17
73.2 4.7524e-17
73.3 4.7356e-17
73.4 4.7188e-17
73.5 4.702e-17
73.6 4.6852e-17
73.7 4.6684e-17
73.8 4.6516e-17
73.9 4.6348e-17
74 4.618e-17
74.1 4.6012e-17
74.2 4.5844e-17
74.3 4.5676e-17
74.4 4.5508e-17
74.5 4.534e-17
74.6 4.5172e-17
74.7 4.5004e-17
74.8 4.4836e-17
74.9 4.4668e-17
75 4.45e-17
75.1 4.428e-17
75.2 4.406e-17
75.3 4.384e-17
75.4 4.362e-17
75.5 4.34e-17
75.6 4.318e-17
75.7 4.296e-17
75.8 4.274e-17
75.9 4.252e-17
76 4.23e-17
76.1 4.208e-17
76.2 4.186e-17
76.3 4.164e-17
76.4 4.142e-17
76.5 4.12e-17
76.6 4.098e-17
76.7 4.076e-17
76.8 4.054e-17
76.9 4.032e-17
77 4.01e-17
77.1 3.988e-17
77.2 3.966e-17
77.3 3.944e-17
77.4 3.922e-17
77.5 3.9e-17
77.6 3.8728e-17
77.7 3.8456e-17
77.8 3.8184e-17
77.9 3.7912e-17
78 3.764e-17
78.1 3.7368e-17
78.2 3.7096e-17
78.3 3.6824e-17
78.4 3.6552e-17
78.5 3.628e-17
78.6 3.6008e-17
78.7 3.5736e-17
78.8 3.5464e-17
78.9 3.5192e-17
79 3.492e-17
79.1 3.4648e-17
79.2 3.4376e-17
79.3 3.4104e-17
79.4 3.3832e-17
79.5 3.356e-17
79.6 3.3288e-17
79.7 3.3016e-17
79.8 3.2744e-17
79.9 3.2472e-17
80 3.22e-17
80.1 3.2124e-17
80.2 3.2048e-17
80.3 3.1972e-17
80.4 3.1896e-17
80.5 3.182e-17
80.6 3.1744e-17
80.7 3.1668e-17
80.8 3.1592e-17
80.9 3.1516e-17
81 3.144e-17
81.1 3.1364e-17
81.2 3.1288e-17
81.3 3.1212e-17
81.4 3.1136e-17
81.5 3.106e-17
81.6 3.0984e-17
81.7 3.0908e-17
81.8 3.0832e-17
81.9 3.0756e-17
82 3.068e-17
82.1 3.0604e-17
82.2 3.0528e-17
82.3 3.0452e-17
82.4 3.0376e-17
82.5 3.03e-17
82.6 3.0176e-17
82.7 3.0052e-17
82.8 2.9928e-17
82.9 2.9804e-17
83 2.968e-17
83.1 2.9556e-17
83.2 2.9432e-17
83.3 2.9308e-17
83.4 2.9184e-17
83.5 2.906e-17
83.6 2.8936e-17
83.7 2.8812e-17
83.8 2.8688e-17
83.9 2.8564e-17
84 2.844e-17
84.1 2.8316e-17
84.2 2.8192e-17
84.3 2.8068e-17
84.4 2.7944e-17
84.5 2.782e-17
84.6 2.7696e-17
84.7 2.7572e-17
84.8 2.7448e-17
84.9 2.7324e-17
85 2.72e-17
85.1 2.7068e-17
85.2 2.6936e-17
85.3 2.6804e-17
85.4 2.6672e-17
85.5 2.654e-17
85.6 2.6408e-17
85.7 2.6276e-17
85.8 2.6144e-17
85.9 2.6012e-17
86 2.588e-17
86.1 2.5748e-17
86.2 2.5616e-17
86.3 2.5484e-17
86.4 2.5352e-17
86.5 2.522e-17
86.6 2.5088e-17
86.7 2.4956e-17
86.8 2.4824e-17
86.9 2.4692e-17
87 2.456e-17
87.1 2.4428e-17
87.2 2.4296e-17
87.3 2.4164e-17
87.4 2.4032e-17
87.5 2.39e-17
87.6 2.3768e-17
87.7 2.3636e-17
87.8 2.3504e-17
87.9 2.3372e-17
88 2.324e-17
88.1 2.3108e-17
88.2 2.2976e-17
88.3 2.2844e-17
88.4 2.2712e-17
88.5 2.258e-17
88.6 2.2448e-17
88.7 2.2316e-17
88.8 2.2184e-17
88.9 2.2052e-17
89 2.192e-17
89.1 2.1788e-17
89.2 2.1656e-17
89.3 2.1524e-17
89.4 2.1392e-17
89.5 2.126e-17
89.6 2.1128e-17
89.7 2.0996e-17
89.8 2.0864e-17
89.9 2.0732e-17
90 2.06e-17
90.1 2.0452e-17
90.2 2.0304e-17
90.3 2.0156e-17
90.4 2.0008e-17
90.5 1.986e-17
90.6 1.9712e-17
90.7 1.9564e-17
90.8 1.9416e-17
90.9 1.9268e-17
91 1.912e-17
91.1 1.8972e-17
91.2 1.8824e-17
91.3 1.8676e-17
91.4 1.8528e-17
91.5 1.838e-17
91.6 1.8232e-17
91.7 1.8084e-17
91.8 1.7936e-17
91.9 1.7788e-17
92 1.764e-17
92.1 1.7492e-17
92.2 1.7344e-17
92.3 1.7196e-17
92.4 1.7048e-17
92.5 1.69e-17
92.6 1.682e-17
92.7 1.674e-17
92.8 1.666e-17
92.9 1.658e-17
93 1.65e-17
93.1 1.642e-17
93.2 1.634e-17
93.3 1.626e-17
93.4 1.618e-17
93.5 1.61e-17
93.6 1.602e-17
93.7 1.594e-17
93.8 1.586e-17
93.9 1.578e-17
94 1.57e-17
94.1 1.569e-17
94.2 1.568e-17
94.3 1.567e-17
94.4 1.566e-17
94.5 1.565e-17
94.6 1.564e-17
94.7 1.563e-17
94.8 1.562e-17
94.9 1.561e-17
95 1.56e-17
95.1 1.572e-17
95.2 1.584e-17
95.3 1.596e-17
95.4 1.608e-17
95.5 1.62e-17
95.6 1.632e-17
95.7 1.644e-17
95.8 1.656e-17
95.9 1.668e-17
96 1.68e-17
96.1 1.69666666666667e-17
96.2 1.71333333333333e-17
96.3 1.73e-17
96.4 1.74666666666667e-17
96.5 1.76333333333333e-17
96.6 1.78e-17
96.7 1.79666666666667e-17
96.8 1.81333333333333e-17
96.9 1.83e-17
97 1.84666666666667e-17
97.1 1.86333333333333e-17
97.2 1.88e-17
97.3 1.89666666666667e-17
97.4 1.91333333333334e-17
97.5 1.93e-17
97.6 1.952e-17
97.7 1.974e-17
97.8 1.996e-17
97.9 2.018e-17
98 2.04e-17
98.1 2.062e-17
98.2 2.084e-17
98.3 2.106e-17
98.4 2.128e-17
98.5 2.15e-17
98.6 2.16133333333333e-17
98.7 2.17266666666667e-17
98.8 2.184e-17
98.9 2.19533333333333e-17
99 2.20666666666667e-17
99.1 2.218e-17
99.2 2.22933333333333e-17
99.3 2.24066666666667e-17
99.4 2.252e-17
99.5 2.26333333333333e-17
99.6 2.27466666666667e-17
99.7 2.286e-17
99.8 2.29733333333333e-17
99.9 2.30866666666667e-17
100 2.32e-17
100.1 2.338e-17
100.2 2.356e-17
100.3 2.374e-17
100.4 2.392e-17
100.5 2.41e-17
100.6 2.434e-17
100.7 2.458e-17
100.8 2.482e-17
100.9 2.506e-17
101 2.53e-17
101.1 2.5125e-17
101.2 2.495e-17
101.3 2.4775e-17
101.4 2.46e-17
101.5 2.46e-17
101.6 2.46e-17
101.7 2.46e-17
101.8 2.46e-17
101.9 2.46e-17
102 2.46e-17
102.1 2.46e-17
102.2 2.46e-17
102.3 2.46e-17
102.4 2.46e-17
102.5 2.46e-17
102.6 2.46e-17
102.7 2.46e-17
102.8 2.44666666666667e-17
102.9 2.43333333333333e-17
103 2.42e-17
103.1 2.43e-17
103.2 2.44e-17
103.3 2.45e-17
103.4 2.44e-17
103.5 2.43e-17
103.6 2.42e-17
103.7 2.41e-17
103.8 2.4e-17
103.9 2.46e-17
104 2.52e-17
104.1 2.5425e-17
104.2 2.565e-17
104.3 2.5875e-17
104.4 2.61e-17
104.5 2.585e-17
104.6 2.56e-17
104.7 2.535e-17
104.8 2.51e-17
104.9 2.485e-17
105 2.46e-17
105.1 2.43833333333333e-17
105.2 2.41666666666667e-17
105.3 2.395e-17
105.4 2.37333333333333e-17
105.5 2.35166666666666e-17
105.6 2.33e-17
105.7 2.37e-17
105.8 2.41e-17
105.9 2.45e-17
106 2.49e-17
106.1 2.506e-17
106.2 2.522e-17
106.3 2.538e-17
106.4 2.554e-17
106.5 2.57e-17
106.6 2.572e-17
106.7 2.574e-17
106.8 2.576e-17
106.9 2.578e-17
107 2.58e-17
107.1 2.57e-17
107.2 2.56e-17
107.3 2.55e-17
107.4 2.5025e-17
107.5 2.455e-17
107.6 2.4075e-17
107.7 2.36e-17
107.8 2.33333333333333e-17
107.9 2.30666666666666e-17
108 2.28e-17
108.1 2.2825e-17
108.2 2.285e-17
108.3 2.2875e-17
108.4 2.29e-17
108.5 2.28333333333333e-17
108.6 2.27666666666667e-17
108.7 2.27e-17
108.8 2.26333333333333e-17
108.9 2.25666666666667e-17
109 2.25e-17
109.1 2.26e-17
109.2 2.27e-17
109.3 2.28e-17
109.4 2.29333333333333e-17
109.5 2.30666666666667e-17
109.6 2.32e-17
109.7 2.33333333333333e-17
109.8 2.34666666666667e-17
109.9 2.36e-17
110 2.34333333333333e-17
110.1 2.32666666666667e-17
110.2 2.31e-17
110.3 2.29333333333333e-17
110.4 2.27666666666666e-17
110.5 2.26e-17
110.6 2.31e-17
110.7 2.36e-17
110.8 2.41e-17
110.9 2.38333333333333e-17
111 2.35666666666666e-17
111.1 2.33e-17
111.2 2.34e-17
111.3 2.35e-17
111.4 2.36e-17
111.5 2.37e-17
111.6 2.328e-17
111.7 2.286e-17
111.8 2.244e-17
111.9 2.202e-17
112 2.16e-17
112.1 2.245e-17
112.2 2.33e-17
112.3 2.22999999999999e-17
112.4 2.12999999999999e-17
112.5 2.03e-17
112.6 2.065e-17
112.7 2.1e-17
112.8 2.04e-17
112.9 1.97999999999999e-17
113 1.92e-17
113.1 1.94666666666667e-17
113.2 1.97333333333333e-17
113.3 2e-17
113.4 2.02666666666667e-17
113.5 2.05333333333334e-17
113.6 2.08e-17
113.7 2.02e-17
113.8 1.96e-17
113.9 1.89999999999999e-17
114 1.84e-17
114.1 1.76e-17
114.2 1.68e-17
114.3 1.69e-17
114.4 1.7e-17
114.5 1.71e-17
114.6 1.748e-17
114.7 1.786e-17
114.8 1.824e-17
114.9 1.862e-17
115 1.9e-17
115.1 1.98e-17
115.2 2.06e-17
115.3 1.88999999999999e-17
115.4 1.71999999999999e-17
115.5 1.55e-17
115.6 1.505e-17
115.7 1.46e-17
115.8 1.485e-17
115.9 1.51e-17
116 1.33e-17
116.1 1.504e-17
116.2 1.67800000000001e-17
116.3 1.85200000000001e-17
116.4 2.02600000000002e-17
116.5 2.2e-17
116.6 2.00199999999999e-17
116.7 1.80399999999999e-17
116.8 1.60599999999998e-17
116.9 1.40799999999998e-17
117 1.21e-17
117.1 1.39000000000001e-17
117.2 1.57000000000002e-17
117.3 1.75e-17
117.4 1.61999999999999e-17
117.5 1.48999999999999e-17
117.6 1.36e-17
117.7 2.04000000000004e-17
117.8 2.72e-17
117.9 2.48499999999999e-17
118 2.25e-17
118.1 2.02999999999999e-17
118.2 1.80999999999999e-17
118.3 1.58999999999998e-17
118.4 1.36999999999998e-17
118.5 1.15e-17
118.6 1.50500000000002e-17
118.7 1.86e-17
118.8 1.59499999999998e-17
118.9 1.33e-17
119 1.61e-17
119.1 2.07800000000003e-17
119.2 2.03e-17
119.3 1.57e-17
119.4 2.25e-17
119.5 1.78e-17
119.6 1.82e-17
119.7 1.62999999999999e-17
119.8 1.44e-17
119.9 1.17499999999998e-17
120 9.1e-18
120.1 1.39500000000003e-17
120.2 1.88e-17
120.3 8.6e-18
120.4 1.22e-17
120.5 1.22e-17
120.6 1.66400000000003e-17
120.7 1.63440000000001e-17
120.8 1.59e-17
120.9 1.48999999999999e-17
121 1.39e-17
121.1 1.2225e-17
121.2 1.055e-17
121.3 8.87499999999989e-18
121.4 7.2e-18
121.5 7.2e-18
121.6 8.30000000000006e-18
121.7 9.4e-18
121.8 2.2e-17
121.9 1.03e-17
122 9.5e-18
122.1 1e-17
122.2 2.19e-17
122.3 1.85999999999998e-17
122.4 1.52999999999997e-17
122.5 1.2e-17
122.6 1.0125e-17
122.7 1.49e-17
122.8 9.6999999999997e-18
122.9 4.5e-18
123 4.7e-18
123.1 9.5285714285717e-18
123.2 6.3e-18
123.3 2.16e-17
123.4 1.83499999999999e-17
123.5 1.50999999999999e-17
123.6 1.18499999999998e-17
123.7 8.6e-18
123.8 2.87e-17
123.9 2.08499999999996e-17
124 1.3e-17
124.1 1.25e-17
124.2 1.2e-17
124.3 7.59999999999975e-18
124.4 3.2e-18
124.5 3.63333333333334e-18
124.6 4.06666666666669e-18
124.7 4.5e-18
124.8 1.35800000000005e-17
124.9 1.19622222222226e-17
125 2.72e-17
125.1 1.88399999999995e-17
125.2 2.11266666666664e-17
125.3 2.34133333333333e-17
125.4 2.57e-17
125.5 2.00999999999997e-17
125.6 1.45e-17
125.7 1.14249999999999e-17
125.8 8.34999999999978e-18
125.9 5.27499999999972e-18
126 2.2e-18
126.1 3.70500000000009e-18
126.2 5.21e-18
126.3 1.0906666666667e-17
126.4 1.66033333333338e-17
126.5 2.23e-17
126.6 1.80333333333331e-17
126.7 1.37666666666663e-17
126.8 9.5e-18
126.9 1.12500000000001e-17
127 1.3e-17
127.1 1.10999999999999e-17
127.2 2.75e-17
127.3 1.94999999999995e-17
127.4 1.14999999999993e-17
127.5 3.5e-18
127.6 3.29999999999999e-18
127.7 3.775e-18
127.8 4.25000000000003e-18
127.9 4.72500000000004e-18
128 5.2e-18
128.1 2.23e-17
128.2 1.34e-17
128.3 1.23e-17
128.4 1.94e-17
128.5 1.45499999999997e-17
128.6 9.7e-18
128.7 1.53e-17
128.8 1.08e-17
128.9 3.13e-17
129 3.13e-17
129.1 2.44000000000001e-17
129.2 1.74999999999997e-17
129.3 1.05999999999994e-17
129.4 3.7e-18
129.5 3.4e-18
129.6 5.6e-18
129.7 3.6e-18
129.8 1.39e-17
129.9 8.4e-18
130 1.6e-17
130.1 1.02e-17
130.2 1.34500000000002e-17
130.3 1.67e-17
130.4 1.35499999999998e-17
130.5 1.04e-17
130.6 9.3e-18
130.7 3.78e-17
130.8 3.78e-17
130.9 2.24499999999991e-17
131 7.1e-18
131.1 5.3499999999999e-18
131.2 3.6e-18
131.3 5.60000000000011e-18
131.4 6.1999999999996e-18
131.5 7.25e-18
131.6 5.4e-18
131.7 8.4e-18
131.8 1.05600000000002e-17
131.9 1.38e-17
132 1.275e-17
132.1 1.3e-17
132.2 7.4e-18
132.3 7.4e-18
132.4 5.02e-17
132.5 5.02e-17
132.6 3.52000000000006e-17
132.7 2.01999999999994e-17
132.8 5.2e-18
132.9 5.60000000000002e-18
133 6e-18
133.1 4.76e-18
133.2 2.9e-18
133.3 2.9e-18
133.4 7.80000000000028e-18
133.5 1.27e-17
133.6 1.43e-17
133.7 1.67e-17
133.8 1.67e-17
133.9 1.24999999999998e-17
134 8.3e-18
134.1 8.1e-18
134.2 6.7e-17
134.3 6.7e-17
134.4 4.09499999999985e-17
134.5 1.49e-17
134.6 7.4e-18
134.7 6.03333333333326e-18
134.8 4.66666666666655e-18
134.9 3.3e-18
135 2.56500000000013e-17
135.1 4.8e-17
135.2 3.6466666666666e-17
135.3 2.49333333333324e-17
135.4 1.34e-17
135.5 1.415e-17
135.6 1.49e-17
135.7 1.16199999999996e-17
135.8 6.7e-18
135.9 6.7e-18
136 6.7e-18
136.1 4.47e-17
136.2 4.65e-17
136.3 8.7e-18
136.4 8.4e-18
136.5 6.36e-18
136.6 5.48571428571427e-18
136.7 3.3e-18
136.8 3.3e-18
136.9 3.3e-18
137 6e-18
137.1 6e-18
137.2 9.1999999999997e-18
137.3 1.09333333333334e-17
137.4 1.36857142857142e-17
137.5 1.08571428571426e-17
137.6 8.02857142857115e-18
137.7 5.2e-18
137.8 2.86500000000013e-17
137.9 5.21e-17
138 2.42e-17
138.1 1.93500000000001e-17
138.2 1.44999999999998e-17
138.3 9.64999999999961e-18
138.4 4.8e-18
138.5 4.5e-18
138.6 2.8e-18
138.7 2.93333333333334e-18
138.8 3.06666666666668e-18
138.9 3.2e-18
139 4.82499999999998e-18
139.1 6.44999999999992e-18
139.2 8.07500000000005e-18
139.3 9.7e-18
139.4 7.56666666666654e-18
139.5 5.43333333333315e-18
139.6 3.3e-18
139.7 4.47e-17
139.8 2.56799999999993e-17
139.9 1.3e-17
140 9.3e-18
140.1 5.2e-18
140.2 4.99999999999999e-18
140.3 4.8e-18
140.4 4.14999999999996e-18
140.5 3.49999999999994e-18
140.6 2.84999999999993e-18
140.7 2.2e-18
140.8 3.2857142857143e-18
140.9 4.37142857142858e-18
141 4.14761904761904e-18
141.1 6e-18
141.2 3.7e-18
141.3 2.94999999999996e-18
141.4 2.2e-18
141.5 2.644e-18
141.6 1.86e-17
141.7 2.87428571428571e-18
141.8 2.7e-18
141.9 3.40000000000004e-18
142 4.1e-18
142.1 2.6e-18
142.2 2.29999999999998e-18
142.3 1.99999999999997e-18
142.4 1.7e-18
142.5 4.1e-18
142.6 2.85499999999993e-18
142.7 1.61e-18
142.8 2.6e-18
142.9 2.23333333333331e-18
143 1.86666666666664e-18
143.1 1.5e-18
143.2 2.60500000000006e-18
143.3 3.71e-18
143.4 4.1e-18
143.5 3.23333333333328e-18
143.6 2.36666666666659e-18
143.7 1.5e-18
143.8 2.5e-18
143.9 2.19999999999998e-18
144 1.9e-18
144.1 1.5e-18
144.2 1.33333333333332e-18
144.3 1.16666666666665e-18
144.4 1e-18
144.5 3e-18
144.6 2.68571428571428e-18
144.7 3.7e-18
144.8 1.9e-18
144.9 1.9e-18
145 1e-18
145.1 1.1e-18
145.2 1.2e-18
145.3 1.3e-18
145.4 9.4999999999998e-19
145.5 6e-19
145.6 9.00000000000017e-19
145.7 1.2e-18
145.8 1.2e-18
145.9 1.2e-18
146 1.2e-18
146.1 1.2e-18
146.2 1.2e-18
146.3 1.2e-18
146.4 1.2e-18
146.5 8.4999999999998e-19
146.6 5e-19
146.7 6e-18
146.8 1.9e-18
146.9 3.35000000000008e-18
147 4.8e-18
147.1 1.7e-18
147.2 1.7e-18
147.3 7e-19
147.4 8.99999999999981e-19
147.5 4e-19
147.6 4e-19
147.7 4e-19
147.8 4e-19
147.9 7.00000000000017e-19
148 1e-18
148.1 8.49999999999992e-19
148.2 7e-19
148.3 8.50000000000009e-19
148.4 1e-18
148.5 7.01e-19
148.6 4e-19
148.7 3.00499999999994e-19
148.8 2.01e-19
148.9 3.00500000000006e-19
149 4e-19
149.1 5.5e-18
149.2 3e-18
149.3 4.1e-18
149.4 2.84999999999993e-18
149.5 1.59999999999989e-18
149.6 3.5e-19
149.7 8.2e-19
149.8 3e-19
149.9 2.89999999999999e-19
150 2.8e-19
150.1 6.3e-19
150.2 1.1e-18
150.3 9.1999999999999e-19
150.4 7.4e-19
150.5 5.6e-19
150.6 4.84e-19
150.7 4.07999999999996e-19
150.8 3.31999999999993e-19
150.9 2.55999999999992e-19
151 1.8e-19
151.1 1.93333333333333e-19
151.2 2.06666666666667e-19
151.3 2.2e-19
151.4 1.04e-17
151.5 6.7e-18
151.6 7.41e-18
151.7 5.6124999999999e-18
151.8 3.81499999999983e-18
151.9 2.01749999999981e-18
152 2.2e-19
152.1 3.11333333333322e-18
152.2 6.00666666666678e-18
152.3 8.9e-18
152.4 4.1e-18
152.5 8.4e-18
152.6 3.71e-19
152.7 4.45500000000004e-19
152.8 5.2e-19
152.9 4.5e-19
153 4.5e-19
153.1 3.85250000000001e-19
153.2 3.20499999999997e-19
153.3 2.55749999999995e-19
153.4 1.91e-19
153.5 1.1e-19
153.6 2.55333333333347e-18
153.7 4.99666666666688e-18
153.8 7.44e-18
153.9 4.84e-18
154 1.16e-17
154.1 2.98e-18
154.2 2.03999999999989e-18
154.3 6.3e-19
154.4 2.44333333333316e-18
154.5 3.3e-19
154.6 1.49e-18
154.7 9.29999999999968e-19
154.8 3.7e-19
154.9 3.7e-19
155 3.7e-19
155.1 3.7e-19
155.2 3.7e-19
155.3 3.7e-19
155.4 3.18e-19
155.5 2.66000000000001e-19
155.6 2.13999999999998e-19
155.7 1.61999999999996e-19
155.8 1.1e-19
155.9 2.40000000000007e-19
156 3.7e-19
156.1 1.9e-18
156.2 1e-17
156.3 4.1e-18
156.4 6.33e-18
156.5 5.39999999999995e-18
156.6 3.97333333333343e-18
156.7 8.2e-19
156.8 6.62499999999991e-19
156.9 5.04999999999985e-19
157 3.47499999999984e-19
157.1 1.9e-19
157.2 3.3e-19
157.3 1.9e-19
157.4 3e-19
157.5 2.8e-19
157.6 2.59999999999999e-19
157.7 2.39999999999998e-19
157.8 2.2e-19
157.9 1.74999999999997e-19
158 1.3e-19
158.1 1.48000000000001e-19
158.2 1.66000000000002e-19
158.3 1.84000000000002e-19
158.4 2.02000000000002e-19
158.5 2.2e-19
158.6 3.46000000000064e-18
158.7 6.7e-18
158.8 3.72e-18
158.9 3.53499999999999e-18
159 3.35e-18
159.1 1.49e-18
159.2 1.18249999999998e-18
159.3 8.74999999999971e-19
159.4 5.67499999999968e-19
159.5 2.6e-19
159.6 2.48999999999999e-19
159.7 2.37999999999999e-19
159.8 2.26999999999999e-19
159.9 2.15999999999999e-19
160 2.05e-19
160.1 2.161e-19
160.2 2.27200000000001e-19
160.3 2.38300000000001e-19
160.4 2.49400000000001e-19
160.5 2.60500000000001e-19
160.6 2.71600000000001e-19
160.7 2.82700000000002e-19
160.8 2.93800000000002e-19
160.9 3.04900000000001e-19
161 3.16e-19
161.1 1.75e-18
161.2 2e-18
161.3 3.1e-18
161.4 2.08e-18
161.5 7.1e-19
161.6 7.1e-19
161.7 5.99999999999994e-19
161.8 4.8999999999999e-19
161.9 3.79999999999989e-19
162 2.7e-19
162.1 2.79285714285715e-19
162.2 2.8857142857143e-19
162.3 2.97857142857144e-19
162.4 3.07142857142859e-19
162.5 3.16428571428573e-19
162.6 3.25714285714288e-19
162.7 3.35e-19
162.8 3.63750000000002e-19
162.9 3.92500000000003e-19
163 4.21250000000003e-19
163.1 4.5e-19
163.2 4.86000000000002e-19
163.3 5.22000000000004e-19
163.4 5.58000000000004e-19
163.5 5.94000000000004e-19
163.6 6.3e-19
163.7 1.24500000000003e-18
163.8 1.86e-18
163.9 9.3e-19
164 1.45e-18
164.1 1.31525e-18
164.2 1.1805e-18
164.3 1.04574999999999e-18
164.4 9.10999999999996e-19
164.5 7.76249999999999e-19
164.6 6.41499999999992e-19
164.7 5.06749999999988e-19
164.8 3.72e-19
164.9 4.53500000000001e-19
165 5.35000000000001e-19
165.1 6.16500000000003e-19
165.2 6.98000000000005e-19
165.3 7.79500000000006e-19
165.4 8.61000000000007e-19
165.5 9.42500000000006e-19
165.6 1.02400000000001e-18
165.7 1.10550000000001e-18
165.8 1.18700000000001e-18
165.9 1.26850000000001e-18
166 1.35e-18
166.1 1.281e-18
166.2 1.212e-18
166.3 1.143e-18
166.4 1.07399999999999e-18
166.5 1.005e-18
166.6 9.35999999999992e-19
166.7 8.6699999999999e-19
166.8 7.9799999999999e-19
166.9 7.28999999999991e-19
167 6.6e-19
167.1 7.22666666666668e-19
167.2 7.85333333333335e-19
167.3 8.48000000000003e-19
167.4 9.1066666666667e-19
167.5 9.73333333333336e-19
167.6 1.036e-18
167.7 1.09866666666667e-18
167.8 1.16133333333334e-18
167.9 1.22400000000001e-18
168 1.28666666666667e-18
168.1 1.34933333333334e-18
168.2 1.41200000000001e-18
168.3 1.47466666666668e-18
168.4 1.53733333333334e-18
168.5 1.6e-18
168.6 1.55666666666667e-18
168.7 1.51333333333333e-18
168.8 1.47e-18
168.9 1.42666666666666e-18
169 1.38333333333333e-18
169.1 1.34e-18
169.2 1.29666666666666e-18
169.3 1.25333333333333e-18
169.4 1.21e-18
169.5 1.16666666666666e-18
169.6 1.12333333333333e-18
169.7 1.07999999999999e-18
169.8 1.03666666666666e-18
169.9 9.93333333333327e-19
170 9.5e-19
170.1 1.07333333333334e-18
170.2 1.19666666666667e-18
170.3 1.32000000000001e-18
170.4 1.44333333333334e-18
170.5 1.56666666666667e-18
170.6 1.69000000000001e-18
170.7 1.81333333333334e-18
170.8 1.93666666666668e-18
170.9 2.06000000000001e-18
171 2.18333333333334e-18
171.1 2.30666666666668e-18
171.2 2.43000000000002e-18
171.3 2.55333333333335e-18
171.4 2.67666666666668e-18
171.5 2.8e-18
171.6 2.70333333333333e-18
171.7 2.60666666666666e-18
171.8 2.51e-18
171.9 2.41333333333333e-18
172 2.31666666666666e-18
172.1 2.21999999999999e-18
172.2 2.12333333333332e-18
172.3 2.02666666666666e-18
172.4 1.92999999999999e-18
172.5 1.83333333333332e-18
172.6 1.73666666666665e-18
172.7 1.63999999999998e-18
172.8 1.54333333333332e-18
172.9 1.44666666666665e-18
173 1.35e-18
173.1 1.4975e-18
173.2 1.645e-18
173.3 1.7925e-18
173.4 1.94000000000001e-18
173.5 2.08750000000001e-18
173.6 2.23500000000001e-18
173.7 2.38250000000001e-18
173.8 2.53000000000001e-18
173.9 2.67750000000001e-18
174 2.82500000000001e-18
174.1 2.97250000000001e-18
174.2 3.12000000000002e-18
174.3 3.26750000000002e-18
174.4 3.41500000000002e-18
174.5 3.56250000000002e-18
174.6 3.71000000000002e-18
174.7 3.85750000000002e-18
174.8 4.00500000000002e-18
174.9 4.15250000000002e-18
175 4.3e-18
175.1 4.13333333333333e-18
175.2 3.96666666666666e-18
175.3 3.79999999999999e-18
175.4 3.63333333333333e-18
175.5 3.46666666666666e-18
175.6 3.29999999999999e-18
175.7 3.13333333333332e-18
175.8 2.96666666666665e-18
175.9 2.79999999999998e-18
176 2.63333333333332e-18
176.1 2.46666666666665e-18
176.2 2.29999999999997e-18
176.3 2.13333333333331e-18
176.4 1.96666666666664e-18
176.5 1.8e-18
176.6 2.12666666666667e-18
176.7 2.45333333333334e-18
176.8 2.78000000000001e-18
176.9 3.10666666666668e-18
177 3.43333333333335e-18
177.1 3.76000000000002e-18
177.2 4.0866666666667e-18
177.3 4.41333333333337e-18
177.4 4.74000000000003e-18
177.5 5.0666666666667e-18
177.6 5.39333333333338e-18
177.7 5.72000000000005e-18
177.8 6.04666666666672e-18
177.9 6.37333333333338e-18
178 6.7e-18
178.1 6.42666666666666e-18
178.2 6.15333333333332e-18
178.3 5.87999999999999e-18
178.4 5.60666666666665e-18
178.5 5.33333333333332e-18
178.6 5.05999999999998e-18
178.7 4.78666666666664e-18
178.8 4.51333333333331e-18
178.9 4.23999999999997e-18
179 3.96666666666664e-18
179.1 3.6933333333333e-18
179.2 3.41999999999996e-18
179.3 3.14666666666662e-18
179.4 2.8733333333333e-18
179.5 2.6e-18
179.6 3.08000000000001e-18
179.7 3.56000000000002e-18
179.8 4.04000000000002e-18
179.9 4.52000000000002e-18
180 5.00000000000003e-18
180.1 5.48000000000004e-18
180.2 5.96000000000004e-18
180.3 6.44000000000005e-18
180.4 6.92000000000005e-18
180.5 7.40000000000005e-18
180.6 7.88000000000006e-18
180.7 8.36000000000007e-18
180.8 8.84000000000008e-18
180.9 9.32000000000007e-18
181 9.8e-18
181.1 9.35999999999999e-18
181.2 8.91999999999998e-18
181.3 8.47999999999998e-18
181.4 8.03999999999998e-18
181.5 7.59999999999998e-18
181.6 7.15999999999997e-18
181.7 6.71999999999996e-18
181.8 6.27999999999995e-18
181.9 5.83999999999995e-18
182 5.39999999999996e-18
182.1 4.95999999999994e-18
182.2 4.51999999999993e-18
182.3 4.07999999999993e-18
182.4 3.63999999999994e-18
182.5 3.2e-18
182.6 3.85333333333335e-18
182.7 4.50666666666669e-18
182.8 5.16000000000003e-18
182.9 5.81333333333337e-18
183 6.4666666666667e-18
183.1 7.12000000000005e-18
183.2 7.77333333333339e-18
183.3 8.42666666666673e-18
183.4 9.08000000000007e-18
183.5 9.7333333333334e-18
183.6 1.03866666666668e-17
183.7 1.10400000000001e-17
183.8 1.16933333333334e-17
183.9 1.23466666666668e-17
184 1.3e-17
184.1 1.24e-17
184.2 1.18e-17
184.3 1.12e-17
184.4 1.06e-17
184.5 9.99999999999997e-18
184.6 9.39999999999996e-18
184.7 8.79999999999995e-18
184.8 8.19999999999994e-18
184.9 7.59999999999994e-18
185 6.99999999999994e-18
185.1 6.39999999999992e-18
185.2 5.79999999999991e-18
185.3 5.1999999999999e-18
185.4 4.59999999999992e-18
185.5 4e-18
185.6 4.80000000000002e-18
185.7 5.60000000000003e-18
185.8 6.40000000000004e-18
185.9 7.20000000000004e-18
186 8.00000000000004e-18
186.1 8.80000000000006e-18
186.2 9.60000000000007e-18
186.3 1.04000000000001e-17
186.4 1.12000000000001e-17
186.5 1.20000000000001e-17
186.6 1.28000000000001e-17
186.7 1.36000000000001e-17
186.8 1.44000000000001e-17
186.9 1.52000000000001e-17
187 1.6e-17
187.1 1.52e-17
187.2 1.44e-17
187.3 1.36e-17
187.4 1.28e-17
187.5 1.2e-17
187.6 1.11999999999999e-17
187.7 1.03999999999999e-17
187.8 9.59999999999992e-18
187.9 8.79999999999992e-18
188 7.99999999999993e-18
188.1 7.19999999999989e-18
188.2 6.39999999999988e-18
188.3 5.59999999999987e-18
188.4 4.79999999999989e-18
188.5 4e-18
188.6 4.60000000000001e-18
188.7 5.20000000000002e-18
188.8 5.80000000000002e-18
188.9 6.40000000000002e-18
189 7.00000000000002e-18
189.1 7.60000000000003e-18
189.2 8.20000000000004e-18
189.3 8.80000000000005e-18
189.4 9.40000000000005e-18
189.5 1e-17
189.6 1.06000000000001e-17
189.7 1.12000000000001e-17
189.8 1.18000000000001e-17
189.9 1.24000000000001e-17
190 1.30000000000001e-17
190.1 1.36000000000001e-17
190.2 1.42000000000001e-17
190.3 1.48000000000001e-17
190.4 1.54000000000001e-17
190.5 1.6e-17
190.6 1.51666666666667e-17
190.7 1.43333333333333e-17
190.8 1.35e-17
190.9 1.26666666666666e-17
191 1.18333333333333e-17
191.1 1.09999999999999e-17
191.2 1.01666666666666e-17
191.3 9.33333333333325e-18
191.4 8.49999999999991e-18
191.5 7.66666666666659e-18
191.6 6.83333333333322e-18
191.7 5.99999999999987e-18
191.8 5.16666666666653e-18
191.9 4.33333333333322e-18
192 3.5e-18
192.1 4.32500000000001e-18
192.2 5.15000000000002e-18
192.3 5.97500000000003e-18
192.4 6.80000000000003e-18
192.5 7.62500000000003e-18
192.6 8.45000000000005e-18
192.7 9.27500000000006e-18
192.8 1.01000000000001e-17
192.9 1.09250000000001e-17
193 1.17500000000001e-17
193.1 1.25750000000001e-17
193.2 1.34000000000001e-17
193.3 1.42250000000001e-17
193.4 1.50500000000001e-17
193.5 1.58750000000001e-17
193.6 1.67000000000001e-17
193.7 1.75250000000001e-17
193.8 1.83500000000001e-17
193.9 1.91750000000001e-17
194 2e-17
194.1 1.88666666666666e-17
194.2 1.77333333333333e-17
194.3 1.65999999999999e-17
194.4 1.54666666666666e-17
194.5 1.43333333333333e-17
194.6 1.31999999999999e-17
194.7 1.20666666666666e-17
194.8 1.09333333333332e-17
194.9 9.79999999999988e-18
195 8.66666666666656e-18
195.1 7.53333333333318e-18
195.2 6.39999999999982e-18
195.3 5.26666666666648e-18
195.4 4.13333333333318e-18
195.5 3e-18
195.6 3.75000000000001e-18
195.7 4.50000000000002e-18
195.8 5.25000000000002e-18
195.9 6.00000000000003e-18
196 6.75000000000003e-18
196.1 7.50000000000004e-18
196.2 8.25000000000005e-18
196.3 9.00000000000006e-18
196.4 9.75000000000006e-18
196.5 1.05000000000001e-17
196.6 1.12500000000001e-17
196.7 1.20000000000001e-17
196.8 1.27500000000001e-17
196.9 1.35000000000001e-17
197 1.42500000000001e-17
197.1 1.50000000000001e-17
197.2 1.57500000000001e-17
197.3 1.65000000000001e-17
197.4 1.72500000000001e-17
197.5 1.8e-17
197.6 1.719e-17
197.7 1.638e-17
197.8 1.557e-17
197.9 1.476e-17
198 1.395e-17
198.1 1.314e-17
198.2 1.23299999999999e-17
198.3 1.15199999999999e-17
198.4 1.07099999999999e-17
198.5 9.89999999999994e-18
198.6 9.08999999999992e-18
198.7 8.27999999999991e-18
198.8 7.4699999999999e-18
198.9 6.6599999999999e-18
199 5.84999999999991e-18
199.1 5.03999999999988e-18
199.2 4.22999999999987e-18
199.3 3.41999999999986e-18
199.4 2.60999999999989e-18
199.5 1.8e-18
199.6 2.51000000000001e-18
199.7 3.22000000000002e-18
199.8 3.93000000000002e-18
199.9 4.64000000000003e-18
200 5.35000000000003e-18
200.1 6.06000000000004e-18
200.2 6.77000000000005e-18
200.3 7.48000000000005e-18
200.4 8.19000000000006e-18
200.5 8.90000000000005e-18
200.6 9.61000000000007e-18
200.7 1.03200000000001e-17
200.8 1.10300000000001e-17
200.9 1.17400000000001e-17
201 1.24500000000001e-17
201.1 1.31600000000001e-17
201.2 1.38700000000001e-17
201.3 1.45800000000001e-17
201.4 1.52900000000001e-17
201.5 1.6e-17
201.6 1.526e-17
201.7 1.452e-17
201.8 1.378e-17
201.9 1.304e-17
202 1.23e-17
202.1 1.156e-17
202.2 1.082e-17
202.3 1.00799999999999e-17
202.4 9.33999999999994e-18
202.5 8.59999999999994e-18
202.6 7.85999999999993e-18
202.7 7.11999999999992e-18
202.8 6.37999999999991e-18
202.9 5.63999999999991e-18
203 4.89999999999992e-18
203.1 4.15999999999989e-18
203.2 3.41999999999988e-18
203.3 2.67999999999988e-18
203.4 1.9399999999999e-18
203.5 1.2e-18
203.6 1.82000000000001e-18
203.7 2.44000000000002e-18
203.8 3.06000000000003e-18
203.9 3.68000000000003e-18
204 4.30000000000003e-18
204.1 4.92000000000005e-18
204.2 5.54000000000006e-18
204.3 6.16000000000006e-18
204.4 6.78000000000006e-18
204.5 7.40000000000006e-18
204.6 8.02000000000008e-18
204.7 8.6400000000001e-18
204.8 9.2600000000001e-18
204.9 9.88000000000008e-18
205 1.05e-17
205.1 1.00035e-17
205.2 9.50699999999999e-18
205.3 9.01049999999998e-18
205.4 8.51399999999998e-18
205.5 8.01749999999998e-18
205.6 7.52099999999997e-18
205.7 7.02449999999997e-18
205.8 6.52799999999996e-18
205.9 6.03149999999996e-18
206 5.53499999999996e-18
206.1 5.03849999999995e-18
206.2 4.54199999999994e-18
206.3 4.04549999999994e-18
206.4 3.54899999999994e-18
206.5 3.05249999999995e-18
206.6 2.55599999999993e-18
206.7 2.05949999999992e-18
206.8 1.56299999999992e-18
206.9 1.06649999999993e-18
207 5.7e-19
207.1 9.52000000000007e-19
207.2 1.33400000000001e-18
207.3 1.71600000000002e-18
207.4 2.09800000000002e-18
207.5 2.48000000000002e-18
207.6 2.86200000000003e-18
207.7 3.24400000000003e-18
207.8 3.62600000000004e-18
207.9 4.00800000000004e-18
208 4.39000000000004e-18
208.1 4.77200000000005e-18
208.2 5.15400000000006e-18
208.3 5.53600000000006e-18
208.4 5.91800000000005e-18
208.5 6.3e-18
208.6 6.3e-18
208.7 6.3e-18
208.8 6.3e-18
208.9 6.3e-18
209 6.3e-18
209.1 5.88999999999999e-18
209.2 5.47999999999999e-18
209.3 5.06999999999998e-18
209.4 4.65999999999998e-18
209.5 4.24999999999998e-18
209.6 3.83999999999997e-18
209.7 3.42999999999996e-18
209.8 3.01999999999996e-18
209.9 2.60999999999996e-18
210 2.19999999999996e-18
210.1 1.78999999999995e-18
210.2 1.37999999999994e-18
210.3 9.69999999999934e-19
210.4 5.59999999999944e-19
210.5 1.5e-19
210.6 2.19000000000002e-19
210.7 2.88000000000003e-19
210.8 3.57000000000005e-19
210.9 4.26000000000005e-19
211 4.95000000000005e-19
211.1 5.64000000000008e-19
211.2 6.3300000000001e-19
211.3 7.0200000000001e-19
211.4 7.71000000000009e-19
211.5 8.4e-19
211.6 8.4e-19
211.7 8.4e-19
211.8 8.4e-19
211.9 8.4e-19
212 8.4e-19
212.1 8.4e-19
212.2 8.4e-19
212.3 8.4e-19
212.4 8.4e-19
212.5 8.4e-19
212.6 8.01499999999999e-19
212.7 7.62999999999999e-19
212.8 7.24499999999999e-19
212.9 6.85999999999999e-19
213 6.47499999999998e-19
213.1 6.08999999999998e-19
213.2 5.70499999999997e-19
213.3 5.31999999999997e-19
213.4 4.93499999999997e-19
213.5 4.54999999999997e-19
213.6 4.16499999999996e-19
213.7 3.77999999999996e-19
213.8 3.39499999999995e-19
213.9 3.00999999999995e-19
214 2.62499999999996e-19
214.1 2.23999999999994e-19
214.2 1.85499999999994e-19
214.3 1.46999999999994e-19
214.4 1.08499999999995e-19
214.5 7e-20
214.6 9.50000000000004e-20
214.7 1.20000000000001e-19
214.8 1.45000000000001e-19
214.9 1.70000000000001e-19
215 1.95000000000001e-19
215.1 2.20000000000001e-19
215.2 2.45000000000002e-19
215.3 2.70000000000002e-19
215.4 2.95000000000002e-19
215.5 3.20000000000002e-19
215.6 3.45000000000002e-19
215.7 3.70000000000003e-19
215.8 3.95000000000003e-19
215.9 4.20000000000003e-19
216 4.45000000000003e-19
216.1 4.70000000000004e-19
216.2 4.95000000000004e-19
216.3 5.20000000000004e-19
216.4 5.45000000000003e-19
216.5 5.7e-19
216.6 6.02000000000002e-19
216.7 6.34000000000003e-19
216.8 6.66000000000004e-19
216.9 6.98000000000004e-19
217 7.3e-19
217.1 6.94099999999999e-19
217.2 6.58199999999999e-19
217.3 6.22299999999999e-19
217.4 5.86399999999999e-19
217.5 5.50499999999999e-19
217.6 5.14599999999998e-19
217.7 4.78699999999997e-19
217.8 4.42799999999997e-19
217.9 4.06899999999997e-19
218 3.70999999999997e-19
218.1 3.35099999999996e-19
218.2 2.99199999999996e-19
218.3 2.63299999999996e-19
218.4 2.27399999999996e-19
218.5 1.91499999999996e-19
218.6 1.55599999999995e-19
218.7 1.19699999999994e-19
218.8 8.3799999999994e-20
218.9 4.7899999999995e-20
219 1.2e-20
219.1 1.92000000000001e-20
219.2 2.64000000000002e-20
219.3 3.36000000000003e-20
219.4 4.08000000000004e-20
219.5 4.80000000000004e-20
219.6 5.52000000000005e-20
219.7 6.24000000000007e-20
219.8 6.96000000000007e-20
219.9 7.68000000000007e-20
220 8.40000000000007e-20
220.1 9.1200000000001e-20
220.2 9.84000000000011e-20
220.3 1.05600000000001e-19
220.4 1.12800000000001e-19
220.5 1.2e-19
220.6 1.22e-19
220.7 1.24e-19
220.8 1.26e-19
220.9 1.28e-19
221 1.3e-19
221.1 1.236e-19
221.2 1.172e-19
221.3 1.108e-19
221.4 1.044e-19
221.5 9.79999999999998e-20
221.6 9.15999999999997e-20
221.7 8.51999999999996e-20
221.8 7.87999999999995e-20
221.9 7.23999999999995e-20
222 6.59999999999995e-20
222.1 5.95999999999994e-20
222.2 5.31999999999993e-20
222.3 4.67999999999992e-20
222.4 4.03999999999992e-20
222.5 3.39999999999993e-20
222.6 2.75999999999991e-20
222.7 2.11999999999989e-20
222.8 1.47999999999989e-20
222.9 8.3999999999991e-21
223 2e-21
223.1 2.80000000000002e-21
223.2 3.60000000000004e-21
223.3 4.40000000000005e-21
223.4 5.20000000000006e-21
223.5 6.00000000000006e-21
223.6 6.80000000000009e-21
223.7 7.60000000000011e-21
223.8 8.40000000000012e-21
223.9 9.20000000000011e-21
224 1e-20
224.1 1.04e-20
224.2 1.08e-20
224.3 1.12e-20
224.4 1.16e-20
224.5 1.2e-20
224.6 1.134e-20
224.7 1.068e-20
224.8 1.002e-20
224.9 9.35999999999996e-21
225 8.69999999999997e-21
225.1 8.03999999999995e-21
225.2 7.37999999999994e-21
225.3 6.71999999999993e-21
225.4 6.05999999999993e-21
225.5 5.39999999999994e-21
225.6 4.73999999999991e-21
225.7 4.0799999999999e-21
225.8 3.41999999999989e-21
225.9 2.75999999999991e-21
226 2.1e-21
226.1 1.97133333333333e-21
226.2 1.84266666666666e-21
226.3 1.71399999999999e-21
226.4 1.58533333333333e-21
226.5 1.45666666666666e-21
226.6 1.32799999999999e-21
226.7 1.19933333333332e-21
226.8 1.07066666666665e-21
226.9 9.41999999999987e-22
227 8.13333333333321e-22
227.1 6.84666666666649e-22
227.2 5.5599999999998e-22
227.3 4.27333333333313e-22
227.4 2.98666666666649e-22
227.5 1.7e-22
227.6 1.662e-22
227.7 1.624e-22
227.8 1.586e-22
227.9 1.548e-22
228 1.51e-22
228.1 1.472e-22
228.2 1.434e-22
228.3 1.396e-22
228.4 1.358e-22
228.5 1.32e-22
228.6 1.282e-22
228.7 1.244e-22
228.8 1.206e-22
228.9 1.168e-22
229 1.13e-22
229.1 1.092e-22
229.2 1.054e-22
229.3 1.016e-22
229.4 9.77999999999996e-23
229.5 9.39999999999996e-23
229.6 9.01999999999996e-23
229.7 8.63999999999996e-23
229.8 8.25999999999996e-23
229.9 7.87999999999996e-23
230 7.49999999999996e-23
230.1 7.11999999999995e-23
230.2 6.73999999999995e-23
230.3 6.35999999999995e-23
230.4 5.97999999999995e-23
230.5 5.59999999999995e-23
230.6 5.21999999999994e-23
230.7 4.83999999999993e-23
230.8 4.45999999999993e-23
230.9 4.07999999999995e-23
231 3.7e-23
231.1 3.5335e-23
231.2 3.367e-23
231.3 3.20049999999999e-23
231.4 3.03399999999999e-23
231.5 2.86749999999999e-23
231.6 2.70099999999999e-23
231.7 2.53449999999999e-23
231.8 2.36799999999999e-23
231.9 2.20149999999999e-23
232 2.03499999999999e-23
232.1 1.86849999999998e-23
232.2 1.70199999999998e-23
232.3 1.53549999999998e-23
232.4 1.36899999999998e-23
232.5 1.20249999999998e-23
232.6 1.03599999999998e-23
232.7 8.69499999999972e-24
232.8 7.02999999999972e-24
232.9 5.36499999999977e-24
233 3.7e-24
