 Lambda  Total   H/CN(*)  HCN+    
    1.0 6.00E-23 0.00E+00 6.00E-23
   30.0 1.20E-18 0.00E+00 1.20E-18
   31.0 5.00E-19 0.00E+00 5.00E-19
   41.0 1.10E-18 0.00E+00 1.10E-18
   43.0 1.20E-19 0.00E+00 1.20E-19
   50.0 1.80E-19 0.00E+00 1.80E-19
  100.0 9.20E-19 0.00E+00 9.20E-19
  200.0 3.65E-18 0.00E+00 3.65E-18
  300.0 7.33E-18 0.00E+00 7.33E-18
  400.0 1.12E-17 0.00E+00 1.12E-17
  500.0 1.62E-17 0.00E+00 1.62E-17
  600.0 2.06E-17 0.00E+00 2.06E-17
  700.0 2.43E-17 0.00E+00 2.43E-17
  800.0 2.70E-17 0.00E+00 2.70E-17
  900.0 1.56E-17 0.00E+00 1.56E-17
  911.2 1.55E-17 0.00E+00 1.55E-17
  912.0 1.55E-17 1.55E-17 0.00E+00
 1050.0 1.46E-17 1.46E-17 0.00E+00
 1051.5 1.46E-17 1.46E-17 0.00E+00
 1052.7 2.06E-17 2.06E-17 0.00E+00
 1055.8 1.45E-17 1.45E-17 0.00E+00
 1059.0 2.26E-17 2.26E-17 0.00E+00
 1060.1 2.05E-17 2.05E-17 0.00E+00
 1063.3 2.33E-17 2.33E-17 0.00E+00
 1064.6 2.03E-17 2.03E-17 0.00E+00
 1066.4 2.55E-17 2.55E-17 0.00E+00
 1067.9 1.88E-17 1.88E-17 0.00E+00
 1068.8 2.89E-17 2.89E-17 0.00E+00
 1070.0 2.69E-17 2.69E-17 0.00E+00
 1073.3 6.38E-17 6.38E-17 0.00E+00
 1075.6 3.77E-17 3.77E-17 0.00E+00
 1077.4 5.89E-17 5.89E-17 0.00E+00
 1080.9 2.79E-17 2.79E-17 0.00E+00
 1082.0 2.85E-17 2.85E-17 0.00E+00
 1083.9 2.49E-17 2.49E-17 0.00E+00
 1085.7 3.33E-17 3.33E-17 0.00E+00
 1088.9 2.15E-17 2.15E-17 0.00E+00
 1090.3 4.36E-17 4.36E-17 0.00E+00
 1094.5 1.91E-17 1.91E-17 0.00E+00
 1098.3 2.47E-17 2.47E-17 0.00E+00
 1103.3 1.74E-17 1.74E-17 0.00E+00
 1105.0 2.82E-17 2.82E-17 0.00E+00
 1107.0 2.37E-17 2.37E-17 0.00E+00
 1108.1 2.42E-17 2.42E-17 0.00E+00
 1110.6 2.19E-17 2.19E-17 0.00E+00
 1111.5 3.68E-17 3.68E-17 0.00E+00
 1114.3 2.22E-17 2.22E-17 0.00E+00
 1121.7 8.16E-17 8.16E-17 0.00E+00
 1125.8 4.46E-17 4.46E-17 0.00E+00
 1126.6 4.51E-17 4.51E-17 0.00E+00
 1130.7 3.73E-17 3.73E-17 0.00E+00
 1135.4 4.55E-17 4.55E-17 0.00E+00
 1136.9 4.32E-17 4.32E-17 0.00E+00
 1139.3 4.43E-17 4.43E-17 0.00E+00
 1141.1 4.17E-17 4.17E-17 0.00E+00
 1142.9 4.36E-17 4.36E-17 0.00E+00
 1151.3 3.61E-17 3.61E-17 0.00E+00
 1156.1 4.51E-17 4.51E-17 0.00E+00
 1172.2 1.73E-17 1.73E-17 0.00E+00
 1174.5 1.67E-17 1.67E-17 0.00E+00
 1177.4 2.24E-17 2.24E-17 0.00E+00
 1180.3 1.97E-17 1.97E-17 0.00E+00
 1184.1 2.89E-17 2.89E-17 0.00E+00
 1185.3 2.90E-17 2.90E-17 0.00E+00
 1189.4 3.69E-17 3.69E-17 0.00E+00
 1195.2 2.50E-17 2.50E-17 0.00E+00
 1197.1 2.87E-17 2.87E-17 0.00E+00
 1203.8 2.03E-17 2.03E-17 0.00E+00
 1207.6 2.82E-17 2.82E-17 0.00E+00
 1210.5 2.32E-17 2.32E-17 0.00E+00
 1215.0 4.24E-17 4.24E-17 0.00E+00
 1219.8 3.66E-17 3.66E-17 0.00E+00
 1223.1 2.64E-17 2.64E-17 0.00E+00
 1224.1 2.54E-17 2.54E-17 0.00E+00
 1229.0 1.72E-17 1.72E-17 0.00E+00
 1230.7 2.06E-17 2.06E-17 0.00E+00
 1234.2 1.16E-17 1.16E-17 0.00E+00
 1239.6 6.56E-18 6.56E-18 0.00E+00
 1246.0 4.32E-18 4.32E-18 0.00E+00
 1248.7 4.32E-18 4.32E-18 0.00E+00
 1258.2 1.83E-18 1.83E-18 0.00E+00
 1270.0 1.11E-18 1.11E-18 0.00E+00
 1290.3 2.14E-18 2.14E-18 0.00E+00
 1295.2 1.07E-18 1.07E-18 0.00E+00
 1300.0 1.68E-18 1.68E-18 0.00E+00
 1301.4 1.91E-18 1.91E-18 0.00E+00
 1304.6 1.49E-18 1.49E-18 0.00E+00
 1308.7 1.76E-18 1.76E-18 0.00E+00
 1309.9 2.79E-18 2.79E-18 0.00E+00
 1310.9 2.68E-18 2.68E-18 0.00E+00
 1311.7 3.10E-18 3.10E-18 0.00E+00
 1314.8 2.14E-18 2.14E-18 0.00E+00
 1316.2 2.64E-18 2.64E-18 0.00E+00
 1321.2 1.53E-18 1.53E-18 0.00E+00
 1324.1 3.29E-18 3.29E-18 0.00E+00
 1326.7 3.33E-18 3.33E-18 0.00E+00
 1328.4 2.56E-18 2.56E-18 0.00E+00
 1330.3 2.83E-18 2.83E-18 0.00E+00
 1332.2 2.45E-18 2.45E-18 0.00E+00
 1332.4 3.14E-18 3.14E-18 0.00E+00
 1337.1 1.72E-18 1.72E-18 0.00E+00
 1338.7 6.20E-18 6.20E-18 0.00E+00
 1339.7 5.93E-18 5.93E-18 0.00E+00
 1340.6 8.52E-18 8.52E-18 0.00E+00
 1344.4 1.87E-18 1.87E-18 0.00E+00
 1346.3 1.26E-18 1.26E-18 0.00E+00
 1349.3 2.14E-18 2.14E-18 0.00E+00
 1351.7 7.09E-18 7.09E-18 0.00E+00
 1354.0 4.68E-18 4.68E-18 0.00E+00
 1355.7 8.83E-18 8.83E-18 0.00E+00
 1359.4 2.07E-18 2.07E-18 0.00E+00
 1361.6 1.91E-18 1.91E-18 0.00E+00
 1362.9 3.56E-18 3.56E-18 0.00E+00
 1364.2 2.71E-18 2.71E-18 0.00E+00
 1365.8 4.95E-18 4.95E-18 0.00E+00
 1367.1 3.48E-18 3.48E-18 0.00E+00
 1367.9 2.46E-17 2.46E-17 0.00E+00
 1372.2 2.33E-18 2.33E-18 0.00E+00
 1373.5 2.49E-18 2.49E-18 0.00E+00
 1377.8 1.15E-18 1.15E-18 0.00E+00
 1380.5 2.64E-18 2.64E-18 0.00E+00
 1382.1 2.54E-17 2.54E-17 0.00E+00
 1387.5 1.68E-18 1.68E-18 0.00E+00
 1392.0 8.79E-19 8.79E-19 0.00E+00
 1396.9 3.10E-18 3.10E-18 0.00E+00
 1397.2 2.86E-17 2.86E-17 0.00E+00
 1400.0 4.28E-18 4.28E-18 0.00E+00
 1408.0 7.27E-19 7.27E-19 0.00E+00
 1411.5 1.26E-18 1.26E-18 0.00E+00
 1412.4 2.53E-17 2.53E-17 0.00E+00
 1416.6 2.41E-18 2.41E-18 0.00E+00
 1420.0 2.60E-18 2.60E-18 0.00E+00
 1426.3 6.51E-19 6.51E-19 0.00E+00
 1428.7 2.14E-18 2.14E-18 0.00E+00
 1429.0 1.51E-17 1.51E-17 0.00E+00
 1433.9 1.80E-18 1.80E-18 0.00E+00
 1444.3 8.43E-19 8.43E-19 0.00E+00
 1446.8 1.30E-18 1.30E-18 0.00E+00
 1447.7 1.12E-17 1.12E-17 0.00E+00
 1450.5 1.53E-18 1.53E-18 0.00E+00
 1463.0 5.35E-19 5.35E-19 0.00E+00
 1464.8 1.22E-18 1.22E-18 0.00E+00
 1466.0 5.93E-18 5.93E-18 0.00E+00
 1468.1 1.65E-18 1.65E-18 0.00E+00
 1470.7 8.43E-19 8.43E-19 0.00E+00
 1483.0 5.76E-19 5.76E-19 0.00E+00
 1484.5 3.71E-18 3.71E-18 0.00E+00
 1486.0 7.63E-19 7.63E-19 0.00E+00
 1502.3 6.87E-19 6.87E-19 0.00E+00
 1503.1 1.87E-18 1.87E-18 0.00E+00
 1505.6 4.21E-19 4.21E-19 0.00E+00
 1522.7 4.95E-19 4.95E-19 0.00E+00
 1524.0 7.63E-19 7.63E-19 0.00E+00
 1525.4 4.60E-19 4.60E-19 0.00E+00
 1550.0 3.82E-19 3.82E-19 0.00E+00
 1561.0 2.53E-19 2.53E-19 0.00E+00
 1564.5 2.65E-19 2.65E-19 0.00E+00
 1567.5 2.10E-19 2.10E-19 0.00E+00
 1575.5 2.90E-19 2.90E-19 0.00E+00
 1587.0 1.71E-19 1.71E-19 0.00E+00
 1592.0 2.65E-19 2.65E-19 0.00E+00
 1607.0 1.39E-19 1.39E-19 0.00E+00
 1613.5 2.65E-19 2.65E-19 0.00E+00
 1625.0 1.05E-19 1.05E-19 0.00E+00
 1632.5 2.36E-19 2.36E-19 0.00E+00
 1645.0 6.34E-20 6.34E-20 0.00E+00
 1652.5 2.01E-19 2.01E-19 0.00E+00
 1666.0 4.60E-20 4.60E-20 0.00E+00
 1670.5 1.96E-19 1.96E-19 0.00E+00
 1673.0 1.45E-19 1.45E-19 0.00E+00
 1676.0 1.42E-19 1.42E-19 0.00E+00
 1684.0 4.28E-20 4.28E-20 0.00E+00
 1684.5 5.04E-20 5.04E-20 0.00E+00
 1688.0 3.11E-20 3.11E-20 0.00E+00
 1690.5 1.03E-19 1.03E-19 0.00E+00
 1691.5 9.19E-20 9.19E-20 0.00E+00
 1693.5 1.71E-19 1.71E-19 0.00E+00
 1708.0 1.59E-20 1.59E-20 0.00E+00
 1710.5 3.03E-20 3.03E-20 0.00E+00
 1711.5 2.41E-20 2.41E-20 0.00E+00
 1714.0 1.33E-19 1.33E-19 0.00E+00
 1716.0 5.26E-20 5.26E-20 0.00E+00
 1718.5 1.30E-19 1.30E-19 0.00E+00
 1723.0 2.36E-20 2.36E-20 0.00E+00
 1726.0 4.46E-20 4.46E-20 0.00E+00
 1734.5 1.05E-20 1.05E-20 0.00E+00
 1738.5 1.27E-19 1.27E-19 0.00E+00
 1742.5 2.25E-20 2.25E-20 0.00E+00
 1744.0 9.19E-20 9.19E-20 0.00E+00
 1751.5 1.00E-20 1.00E-20 0.00E+00
 1754.5 2.36E-20 2.36E-20 0.00E+00
 1759.5 6.83E-21 6.83E-21 0.00E+00
 1762.5 1.00E-19 1.00E-19 0.00E+00
 1769.0 7.99E-21 7.99E-21 0.00E+00
 1771.5 5.26E-20 5.26E-20 0.00E+00
 1774.5 7.32E-21 7.32E-21 0.00E+00
 1780.0 5.26E-21 5.26E-21 0.00E+00
 1781.5 1.33E-20 1.33E-20 0.00E+00
 1785.5 2.10E-21 2.10E-21 0.00E+00
 1787.5 6.51E-21 6.51E-21 0.00E+00
 1788.5 5.40E-21 5.40E-21 0.00E+00
 1789.5 4.46E-20 4.46E-20 0.00E+00
 1792.5 5.18E-21 5.18E-21 0.00E+00
 1793.0 8.97E-21 8.97E-21 0.00E+00
 1797.0 1.63E-21 1.63E-21 0.00E+00
 1799.0 2.01E-20 2.01E-20 0.00E+00
 1802.5 1.75E-21 1.75E-21 0.00E+00
 1805.0 3.90E-21 3.90E-21 0.00E+00
 1808.0 2.65E-21 2.65E-21 0.00E+00
 1808.5 7.45E-21 7.45E-21 0.00E+00
 1812.5 2.41E-21 2.41E-21 0.00E+00
 1814.5 6.20E-21 6.20E-21 0.00E+00
 1817.0 2.90E-21 2.90E-21 0.00E+00
 1818.5 1.00E-20 1.00E-20 0.00E+00
 1822.5 2.47E-21 2.47E-21 0.00E+00
 1823.5 4.60E-21 4.60E-21 0.00E+00
 1826.5 1.33E-21 1.33E-21 0.00E+00
 1829.0 4.95E-21 4.95E-21 0.00E+00
 1834.0 1.05E-21 1.05E-21 0.00E+00
 1836.0 1.49E-21 1.49E-21 0.00E+00
 1837.5 1.10E-21 1.10E-21 0.00E+00
 1839.5 3.41E-21 3.41E-21 0.00E+00
 1841.0 1.13E-21 1.13E-21 0.00E+00
 1843.5 3.33E-21 3.33E-21 0.00E+00
 1845.5 1.24E-21 1.24E-21 0.00E+00
 1848.5 5.76E-21 5.76E-21 0.00E+00
 1852.5 1.45E-21 1.45E-21 0.00E+00
 1855.0 2.01E-21 2.01E-21 0.00E+00
 1859.0 8.39E-22 8.39E-22 0.00E+00
 1861.0 1.52E-21 1.52E-21 0.00E+00
 1864.5 5.53E-22 5.53E-22 0.00E+00
 1866.0 9.59E-22 9.59E-22 0.00E+00
 1868.5 4.46E-22 4.46E-22 0.00E+00
 1870.5 1.91E-21 1.91E-21 0.00E+00
 1872.5 6.96E-22 6.96E-22 0.00E+00
 1874.0 1.59E-21 1.59E-21 0.00E+00
 1876.5 4.95E-22 4.95E-22 0.00E+00
 1880.5 1.91E-21 1.91E-21 0.00E+00
 1885.5 3.33E-22 3.33E-22 0.00E+00
 1886.5 4.60E-22 4.60E-22 0.00E+00
 1890.0 2.71E-22 2.71E-22 0.00E+00
 1891.5 3.33E-22 3.33E-22 0.00E+00
 1895.0 2.15E-22 2.15E-22 0.00E+00
 1898.0 3.65E-22 3.65E-22 0.00E+00
 1900.5 2.71E-22 2.71E-22 0.00E+00
 1902.5 5.40E-22 5.40E-22 0.00E+00
 1905.0 3.65E-22 3.65E-22 0.00E+00
 1907.0 6.83E-22 6.83E-22 0.00E+00
 1912.0 2.71E-22 2.71E-22 0.00E+00
 1914.5 5.18E-22 5.18E-22 0.00E+00
 1919.0 1.63E-22 1.63E-22 0.00E+00
 1923.5 1.56E-22 1.56E-22 0.00E+00
 1925.5 2.36E-22 2.36E-22 0.00E+00
 1927.0 1.59E-22 1.59E-22 0.00E+00
 1931.5 1.59E-22 1.59E-22 0.00E+00
 1932.5 2.15E-22 2.15E-22 0.00E+00
 1936.5 1.56E-22 1.56E-22 0.00E+00
 1939.5 2.10E-22 2.10E-22 0.00E+00
 1941.0 1.71E-22 1.71E-22 0.00E+00
 1943.0 2.15E-22 2.15E-22 0.00E+00
 1947.0 1.56E-22 1.56E-22 0.00E+00
 1950.0 1.79E-22 1.79E-22 0.00E+00
