0 8.9e-05
0.1 8.9e-05
0.2 0.000178144927536232
0.3 0.000267289855072464
0.4 0.000356434782608696
0.5 0.000445579710144928
0.6 0.000534724637681159
0.7 0.000623869565217391
0.8 0.000713014492753623
0.9 0.000802159420289855
1 0.000891304347826087
1.1 0.000980418599633186
1.2 0.00106953285144029
1.3 0.00115864710324738
1.4 0.00124776135505448
1.5 0.00133687560686158
1.6 0.00142598985866868
1.7 0.00151510411047578
1.8 0.00160421836228288
1.9 0.00169333261408998
2 0.00178244686589708
2.1 0.00187156111770418
2.2 0.00196067536951127
2.3 0.00204978962131837
2.4 0.00213890387312547
2.5 0.00222801812493257
2.6 0.00231713237673967
2.7 0.00240624662854677
2.8 0.00249536088035387
2.9 0.00258447513216097
3 0.00267358938396807
3.1 0.00276270363577517
3.2 0.00285181788758226
3.3 0.00294093213938936
3.4 0.00303004639119646
3.5 0.00311916064300356
3.6 0.00320827489481066
3.7 0.00329738914661776
3.8 0.00338650339842486
3.9 0.00347561765023196
4 0.00356473190203905
4.1 0.00365384615384615
4.2 0.00374071618037135
4.3 0.00382758620689655
4.4 0.00391752287121745
4.5 0.00400745953553835
4.6 0.00409739619985925
4.7 0.00418733286418016
4.8 0.00427726952850106
4.9 0.00436720619282196
5 0.00445714285714286
5.1 0.00454623529411765
5.2 0.00463532773109244
5.3 0.00472442016806723
5.4 0.00481351260504202
5.5 0.00490260504201681
5.6 0.0049916974789916
5.7 0.00508078991596639
5.8 0.00516988235294118
5.9 0.00525897478991597
6 0.00534806722689076
6.1 0.00543715966386554
6.2 0.00552625210084033
6.3 0.00561534453781513
6.4 0.00570443697478991
6.5 0.0057935294117647
6.6 0.00588262184873949
6.7 0.00597171428571429
6.8 0.00606080672268908
6.9 0.00614989915966386
7 0.00623899159663865
7.1 0.00632808403361344
7.2 0.00641717647058823
7.3 0.00650626890756302
7.4 0.00659536134453781
7.5 0.0066844537815126
7.6 0.00677354621848739
7.7 0.00686263865546218
7.8 0.00695173109243697
7.9 0.00704082352941176
8 0.00712991596638655
8.1 0.00721900840336134
8.2 0.00730810084033613
8.3 0.00739719327731092
8.4 0.00748628571428571
8.5 0.0075753781512605
8.6 0.00766447058823529
8.7 0.00775356302521008
8.8 0.00784265546218487
8.9 0.00793174789915966
9 0.00802084033613445
9.1 0.00810993277310924
9.2 0.00819902521008403
9.3 0.00828811764705882
9.4 0.00837721008403361
9.5 0.00846630252100841
9.6 0.0085553949579832
9.7 0.00864448739495798
9.8 0.00873357983193277
9.9 0.00882267226890756
10 0.00891176470588235
10.1 0.00900092320261438
10.2 0.0090900816993464
10.3 0.00917924019607843
10.4 0.00926839869281046
10.5 0.00935755718954248
10.6 0.00944671568627451
10.7 0.00953587418300653
10.8 0.00962503267973856
10.9 0.00971419117647059
11 0.00980334967320261
11.1 0.00989250816993464
11.2 0.00998166666666666
11.3 0.0100708251633987
11.4 0.0101599836601307
11.5 0.0102491421568627
11.6 0.0103383006535948
11.7 0.0104274591503268
11.8 0.0105166176470588
11.9 0.0106057761437908
12 0.0106949346405229
12.1 0.0107840931372549
12.2 0.0108732516339869
12.3 0.0109624101307189
12.4 0.011051568627451
12.5 0.011140727124183
12.6 0.011229885620915
12.7 0.0113190441176471
12.8 0.0114082026143791
12.9 0.0114973611111111
13 0.0115865196078431
13.1 0.0116756781045752
13.2 0.0117648366013072
13.3 0.0118539950980392
13.4 0.0119431535947712
13.5 0.0120323120915033
13.6 0.0121214705882353
13.7 0.0122106290849673
13.8 0.0122997875816993
13.9 0.0123889460784314
14 0.0124781045751634
14.1 0.0125672630718954
14.2 0.0126564215686274
14.3 0.0127455800653595
14.4 0.0128347385620915
14.5 0.0129238970588235
14.6 0.0130130555555555
14.7 0.0131022140522876
14.8 0.0131913725490196
14.9 0.0132805310457516
15 0.0133696895424836
15.1 0.0134588480392157
15.2 0.0135480065359477
15.3 0.0136371650326797
15.4 0.0137263235294118
15.5 0.0138154820261438
15.6 0.0139046405228758
15.7 0.0139937990196078
15.8 0.0140829575163399
15.9 0.0141721160130719
16 0.0142612745098039
16.1 0.0143504330065359
16.2 0.014439591503268
16.3 0.01452875
16.4 0.014617908496732
16.5 0.014707066993464
16.6 0.0147962254901961
16.7 0.0148853839869281
16.8 0.0149745424836601
16.9 0.0150637009803922
17 0.0151528594771242
17.1 0.0152420179738562
17.2 0.0153311764705882
17.3 0.0154203349673203
17.4 0.0155094934640523
17.5 0.0155986519607843
17.6 0.0156878104575163
17.7 0.0157769689542484
17.8 0.0158661274509804
17.9 0.0159552859477124
18 0.0160444444444444
18.1 0.0161332222222222
18.2 0.016222
18.3 0.0163107777777778
18.4 0.0163995555555556
18.5 0.0164883333333333
18.6 0.0165771111111111
18.7 0.0166658888888889
18.8 0.0167546666666667
18.9 0.0168434444444444
19 0.0169322222222222
19.1 0.017021
19.2 0.0171097777777778
19.3 0.0171985555555556
19.4 0.0172873333333333
19.5 0.0173761111111111
19.6 0.0174648888888889
19.7 0.0175536666666667
19.8 0.0176424444444444
19.9 0.0177312222222222
20 0.01782
20.1 0.0179089333333333
20.2 0.0179978666666667
20.3 0.0180868
20.4 0.0181757333333333
20.5 0.0182646666666667
20.6 0.0183536
20.7 0.0184425333333333
20.8 0.0185314666666667
20.9 0.0186204
21 0.0187093333333333
21.1 0.0187982666666667
21.2 0.0188872
21.3 0.0189761333333333
21.4 0.0190650666666667
21.5 0.019154
21.6 0.0192429333333333
21.7 0.0193318666666667
21.8 0.0194208
21.9 0.0195097333333333
22 0.0195986666666666
22.1 0.0196876
22.2 0.0197765333333333
22.3 0.0198654666666666
22.4 0.0199544
22.5 0.0200433333333333
22.6 0.0201322666666666
22.7 0.0202212
22.8 0.0203101333333333
22.9 0.0203990666666666
23 0.020488
23.1 0.0205769333333333
23.2 0.0206658666666667
23.3 0.0207548
23.4 0.0208437333333333
23.5 0.0209326666666667
23.6 0.0210216
23.7 0.0211105333333333
23.8 0.0211994666666667
23.9 0.0212884
24 0.0213773333333333
24.1 0.0214662666666667
24.2 0.0215552
24.3 0.0216441333333333
24.4 0.0217330666666667
24.5 0.021822
24.6 0.0219109333333333
24.7 0.0219998666666667
24.8 0.0220888
24.9 0.0221777333333333
25 0.0222666666666667
25.1 0.0223563333333333
25.2 0.022446
25.3 0.0225356666666667
25.4 0.0226253333333333
25.5 0.022715
25.6 0.0228046666666667
25.7 0.0228943333333333
25.8 0.022984
25.9 0.0230736666666667
26 0.0231633333333333
26.1 0.023253
26.2 0.0233426666666667
26.3 0.0234323333333333
26.4 0.023522
26.5 0.0236116666666667
26.6 0.0237013333333333
26.7 0.023791
26.8 0.0238806666666667
26.9 0.0239703333333333
27 0.02406
27.1 0.0241496666666667
27.2 0.0242393333333333
27.3 0.024329
27.4 0.0244186666666667
27.5 0.0245083333333333
27.6 0.024598
27.7 0.0246876666666667
27.8 0.0247773333333333
27.9 0.024867
28 0.0249566666666667
28.1 0.0250463333333333
28.2 0.025136
28.3 0.0252256666666667
28.4 0.0253153333333333
28.5 0.025405
28.6 0.0254946666666667
28.7 0.0255843333333333
28.8 0.025674
28.9 0.0257636666666667
29 0.0258533333333333
29.1 0.025943
29.2 0.0260326666666667
29.3 0.0261223333333333
29.4 0.026212
29.5 0.0263016666666667
29.6 0.0263913333333333
29.7 0.026481
29.8 0.0265706666666667
29.9 0.0266603333333333
30 0.02675
30.1 0.026839
30.2 0.026928
30.3 0.027017
30.4 0.027106
30.5 0.027195
30.6 0.027284
30.7 0.027373
30.8 0.027462
30.9 0.027551
31 0.02764
31.1 0.027729
31.2 0.027818
31.3 0.027907
31.4 0.027996
31.5 0.028085
31.6 0.028174
31.7 0.028263
31.8 0.028352
31.9 0.028441
32 0.02853
32.1 0.028619
32.2 0.028708
32.3 0.028797
32.4 0.028886
32.5 0.028975
32.6 0.029064
32.7 0.029153
32.8 0.029242
32.9 0.029331
33 0.02942
33.1 0.029509
33.2 0.029598
33.3 0.029687
33.4 0.029776
33.5 0.029865
33.6 0.029954
33.7 0.030043
33.8 0.030132
33.9 0.030221
34 0.03031
34.1 0.030399
34.2 0.030488
34.3 0.030577
34.4 0.030666
34.5 0.030755
34.6 0.030844
34.7 0.030933
34.8 0.031022
34.9 0.031111
35 0.0312
35.1 0.0312886530612245
35.2 0.031377306122449
35.3 0.0314659591836735
35.4 0.031554612244898
35.5 0.0316432653061225
35.6 0.0317319183673469
35.7 0.0318205714285714
35.8 0.0319092244897959
35.9 0.0319978775510204
36 0.0320865306122449
36.1 0.0321751836734694
36.2 0.0322638367346939
36.3 0.0323524897959184
36.4 0.0324411428571429
36.5 0.0325297959183674
36.6 0.0326184489795919
36.7 0.0327071020408164
36.8 0.0327957551020409
36.9 0.0328844081632653
37 0.0329730612244898
37.1 0.0330617142857143
37.2 0.0331503673469388
37.3 0.0332390204081633
37.4 0.0333276734693878
37.5 0.0334163265306123
37.6 0.0335049795918368
37.7 0.0335936326530613
37.8 0.0336822857142857
37.9 0.0337709387755102
38 0.0338595918367347
38.1 0.0339482448979592
38.2 0.0340368979591837
38.3 0.0341255510204082
38.4 0.0342142040816327
38.5 0.0343028571428572
38.6 0.0343915102040817
38.7 0.0344801632653061
38.8 0.0345688163265306
38.9 0.0346574693877551
39 0.0347461224489796
39.1 0.0348347755102041
39.2 0.0349234285714286
39.3 0.0350120816326531
39.4 0.0351007346938776
39.5 0.0351893877551021
39.6 0.0352780408163265
39.7 0.035366693877551
39.8 0.0354553469387755
39.9 0.035544
40 0.0356326530612245
40.1 0.03572
40.2 0.0358073469387755
40.3 0.035894693877551
40.4 0.0359820408163265
40.5 0.036069387755102
40.6 0.0361567346938776
40.7 0.0362440816326531
40.8 0.0363314285714286
40.9 0.0364187755102041
41 0.0365061224489796
41.1 0.0365934693877551
41.2 0.0366808163265306
41.3 0.0367681632653061
41.4 0.0368555102040816
41.5 0.0369428571428572
41.6 0.0370302040816327
41.7 0.0371175510204082
41.8 0.0372048979591837
41.9 0.0372922448979592
42 0.0373795918367347
42.1 0.0374669387755102
42.2 0.0375542857142857
42.3 0.0376416326530612
42.4 0.0377289795918367
42.5 0.0378163265306123
42.6 0.0379036734693878
42.7 0.0379910204081633
42.8 0.0380783673469388
42.9 0.0381657142857143
43 0.0382530612244898
43.1 0.0383404081632653
43.2 0.0384277551020408
43.3 0.0385151020408163
43.4 0.0386024489795919
43.5 0.0386897959183674
43.6 0.0387771428571429
43.7 0.0388644897959184
43.8 0.0389518367346939
43.9 0.0390391836734694
44 0.0391265306122449
44.1 0.0392138775510204
44.2 0.0393012244897959
44.3 0.0393885714285714
44.4 0.039475918367347
44.5 0.0395632653061225
44.6 0.039650612244898
44.7 0.0397379591836735
44.8 0.039825306122449
44.9 0.0399126530612245
45 0.04
45.1 0.0400894736842105
45.2 0.0401789473684211
45.3 0.0402684210526316
45.4 0.0403578947368421
45.5 0.0404473684210526
45.6 0.0405368421052632
45.7 0.0406263157894737
45.8 0.0407157894736842
45.9 0.0408052631578947
46 0.0408947368421053
46.1 0.0409842105263158
46.2 0.0410736842105263
46.3 0.0411631578947369
46.4 0.0412526315789474
46.5 0.0413421052631579
46.6 0.0414315789473684
46.7 0.041521052631579
46.8 0.0416105263157895
46.9 0.0417
47 0.0417894736842106
47.1 0.0418789473684211
47.2 0.0419684210526316
47.3 0.0420578947368421
47.4 0.0421473684210527
47.5 0.0422368421052632
47.6 0.0423263157894737
47.7 0.0424157894736843
47.8 0.0425052631578948
47.9 0.0425947368421053
48 0.0426842105263158
48.1 0.0427736842105264
48.2 0.0428631578947369
48.3 0.0429526315789474
48.4 0.0430421052631579
48.5 0.0431315789473685
48.6 0.043221052631579
48.7 0.0433105263157895
48.8 0.0434
48.9 0.0434894736842106
49 0.0435789473684211
49.1 0.0436684210526316
49.2 0.0437578947368421
49.3 0.0438473684210526
49.4 0.0439368421052632
49.5 0.0440263157894737
49.6 0.0441157894736842
49.7 0.0442052631578947
49.8 0.0442947368421053
49.9 0.0443842105263158
50 0.0444736842105263
50.1 0.0445647930505876
50.2 0.044655901890649
50.3 0.0447470107307103
50.4 0.0448381195707716
50.5 0.0449292284108329
50.6 0.0450203372508942
50.7 0.0451114460909555
50.8 0.0452025549310169
50.9 0.0452936637710782
51 0.0453847726111395
51.1 0.0454758814512008
51.2 0.0455669902912621
51.3 0.0456580991313235
51.4 0.0457492079713848
51.5 0.0458403168114461
51.6 0.0459314256515074
51.7 0.0460225344915687
51.8 0.0461136433316301
51.9 0.0462047521716914
52 0.0462958610117527
52.1 0.046386969851814
52.2 0.0464780786918753
52.3 0.0465691875319366
52.4 0.046660296371998
52.5 0.0467514052120593
52.6 0.0468425140521206
52.7 0.0469336228921819
52.8 0.0470247317322432
52.9 0.0471158405723046
53 0.0472069494123659
53.1 0.0472980582524272
53.2 0.0473891670924885
53.3 0.0474802759325498
53.4 0.0475713847726111
53.5 0.0476624936126725
53.6 0.0477536024527338
53.7 0.0478447112927951
53.8 0.0479358201328564
53.9 0.0480269289729177
54 0.0481180378129791
54.1 0.0482091466530404
54.2 0.0483002554931017
54.3 0.048391364333163
54.4 0.0484824731732243
54.5 0.0485735820132857
54.6 0.048664690853347
54.7 0.0487557996934083
54.8 0.0488469085334696
54.9 0.0489380173735309
55 0.0490291262135922
55.1 0.0487707432487558
55.2 0.0485123602839194
55.3 0.048253977319083
55.4 0.0479955943542466
55.5 0.0477372113894101
55.6 0.0474788284245737
55.7 0.0472204454597373
55.8 0.0469620624949009
55.9 0.0467036795300644
56 0.046445296565228
56.1 0.0461869136003916
56.2 0.0459285306355552
56.3 0.0456701476707188
56.4 0.0454117647058823
56.5 0.0452898735251676
56.6 0.0451679823444529
56.7 0.0450460911637382
56.8 0.0449241999830235
56.9 0.0448023088023088
57 0.0446804176215941
57.1 0.0445585264408794
57.2 0.0444366352601646
57.3 0.0443147440794499
57.4 0.0441928528987352
57.5 0.0440709617180205
57.6 0.0439490705373058
57.7 0.0438271793565911
57.8 0.0437052881758764
57.9 0.0435833969951617
58 0.043461505814447
58.1 0.0433396146337323
58.2 0.0432177234530175
58.3 0.0430958322723028
58.4 0.0429739410915881
58.5 0.0428520499108734
58.6 0.0427301587301587
58.7 0.042608267549444
58.8 0.0424863763687293
58.9 0.0423644851880146
59 0.0422425940072999
59.1 0.0421207028265852
59.2 0.0419988116458705
59.3 0.0418769204651557
59.4 0.041755029284441
59.5 0.0416331381037263
59.6 0.0415112469230116
59.7 0.0413893557422969
59.8 0.0412674645615822
59.9 0.0411455733808675
60 0.0410236822001528
60.1 0.0409017910194381
60.2 0.0407798998387234
60.3 0.0406580086580086
60.4 0.0405361174772939
60.5 0.0404142262965792
60.6 0.0402923351158645
60.7 0.0401704439351498
60.8 0.0400485527544351
60.9 0.0399266615737204
61 0.0398047703930057
61.1 0.039682879212291
61.2 0.0395609880315763
61.3 0.0394390968508615
61.4 0.0393172056701468
61.5 0.0391953144894321
61.6 0.0390734233087174
61.7 0.0389515321280027
61.8 0.038829640947288
61.9 0.0387077497665733
62 0.0385858585858586
62.1 0.0384329579438275
62.2 0.0382800573017964
62.3 0.0381271566597653
62.4 0.0379742560177343
62.5 0.0378213553757032
62.6 0.0376684547336721
62.7 0.037515554091641
62.8 0.03736265344961
62.9 0.0372097528075789
63 0.0370568521655478
63.1 0.0369039515235167
63.2 0.0367510508814856
63.3 0.0365981502394546
63.4 0.0364452495974235
63.5 0.0362923489553924
63.6 0.0361394483133613
63.7 0.0359865476713302
63.8 0.0358336470292992
63.9 0.0356807463872681
64 0.035527845745237
64.1 0.0353749451032059
64.2 0.0352220444611749
64.3 0.0350691438191438
64.4 0.0349162431771127
64.5 0.0347633425350816
64.6 0.0346104418930505
64.7 0.0344575412510195
64.8 0.0343046406089884
64.9 0.0341517399669573
65 0.0339988393249262
65.1 0.0338459386828951
65.2 0.0336930380408641
65.3 0.033540137398833
65.4 0.0333872367568019
65.5 0.0332343361147708
65.6 0.0330814354727398
65.7 0.0329285348307087
65.8 0.0327756341886776
65.9 0.0326227335466465
66 0.0324698329046155
66.1 0.0323169322625844
66.2 0.0321640316205533
66.3 0.0320111309785222
66.4 0.0318582303364912
66.5 0.0317053296944601
66.6 0.031552429052429
66.7 0.0313995284103979
66.8 0.0312466277683669
66.9 0.0310937271263358
67 0.0309408264843047
67.1 0.0307879258422736
67.2 0.0306350252002426
67.3 0.0304821245582115
67.4 0.0303292239161804
67.5 0.0301763232741493
67.6 0.0300234226321183
67.7 0.0298705219900872
67.8 0.0297176213480561
67.9 0.029564720706025
68 0.029411820063994
68.1 0.0292589194219629
68.2 0.0291060187799318
68.3 0.0289531181379007
68.4 0.0288002174958697
68.5 0.0286473168538386
68.6 0.0284944162118075
68.7 0.0283415155697764
68.8 0.0281886149277454
68.9 0.0280357142857143
69 0.0278290098648155
69.1 0.0276223054439167
69.2 0.0274156010230179
69.3 0.0272088966021191
69.4 0.0270021921812203
69.5 0.0267954877603215
69.6 0.0265887833394227
69.7 0.0263820789185239
69.8 0.0261753744976251
69.9 0.0259686700767263
70 0.0257619656558275
70.1 0.0255552612349287
70.2 0.0253485568140299
70.3 0.0251418523931311
70.4 0.0249351479722323
70.5 0.0247284435513336
70.6 0.0245217391304348
70.7 0.024877570071647
70.8 0.0252334010128591
70.9 0.0255892319540713
71 0.0259450628952834
71.1 0.0263008938364956
71.2 0.0266567247777078
71.3 0.0270125557189199
71.4 0.0273683866601321
71.5 0.0277242176013443
71.6 0.0280800485425564
71.7 0.0284358794837686
71.8 0.0287917104249808
71.9 0.0291475413661929
72 0.0295033723074051
72.1 0.0298592032486173
72.2 0.0302150341898294
72.3 0.0305708651310416
72.4 0.0309266960722538
72.5 0.0312825270134659
72.6 0.0316383579546781
72.7 0.0319941888958903
72.8 0.0323500198371024
72.9 0.0327058507783146
73 0.0330616817195267
73.1 0.0334175126607389
73.2 0.0337733436019511
73.3 0.0341291745431632
73.4 0.0344850054843754
73.5 0.0348408364255876
73.6 0.0351966673667997
73.7 0.0355524983080119
73.8 0.0359083292492241
73.9 0.0362641601904362
74 0.0366199911316484
74.1 0.0369758220728606
74.2 0.0373316530140727
74.3 0.0376874839552849
74.4 0.0380433148964971
74.5 0.0383991458377092
74.6 0.0387549767789214
74.7 0.0391108077201336
74.8 0.0394666386613457
74.9 0.0398224696025579
75 0.04017830054377
75.1 0.0405341314849822
75.2 0.0408899624261944
75.3 0.0412457933674065
75.4 0.0416016243086187
75.5 0.0419574552498309
75.6 0.042313286191043
75.7 0.0426691171322552
75.8 0.0430249480734674
75.9 0.0433807790146795
76 0.0437366099558917
76.1 0.0440924408971038
76.2 0.044448271838316
76.3 0.0448041027795282
76.4 0.0451599337207403
76.5 0.0455157646619525
76.6 0.0458715956031647
76.7 0.0462274265443768
76.8 0.046583257485589
76.9 0.0469390884268011
77 0.0472949193680133
77.1 0.0476507503092255
77.2 0.0480065812504376
77.3 0.0483624121916498
77.4 0.048718243132862
77.5 0.0490740740740741
77.6 0.0498023900918392
77.7 0.0505307061096043
77.8 0.0512590221273695
77.9 0.0519873381451346
78 0.0527156541628997
78.1 0.0534439701806649
78.2 0.05417228619843
78.3 0.0549006022161951
78.4 0.0556289182339603
78.5 0.0563572342517254
78.6 0.0570855502694905
78.7 0.0578138662872557
78.8 0.0585421823050208
78.9 0.0592704983227859
79 0.0599988143405511
79.1 0.0607271303583162
79.2 0.0614554463760813
79.3 0.0621837623938465
79.4 0.0629120784116116
79.5 0.0636403944293767
79.6 0.0643687104471418
79.7 0.065097026464907
79.8 0.0658253424826721
79.9 0.0665536585004372
80 0.0672819745182024
80.1 0.0680102905359675
80.2 0.0687386065537326
80.3 0.0694669225714978
80.4 0.0701952385892629
80.5 0.070923554607028
80.6 0.0716518706247931
80.7 0.0723801866425583
80.8 0.0731085026603234
80.9 0.0738368186780885
81 0.0745651346958537
81.1 0.0752934507136188
81.2 0.0760217667313839
81.3 0.076750082749149
81.4 0.0774783987669142
81.5 0.0782067147846793
81.6 0.0789350308024444
81.7 0.0796633468202096
81.8 0.0803916628379747
81.9 0.0811199788557398
82 0.081848294873505
82.1 0.0825766108912701
82.2 0.0833049269090352
82.3 0.0840332429268004
82.4 0.0847615589445655
82.5 0.0854898749623306
82.6 0.0862181909800958
82.7 0.0869465069978609
82.8 0.0876748230156261
82.9 0.0884031390333912
83 0.0891314550511563
83.1 0.0898597710689215
83.2 0.0905880870866866
83.3 0.0913164031044517
83.4 0.0920447191222169
83.5 0.092773035139982
83.6 0.0935013511577471
83.7 0.0942296671755123
83.8 0.0949579831932773
83.9 0.094957741948454
84 0.0949575007036307
84.1 0.0949572594588075
84.2 0.0949570182139842
84.3 0.0949567769691609
84.4 0.0949565357243376
84.5 0.0949562944795143
84.6 0.094956053234691
84.7 0.0949558119898677
84.8 0.0949555707450445
84.9 0.0949553295002212
85 0.0949550882553979
85.1 0.0949548470105746
85.2 0.0949546057657513
85.3 0.094954364520928
85.4 0.0949541232761048
85.5 0.0949538820312815
85.6 0.0949536407864582
85.7 0.0949533995416349
85.8 0.0949531582968116
85.9 0.0949529170519883
86 0.094952675807165
86.1 0.0949524345623418
86.2 0.0949521933175185
86.3 0.0949519520726952
86.4 0.0949517108278719
86.5 0.0949514695830486
86.6 0.0949512283382253
86.7 0.094950987093402
86.8 0.0949507458485787
86.9 0.0949505046037554
87 0.0949502633589321
87.1 0.0949500221141088
87.2 0.0949497808692856
87.3 0.0949495396244623
87.4 0.094949298379639
87.5 0.0949490571348157
87.6 0.0949488158899924
87.7 0.0949485746451691
87.8 0.0949483334003458
87.9 0.0949480921555225
88 0.0949478509106992
88.1 0.0949476096658759
88.2 0.0949473684210526
88.3 0.0914232922732361
88.4 0.0878992161254196
88.5 0.0843751399776032
88.6 0.0808510638297872
88.7 0.0865390704154003
88.8 0.0922270770010133
88.9 0.0979150835866264
89 0.103603090172239
89.1 0.109291096757852
89.2 0.114979103343465
89.3 0.120667109929079
89.4 0.126355116514692
89.5 0.132043123100304
89.6 0.137731129685918
89.7 0.143419136271531
89.8 0.149107142857143
89.9 0.1482981271777
90 0.147489111498258
90.1 0.146680095818815
90.2 0.145871080139373
90.3 0.14506206445993
90.4 0.144253048780488
90.5 0.143444033101045
90.6 0.142635017421603
90.7 0.14182600174216
90.8 0.141016986062718
90.9 0.140207970383275
91 0.139398954703833
91.1 0.13858993902439
91.2 0.137780923344948
91.3 0.136971907665505
91.4 0.136162891986063
91.5 0.13535387630662
91.6 0.134544860627178
91.7 0.133735844947735
91.8 0.132926829268293
91.9 0.134371716166141
92 0.13581660306399
92.1 0.137261489961838
92.2 0.138706376859687
92.3 0.140151263757536
92.4 0.141596150655384
92.5 0.143041037553233
92.6 0.144485924451081
92.7 0.14593081134893
92.8 0.147375698246778
92.9 0.148820585144627
93 0.150265472042476
93.1 0.151710358940324
93.2 0.153155245838173
93.3 0.154600132736021
93.4 0.15604501963387
93.5 0.157489906531719
93.6 0.158934793429567
93.7 0.160379680327416
93.8 0.161824567225264
93.9 0.163269454123113
94 0.164714341020961
94.1 0.16615922791881
94.2 0.167604114816659
94.3 0.169049001714507
94.4 0.170493888612356
94.5 0.171938775510204
94.6 0.172681610040138
94.7 0.173424444570072
94.8 0.174167279100006
94.9 0.17491011362994
95 0.175652948159873
95.1 0.176395782689807
95.2 0.177138617219741
95.3 0.177881451749675
95.4 0.178624286279609
95.5 0.179367120809543
95.6 0.180109955339477
95.7 0.18085278986941
95.8 0.181595624399344
95.9 0.182338458929278
96 0.183081293459212
96.1 0.183824127989146
96.2 0.18456696251908
96.3 0.185309797049014
96.4 0.186052631578947
96.5 0.188330552212131
96.6 0.190608472845315
96.7 0.192886393478499
96.8 0.195164314111683
96.9 0.197442234744866
97 0.19972015537805
97.1 0.201998076011234
97.2 0.204275996644418
97.3 0.206553917277602
97.4 0.208831837910785
97.5 0.211109758543969
97.6 0.213387679177153
97.7 0.215665599810337
97.8 0.217943520443521
97.9 0.220221441076704
98 0.222499361709888
98.1 0.224777282343072
98.2 0.227055202976256
98.3 0.22933312360944
98.4 0.231611044242623
98.5 0.233888964875807
98.6 0.236166885508991
98.7 0.238444806142175
98.8 0.240722726775359
98.9 0.243000647408542
99 0.245278568041726
99.1 0.24755648867491
99.2 0.249834409308094
99.3 0.252112329941278
99.4 0.254390250574461
99.5 0.256668171207645
99.6 0.258946091840829
99.7 0.261224012474013
99.8 0.263501933107197
99.9 0.26577985374038
100 0.268057774373564
100.1 0.270335695006748
100.2 0.272613615639932
100.3 0.274891536273116
100.4 0.277169456906299
100.5 0.279447377539483
100.6 0.281725298172667
100.7 0.284003218805851
100.8 0.286281139439034
100.9 0.288559060072218
101 0.290836980705402
101.1 0.293114901338586
101.2 0.29539282197177
101.3 0.297670742604954
101.4 0.299948663238137
101.5 0.302226583871321
101.6 0.304504504504505
101.7 0.305156964843959
101.8 0.305809425183413
101.9 0.306461885522868
102 0.307114345862322
102.1 0.307766806201777
102.2 0.308419266541231
102.3 0.309071726880685
102.4 0.30972418722014
102.5 0.310376647559594
102.6 0.311029107899049
102.7 0.311681568238503
102.8 0.312334028577957
102.9 0.312986488917412
103 0.313638949256866
103.1 0.314291409596321
103.2 0.314943869935775
103.3 0.315596330275229
103.4 0.314614153287462
103.5 0.313631976299694
103.6 0.312649799311927
103.7 0.311667622324159
103.8 0.310685445336391
103.9 0.309703268348624
104 0.308721091360856
104.1 0.307738914373089
104.2 0.306756737385321
104.3 0.305774560397553
104.4 0.304792383409786
104.5 0.303810206422018
104.6 0.302828029434251
104.7 0.301845852446483
104.8 0.300863675458716
104.9 0.299881498470948
105 0.29889932148318
105.1 0.297917144495413
105.2 0.296934967507645
105.3 0.295952790519878
105.4 0.29497061353211
105.5 0.293988436544342
105.6 0.293006259556575
105.7 0.292024082568807
105.8 0.29104190558104
105.9 0.290059728593272
106 0.289077551605504
106.1 0.288095374617737
106.2 0.287113197629969
106.3 0.286131020642202
106.4 0.285148843654434
106.5 0.284166666666667
106.6 0.283884297520661
106.7 0.283895785235498
106.8 0.283907272950335
106.9 0.283918760665172
107 0.283930248380009
107.1 0.283941736094846
107.2 0.283953223809683
107.3 0.28396471152452
107.4 0.283976199239357
107.5 0.283987686954194
107.6 0.283999174669031
107.7 0.284010662383868
107.8 0.284022150098705
107.9 0.284033637813542
108 0.284045125528379
108.1 0.284056613243216
108.2 0.284068100958053
108.3 0.28407958867289
108.4 0.284091076387727
108.5 0.284102564102564
108.6 0.284084880636605
108.7 0.284067197170645
108.8 0.284049513704686
108.9 0.284031830238727
109 0.284014146772768
109.1 0.283996463306808
109.2 0.283978779840849
109.3 0.283961096374889
109.4 0.28394341290893
109.5 0.283925729442971
109.6 0.283908045977011
109.7 0.28503893214683
109.8 0.286169818316648
109.9 0.287300704486466
110 0.288431590656285
110.1 0.289562476826103
110.2 0.290693362995921
110.3 0.29182424916574
110.4 0.292955135335558
110.5 0.294086021505376
110.6 0.294786708972325
110.7 0.295487396439274
110.8 0.296188083906223
110.9 0.296888771373171
111 0.29758945884012
111.1 0.298290146307069
111.2 0.298990833774017
111.3 0.299691521240966
111.4 0.300392208707915
111.5 0.301092896174863
111.6 0.301610353920447
111.7 0.302127811666031
111.8 0.302645269411615
111.9 0.303162727157199
112 0.303680184902783
112.1 0.304197642648367
112.2 0.304715100393951
112.3 0.305232558139535
112.4 0.303368863049096
112.5 0.301505167958656
112.6 0.299641472868217
112.7 0.297777777777778
112.8 0.298871105420401
112.9 0.299964433063025
113 0.301057760705648
113.1 0.302151088348271
113.2 0.303244415990895
113.3 0.304337743633518
113.4 0.305431071276142
113.5 0.306524398918765
113.6 0.307617726561389
113.7 0.308711054204012
113.8 0.309804381846636
113.9 0.310897709489259
114 0.311991037131882
114.1 0.313084364774506
114.2 0.314177692417129
114.3 0.315271020059753
114.4 0.316364347702376
114.5 0.317457675344999
114.6 0.318551002987623
114.7 0.319644330630246
114.8 0.32073765827287
114.9 0.321830985915493
115 0.32171052631579
115.1 0.322690936489268
115.2 0.323671346662746
115.3 0.324651756836225
115.4 0.325632167009703
115.5 0.326612577183181
115.6 0.32759298735666
115.7 0.328573397530138
115.8 0.329553807703617
115.9 0.330534217877095
116 0.331514628050573
116.1 0.332495038224052
116.2 0.33347544839753
116.3 0.334455858571009
116.4 0.335436268744487
116.5 0.336416678917965
116.6 0.337397089091444
116.7 0.338377499264922
116.8 0.3393579094384
116.9 0.340338319611879
117 0.341318729785357
117.1 0.342299139958836
117.2 0.343279550132314
117.3 0.344259960305792
117.4 0.345240370479271
117.5 0.346220780652749
117.6 0.347201190826228
117.7 0.348181600999706
117.8 0.349162011173184
117.9 0.42966121949034
118 0.510160427807487
118.1 0.510460643587579
118.2 0.510760859367671
118.3 0.511061075147763
118.4 0.511361290927854
118.5 0.511661506707946
118.6 0.511961722488038
118.7 0.511610194316961
118.8 0.511258666145884
118.9 0.510907137974807
119 0.51055560980373
119.1 0.510204081632653
119.2 0.510314895188845
119.3 0.510425708745036
119.4 0.510536522301228
119.5 0.51064733585742
119.6 0.510758149413612
119.7 0.510868962969803
119.8 0.510979776525995
119.9 0.511090590082187
120 0.511201403638378
120.1 0.51131221719457
120.2 0.511753669572895
120.3 0.51219512195122
120.4 0.511780389058951
120.5 0.511365656166683
120.6 0.510950923274415
120.7 0.510536190382147
120.8 0.510121457489879
120.9 0.510001927896665
121 0.509882398303451
121.1 0.509762868710237
121.2 0.509643339117023
121.3 0.50952380952381
121.4 0.509647641562535
121.5 0.509771473601261
121.6 0.509895305639987
121.7 0.510019137678712
121.8 0.510142969717438
121.9 0.510266801756164
122 0.510390633794889
122.1 0.510514465833615
122.2 0.51063829787234
122.3 0.510714832389408
122.4 0.510791366906475
122.5 0.510532669754607
122.6 0.51027397260274
122.7 0.510874691219403
122.8 0.511475409836066
122.9 0.511137023572719
123 0.510798637309372
123.1 0.510460251046025
123.2 0.510561766925029
123.3 0.510663282804033
123.4 0.510764798683037
123.5 0.510866314562041
123.6 0.510967830441045
123.7 0.511069346320049
123.8 0.511170862199053
123.9 0.511272378078057
124 0.511373893957062
124.1 0.511475409836066
124.2 0.511326743812279
124.3 0.511178077788492
124.4 0.511029411764706
124.5 0.510427231237323
124.6 0.509825050709939
124.7 0.509222870182556
124.8 0.508620689655172
124.9 0.50953500522466
125 0.510449320794148
125.1 0.511363636363636
125.2 0.511512765449773
125.3 0.51166189453591
125.4 0.511811023622047
125.5 0.511461067366579
125.6 0.511111111111111
125.7 0.51084167984537
125.8 0.510572248579629
125.9 0.510302817313887
126 0.510033386048146
126.1 0.509763954782405
126.2 0.509494523516664
126.3 0.509225092250922
126.4 0.510714285714286
126.5 0.510463755394631
126.6 0.510213225074976
126.7 0.509962694755322
126.8 0.509712164435667
126.9 0.509461634116012
127 0.509211103796357
127.1 0.508960573476703
127.2 0.509420998200802
127.3 0.509881422924901
127.4 0.509431756352664
127.5 0.508982089780428
127.6 0.508532423208191
127.7 0.509058891874228
127.8 0.509585360540266
127.9 0.510111829206303
128 0.51063829787234
128.1 0.51063829787234
128.2 0.51063829787234
128.3 0.51063829787234
128.4 0.51063829787234
128.5 0.510574468085106
128.6 0.510510638297872
128.7 0.510446808510638
128.8 0.510382978723404
128.9 0.51031914893617
129 0.510255319148936
129.1 0.510191489361702
129.2 0.510127659574468
129.3 0.510063829787234
129.4 0.51
129.5 0.509964788732394
129.6 0.509929577464789
129.7 0.509894366197183
129.8 0.509859154929577
129.9 0.509863501999652
130 0.509867849069727
130.1 0.509872196139802
130.2 0.509876543209877
130.3 0.509888888888889
130.4 0.509901234567901
130.5 0.509913580246914
130.6 0.509925925925926
130.7 0.509938271604938
130.8 0.509950617283951
130.9 0.509962962962963
131 0.509975308641975
131.1 0.509987654320988
131.2 0.51
131.3 0.510051282051282
131.4 0.510102564102564
131.5 0.510153846153846
131.6 0.510205128205128
131.7 0.51025641025641
131.8 0.510213675213675
131.9 0.51017094017094
132 0.510128205128205
132.1 0.51008547008547
132.2 0.510042735042735
132.3 0.51
132.4 0.510034423407917
132.5 0.510068846815835
132.6 0.510103270223752
132.7 0.510137693631669
132.8 0.510172117039587
132.9 0.510206540447504
133 0.510240963855422
133.1 0.510631795474581
133.2 0.511022627093741
133.3 0.5114134587129
133.4 0.51180429033206
133.5 0.51219512195122
133.6 0.511548884719616
133.7 0.510902647488013
133.8 0.51025641025641
133.9 0.509965034965035
134 0.50967365967366
134.1 0.509382284382284
134.2 0.509090909090909
134.3 0.509181818181818
134.4 0.509272727272727
134.5 0.509363636363636
134.6 0.509454545454545
134.7 0.509545454545455
134.8 0.509636363636364
134.9 0.509727272727273
135 0.509818181818182
135.1 0.509909090909091
135.2 0.51
135.3 0.509590301003344
135.4 0.509180602006689
135.5 0.508770903010033
135.6 0.508361204013378
135.7 0.508893280632411
135.8 0.509425357251444
135.9 0.509957433870477
136 0.510489510489511
136.1 0.510367132867133
136.2 0.510244755244755
136.3 0.510122377622378
136.4 0.51
136.5 0.510144032921811
136.6 0.510288065843621
136.7 0.510645736882716
136.8 0.511003407921811
136.9 0.511361078960905
137 0.51171875
137.1 0.51148793554584
137.2 0.51125712109168
137.3 0.51102630663752
137.4 0.51079549218336
137.5 0.5105646777292
137.6 0.51033386327504
137.7 0.510453766286826
137.8 0.510573669298612
137.9 0.510693572310398
138 0.510813475322184
138.1 0.51093337833397
138.2 0.511053281345756
138.3 0.511173184357542
138.4 0.511084470232815
138.5 0.510995756108087
138.6 0.51090704198336
138.7 0.510818327858633
138.8 0.510729613733906
138.9 0.510920362422508
139 0.511111111111111
139.1 0.510763888888889
139.2 0.510416666666667
139.3 0.510069444444444
139.4 0.509722222222222
139.5 0.509375
139.6 0.509523927066877
139.7 0.509672854133755
139.8 0.509821781200632
139.9 0.509970708267509
140 0.510119635334387
140.1 0.510268562401264
140.2 0.509881422924901
140.3 0.509820142782731
140.4 0.509758862640561
140.5 0.509697582498391
140.6 0.509636302356221
140.7 0.509575022214051
140.8 0.509513742071882
140.9 0.509613511651662
141 0.509713281231442
141.1 0.509813050811222
141.2 0.509912820391002
141.3 0.510012589970782
141.4 0.510112359550562
141.5 0.510153451043339
141.6 0.510194542536116
141.7 0.510235634028892
141.8 0.510276725521669
141.9 0.510317817014446
142 0.510358908507223
142.1 0.5104
142.2 0.510342857142857
142.3 0.510285714285714
142.4 0.510228571428571
142.5 0.510171428571428
142.6 0.510114285714286
142.7 0.510057142857143
142.8 0.51
142.9 0.510065613608748
143 0.510131227217497
143.1 0.510196840826245
143.2 0.510262454434994
143.3 0.510328068043742
143.4 0.510310448430596
143.5 0.510292828817449
143.6 0.510275209204303
143.7 0.510257589591156
143.8 0.51023996997801
143.9 0.510222350364863
144 0.510204730751717
144.1 0.51018711113857
144.2 0.510169491525424
144.3 0.510146664383953
144.4 0.510123837242481
144.5 0.51010101010101
144.6 0.510051736881005
144.7 0.510002463661
144.8 0.509953190440995
144.9 0.50990391722099
145 0.509854644000986
145.1 0.509805370780981
145.2 0.509756097560976
145.3 0.509826267905536
145.4 0.509896438250097
145.5 0.509966608594657
145.6 0.510036778939218
145.7 0.510106949283779
145.8 0.510177119628339
145.9 0.5102472899729
146 0.51031746031746
146.1 0.51029304029304
146.2 0.51026862026862
146.3 0.5102442002442
146.4 0.51021978021978
146.5 0.51019536019536
146.6 0.51017094017094
146.7 0.51014652014652
146.8 0.5101221001221
146.9 0.51009768009768
147 0.51007326007326
147.1 0.51004884004884
147.2 0.51002442002442
147.3 0.51
147.4 0.510068027210884
147.5 0.510136054421769
147.6 0.510204081632653
147.7 0.51019060747712
147.8 0.510177133321587
147.9 0.510163659166053
148 0.51015018501052
148.1 0.510136710854987
148.2 0.510123236699454
148.3 0.510109762543921
148.4 0.510096288388387
148.5 0.510082814232854
148.6 0.510069340077321
148.7 0.510055865921788
148.8 0.51002014704938
148.9 0.509984428176973
149 0.509948709304566
149.1 0.509912990432158
149.2 0.509877271559751
149.3 0.509841552687343
149.4 0.509805833814936
149.5 0.509770114942529
149.6 0.509816091954023
149.7 0.509862068965517
149.8 0.509908045977011
149.9 0.509954022988506
150 0.51
150.1 0.509993861264579
150.2 0.509987722529159
150.3 0.509981583793738
150.4 0.509975445058318
150.5 0.509969306322897
150.6 0.509963167587477
150.7 0.509957028852056
150.8 0.509950890116636
150.9 0.509944751381215
151 0.50990218562146
151.1 0.509859619861705
151.2 0.509817054101949
151.3 0.509774488342194
151.4 0.509731922582439
151.5 0.509689356822683
151.6 0.509646791062928
151.7 0.509604225303173
151.8 0.509561659543417
151.9 0.509519093783662
152 0.509476528023906
152.1 0.509433962264151
152.2 0.510034732000376
152.3 0.5106355017366
152.4 0.511236271472825
152.5 0.511837041209049
152.6 0.512437810945274
152.7 0.51227701183803
152.8 0.512116212730787
152.9 0.511955413623544
153 0.5117946145163
153.1 0.511633815409057
153.2 0.511473016301813
153.3 0.51131221719457
153.4 0.511417447121961
153.5 0.511522677049353
153.6 0.511627906976744
153.7 0.511429940818538
153.8 0.511231974660332
153.9 0.511034008502126
154 0.510836042343919
154.1 0.510638076185713
154.2 0.510440110027507
154.3 0.510242143869301
154.4 0.510044177711094
154.5 0.509846211552888
154.6 0.509648245394682
154.7 0.509450279236476
154.8 0.50925231307827
154.9 0.509054346920063
155 0.508856380761857
155.1 0.508658414603651
155.2 0.508460448445445
155.3 0.508262482287238
155.4 0.508064516129032
155.5 0.508221524407651
155.6 0.508378532686269
155.7 0.508535540964887
155.8 0.508692549243506
155.9 0.508849557522124
156 0.508913774816877
156.1 0.50897799211163
156.2 0.509042209406384
156.3 0.509106426701137
156.4 0.50917064399589
156.5 0.509234861290643
156.6 0.509299078585397
156.7 0.50936329588015
156.8 0.50956953587751
156.9 0.50977577587487
157 0.50998201587223
157.1 0.51018825586959
157.2 0.510394495866951
157.3 0.510600735864311
157.4 0.510806975861671
157.5 0.511013215859031
157.6 0.510939658202087
157.7 0.510866100545144
157.8 0.510792542888201
157.9 0.510718985231257
158 0.510645427574314
158.1 0.51057186991737
158.2 0.510498312260427
158.3 0.510424754603483
158.4 0.51035119694654
158.5 0.510277639289596
158.6 0.510204081632653
158.7 0.510063950673903
158.8 0.509923819715152
158.9 0.509783688756401
159 0.509643557797651
159.1 0.5095034268389
159.2 0.50936329588015
159.3 0.509547373059218
159.4 0.509731450238286
159.5 0.509915527417354
159.6 0.510099604596422
159.7 0.51028368177549
159.8 0.510467758954558
159.9 0.510651836133626
160 0.510835913312694
160.1 0.510664554088772
160.2 0.51049319486485
160.3 0.510321835640928
160.4 0.510150476417007
160.5 0.509979117193085
160.6 0.509807757969163
160.7 0.509636398745241
160.8 0.509465039521319
160.9 0.509293680297398
161 0.509276424842247
161.1 0.509259169387097
161.2 0.509241913931947
161.3 0.509224658476796
161.4 0.509207403021646
161.5 0.509190147566495
161.6 0.509172892111345
161.7 0.509155636656195
161.8 0.509138381201044
161.9 0.509229636182493
162 0.509320891163941
162.1 0.50941214614539
162.2 0.509503401126838
162.3 0.509594656108286
162.4 0.509685911089735
162.5 0.509777166071183
162.6 0.509868421052632
162.7 0.509759547084292
162.8 0.509650673115952
162.9 0.509541799147612
163 0.509432925179272
163.1 0.509324051210932
163.2 0.509215177242592
163.3 0.509106303274252
163.4 0.508997429305913
163.5 0.50918464289706
163.6 0.509371856488208
163.7 0.509559070079356
163.8 0.509746283670504
163.9 0.509933497261652
164 0.5101207108528
164.1 0.510307924443948
164.2 0.510495138035096
164.3 0.510682351626244
164.4 0.510869565217391
164.5 0.510755927652512
164.6 0.510642290087633
164.7 0.510528652522754
164.8 0.510415014957875
164.9 0.510301377392996
165 0.510187739828116
165.1 0.510074102263237
165.2 0.509960464698358
165.3 0.509846827133479
165.4 0.509659055144152
165.5 0.509471283154825
165.6 0.509283511165499
165.7 0.509095739176172
165.8 0.508907967186845
165.9 0.508720195197518
166 0.508532423208191
166.1 0.508605120984404
166.2 0.508677818760618
166.3 0.508750516536831
166.4 0.508823214313044
166.5 0.508895912089258
166.6 0.508968609865471
166.7 0.508956704631136
166.8 0.508944799396801
166.9 0.508932894162467
167 0.508920988928132
167.1 0.508909083693797
167.2 0.508897178459463
167.3 0.508885273225128
167.4 0.508873367990793
167.5 0.508861462756459
167.6 0.508849557522124
167.7 0.509362165154002
167.8 0.509874772785881
167.9 0.51038738041776
168 0.510899988049638
168.1 0.511412595681517
168.2 0.511925203313395
168.3 0.512437810945274
168.4 0.512133084577114
168.5 0.511828358208955
168.6 0.511523631840796
168.7 0.511218905472637
168.8 0.510914179104478
168.9 0.510609452736318
169 0.510304726368159
169.1 0.51
169.2 0.509961089494163
169.3 0.509922178988327
169.4 0.50988326848249
169.5 0.509844357976654
169.6 0.509805447470817
169.7 0.50976653696498
169.8 0.509727626459144
169.9 0.509728774261676
170 0.509729922064208
170.1 0.50973106986674
170.2 0.509732217669272
170.3 0.509733365471804
170.4 0.509734513274336
170.5 0.509786869963861
170.6 0.509839226653386
170.7 0.509891583342911
170.8 0.509943940032436
170.9 0.509996296721961
171 0.510048653411485
171.1 0.51010101010101
171.2 0.51010866238139
171.3 0.510116314661769
171.4 0.510123966942149
171.5 0.510131619222528
171.6 0.510139271502908
171.7 0.510146923783288
171.8 0.510154576063667
171.9 0.510162228344047
172 0.510169880624426
172.1 0.510177532904806
172.2 0.510185185185185
172.3 0.510156765676568
172.4 0.51012834616795
172.5 0.510099926659333
172.6 0.510071507150715
172.7 0.510043087642097
172.8 0.51001466813348
172.9 0.509986248624862
173 0.509957829116245
173.1 0.509929409607627
173.2 0.50990099009901
173.3 0.509938588795588
173.4 0.509976187492167
173.5 0.510013786188745
173.6 0.510051384885324
173.7 0.510088983581903
173.8 0.510126582278481
173.9 0.510205035649537
174 0.510283489020593
174.1 0.510361942391649
174.2 0.510440395762705
174.3 0.510518849133761
174.4 0.510597302504817
174.5 0.51049250191904
174.6 0.510387701333263
174.7 0.510282900747485
174.8 0.510178100161708
174.9 0.510073299575931
175 0.509968498990154
175.1 0.509863698404376
175.2 0.509758897818599
175.3 0.50982500933476
175.4 0.50989112085092
175.5 0.509957232367081
175.6 0.510023343883241
175.7 0.510089455399402
175.8 0.510155566915563
175.9 0.510221678431723
176 0.510287789947884
176.1 0.510353901464044
176.2 0.510420012980205
176.3 0.510486124496365
176.4 0.510552236012526
176.5 0.510618347528686
176.6 0.510684459044847
176.7 0.510750570561007
176.8 0.510816682077168
176.9 0.510882793593329
177 0.510948905109489
177.1 0.510707018966719
177.2 0.51046513282395
177.3 0.51022324668118
177.4 0.50998136053841
177.5 0.50973947439564
177.6 0.509497588252871
177.7 0.509255702110101
177.8 0.509013815967331
177.9 0.508771929824561
178 0.508873297894418
178.1 0.508974665964274
178.2 0.50907603403413
178.3 0.509177402103986
178.4 0.509278770173842
178.5 0.509380138243698
178.6 0.509481506313555
178.7 0.509582874383411
178.8 0.509684242453267
178.9 0.509785610523123
179 0.509886978592979
179.1 0.509988346662835
179.2 0.510089714732692
179.3 0.510191082802548
179.4 0.510149401482292
179.5 0.510107720162036
179.6 0.51006603884178
179.7 0.510024357521524
179.8 0.509982676201269
179.9 0.509940994881013
180 0.509899313560757
180.1 0.509857632240501
180.2 0.509815950920245
180.3 0.50979207662924
180.4 0.509768202338234
180.5 0.509744328047228
180.6 0.509720453756222
180.7 0.509696579465216
180.8 0.50967270517421
180.9 0.509648830883204
181 0.509624956592198
181.1 0.509601082301192
181.2 0.509577208010186
181.3 0.50955333371918
181.4 0.509529459428174
181.5 0.509505585137169
181.6 0.509481710846163
181.7 0.509457836555157
181.8 0.509433962264151
181.9 0.509443352795209
182 0.509452743326267
182.1 0.509462133857325
182.2 0.509471524388383
182.3 0.509480914919441
182.4 0.509490305450499
182.5 0.509499695981557
182.6 0.509509086512615
182.7 0.509518477043673
182.8 0.509455776331985
182.9 0.509393075620297
183 0.50933037490861
183.1 0.509267674196922
183.2 0.509204973485234
183.3 0.509142272773546
183.4 0.509079572061858
183.5 0.509016871350171
183.6 0.508954170638483
183.7 0.508891469926795
183.8 0.508828769215107
183.9 0.50876606850342
184 0.508703367791732
184.1 0.508640667080044
184.2 0.508577966368356
184.3 0.508515265656668
184.4 0.508452564944981
184.5 0.508389864233293
184.6 0.508327163521605
184.7 0.508264462809917
184.8 0.508433328035601
184.9 0.508602193261284
185 0.508771058486968
185.1 0.508939923712651
185.2 0.509108788938334
185.3 0.509277654164018
185.4 0.509446519389701
185.5 0.509615384615385
185.6 0.509623202001251
185.7 0.509631019387117
185.8 0.509638836772983
185.9 0.509646654158849
186 0.509654471544716
186.1 0.509662288930582
186.2 0.509670106316448
186.3 0.509677923702314
186.4 0.50968574108818
186.5 0.509693558474047
186.6 0.509701375859913
186.7 0.509709193245779
186.8 0.509717010631645
186.9 0.509724828017511
187 0.509732645403377
187.1 0.509740462789243
187.2 0.50974828017511
187.3 0.509756097560976
187.4 0.509794974627599
187.5 0.509833851694222
187.6 0.509872728760845
187.7 0.509911605827468
187.8 0.509950482894091
187.9 0.509989359960714
188 0.510028237027337
188.1 0.51006711409396
188.2 0.50999273359767
188.3 0.50991835310138
188.4 0.509843972605091
188.5 0.509769592108801
188.6 0.509695211612512
188.7 0.509620831116222
188.8 0.509546450619933
188.9 0.509472070123643
189 0.509397689627354
189.1 0.509323309131064
189.2 0.509248928634775
189.3 0.509174548138485
189.4 0.509100167642195
189.5 0.509025787145906
189.6 0.508951406649616
189.7 0.509082821992863
189.8 0.50921423733611
189.9 0.509345652679357
190 0.509477068022604
190.1 0.50960848336585
190.2 0.509739898709097
190.3 0.509871314052344
190.4 0.510002729395591
190.5 0.510134144738837
190.6 0.510265560082084
190.7 0.510396975425331
190.8 0.510378931087816
190.9 0.510360886750301
191 0.510342842412786
191.1 0.510324798075271
191.2 0.510306753737755
191.3 0.51028870940024
191.4 0.510270665062725
191.5 0.51025262072521
191.6 0.510234576387695
191.7 0.51021653205018
191.8 0.510198487712665
191.9 0.51018044337515
192 0.510162399037635
192.1 0.51014435470012
192.2 0.510126310362605
192.3 0.51010826602509
192.4 0.510090221687575
192.5 0.51007217735006
192.6 0.510054133012545
192.7 0.51003608867503
192.8 0.510018044337515
192.9 0.51
193 0.509840336134454
193.1 0.509680672268908
193.2 0.509521008403361
193.3 0.509361344537815
193.4 0.509201680672269
193.5 0.509042016806723
193.6 0.508882352941176
193.7 0.50872268907563
193.8 0.508563025210084
193.9 0.508403361344538
194 0.508524988942946
194.1 0.508646616541353
194.2 0.508768244139761
194.3 0.508889871738169
194.4 0.509011499336577
194.5 0.509133126934984
194.6 0.509254754533392
194.7 0.5093763821318
194.8 0.509498009730208
194.9 0.509619637328616
195 0.509741264927023
195.1 0.509862892525431
195.2 0.509984520123839
195.3 0.510106147722247
195.4 0.510227775320655
195.5 0.510349402919062
195.6 0.51047103051747
195.7 0.510592658115878
195.8 0.510714285714286
195.9 0.543333333333333
196 0.575952380952381
196.1 0.608571428571429
196.2 0.641190476190477
196.3 0.673809523809525
196.4 0.706428571428572
196.5 0.739047619047619
196.6 0.771666666666668
196.7 0.804285714285716
196.8 0.836904761904763
196.9 0.869523809523811
