0 0.5
0.1 0.5
0.2 0.500416666666667
0.3 0.500833333333333
0.4 0.50125
0.5 0.501666666666667
0.6 0.501768115942029
0.7 0.501869565217391
0.8 0.501971014492754
0.9 0.502072463768116
1 0.502173913043478
1.1 0.502685076380729
1.2 0.503196239717979
1.3 0.503707403055229
1.4 0.50421856639248
1.5 0.50472972972973
1.6 0.504960254372019
1.7 0.505190779014308
1.8 0.505421303656598
1.9 0.505651828298887
2 0.505882352941176
2.1 0.506372549019608
2.2 0.506862745098039
2.3 0.507352941176471
2.4 0.507843137254902
2.5 0.508333333333333
2.6 0.508541666666667
2.7 0.50875
2.8 0.508958333333333
2.9 0.509166666666667
3 0.509375
3.1 0.509722222222222
3.2 0.510069444444444
3.3 0.510416666666667
3.4 0.510763888888889
3.5 0.511111111111111
3.6 0.511759259259259
3.7 0.512407407407407
3.8 0.513055555555556
3.9 0.513703703703704
4 0.514351851851852
4.1 0.515
4.2 0.514396551724138
4.3 0.513793103448276
4.4 0.514044882320744
4.5 0.514296661193213
4.6 0.514548440065681
4.7 0.51480021893815
4.8 0.515051997810619
4.9 0.515303776683087
5 0.515555555555556
5.1 0.516
5.2 0.516444444444444
5.3 0.516888888888889
5.4 0.517333333333333
5.5 0.517777777777778
5.6 0.518222222222222
5.7 0.518666666666667
5.8 0.519111111111111
5.9 0.519555555555556
6 0.52
6.1 0.520142857142857
6.2 0.520285714285714
6.3 0.520428571428571
6.4 0.520571428571428
6.5 0.520714285714286
6.6 0.520857142857143
6.7 0.521
6.8 0.521142857142857
6.9 0.521285714285714
7 0.521428571428571
7.1 0.521785714285714
7.2 0.522142857142857
7.3 0.5225
7.4 0.522857142857143
7.5 0.523214285714286
7.6 0.523571428571428
7.7 0.523928571428571
7.8 0.524285714285714
7.9 0.524642857142857
8 0.525
8.1 0.5253
8.2 0.5256
8.3 0.5259
8.4 0.5262
8.5 0.5265
8.6 0.5268
8.7 0.5271
8.8 0.5274
8.9 0.5277
9 0.528
9.1 0.528381818181818
9.2 0.528763636363636
9.3 0.529145454545454
9.4 0.529527272727273
9.5 0.529909090909091
9.6 0.530290909090909
9.7 0.530672727272727
9.8 0.531054545454545
9.9 0.531436363636364
10 0.531818181818182
10.1 0.532116161616162
10.2 0.532414141414141
10.3 0.532712121212121
10.4 0.533010101010101
10.5 0.533308080808081
10.6 0.533606060606061
10.7 0.53390404040404
10.8 0.53420202020202
10.9 0.5345
11 0.53479797979798
11.1 0.53509595959596
11.2 0.535393939393939
11.3 0.535691919191919
11.4 0.535989898989899
11.5 0.536287878787879
11.6 0.536585858585859
11.7 0.536883838383838
11.8 0.537181818181818
11.9 0.537479797979798
12 0.537777777777778
12.1 0.538096296296296
12.2 0.538414814814815
12.3 0.538733333333333
12.4 0.539051851851852
12.5 0.53937037037037
12.6 0.539688888888889
12.7 0.540007407407407
12.8 0.540325925925926
12.9 0.540644444444444
13 0.540962962962963
13.1 0.541281481481481
13.2 0.5416
13.3 0.541918518518518
13.4 0.542237037037037
13.5 0.542555555555555
13.6 0.542874074074074
13.7 0.543192592592592
13.8 0.543511111111111
13.9 0.543829629629629
14 0.544148148148148
14.1 0.544466666666666
14.2 0.544785185185185
14.3 0.545103703703704
14.4 0.545422222222222
14.5 0.545740740740741
14.6 0.546059259259259
14.7 0.546377777777778
14.8 0.546696296296296
14.9 0.547014814814815
15 0.547333333333333
15.1 0.547631646586345
15.2 0.547929959839357
15.3 0.54822827309237
15.4 0.548526586345382
15.5 0.548824899598394
15.6 0.549123212851406
15.7 0.549421526104418
15.8 0.54971983935743
15.9 0.550018152610442
16 0.550316465863454
16.1 0.550614779116466
16.2 0.550913092369478
16.3 0.55121140562249
16.4 0.551509718875502
16.5 0.551808032128514
16.6 0.552106345381526
16.7 0.552404658634538
16.8 0.55270297188755
16.9 0.553001285140562
17 0.553299598393574
17.1 0.553597911646586
17.2 0.553896224899598
17.3 0.55419453815261
17.4 0.554492851405623
17.5 0.554791164658635
17.6 0.555089477911647
17.7 0.555387791164659
17.8 0.555686104417671
17.9 0.555984417670683
18 0.556282730923695
18.1 0.556581044176707
18.2 0.556879357429719
18.3 0.557177670682731
18.4 0.557475983935743
18.5 0.557774297188755
18.6 0.558072610441767
18.7 0.558370923694779
18.8 0.558669236947791
18.9 0.558967550200803
19 0.559265863453815
19.1 0.559564176706827
19.2 0.559862489959839
19.3 0.560160803212851
19.4 0.560459116465864
19.5 0.560757429718876
19.6 0.561055742971888
19.7 0.5613540562249
19.8 0.561652369477912
19.9 0.561950682730924
20 0.562248995983936
20.1 0.562604016064257
20.2 0.562959036144578
20.3 0.5633140562249
20.4 0.563669076305221
20.5 0.564024096385542
20.6 0.564379116465864
20.7 0.564734136546185
20.8 0.565089156626506
20.9 0.565444176706827
21 0.565799196787149
21.1 0.56615421686747
21.2 0.566509236947791
21.3 0.566864257028113
21.4 0.567219277108434
21.5 0.567574297188755
21.6 0.567929317269076
21.7 0.568284337349398
21.8 0.568639357429719
21.9 0.56899437751004
22 0.569349397590362
22.1 0.569704417670683
22.2 0.570059437751004
22.3 0.570414457831325
22.4 0.570769477911647
22.5 0.571124497991968
22.6 0.571479518072289
22.7 0.571834538152611
22.8 0.572189558232932
22.9 0.572544578313253
23 0.572899598393575
23.1 0.573254618473896
23.2 0.573609638554217
23.3 0.573964658634538
23.4 0.57431967871486
23.5 0.574674698795181
23.6 0.575029718875502
23.7 0.575384738955824
23.8 0.575739759036145
23.9 0.576094779116466
24 0.576449799196787
24.1 0.576804819277109
24.2 0.57715983935743
24.3 0.577514859437751
24.4 0.577869879518073
24.5 0.578224899598394
24.6 0.578579919678715
24.7 0.578934939759036
24.8 0.579289959839357
24.9 0.579644979919679
25 0.58
25.1 0.580288888888889
25.2 0.580577777777778
25.3 0.580866666666667
25.4 0.581155555555556
25.5 0.581444444444444
25.6 0.581733333333333
25.7 0.582022222222222
25.8 0.582311111111111
25.9 0.5826
26 0.582888888888889
26.1 0.583177777777778
26.2 0.583466666666667
26.3 0.583755555555556
26.4 0.584044444444444
26.5 0.584333333333333
26.6 0.584622222222222
26.7 0.584911111111111
26.8 0.5852
26.9 0.585488888888889
27 0.585777777777778
27.1 0.586066666666667
27.2 0.586355555555556
27.3 0.586644444444445
27.4 0.586933333333333
27.5 0.587222222222222
27.6 0.587511111111111
27.7 0.5878
27.8 0.588088888888889
27.9 0.588377777777778
28 0.588666666666667
28.1 0.588955555555556
28.2 0.589244444444445
28.3 0.589533333333333
28.4 0.589822222222222
28.5 0.590111111111111
28.6 0.5904
28.7 0.590688888888889
28.8 0.590977777777778
28.9 0.591266666666667
29 0.591555555555556
29.1 0.591844444444445
29.2 0.592133333333334
29.3 0.592422222222222
29.4 0.592711111111111
29.5 0.593
29.6 0.593288888888889
29.7 0.593577777777778
29.8 0.593866666666667
29.9 0.594155555555556
30 0.594444444444444
30.1 0.594766233766234
30.2 0.595088023088023
30.3 0.595409812409812
30.4 0.595731601731602
30.5 0.596053391053391
30.6 0.59637518037518
30.7 0.596696969696969
30.8 0.597018759018759
30.9 0.597340548340548
31 0.597662337662337
31.1 0.597984126984127
31.2 0.598305916305916
31.3 0.598627705627705
31.4 0.598949494949494
31.5 0.599271284271284
31.6 0.599593073593073
31.7 0.599914862914862
31.8 0.600236652236651
31.9 0.600558441558441
32 0.60088023088023
32.1 0.601202020202019
32.2 0.601523809523809
32.3 0.601845598845598
32.4 0.602167388167387
32.5 0.602489177489177
32.6 0.602810966810966
32.7 0.603132756132755
32.8 0.603454545454545
32.9 0.603776334776334
33 0.604098124098123
33.1 0.604419913419913
33.2 0.604741702741702
33.3 0.605063492063491
33.4 0.605385281385281
33.5 0.60570707070707
33.6 0.606028860028859
33.7 0.606350649350649
33.8 0.606672438672438
33.9 0.606994227994227
34 0.607316017316017
34.1 0.607637806637806
34.2 0.607959595959595
34.3 0.608281385281385
34.4 0.608603174603174
34.5 0.608924963924963
34.6 0.609246753246753
34.7 0.609568542568542
34.8 0.609890331890331
34.9 0.610212121212121
35 0.61053391053391
35.1 0.610855699855699
35.2 0.611177489177489
35.3 0.611499278499278
35.4 0.611821067821067
35.5 0.612142857142857
35.6 0.612464646464646
35.7 0.612786435786435
35.8 0.613108225108225
35.9 0.613430014430014
36 0.613751803751803
36.1 0.614073593073593
36.2 0.614395382395382
36.3 0.614717171717171
36.4 0.615038961038961
36.5 0.61536075036075
36.6 0.615682539682539
36.7 0.616004329004329
36.8 0.616326118326118
36.9 0.616647907647907
37 0.616969696969697
37.1 0.617291486291486
37.2 0.617613275613275
37.3 0.617935064935065
37.4 0.618256854256854
37.5 0.618578643578643
37.6 0.618900432900433
37.7 0.619222222222222
37.8 0.619544011544011
37.9 0.619865800865801
38 0.62018759018759
38.1 0.620509379509379
38.2 0.620831168831169
38.3 0.621152958152958
38.4 0.621474747474747
38.5 0.621796536796537
38.6 0.622118326118326
38.7 0.622440115440115
38.8 0.622761904761905
38.9 0.623083694083694
39 0.623405483405483
39.1 0.623727272727273
39.2 0.624049062049062
39.3 0.624370851370851
39.4 0.624692640692641
39.5 0.62501443001443
39.6 0.625336219336219
39.7 0.625658008658009
39.8 0.625979797979798
39.9 0.626301587301587
40 0.626623376623377
40.1 0.626952887537994
40.2 0.627282398452611
40.3 0.627611909367229
40.4 0.627941420281846
40.5 0.628270931196463
40.6 0.62860044211108
40.7 0.628929953025698
40.8 0.629259463940315
40.9 0.629588974854932
41 0.62991848576955
41.1 0.630247996684167
41.2 0.630577507598784
41.3 0.630907018513402
41.4 0.631236529428019
41.5 0.631566040342636
41.6 0.631895551257253
41.7 0.632225062171871
41.8 0.632554573086488
41.9 0.632884084001105
42 0.633213594915723
42.1 0.63354310583034
42.2 0.633872616744957
42.3 0.634202127659575
42.4 0.634531638574192
42.5 0.634861149488809
42.6 0.635190660403427
42.7 0.635520171318044
42.8 0.635849682232661
42.9 0.636179193147278
43 0.636508704061896
43.1 0.636838214976513
43.2 0.63716772589113
43.3 0.637497236805748
43.4 0.637826747720365
43.5 0.638156258634982
43.6 0.6384857695496
43.7 0.638815280464217
43.8 0.639144791378834
43.9 0.639474302293451
44 0.639803813208069
44.1 0.640133324122686
44.2 0.640462835037303
44.3 0.640792345951921
44.4 0.641121856866538
44.5 0.641451367781155
44.6 0.641780878695773
44.7 0.64211038961039
44.8 0.642439900525007
44.9 0.642769411439625
45 0.643098922354242
45.1 0.643428433268859
45.2 0.643757944183476
45.3 0.644087455098094
45.4 0.644416966012711
45.5 0.644746476927328
45.6 0.645075987841946
45.7 0.645405498756563
45.8 0.64573500967118
45.9 0.646064520585798
46 0.646394031500415
46.1 0.646723542415032
46.2 0.647053053329649
46.3 0.647382564244267
46.4 0.647712075158884
46.5 0.648041586073501
46.6 0.648371096988119
46.7 0.648700607902736
46.8 0.649030118817353
46.9 0.649359629731971
47 0.649689140646588
47.1 0.650018651561205
47.2 0.650348162475822
47.3 0.65067767339044
47.4 0.651007184305057
47.5 0.651336695219674
47.6 0.651666206134292
47.7 0.651995717048909
47.8 0.652325227963526
47.9 0.652654738878144
48 0.652984249792761
48.1 0.653313760707378
48.2 0.653643271621996
48.3 0.653972782536613
48.4 0.65430229345123
48.5 0.654631804365847
48.6 0.654961315280465
48.7 0.655290826195082
48.8 0.655620337109699
48.9 0.655949848024317
49 0.656279358938934
49.1 0.656608869853551
49.2 0.656938380768168
49.3 0.657267891682786
49.4 0.657597402597403
49.5 0.65792691351202
49.6 0.658256424426637
49.7 0.658585935341255
49.8 0.658915446255872
49.9 0.659244957170489
50 0.659574468085106
50.1 0.659895390070922
50.2 0.660216312056738
50.3 0.660537234042553
50.4 0.660858156028369
50.5 0.661179078014184
50.6 0.6615
50.7 0.661820921985815
50.8 0.662141843971631
50.9 0.662462765957447
51 0.662783687943262
51.1 0.663104609929078
51.2 0.663425531914893
51.3 0.663746453900709
51.4 0.664067375886524
51.5 0.66438829787234
51.6 0.664709219858156
51.7 0.665030141843971
51.8 0.665351063829787
51.9 0.665671985815602
52 0.665992907801418
52.1 0.666313829787233
52.2 0.666634751773049
52.3 0.666955673758865
52.4 0.66727659574468
52.5 0.667597517730496
52.6 0.667918439716311
52.7 0.668239361702127
52.8 0.668560283687942
52.9 0.668881205673758
53 0.669202127659574
53.1 0.669523049645389
53.2 0.669843971631205
53.3 0.67016489361702
53.4 0.670485815602836
53.5 0.670806737588651
53.6 0.671127659574467
53.7 0.671448581560283
53.8 0.671769503546098
53.9 0.672090425531914
54 0.672411347517729
54.1 0.672732269503545
54.2 0.67305319148936
54.3 0.673374113475176
54.4 0.673695035460992
54.5 0.674015957446807
54.6 0.674336879432623
54.7 0.674657801418439
54.8 0.674978723404254
54.9 0.67529964539007
55 0.675620567375885
55.1 0.675941489361701
55.2 0.676262411347517
55.3 0.676583333333332
55.4 0.676904255319148
55.5 0.677225177304964
55.6 0.677546099290779
55.7 0.677867021276595
55.8 0.67818794326241
55.9 0.678508865248226
56 0.678829787234042
56.1 0.679150709219857
56.2 0.679471631205673
56.3 0.679792553191489
56.4 0.680113475177304
56.5 0.68043439716312
56.6 0.680755319148936
56.7 0.681076241134751
56.8 0.681397163120567
56.9 0.681718085106382
57 0.682039007092198
57.1 0.682359929078014
57.2 0.682680851063829
57.3 0.683001773049645
57.4 0.683322695035461
57.5 0.683643617021276
57.6 0.683964539007092
57.7 0.684285460992907
57.8 0.684606382978723
57.9 0.684927304964539
58 0.685248226950354
58.1 0.68556914893617
58.2 0.685890070921986
58.3 0.686210992907801
58.4 0.686531914893617
58.5 0.686852836879432
58.6 0.687173758865248
58.7 0.687494680851064
58.8 0.687815602836879
58.9 0.688136524822695
59 0.688457446808511
59.1 0.688778368794326
59.2 0.689099290780142
59.3 0.689420212765957
59.4 0.689741134751773
59.5 0.690062056737589
59.6 0.690382978723404
59.7 0.69070390070922
59.8 0.691024822695036
59.9 0.691345744680851
60 0.691666666666667
60.1 0.692638888888889
60.2 0.693611111111111
60.3 0.694583333333334
60.4 0.695555555555556
60.5 0.696527777777778
60.6 0.6975
60.7 0.698472222222222
60.8 0.699444444444445
60.9 0.700416666666667
61 0.701388888888889
61.1 0.702361111111111
61.2 0.703333333333333
61.3 0.704305555555556
61.4 0.705277777777778
61.5 0.70625
61.6 0.707222222222222
61.7 0.708194444444444
61.8 0.709166666666667
61.9 0.710138888888889
62 0.711111111111111
62.1 0.712107279693487
62.2 0.713103448275862
62.3 0.714099616858238
62.4 0.715095785440613
62.5 0.716091954022989
62.6 0.717088122605364
62.7 0.71808429118774
62.8 0.719080459770115
62.9 0.720076628352491
63 0.721072796934866
63.1 0.722068965517242
63.2 0.723065134099617
63.3 0.724061302681993
63.4 0.725057471264368
63.5 0.726053639846743
63.6 0.727049808429119
63.7 0.728045977011494
63.8 0.72904214559387
63.9 0.730038314176245
64 0.731034482758621
64.1 0.733515016685206
64.2 0.735995550611791
64.3 0.738476084538376
64.4 0.740956618464961
64.5 0.743437152391546
64.6 0.745917686318131
64.7 0.748398220244716
64.8 0.750878754171301
64.9 0.753359288097887
65 0.755839822024472
65.1 0.758320355951057
65.2 0.760800889877642
65.3 0.763281423804227
65.4 0.765761957730812
65.5 0.768242491657397
65.6 0.770723025583982
65.7 0.773203559510568
65.8 0.775684093437153
65.9 0.778164627363738
66 0.780645161290323
66.1 0.782550403225807
66.2 0.784455645161291
66.3 0.786360887096774
66.4 0.788266129032258
66.5 0.790171370967742
66.6 0.792076612903226
66.7 0.79398185483871
66.8 0.795887096774194
66.9 0.797792338709678
67 0.799697580645161
67.1 0.801602822580645
67.2 0.803508064516129
67.3 0.805413306451613
67.4 0.807318548387097
67.5 0.809223790322581
67.6 0.811129032258065
67.7 0.813034274193548
67.8 0.814939516129032
67.9 0.816844758064516
68 0.81875
68.1 0.829411764705882
68.2 0.840073529411765
68.3 0.850735294117647
68.4 0.861397058823529
68.5 0.872058823529412
68.6 0.882720588235294
68.7 0.893382352941177
68.8 0.904044117647059
68.9 0.914705882352941
69 0.925367647058824
69.1 0.936029411764706
69.2 0.946691176470589
69.3 0.957352941176471
69.4 0.968014705882353
69.5 0.978676470588236
69.6 0.989338235294118
69.7 1
69.8 0.998974358974359
69.9 0.997948717948718
70 0.996923076923077
70.1 0.99558438576349
70.2 0.994245694603904
70.3 0.992907003444317
70.4 0.99156831228473
70.5 0.990229621125143
70.6 0.988890929965557
70.7 0.98755223880597
70.8 0.986213547646383
70.9 0.984874856486797
71 0.98353616532721
71.1 0.982197474167623
71.2 0.980858783008037
71.3 0.97952009184845
71.4 0.978181400688863
71.5 0.976842709529277
71.6 0.97550401836969
71.7 0.974165327210103
71.8 0.972826636050516
71.9 0.97148794489093
72 0.970149253731343
72.1 0.963668818071803
72.2 0.957188382412263
72.3 0.950707946752723
72.4 0.944227511093183
72.5 0.937747075433642
72.6 0.931266639774102
72.7 0.924786204114562
72.8 0.918305768455022
72.9 0.911825332795482
73 0.905344897135942
73.1 0.898864461476402
73.2 0.892384025816861
73.3 0.885903590157321
73.4 0.879423154497781
73.5 0.872942718838241
73.6 0.866462283178701
73.7 0.859981847519161
73.8 0.85350141185962
73.9 0.84702097620008
74 0.840540540540541
74.1 0.831547221378682
74.2 0.822553902216824
74.3 0.813560583054965
74.4 0.804567263893107
74.5 0.795573944731248
74.6 0.786580625569389
74.7 0.777587306407531
74.8 0.768593987245672
74.9 0.759600668083814
75 0.750607348921955
75.1 0.741614029760097
75.2 0.732620710598238
75.3 0.72362739143638
75.4 0.714634072274521
75.5 0.705640753112663
75.6 0.696647433950804
75.7 0.687654114788946
75.8 0.678660795627087
75.9 0.669667476465229
76 0.660674157303371
76.1 0.660114676242326
76.2 0.659555195181281
76.3 0.658995714120236
76.4 0.658436233059191
76.5 0.657876751998146
76.6 0.657317270937102
76.7 0.656757789876057
76.8 0.656198308815012
76.9 0.655638827753967
77 0.655079346692922
77.1 0.654519865631877
77.2 0.653960384570833
77.3 0.653400903509788
77.4 0.652841422448743
77.5 0.652281941387698
77.6 0.651722460326653
77.7 0.651162979265609
77.8 0.650603498204564
77.9 0.650044017143519
78 0.649484536082474
78.1 0.653505154639175
78.2 0.657525773195876
78.3 0.661546391752577
78.4 0.665567010309278
78.5 0.669587628865979
78.6 0.673608247422681
78.7 0.677628865979382
78.8 0.681649484536083
78.9 0.685670103092784
79 0.689690721649485
79.1 0.693711340206186
79.2 0.697731958762887
79.3 0.701752577319588
79.4 0.705773195876289
79.5 0.70979381443299
79.6 0.713814432989691
79.7 0.717835051546392
79.8 0.721855670103093
79.9 0.725876288659794
80 0.729896907216495
80.1 0.731896685511584
80.2 0.733896463806673
80.3 0.735896242101763
80.4 0.737896020396852
80.5 0.739895798691941
80.6 0.74189557698703
80.7 0.743895355282119
80.8 0.745895133577209
80.9 0.747894911872298
81 0.749894690167387
81.1 0.751894468462476
81.2 0.753894246757566
81.3 0.755894025052655
81.4 0.757893803347744
81.5 0.759893581642833
81.6 0.761893359937923
81.7 0.763893138233012
81.8 0.765892916528101
81.9 0.767892694823191
82 0.76989247311828
82.1 0.768897849462366
82.2 0.767903225806452
82.3 0.766908602150538
82.4 0.765913978494624
82.5 0.76491935483871
82.6 0.763924731182796
82.7 0.762930107526882
82.8 0.761935483870968
82.9 0.760940860215054
83 0.75994623655914
83.1 0.758951612903226
83.2 0.757956989247312
83.3 0.756962365591398
83.4 0.755967741935484
83.5 0.75497311827957
83.6 0.753978494623656
83.7 0.752983870967742
83.8 0.751989247311828
83.9 0.750994623655914
84 0.75
84.1 0.7440625
84.2 0.738125
84.3 0.7321875
84.4 0.72625
84.5 0.7203125
84.6 0.714375
84.7 0.7084375
84.8 0.7025
84.9 0.6965625
85 0.690625
85.1 0.6846875
85.2 0.67875
85.3 0.672812499999999
85.4 0.666874999999999
85.5 0.6609375
85.6 0.654999999999999
85.7 0.649062499999999
85.8 0.643124999999999
85.9 0.637187499999999
86 0.63125
86.1 0.628610576923077
86.2 0.625971153846154
86.3 0.623331730769231
86.4 0.620692307692308
86.5 0.618052884615384
86.6 0.615413461538461
86.7 0.612774038461538
86.8 0.610134615384615
86.9 0.607495192307692
87 0.604855769230769
87.1 0.602216346153846
87.2 0.599576923076923
87.3 0.5969375
87.4 0.594298076923076
87.5 0.591658653846153
87.6 0.58901923076923
87.7 0.586379807692307
87.8 0.583740384615384
87.9 0.581100961538461
88 0.578461538461538
88.1 0.577038461538462
88.2 0.575615384615385
88.3 0.574192307692308
88.4 0.572769230769231
88.5 0.571346153846154
88.6 0.569923076923077
88.7 0.5685
88.8 0.567076923076923
88.9 0.565653846153846
89 0.564230769230769
89.1 0.562807692307692
89.2 0.561384615384615
89.3 0.559961538461538
89.4 0.558538461538461
89.5 0.557115384615385
89.6 0.555692307692308
89.7 0.554269230769231
89.8 0.552846153846154
89.9 0.551423076923077
90 0.55
90.1 0.55198717948718
90.2 0.553974358974359
90.3 0.555961538461539
90.4 0.557948717948718
90.5 0.559935897435898
90.6 0.561923076923077
90.7 0.563910256410257
90.8 0.565897435897436
90.9 0.567884615384616
91 0.569871794871795
91.1 0.571858974358975
91.2 0.573846153846154
91.3 0.575833333333334
91.4 0.577820512820513
91.5 0.579807692307693
91.6 0.581794871794872
91.7 0.583782051282052
91.8 0.585769230769231
91.9 0.587756410256411
92 0.58974358974359
92.1 0.595796950796951
92.2 0.601850311850312
92.3 0.607903672903673
92.4 0.613957033957034
92.5 0.620010395010395
92.6 0.626063756063756
92.7 0.632117117117117
92.8 0.638170478170478
92.9 0.644223839223839
93 0.6502772002772
93.1 0.656330561330562
93.2 0.662383922383923
93.3 0.668437283437284
93.4 0.674490644490645
93.5 0.680544005544006
93.6 0.686597366597367
93.7 0.692650727650728
93.8 0.698704088704089
93.9 0.70475744975745
94 0.710810810810811
94.1 0.712808731808732
94.2 0.714806652806653
94.3 0.716804573804574
94.4 0.718802494802495
94.5 0.720800415800416
94.6 0.722798336798337
94.7 0.724796257796258
94.8 0.726794178794179
94.9 0.7287920997921
95 0.730790020790021
95.1 0.732787941787942
95.2 0.734785862785863
95.3 0.736783783783784
95.4 0.738781704781705
95.5 0.740779625779626
95.6 0.742777546777547
95.7 0.744775467775468
95.8 0.746773388773389
95.9 0.74877130977131
96 0.750769230769231
96.1 0.750730769230769
96.2 0.750692307692308
96.3 0.750653846153846
96.4 0.750615384615385
96.5 0.750576923076923
96.6 0.750538461538462
96.7 0.7505
96.8 0.750461538461539
96.9 0.750423076923077
97 0.750384615384615
97.1 0.750346153846154
97.2 0.750307692307692
97.3 0.750269230769231
97.4 0.750230769230769
97.5 0.750192307692308
97.6 0.750153846153846
97.7 0.750115384615385
97.8 0.750076923076923
97.9 0.750038461538462
98 0.75
98.1 0.748571428571429
98.2 0.747142857142857
98.3 0.745714285714286
98.4 0.744285714285714
98.5 0.742857142857143
98.6 0.741428571428571
98.7 0.74
98.8 0.738571428571428
98.9 0.737142857142857
99 0.735714285714286
99.1 0.734285714285714
99.2 0.732857142857143
99.3 0.731428571428571
99.4 0.73
99.5 0.728571428571428
99.6 0.727142857142857
99.7 0.725714285714285
99.8 0.724285714285714
99.9 0.722857142857143
100 0.721428571428571
100.1 0.726563318777293
100.2 0.731698066126014
100.3 0.736832813474735
100.4 0.741967560823456
100.5 0.747102308172177
100.6 0.752237055520898
100.7 0.75737180286962
100.8 0.762506550218341
100.9 0.767641297567062
101 0.772776044915783
101.1 0.777910792264504
101.2 0.783045539613225
101.3 0.788180286961947
101.4 0.793315034310668
101.5 0.798449781659389
101.6 0.80358452900811
101.7 0.808719276356831
101.8 0.813854023705552
101.9 0.818988771054274
102 0.824123518402995
102.1 0.829258265751716
102.2 0.834393013100437
102.3 0.839527760449158
102.4 0.844662507797879
102.5 0.8497972551466
102.6 0.854932002495322
102.7 0.860066749844043
102.8 0.865201497192764
102.9 0.870336244541485
103 0.875470991890206
103.1 0.880605739238927
103.2 0.885740486587649
103.3 0.89087523393637
103.4 0.896009981285091
103.5 0.901144728633812
103.6 0.906279475982533
103.7 0.911414223331254
103.8 0.916548970679976
103.9 0.921683718028697
104 0.926818465377418
104.1 0.931953212726139
104.2 0.93708796007486
104.3 0.942222707423581
104.4 0.947357454772302
104.5 0.952492202121024
104.6 0.957626949469745
104.7 0.962761696818466
104.8 0.967896444167187
104.9 0.973031191515908
105 0.978165938864629
105.1 0.971525815566401
105.2 0.964885692268174
105.3 0.958245568969946
105.4 0.951605445671718
105.5 0.944965322373491
105.6 0.938325199075263
105.7 0.931685075777035
105.8 0.925044952478807
105.9 0.91840482918058
106 0.911764705882353
106.1 0.89807033924681
106.2 0.884375972611267
106.3 0.870681605975723
106.4 0.85698723934018
106.5 0.843292872704637
106.6 0.829598506069094
106.7 0.815904139433551
106.8 0.802209772798007
106.9 0.788515406162464
107 0.774821039526921
107.1 0.761126672891378
107.2 0.747432306255835
107.3 0.733737939620291
107.4 0.720043572984748
107.5 0.706349206349206
107.6 0.707142857142857
107.7 0.707936507936508
107.8 0.708730158730159
107.9 0.70952380952381
108 0.71031746031746
108.1 0.711111111111111
108.2 0.711904761904762
108.3 0.712698412698413
108.4 0.713492063492064
108.5 0.714285714285714
108.6 0
108.7 0
108.8 0
108.9 0
109 0
109.1 0
109.2 0
109.3 0
109.4 0
109.5 0
109.6 0
109.7 0
109.8 0
109.9 0
110 0
110.1 0
110.2 0
110.3 0
110.4 0
110.5 0
110.6 0
110.7 0
110.8 0
110.9 0
111 0
111.1 0
111.2 0
111.3 0
111.4 0
111.5 0
111.6 0
111.7 0
111.8 0
111.9 0
112 0
112.1 0
112.2 0
112.3 0
112.4 0
112.5 0
112.6 0
112.7 0
112.8 0
112.9 0
113 0
113.1 0
113.2 0
113.3 0
113.4 0
113.5 0
113.6 0
113.7 0
113.8 0
113.9 0
114 0
114.1 0
114.2 0
114.3 0
114.4 0
114.5 0
114.6 0
114.7 0
114.8 0
114.9 0
115 0
115.1 0
115.2 0
115.3 0
115.4 0
115.5 0
115.6 0
115.7 0
115.8 0
115.9 0
116 0
116.1 0
116.2 0
116.3 0
116.4 0
116.5 0
116.6 0
116.7 0
116.8 0
116.9 0
117 0
117.1 0
117.2 0
117.3 0
117.4 0
117.5 0
117.6 0
117.7 0
117.8 0
117.9 0
118 0
118.1 0
118.2 0
118.3 0
118.4 0
118.5 0
118.6 0
118.7 0
118.8 0
118.9 0
119 0
119.1 0
119.2 0
119.3 0
119.4 0
119.5 0
119.6 0
119.7 0
119.8 0
119.9 0
120 0
120.1 0
120.2 0
120.3 0
120.4 0
120.5 0
120.6 0
120.7 0
120.8 0
120.9 0
121 0
121.1 0
121.2 0
121.3 0
121.4 0
121.5 0
121.6 0
121.7 0
121.8 0
121.9 0
122 0
122.1 0
122.2 0
122.3 0
122.4 0
122.5 0
122.6 0
122.7 0
122.8 0
122.9 0
123 0
123.1 0
123.2 0
123.3 0
123.4 0
123.5 0
123.6 0
123.7 0
123.8 0
123.9 0
124 0
124.1 0
124.2 0
124.3 0
124.4 0
124.5 0
124.6 0
124.7 0
124.8 0
124.9 0
125 0
125.1 0
125.2 0
125.3 0
125.4 0
125.5 0
125.6 0
125.7 0
125.8 0
125.9 0
126 0
126.1 0
126.2 0
126.3 0
126.4 0
126.5 0
126.6 0
126.7 0
126.8 0
126.9 0
127 0
127.1 0
127.2 0
127.3 0
127.4 0
127.5 0
127.6 0
127.7 0
127.8 0
127.9 0
128 0
128.1 0
128.2 0
128.3 0
128.4 0
128.5 0
128.6 0
128.7 0
128.8 0
128.9 0
129 0
129.1 0
129.2 0
129.3 0
129.4 0
129.5 0
129.6 0
129.7 0
129.8 0
129.9 0
130 0
130.1 0
130.2 0
130.3 0
130.4 0
130.5 0
130.6 0
130.7 0
130.8 0
130.9 0
131 0
131.1 0
131.2 0
131.3 0
131.4 0
131.5 0
131.6 0
131.7 0
131.8 0
131.9 0
132 0
132.1 0
132.2 0
132.3 0
132.4 0
132.5 0
132.6 0
132.7 0
132.8 0
132.9 0
133 0
133.1 0
133.2 0
133.3 0
133.4 0
133.5 0
133.6 0
133.7 0
133.8 0
133.9 0
134 0
134.1 0
134.2 0
134.3 0
134.4 0
134.5 0
134.6 0
134.7 0
134.8 0
134.9 0
135 0
135.1 0
135.2 0
135.3 0
135.4 0
135.5 0
135.6 0
135.7 0
135.8 0
135.9 0
136 0
136.1 0
136.2 0
136.3 0
136.4 0
136.5 0
136.6 0
136.7 0
136.8 0
136.9 0
137 0
137.1 0
137.2 0
137.3 0
137.4 0
137.5 0
137.6 0
137.7 0
137.8 0
137.9 0
138 0
138.1 0
138.2 0
138.3 0
138.4 0
138.5 0
138.6 0
138.7 0
138.8 0
138.9 0
139 0
139.1 0
139.2 0
139.3 0
139.4 0
139.5 0
139.6 0
139.7 0
139.8 0
139.9 0
140 0
140.1 0
140.2 0
140.3 0
140.4 0
140.5 0
140.6 0
140.7 0
140.8 0
140.9 0
141 0
141.1 0
141.2 0
141.3 0
141.4 0
141.5 0
141.6 0
141.7 0
141.8 0
141.9 0
142 0
142.1 0
142.2 0
142.3 0
142.4 0
142.5 0
142.6 0
142.7 0
142.8 0
142.9 0
143 0
143.1 0
143.2 0
143.3 0
143.4 0
143.5 0
143.6 0
143.7 0
143.8 0
143.9 0
144 0
144.1 0
144.2 0
144.3 0
144.4 0
144.5 0
144.6 0
144.7 0
144.8 0
144.9 0
145 0
145.1 0
145.2 0
145.3 0
145.4 0
145.5 0
145.6 0
145.7 0
145.8 0
145.9 0
146 0
146.1 0
146.2 0
146.3 0
146.4 0
146.5 0
146.6 0
146.7 0
146.8 0
146.9 0
147 0
147.1 0
147.2 0
147.3 0
147.4 0
147.5 0
147.6 0
147.7 0
147.8 0
147.9 0
148 0
148.1 0
148.2 0
148.3 0
148.4 0
148.5 0
148.6 0
148.7 0
148.8 0
148.9 0
149 0
149.1 0
149.2 0
149.3 0
149.4 0
149.5 0
149.6 0
149.7 0
149.8 0
149.9 0
150 0
150.1 0
150.2 0
150.3 0
150.4 0
150.5 0
150.6 0
150.7 0
150.8 0
150.9 0
151 0
151.1 0
151.2 0
151.3 0
151.4 0
151.5 0
151.6 0
151.7 0
151.8 0
151.9 0
152 0
152.1 0
152.2 0
152.3 0
152.4 0
152.5 0
152.6 0
152.7 0
152.8 0
152.9 0
153 0
153.1 0
153.2 0
153.3 0
153.4 0
153.5 0
153.6 0
153.7 0
153.8 0
153.9 0
154 0
154.1 0
154.2 0
154.3 0
154.4 0
154.5 0
154.6 0
154.7 0
154.8 0
154.9 0
155 0
155.1 0
155.2 0
155.3 0
155.4 0
155.5 0
155.6 0
155.7 0
155.8 0
155.9 0
156 0
156.1 0
156.2 0
156.3 0
156.4 0
156.5 0
156.6 0
156.7 0
156.8 0
156.9 0
157 0
157.1 0
157.2 0
157.3 0
157.4 0
157.5 0
157.6 0
157.7 0
157.8 0
157.9 0
158 0
158.1 0
158.2 0
158.3 0
158.4 0
158.5 0
158.6 0
158.7 0
158.8 0
158.9 0
159 0
159.1 0
159.2 0
159.3 0
159.4 0
159.5 0
159.6 0
159.7 0
159.8 0
159.9 0
160 0
160.1 0
160.2 0
160.3 0
160.4 0
160.5 0
160.6 0
160.7 0
160.8 0
160.9 0
161 0
161.1 0
161.2 0
161.3 0
161.4 0
161.5 0
161.6 0
161.7 0
161.8 0
161.9 0
162 0
162.1 0
162.2 0
162.3 0
162.4 0
162.5 0
162.6 0
162.7 0
162.8 0
162.9 0
163 0
163.1 0
163.2 0
163.3 0
163.4 0
163.5 0
163.6 0
163.7 0
163.8 0
163.9 0
164 0
164.1 0
164.2 0
164.3 0
164.4 0
164.5 0
164.6 0
164.7 0
164.8 0
164.9 0
165 0
165.1 0
165.2 0
165.3 0
165.4 0
165.5 0
165.6 0
165.7 0
165.8 0
165.9 0
166 0
166.1 0
166.2 0
166.3 0
166.4 0
166.5 0
166.6 0
166.7 0
166.8 0
166.9 0
167 0
167.1 0
167.2 0
167.3 0
167.4 0
167.5 0
167.6 0
167.7 0
167.8 0
167.9 0
168 0
168.1 0
168.2 0
168.3 0
168.4 0
168.5 0
168.6 0
168.7 0
168.8 0
168.9 0
169 0
169.1 0
169.2 0
169.3 0
169.4 0
169.5 0
169.6 0
169.7 0
169.8 0
169.9 0
170 0
170.1 0
170.2 0
170.3 0
170.4 0
170.5 0
170.6 0
170.7 0
170.8 0
170.9 0
171 0
171.1 0
171.2 0
171.3 0
171.4 0
171.5 0
171.6 0
171.7 0
171.8 0
171.9 0
172 0
172.1 0
172.2 0
172.3 0
172.4 0
172.5 0
172.6 0
172.7 0
172.8 0
172.9 0
173 0
173.1 0
173.2 0
173.3 0
173.4 0
173.5 0
173.6 0
173.7 0
173.8 0
173.9 0
174 0
174.1 0
174.2 0
174.3 0
174.4 0
174.5 0
174.6 0
174.7 0
174.8 0
174.9 0
175 0
175.1 0
175.2 0
175.3 0
175.4 0
175.5 0
175.6 0
175.7 0
175.8 0
175.9 0
176 0
176.1 0
176.2 0
176.3 0
176.4 0
176.5 0
176.6 0
176.7 0
176.8 0
176.9 0
177 0
177.1 0
177.2 0
177.3 0
177.4 0
177.5 0
177.6 0
177.7 0
177.8 0
177.9 0
178 0
178.1 0
178.2 0
178.3 0
178.4 0
178.5 0
178.6 0
178.7 0
178.8 0
178.9 0
179 0
179.1 0
179.2 0
179.3 0
179.4 0
179.5 0
179.6 0
179.7 0
179.8 0
179.9 0
180 0
180.1 0
180.2 0
180.3 0
180.4 0
180.5 0
180.6 0
180.7 0
180.8 0
180.9 0
181 0
181.1 0
181.2 0
181.3 0
181.4 0
181.5 0
181.6 0
181.7 0
181.8 0
181.9 0
182 0
182.1 0
182.2 0
182.3 0
182.4 0
182.5 0
182.6 0
182.7 0
182.8 0
182.9 0
183 0
183.1 0
183.2 0
183.3 0
183.4 0
183.5 0
183.6 0
183.7 0
183.8 0
183.9 0
184 0
184.1 0
184.2 0
184.3 0
184.4 0
184.5 0
184.6 0
184.7 0
184.8 0
184.9 0
185 0
185.1 0
185.2 0
185.3 0
185.4 0
185.5 0
185.6 0
185.7 0
185.8 0
185.9 0
186 0
186.1 0
186.2 0
186.3 0
186.4 0
186.5 0
186.6 0
186.7 0
186.8 0
186.9 0
187 0
187.1 0
187.2 0
187.3 0
187.4 0
187.5 0
187.6 0
187.7 0
187.8 0
187.9 0
188 0
188.1 0
188.2 0
188.3 0
188.4 0
188.5 0
188.6 0
188.7 0
188.8 0
188.9 0
189 0
189.1 0
189.2 0
189.3 0
189.4 0
189.5 0
189.6 0
189.7 0
189.8 0
189.9 0
190 0
190.1 0
190.2 0
190.3 0
190.4 0
190.5 0
190.6 0
190.7 0
190.8 0
190.9 0
191 0
191.1 0
191.2 0
191.3 0
191.4 0
191.5 0
191.6 0
191.7 0
191.8 0
191.9 0
192 0
192.1 0
192.2 0
192.3 0
192.4 0
192.5 0
192.6 0
192.7 0
192.8 0
192.9 0
193 0
193.1 0
193.2 0
193.3 0
193.4 0
193.5 0
193.6 0
193.7 0
193.8 0
193.9 0
194 0
194.1 0
194.2 0
194.3 0
194.4 0
194.5 0
194.6 0
194.7 0
194.8 0
194.9 0
195 0
195.1 0
195.2 0
195.3 0
195.4 0
195.5 0
195.6 0
195.7 0
195.8 0
195.9 0
196 0
196.1 0
196.2 0
196.3 0
196.4 0
196.5 0
196.6 0
196.7 0
196.8 0
196.9 0
197 0
197.1 0
197.2 0
197.3 0
197.4 0
197.5 0
197.6 0
197.7 0
197.8 0
197.9 0
198 0
198.1 0
198.2 0
198.3 0
198.4 0
198.5 0
198.6 0
198.7 0
198.8 0
198.9 0
199 0
199.1 0
199.2 0
199.3 0
199.4 0
199.5 0
199.6 0
199.7 0
199.8 0
199.9 0
200 0
200.1 0
200.2 0
200.3 0
200.4 0
200.5 0
200.6 0
200.7 0
200.8 0
200.9 0
201 0
201.1 0
