0 0
0.1 0
0.2 0
0.3 0
0.4 0
0.5 0
0.6 0
0.7 0
0.8 0
0.9 0
1 0
1.1 0
1.2 0
1.3 0
1.4 0
1.5 0
1.6 0
1.7 0
1.8 0
1.9 0
2 0
2.1 0
2.2 0
2.3 0
2.4 0
2.5 0
2.6 0
2.7 0
2.8 0
2.9 0
3 0
3.1 0
3.2 0
3.3 0
3.4 0
3.5 0
3.6 0
3.7 0
3.8 0
3.9 0
4 0
4.1 0
4.2 0
4.3 0
4.4 0
4.5 0
4.6 0
4.7 0
4.8 0
4.9 0
5 0
5.1 0
5.2 0
5.3 0
5.4 0
5.5 0
5.6 0
5.7 0
5.8 0
5.9 0
6 0
6.1 0
6.2 0
6.3 0
6.4 0
6.5 0
6.6 0
6.7 0
6.8 0
6.9 0
7 0
7.1 0
7.2 0
7.3 0
7.4 0
7.5 0
7.6 0
7.7 0
7.8 0
7.9 0
8 0
8.1 0
8.2 0
8.3 0
8.4 0
8.5 0
8.6 0
8.7 0
8.8 0
8.9 0
9 0
9.1 0
9.2 0
9.3 0
9.4 0
9.5 0
9.6 0
9.7 0
9.8 0
9.9 0
10 0
10.1 0
10.2 0
10.3 0
10.4 0
10.5 0
10.6 0
10.7 0
10.8 0
10.9 0
11 0
11.1 0
11.2 0
11.3 0
11.4 0
11.5 0
11.6 0
11.7 0
11.8 0
11.9 0
12 0
12.1 0
12.2 0
12.3 0
12.4 0
12.5 0
12.6 0
12.7 0
12.8 0
12.9 0
13 0
13.1 0
13.2 0
13.3 0
13.4 0
13.5 0
13.6 0
13.7 0
13.8 0
13.9 0
14 0
14.1 0
14.2 0
14.3 0
14.4 0
14.5 0
14.6 0
14.7 0
14.8 0
14.9 0
15 0
15.1 0
15.2 0
15.3 0
15.4 0
15.5 0
15.6 0
15.7 0
15.8 0
15.9 0
16 0
16.1 0
16.2 0
16.3 0
16.4 0
16.5 0
16.6 0
16.7 0
16.8 0
16.9 0
17 0
17.1 0
17.2 0
17.3 0
17.4 0
17.5 0
17.6 0
17.7 0
17.8 0
17.9 0
18 0
18.1 0
18.2 0
18.3 0
18.4 0
18.5 0
18.6 0
18.7 0
18.8 0
18.9 0
19 0
19.1 0
19.2 0
19.3 0
19.4 0
19.5 0
19.6 0
19.7 0
19.8 0
19.9 0
20 0
20.1 0
20.2 0
20.3 0
20.4 0
20.5 0
20.6 0
20.7 0
20.8 0
20.9 0
21 0
21.1 0
21.2 0
21.3 0
21.4 0
21.5 0
21.6 0
21.7 0
21.8 0
21.9 0
22 0
22.1 0
22.2 0
22.3 0
22.4 0
22.5 0
22.6 0
22.7 0
22.8 0
22.9 0
23 0
23.1 0
23.2 0
23.3 0
23.4 0
23.5 0
23.6 0
23.7 0
23.8 0
23.9 0
24 0
24.1 0
24.2 0
24.3 0
24.4 0
24.5 0
24.6 0
24.7 0
24.8 0
24.9 0
25 0
25.1 0
25.2 0
25.3 0
25.4 0
25.5 0
25.6 0
25.7 0
25.8 0
25.9 0
26 0
26.1 0
26.2 0
26.3 0
26.4 0
26.5 0
26.6 0
26.7 0
26.8 0
26.9 0
27 0
27.1 0
27.2 0
27.3 0
27.4 0
27.5 0
27.6 0
27.7 0
27.8 0
27.9 0
28 0
28.1 0
28.2 0
28.3 0
28.4 0
28.5 0
28.6 0
28.7 0
28.8 0
28.9 0
29 0
29.1 0
29.2 0
29.3 0
29.4 0
29.5 0
29.6 0
29.7 0
29.8 0
29.9 0
30 0
30.1 0
30.2 0
30.3 0
30.4 0
30.5 0
30.6 0
30.7 0
30.8 0
30.9 0
31 0
31.1 0
31.2 0
31.3 0
31.4 0
31.5 0
31.6 0
31.7 0
31.8 0
31.9 0
32 0
32.1 0
32.2 0
32.3 0
32.4 0
32.5 0
32.6 0
32.7 0
32.8 0
32.9 0
33 0
33.1 0
33.2 0
33.3 0
33.4 0
33.5 0
33.6 0
33.7 0
33.8 0
33.9 0
34 0
34.1 0
34.2 0
34.3 0
34.4 0
34.5 0
34.6 0
34.7 0
34.8 0
34.9 0
35 0
35.1 0
35.2 0
35.3 0
35.4 0
35.5 0
35.6 0
35.7 0
35.8 0
35.9 0
36 0
36.1 0
36.2 0
36.3 0
36.4 0
36.5 0
36.6 0
36.7 0
36.8 0
36.9 0
37 0
37.1 0
37.2 0
37.3 0
37.4 0
37.5 0
37.6 0
37.7 0
37.8 0
37.9 0
38 0
38.1 0
38.2 0
38.3 0
38.4 0
38.5 0
38.6 0
38.7 0
38.8 0
38.9 0
39 0
39.1 0
39.2 0
39.3 0
39.4 0
39.5 0
39.6 0
39.7 0
39.8 0
39.9 0
40 0
40.1 0
40.2 0
40.3 0
40.4 0
40.5 0
40.6 0
40.7 0
40.8 0
40.9 0
41 0
41.1 0
41.2 0
41.3 0
41.4 0
41.5 0
41.6 0
41.7 0
41.8 0
41.9 0
42 0
42.1 0
42.2 0
42.3 0
42.4 0
42.5 0
42.6 0
42.7 0
42.8 0
42.9 0
43 0
43.1 0
43.2 0
43.3 0
43.4 0
43.5 0
43.6 0
43.7 0
43.8 0
43.9 0
44 0
44.1 0
44.2 0
44.3 0
44.4 0
44.5 0
44.6 0
44.7 0
44.8 0
44.9 0
45 0
45.1 0
45.2 0
45.3 0
45.4 0
45.5 0
45.6 0
45.7 0
45.8 0
45.9 0
46 0
46.1 0
46.2 0
46.3 0
46.4 0
46.5 0
46.6 0
46.7 0
46.8 0
46.9 0
47 0
47.1 0
47.2 0
47.3 0
47.4 0
47.5 0
47.6 0
47.7 0
47.8 0
47.9 0
48 0
48.1 0
48.2 0
48.3 0
48.4 0
48.5 0
48.6 0
48.7 0
48.8 0
48.9 0
49 0
49.1 0
49.2 0
49.3 0
49.4 0
49.5 0
49.6 0
49.7 0
49.8 0
49.9 0
50 0
50.1 0
50.2 0
50.3 0
50.4 0
50.5 0
50.6 0
50.7 0
50.8 0
50.9 0
51 0
51.1 0
51.2 0
51.3 0
51.4 0
51.5 0
51.6 0
51.7 0
51.8 0
51.9 0
52 0
52.1 0
52.2 0
52.3 0
52.4 0
52.5 0
52.6 0
52.7 0
52.8 0
52.9 0
53 0
53.1 0
53.2 0
53.3 0
53.4 0
53.5 0
53.6 0
53.7 0
53.8 0
53.9 0
54 0
54.1 0
54.2 0
54.3 0
54.4 0
54.5 0
54.6 0
54.7 0
54.8 0
54.9 0
55 0
55.1 0
55.2 0
55.3 0
55.4 0
55.5 0
55.6 0
55.7 0
55.8 0
55.9 0
56 0
56.1 0
56.2 0
56.3 0
56.4 0
56.5 0
56.6 0
56.7 0
56.8 0
56.9 0
57 0
57.1 0
57.2 0
57.3 0
57.4 0
57.5 0
57.6 0
57.7 0
57.8 0
57.9 0
58 0
58.1 0
58.2 0
58.3 0
58.4 0
58.5 0
58.6 0
58.7 0
58.8 0
58.9 0
59 0
59.1 0
59.2 0
59.3 0
59.4 0
59.5 0
59.6 0
59.7 0
59.8 0
59.9 0
60 0
60.1 0
60.2 0
60.3 0
60.4 0
60.5 0
60.6 0
60.7 0
60.8 0
60.9 0
61 0
61.1 0
61.2 0
61.3 0
61.4 0
61.5 0
61.6 0
61.7 0
61.8 0
61.9 0
62 0
62.1 0
62.2 0
62.3 0
62.4 0
62.5 0
62.6 0
62.7 0
62.8 0
62.9 0
63 0
63.1 0
63.2 0
63.3 0
63.4 0
63.5 0
63.6 0
63.7 0
63.8 0
63.9 0
64 0
64.1 0
64.2 0
64.3 0
64.4 0
64.5 0
64.6 0
64.7 0
64.8 0
64.9 0
65 0
65.1 0
65.2 0
65.3 0
65.4 0
65.5 0
65.6 0
65.7 0
65.8 0
65.9 0
66 0
66.1 0
66.2 0
66.3 0
66.4 0
66.5 0
66.6 0
66.7 0
66.8 0
66.9 0
67 0
67.1 0
67.2 0
67.3 0
67.4 0
67.5 0
67.6 0
67.7 0
67.8 0
67.9 0
68 0
68.1 0
68.2 0
68.3 0
68.4 0
68.5 0
68.6 0
68.7 0
68.8 0
68.9 0
69 0
69.1 0
69.2 0
69.3 0
69.4 0
69.5 0
69.6 0
69.7 0
69.8 0.000869743589743598
69.9 0.00173948717948723
70 0.00260923076923077
70.1 0.00347876923076924
70.2 0.0043483076923077
70.3 0.00521784615384616
70.4 0.00608738461538463
70.5 0.00695692307692309
70.6 0.00782646153846156
70.7 0.00869600000000003
70.8 0.00956553846153849
70.9 0.010435076923077
71 0.0113046153846154
71.1 0.0121741538461539
71.2 0.0130436923076924
71.3 0.0139132307692308
71.4 0.0147827692307693
71.5 0.0156523076923077
71.6 0.0165218461538462
71.7 0.0173913846153847
71.8 0.0182609230769231
71.9 0.0191304615384616
72 0.02
72.1 0.025
72.2 0.0300000000000001
72.3 0.0350000000000001
72.4 0.0400000000000001
72.5 0.0450000000000001
72.6 0.0500000000000001
72.7 0.0550000000000002
72.8 0.0600000000000002
72.9 0.0650000000000002
73 0.0700000000000002
73.1 0.0750000000000003
73.2 0.0800000000000003
73.3 0.0850000000000003
73.4 0.0900000000000003
73.5 0.0950000000000003
73.6 0.1
73.7 0.105
73.8 0.11
73.9 0.115
74 0.12
74.1 0.127033707865169
74.2 0.134067415730337
74.3 0.141101123595506
74.4 0.148134831460674
74.5 0.155168539325843
74.6 0.162202247191011
74.7 0.16923595505618
74.8 0.176269662921349
74.9 0.183303370786517
75 0.190337078651686
75.1 0.197370786516854
75.2 0.204404494382023
75.3 0.211438202247191
75.4 0.21847191011236
75.5 0.225505617977529
75.6 0.232539325842697
75.7 0.239573033707866
75.8 0.246606741573034
75.9 0.253640449438203
76 0.260674157303371
76.1 0.260630140159852
76.2 0.260586123016333
76.3 0.260542105872814
76.4 0.260498088729295
76.5 0.260454071585776
76.6 0.260410054442257
76.7 0.260366037298738
76.8 0.260322020155218
76.9 0.260278003011699
77 0.26023398586818
77.1 0.260189968724661
77.2 0.260145951581142
77.3 0.260101934437623
77.4 0.260057917294104
77.5 0.260013900150585
77.6 0.259969883007066
77.7 0.259925865863547
77.8 0.259881848720028
77.9 0.259837831576509
78 0.25979381443299
78.1 0.25680412371134
78.2 0.253814432989691
78.3 0.250824742268041
78.4 0.247835051546392
78.5 0.244845360824742
78.6 0.241855670103093
78.7 0.238865979381443
78.8 0.235876288659794
78.9 0.232886597938144
79 0.229896907216495
79.1 0.226907216494845
79.2 0.223917525773196
79.3 0.220927835051546
79.4 0.217938144329897
79.5 0.214948453608247
79.6 0.211958762886598
79.7 0.208969072164948
79.8 0.205979381443299
79.9 0.202989690721649
80 0.2
80.1 0.198505376344086
80.2 0.197010752688172
80.3 0.195516129032258
80.4 0.194021505376344
80.5 0.19252688172043
80.6 0.191032258064516
80.7 0.189537634408602
80.8 0.188043010752688
80.9 0.186548387096774
81 0.18505376344086
81.1 0.183559139784946
81.2 0.182064516129032
81.3 0.180569892473118
81.4 0.179075268817204
81.5 0.17758064516129
81.6 0.176086021505376
81.7 0.174591397849462
81.8 0.173096774193548
81.9 0.171602150537634
82 0.17010752688172
82.1 0.171102150537634
82.2 0.172096774193548
82.3 0.173091397849462
82.4 0.174086021505376
82.5 0.17508064516129
82.6 0.176075268817204
82.7 0.177069892473118
82.8 0.178064516129032
82.9 0.179059139784946
83 0.18005376344086
83.1 0.181048387096774
83.2 0.182043010752688
83.3 0.183037634408602
83.4 0.184032258064516
83.5 0.18502688172043
83.6 0.186021505376344
83.7 0.187016129032258
83.8 0.188010752688172
83.9 0.189005376344086
84 0.19
84.1 0.1945
84.2 0.199
84.3 0.2035
84.4 0.208
84.5 0.2125
84.6 0.217
84.7 0.2215
84.8 0.226
84.9 0.2305
85 0.235
85.1 0.2395
85.2 0.244
85.3 0.2485
85.4 0.253
85.5 0.2575
85.6 0.262
85.7 0.2665
85.8 0.271000000000001
85.9 0.275500000000001
86 0.28
86.1 0.282
86.2 0.284
86.3 0.286
86.4 0.288
86.5 0.29
86.6 0.292
86.7 0.294
86.8 0.296
86.9 0.298
87 0.3
87.1 0.302
87.2 0.304
87.3 0.306
87.4 0.308
87.5 0.31
87.6 0.312
87.7 0.314
87.8 0.316
87.9 0.318
88 0.32
88.1 0.320944444444444
88.2 0.321888888888889
88.3 0.322833333333333
88.4 0.323777777777778
88.5 0.324722222222222
88.6 0.325666666666667
88.7 0.326611111111111
88.8 0.327555555555556
88.9 0.3285
89 0.329444444444445
89.1 0.330388888888889
89.2 0.331333333333333
89.3 0.332277777777778
89.4 0.333222222222222
89.5 0.334166666666667
89.6 0.335111111111111
89.7 0.336055555555556
89.8 0.337
89.9 0.337944444444445
90 0.338888888888889
90.1 0.337457264957265
90.2 0.336025641025641
90.3 0.334594017094017
90.4 0.333162393162393
90.5 0.331730769230769
90.6 0.330299145299145
90.7 0.328867521367521
90.8 0.327435897435897
90.9 0.326004273504273
91 0.32457264957265
91.1 0.323141025641026
91.2 0.321709401709402
91.3 0.320277777777778
91.4 0.318846153846154
91.5 0.31741452991453
91.6 0.315982905982906
91.7 0.314551282051282
91.8 0.313119658119658
91.9 0.311688034188034
92 0.31025641025641
92.1 0.30574358974359
92.2 0.301230769230769
92.3 0.296717948717949
92.4 0.292205128205128
92.5 0.287692307692308
92.6 0.283179487179487
92.7 0.278666666666667
92.8 0.274153846153846
92.9 0.269641025641025
93 0.265128205128205
93.1 0.260615384615384
93.2 0.256102564102564
93.3 0.251589743589743
93.4 0.247076923076923
93.5 0.242564102564102
93.6 0.238051282051282
93.7 0.233538461538461
93.8 0.22902564102564
93.9 0.22451282051282
94 0.22
94.1 0.218492307692308
94.2 0.216984615384615
94.3 0.215476923076923
94.4 0.213969230769231
94.5 0.212461538461538
94.6 0.210953846153846
94.7 0.209446153846154
94.8 0.207938461538461
94.9 0.206430769230769
95 0.204923076923077
95.1 0.203415384615384
95.2 0.201907692307692
95.3 0.2004
95.4 0.198892307692308
95.5 0.197384615384615
95.6 0.195876923076923
95.7 0.194369230769231
95.8 0.192861538461538
95.9 0.191353846153846
96 0.189846153846154
96.1 0.189853846153846
96.2 0.189861538461538
96.3 0.189869230769231
96.4 0.189876923076923
96.5 0.189884615384615
96.6 0.189892307692308
96.7 0.1899
96.8 0.189907692307692
96.9 0.189915384615385
97 0.189923076923077
97.1 0.189930769230769
97.2 0.189938461538462
97.3 0.189946153846154
97.4 0.189953846153846
97.5 0.189961538461538
97.6 0.189969230769231
97.7 0.189976923076923
97.8 0.189984615384615
97.9 0.189992307692308
98 0.19
98.1 0.191
98.2 0.192
98.3 0.193
98.4 0.194
98.5 0.195
98.6 0.196
98.7 0.197
98.8 0.198
98.9 0.199
99 0.2
99.1 0.201
99.2 0.202
99.3 0.203
99.4 0.204
99.5 0.205
99.6 0.206
99.7 0.207
99.8 0.208
99.9 0.209
100 0.21
100.1 0.206159825327511
100.2 0.202319650655022
100.3 0.198479475982533
100.4 0.194639301310044
100.5 0.190799126637555
100.6 0.186958951965065
100.7 0.183118777292576
100.8 0.179278602620087
100.9 0.175438427947598
101 0.171598253275109
101.1 0.16775807860262
101.2 0.163917903930131
101.3 0.160077729257642
101.4 0.156237554585153
101.5 0.152397379912664
101.6 0.148557205240175
101.7 0.144717030567685
101.8 0.140876855895196
101.9 0.137036681222707
102 0.133196506550218
102.1 0.129356331877729
102.2 0.12551615720524
102.3 0.121675982532751
102.4 0.117835807860262
102.5 0.113995633187773
102.6 0.110155458515284
102.7 0.106315283842795
102.8 0.102475109170305
102.9 0.0986349344978163
103 0.0947947598253272
103.1 0.0909545851528381
103.2 0.0871144104803491
103.3 0.08327423580786
103.4 0.0794340611353709
103.5 0.0755938864628818
103.6 0.0717537117903927
103.7 0.0679135371179036
103.8 0.0640733624454145
103.9 0.0602331877729254
104 0.0563930131004363
104.1 0.0525528384279472
104.2 0.0487126637554582
104.3 0.044872489082969
104.4 0.0410323144104799
104.5 0.0371921397379909
104.6 0.0333519650655018
104.7 0.0295117903930127
104.8 0.0256716157205235
104.9 0.0218314410480345
105 0.0179912663755459
105.1 0.0227887783934535
105.2 0.0275862904113612
105.3 0.0323838024292688
105.4 0.0371813144471765
105.5 0.0419788264650841
105.6 0.0467763384829918
105.7 0.0515738505008994
105.8 0.0563713625188072
105.9 0.0611688745367148
106 0.0659663865546219
106.1 0.0762247121070651
106.2 0.0864830376595084
106.3 0.0967413632119517
106.4 0.106999688764395
106.5 0.117258014316838
106.6 0.127516339869282
106.7 0.137774665421725
106.8 0.148032990974168
106.9 0.158291316526611
107 0.168549642079055
107.1 0.178807967631498
107.2 0.189066293183941
107.3 0.199324618736385
107.4 0.209582944288828
107.5 0.21984126984127
107.6 0.218839285714286
107.7 0.217837301587302
107.8 0.216835317460317
107.9 0.215833333333333
108 0.214831349206349
108.1 0.213829365079365
108.2 0.212827380952381
108.3 0.211825396825397
108.4 0.210823412698413
108.5 0.209821428571429
108.6 0.3
108.7 0.299145299145299
108.8 0.299358974358974
108.9 0.29957264957265
109 0.299786324786325
109.1 0.3
109.2 0.3
109.3 0.3
109.4 0.3
109.5 0.3
109.6 0.3
109.7 0.3
109.8 0.3
109.9 0.3
110 0.3
110.1 0.3
110.2 0.299765807962529
110.3 0.299824355971897
110.4 0.299882903981265
110.5 0.299941451990632
110.6 0.3
110.7 0.3
110.8 0.3
110.9 0.3
111 0.3
111.1 0.3
111.2 0.3
111.3 0.3
111.4 0.3
111.5 0.3
111.6 0.3
111.7 0.299803149606299
111.8 0.299606299212598
111.9 0.299409448818898
112 0.299212598425197
112.1 0.299731927353302
112.2 0.300251256281407
112.3 0.300131233973069
112.4 0.300011211664731
112.5 0.299891189356393
112.6 0.299771167048055
112.7 0.299847444698703
112.8 0.299923722349352
112.9 0.3
113 0.29992784992785
113.1 0.2998556998557
113.2 0.29978354978355
113.3 0.299794334781336
113.4 0.299805119779123
113.5 0.29981590477691
113.6 0.299826689774697
113.7 0.29962083302821
113.8 0.299414976281723
113.9 0.299209119535236
114 0.299003262788749
114.1 0.298797406042262
114.2 0.298591549295775
114.3 0.299356018114587
114.4 0.3001204869334
114.5 0.300884955752212
114.6 0.300663716814159
114.7 0.300442477876106
114.8 0.300221238938053
114.9 0.3
115 0.3
115.1 0.3
115.2 0.3
115.3 0.3
115.4 0.3
115.5 0.3
115.6 0.3
115.7 0.3
115.8 0.3
115.9 0.3
116 0.300151171579743
116.1 0.300302343159486
116.2 0.300453514739229
116.3 0.300302343159486
116.4 0.300151171579743
116.5 0.3
116.6 0.3
116.7 0.3
116.8 0.299892933618844
116.9 0.299785867237687
117 0.299756693836827
117.1 0.299727520435967
117.2 0.299818346957312
117.3 0.299909173478656
117.4 0.3
117.5 0.3
117.6 0.3
117.7 0.3
117.8 0.3
117.9 0.3
118 0.299959758551308
118.1 0.299919517102616
118.2 0.299879275653924
118.3 0.299839034205231
118.4 0.299798792756539
118.5 0.299823943661972
118.6 0.299849094567404
118.7 0.299874245472837
118.8 0.29989939637827
118.9 0.299924547283702
119 0.299949698189135
119.1 0.299974849094567
119.2 0.3
119.3 0.299911816578483
119.4 0.299823633156967
119.5 0.29973544973545
119.6 0.299647266313933
119.7 0.299559082892416
119.8 0.299470899470899
119.9 0.299559082892416
120 0.299647266313933
120.1 0.29973544973545
120.2 0.299823633156966
120.3 0.299911816578483
120.4 0.3
120.5 0.3
120.6 0.3
120.7 0.3
120.8 0.3
120.9 0.3
121 0.3
121.1 0.3
121.2 0.299870550161812
121.3 0.299741100323625
121.4 0.299611650485437
121.5 0.299482200647249
121.6 0.299352750809061
121.7 0.299568500539374
121.8 0.299784250269687
121.9 0.3
122 0.299816176470588
122.1 0.299632352941177
122.2 0.299404024767802
122.3 0.299175696594427
122.4 0.298947368421053
122.5 0.299020524283682
122.6 0.299093680146312
122.7 0.299166836008941
122.8 0.299239991871571
122.9 0.2993131477342
123 0.29938630359683
123.1 0.299459459459459
123.2 0.299380651679717
123.3 0.299301843899975
123.4 0.299223036120232
123.5 0.29914422834049
123.6 0.299065420560748
123.7 0.299182242990654
123.8 0.299299065420561
123.9 0.299415887850467
124 0.299532710280374
124.1 0.29964953271028
124.2 0.299766355140187
124.3 0.299883177570093
124.4 0.3
124.5 0.3
124.6 0.3
124.7 0.3
124.8 0.3
124.9 0.3
125 0.3
125.1 0.3
125.2 0.3
125.3 0.3
125.4 0.3
125.5 0.3
125.6 0.3
125.7 0.3
125.8 0.3
125.9 0.3
126 0.3
126.1 0.3
126.2 0.3
126.3 0.3
126.4 0.3
126.5 0.3
126.6 0.3
126.7 0.3
126.8 0.3
126.9 0.3
127 0.3
127.1 0.3
127.2 0.3
127.3 0.3
127.4 0.3
127.5 0.3
127.6 0.3
127.7 0.300057339449541
127.8 0.300114678899082
127.9 0.300172018348624
128 0.300229357798165
128.1 0.300286697247706
128.2 0.300344036697248
128.3 0.300401376146789
128.4 0.30045871559633
128.5 0.300305810397553
128.6 0.300152905198777
128.7 0.3
128.8 0.299805447470817
128.9 0.299610894941634
129 0.299688715953307
129.1 0.299766536964981
129.2 0.299844357976654
129.3 0.299922178988327
129.4 0.3
129.5 0.300156576200418
129.6 0.300313152400835
129.7 0.300469728601253
129.8 0.30062630480167
129.9 0.299984636101546
130 0.299342967401423
130.1 0.298701298701299
130.2 0.298886827458256
130.3 0.299072356215213
130.4 0.299257884972171
130.5 0.299443413729128
130.6 0.299628942486085
130.7 0.299814471243043
130.8 0.3
130.9 0.3
131 0.3
131.1 0.3
131.2 0.3
131.3 0.3
131.4 0.3
131.5 0.3
131.6 0.3
131.7 0.3
131.8 0.3
131.9 0.299891774891775
132 0.29978354978355
132.1 0.299955033229681
132.2 0.300126516675812
132.3 0.300298000121944
132.4 0.300469483568075
132.5 0.300155262282356
132.6 0.299841040996636
132.7 0.299526819710916
132.8 0.299212598425197
132.9 0.299673593963608
133 0.300134589502019
133.1 0.300398368309988
133.2 0.300662147117957
133.3 0.300925925925926
133.4 0.300740740740741
133.5 0.300555555555556
133.6 0.30037037037037
133.7 0.300185185185185
133.8 0.3
133.9 0.3
134 0.3
134.1 0.3
134.2 0.3
134.3 0.3
134.4 0.3
134.5 0.3
134.6 0.3
134.7 0.3
134.8 0.3
134.9 0.300060532687651
135 0.300121065375303
135.1 0.300181598062954
135.2 0.300242130750605
135.3 0.300161007372087
135.4 0.300079883993569
135.5 0.29999876061505
135.6 0.299917637236532
135.7 0.299836513858014
135.8 0.299755390479495
135.9 0.299674267100977
136 0.299782844733985
136.1 0.299891422366992
136.2 0.3
136.3 0.300131810193322
136.4 0.300263620386643
136.5 0.300395430579965
136.6 0.300527240773286
136.7 0.300335707535922
136.8 0.300144174298558
136.9 0.299952641061194
137 0.299761107823829
137.1 0.299569574586465
137.2 0.299378041349101
137.3 0.299186508111736
137.4 0.298994974874372
137.5 0.299012586295966
137.6 0.29903019771756
137.7 0.299047809139154
137.8 0.299065420560748
137.9 0.299158878504673
138 0.299252336448598
138.1 0.299345794392523
138.2 0.299439252336449
138.3 0.299532710280374
138.4 0.299626168224299
138.5 0.299719626168224
138.6 0.29981308411215
138.7 0.299906542056075
138.8 0.3
138.9 0.3
139 0.3
139.1 0.3
139.2 0.3
139.3 0.3
139.4 0.3
139.5 0.3
139.6 0.3
139.7 0.3
139.8 0.299876543209877
139.9 0.299753086419753
140 0.29962962962963
140.1 0.299506172839506
140.2 0.299382716049383
140.3 0.299470899470899
140.4 0.299559082892416
140.5 0.299647266313933
140.6 0.29973544973545
140.7 0.299823633156966
140.8 0.299911816578483
140.9 0.3
141 0.3
141.1 0.3
141.2 0.3
141.3 0.3
141.4 0.3
141.5 0.3
141.6 0.3
141.7 0.3
141.8 0.3
141.9 0.3
142 0.3
142.1 0.3
142.2 0.3
142.3 0.3
142.4 0.3
142.5 0.3
142.6 0.3
142.7 0.3
142.8 0.3
142.9 0.3
143 0.3
143.1 0.3
143.2 0.3
143.3 0.3
143.4 0.3
143.5 0.3
143.6 0.3
143.7 0.3
143.8 0.3
143.9 0.300094966761633
144 0.300189933523267
144.1 0.3002849002849
144.2 0.300379867046534
144.3 0.300474833808167
144.4 0.300569800569801
144.5 0.300536282889224
144.6 0.300502765208648
144.7 0.300469247528071
144.8 0.300435729847495
144.9 0.300402212166918
145 0.300368694486341
145.1 0.300335176805765
145.2 0.300301659125188
145.3 0.300268141444612
145.4 0.300234623764035
145.5 0.300201106083459
145.6 0.300167588402882
145.7 0.300134070722306
145.8 0.300100553041729
145.9 0.300067035361153
146 0.300033517680576
146.1 0.3
146.2 0.299682295176663
146.3 0.299364590353326
146.4 0.299046885529989
146.5 0.298729180706652
146.6 0.298411475883316
146.7 0.298093771059979
146.8 0.297776066236642
146.9 0.297458361413305
147 0.297140656589968
147.1 0.296822951766631
147.2 0.296505246943294
147.3 0.296187542119958
147.4 0.295869837296621
147.5 0.295552132473284
147.6 0.295234427649947
147.7 0.29491672282661
147.8 0.294599018003273
147.9 0.294004364429896
148 0.293409710856519
148.1 0.292815057283142
148.2 0.292220403709765
148.3 0.291625750136388
148.4 0.291031096563011
148.5 0.290436442989635
148.6 0.289841789416258
148.7 0.28924713584288
148.8 0.288652482269504
148.9 0.288044553367329
149 0.287436624465154
149.1 0.28682869556298
149.2 0.286220766660805
149.3 0.285612837758631
149.4 0.285004908856456
149.5 0.284396979954282
149.6 0.283789051052107
149.7 0.283181122149933
149.8 0.282573193247758
149.9 0.281965264345584
150 0.281357335443409
150.1 0.280749406541234
150.2 0.28014147763906
150.3 0.279533548736885
150.4 0.278925619834711
150.5 0.278228550585563
150.6 0.277531481336415
150.7 0.276834412087267
150.8 0.276137342838118
150.9 0.27544027358897
151 0.274743204339822
151.1 0.274046135090674
151.2 0.273349065841526
151.3 0.272651996592378
151.4 0.27195492734323
151.5 0.271257858094082
151.6 0.270560788844934
151.7 0.269863719595786
151.8 0.269166650346637
151.9 0.268469581097489
152 0.267772511848341
152.1 0.267206461940533
152.2 0.266640412032724
152.3 0.266074362124915
152.4 0.265508312217106
152.5 0.264942262309298
152.6 0.264376212401489
152.7 0.26381016249368
152.8 0.263244112585871
152.9 0.262678062678063
153 0.262030089787215
153.1 0.261382116896367
153.2 0.26073414400552
153.3 0.260086171114672
153.4 0.259438198223824
153.5 0.258790225332976
153.6 0.258142252442129
153.7 0.257494279551281
153.8 0.256846306660433
153.9 0.256198333769585
154 0.255550360878738
154.1 0.25490238798789
154.2 0.254254415097042
154.3 0.253606442206194
154.4 0.252958469315347
154.5 0.252310496424499
154.6 0.251662523533651
154.7 0.251014550642803
154.8 0.250366577751956
154.9 0.249718604861108
155 0.24907063197026
155.1 0.24910394265233
155.2 0.248378950798306
155.3 0.247653958944281
155.4 0.246928967090257
155.5 0.246203975236233
155.6 0.245478983382209
155.7 0.244753991528185
155.8 0.244028999674161
155.9 0.243304007820137
156 0.242579015966113
156.1 0.241854024112089
156.2 0.241129032258064
156.3 0.24040404040404
156.4 0.239835245660488
156.5 0.239266450916936
156.6 0.238697656173384
156.7 0.238128861429832
156.8 0.23756006668628
156.9 0.236991271942728
157 0.236422477199176
157.1 0.235853682455624
157.2 0.235284887712072
157.3 0.23471609296852
157.4 0.234147298224968
157.5 0.233578503481416
157.6 0.233009708737864
157.7 0.232395308659999
157.8 0.231780908582135
157.9 0.23116650850427
158 0.230552108426406
158.1 0.229937708348541
158.2 0.229323308270677
158.3 0.228586171310629
158.4 0.227849034350582
158.5 0.227111897390535
158.6 0.226374760430488
158.7 0.225637623470441
158.8 0.224900486510394
158.9 0.224163349550346
159 0.223426212590299
159.1 0.222689075630252
159.2 0.222142237677989
159.3 0.221595399725727
159.4 0.221048561773464
159.5 0.220501723821201
159.6 0.219954885868938
159.7 0.219408047916676
159.8 0.218861209964413
159.9 0.218236771210962
160 0.217612332457512
160.1 0.216987893704061
160.2 0.21636345495061
160.3 0.21573901619716
160.4 0.215114577443709
160.5 0.214490138690258
160.6 0.213865699936808
160.7 0.213241261183357
160.8 0.212616822429907
160.9 0.2120383422157
161 0.211459862001493
161.1 0.210881381787287
161.2 0.21030290157308
161.3 0.209724421358873
161.4 0.209145941144667
161.5 0.20856746093046
161.6 0.207988980716253
161.7 0.207318038333813
161.8 0.206647095951372
161.9 0.205976153568932
162 0.205305211186491
162.1 0.204634268804051
162.2 0.20396332642161
162.3 0.20329238403917
162.4 0.202621441656729
162.5 0.201950499274289
162.6 0.201279556891848
162.7 0.200608614509408
162.8 0.199937672126967
162.9 0.199266729744527
163 0.198595787362086
163.1 0.198039930963102
163.2 0.197484074564118
163.3 0.196928218165134
163.4 0.19637236176615
163.5 0.195816505367165
163.6 0.195260648968181
163.7 0.194704792569197
163.8 0.194148936170213
163.9 0.193496923683094
164 0.192844911195975
164.1 0.192192898708856
164.2 0.191540886221737
164.3 0.190888873734618
164.4 0.1902368612475
164.5 0.189584848760381
164.6 0.188932836273262
164.7 0.188280823786143
164.8 0.187628811299024
164.9 0.186976798811905
165 0.186324786324786
165.1 0.185666507405638
165.2 0.185008228486489
165.3 0.184349949567341
165.4 0.183691670648192
165.5 0.183033391729044
165.6 0.182375112809895
165.7 0.181716833890747
165.8 0.181090751898205
165.9 0.180464669905664
166 0.179838587913122
166.1 0.17921250592058
166.2 0.178586423928039
166.3 0.177960341935497
166.4 0.177334259942956
166.5 0.176708177950414
166.6 0.176082095957872
166.7 0.175456013965331
166.8 0.174829931972789
166.9 0.174191288455681
167 0.173552644938572
167.1 0.172914001421464
167.2 0.172275357904356
167.3 0.171636714387247
167.4 0.170998070870139
167.5 0.170359427353031
167.6 0.169720783835922
167.7 0.169082140318814
167.8 0.168443496801706
167.9 0.167771582428765
168 0.167099668055825
168.1 0.166427753682884
168.2 0.165755839309944
168.3 0.165083924937003
168.4 0.164412010564063
168.5 0.163740096191122
168.6 0.163068181818182
168.7 0.162384992054283
168.8 0.161701802290384
168.9 0.161018612526486
169 0.160335422762587
169.1 0.159652232998688
169.2 0.15896904323479
169.3 0.158285853470891
169.4 0.157602663706992
169.5 0.157042056323753
169.6 0.156481448940514
169.7 0.155920841557275
169.8 0.155360234174036
169.9 0.154799626790798
170 0.154239019407559
170.1 0.153633445206479
170.2 0.153027871005399
170.3 0.152422296804319
170.4 0.151816722603239
170.5 0.15121114840216
170.6 0.15060557420108
170.7 0.15
170.8 0.149394673123487
170.9 0.148789346246973
171 0.14818401937046
171.1 0.147578692493947
171.2 0.146973365617433
171.3 0.14636803874092
171.4 0.145762711864407
171.5 0.145170958156381
171.6 0.144579204448355
171.7 0.14398745074033
171.8 0.143395697032304
171.9 0.142803943324278
172 0.142212189616253
172.1 0.141548761152316
172.2 0.14088533268838
172.3 0.140221904224444
172.4 0.139558475760507
172.5 0.138895047296571
172.6 0.138231618832635
172.7 0.137568190368698
172.8 0.136904761904762
172.9 0.136281094361289
173 0.135657426817816
173.1 0.135033759274342
173.2 0.134410091730869
173.3 0.133786424187396
173.4 0.133162756643923
173.5 0.13253908910045
173.6 0.131915421556977
173.7 0.131291754013504
173.8 0.13066808647003
173.9 0.130044418926557
174 0.129420751383084
174.1 0.128797083839611
174.2 0.128102377937125
174.3 0.127407672034638
174.4 0.126712966132151
174.5 0.126018260229665
174.6 0.125323554327178
174.7 0.124628848424691
174.8 0.123934142522205
174.9 0.123239436619718
175 0.122618229703424
175.1 0.121997022787129
175.2 0.121375815870835
175.3 0.12075460895454
175.4 0.120133402038246
175.5 0.119512195121951
175.6 0.118885975609756
175.7 0.118259756097561
175.8 0.117633536585366
175.9 0.117007317073171
176 0.116381097560976
176.1 0.11575487804878
176.2 0.115128658536585
176.3 0.11450243902439
176.4 0.113876219512195
176.5 0.11325
176.6 0.112556818181818
176.7 0.111863636363636
176.8 0.111170454545454
176.9 0.110477272727273
177 0.109784090909091
177.1 0.109090909090909
177.2 0.108488943488943
177.3 0.107886977886978
177.4 0.107285012285012
177.5 0.106683046683047
177.6 0.106081081081081
177.7 0.105468626521258
177.8 0.104856171961435
177.9 0.104243717401612
178 0.103631262841789
178.1 0.103018808281966
178.2 0.102406353722143
178.3 0.10179389916232
178.4 0.101181444602497
178.5 0.100568990042674
178.6 0.0999171883918783
178.7 0.0992653867410823
178.8 0.0986135850902863
178.9 0.0979617834394905
179 0.0973461617708977
179.1 0.096730540102305
179.2 0.0961149184337122
179.3 0.0954992967651195
179.4 0.0948297842590536
179.5 0.0941602717529877
179.6 0.0934907592469217
179.7 0.0928212467408558
179.8 0.0921517342347899
179.9 0.0914822217287239
180 0.090812709222658
180.1 0.090143196716592
180.2 0.0894736842105263
180.3 0.0888685834957765
180.4 0.0882634827810266
180.5 0.0876583820662768
180.6 0.0870532813515269
180.7 0.0864481806367771
180.8 0.0858430799220272
180.9 0.0852379792072774
181 0.0846328784925275
181.1 0.0840277777777778
181.2 0.0833964233417453
181.3 0.0827650689057129
181.4 0.0821337144696804
181.5 0.081502360033648
181.6 0.0808710055976155
181.7 0.0802396511615831
181.8 0.0796082967255506
181.9 0.0789769422895182
182 0.0783455878534858
182.1 0.0777142334174533
182.2 0.0770828789814208
182.3 0.0764515245453884
182.4 0.075820170109356
182.5 0.0752148812765983
182.6 0.0746095924438405
182.7 0.0740043036110828
182.8 0.0733990147783251
182.9 0.0727540834845735
183 0.0721091521908219
183.1 0.0714642208970702
183.2 0.0708192896033186
183.3 0.0701743583095669
183.4 0.0695294270158153
183.5 0.0688844957220637
183.6 0.0682395644283122
183.7 0.067556314721896
183.8 0.0668730650154799
183.9 0.0662586897107021
184 0.0656443144059243
184.1 0.0650299391011465
184.2 0.0644155637963687
184.3 0.0638011884915909
184.4 0.0631868131868132
184.5 0.0625296345445599
184.6 0.0618724559023066
184.7 0.249497964721856
184.8 0.437123473541403
184.9 0.624748982360946
185 0.812374491180484
185.1 1
185.2 1
185.3 1
185.4 1
185.5 1
185.6 1
185.7 1
185.8 1
185.9 1
186 1
186.1 1
186.2 1
186.3 1
186.4 1
186.5 1
186.6 1
186.7 1
186.8 1
186.9 1
187 1
187.1 1
187.2 1
187.3 1
187.4 1
187.5 1
187.6 1
187.7 1
187.8 1
187.9 1
188 1
188.1 1
188.2 1
188.3 1
188.4 1
188.5 1
188.6 1
188.7 1
188.8 1
188.9 1
189 1
189.1 1
189.2 1
189.3 1
189.4 1
189.5 1
189.6 1
189.7 1
189.8 1
189.9 1
190 1
190.1 1
190.2 1
190.3 1
190.4 1
190.5 1
190.6 1
190.7 1
190.8 1
190.9 1
191 1
191.1 1
191.2 1
191.3 1
191.4 1
191.5 1
191.6 1
191.7 1
191.8 1
191.9 1
192 1
192.1 1
192.2 1
192.3 1
192.4 1
192.5 1
192.6 1
192.7 1
192.8 1
192.9 1
193 1
193.1 1
193.2 1
193.3 1
193.4 1
193.5 1
193.6 1
193.7 1
193.8 1
193.9 1
194 1
194.1 1
194.2 1
194.3 1
194.4 1
194.5 1
194.6 1
194.7 1
194.8 1
194.9 1
195 1
195.1 1
195.2 1
195.3 1
195.4 1
195.5 1
195.6 1
195.7 1
195.8 1
195.9 1
196 1
196.1 1
196.2 1
196.3 1
196.4 1
196.5 1
196.6 1
196.7 1
196.8 1
196.9 1
197 1
197.1 1
197.2 1
197.3 1
197.4 1
197.5 1
197.6 1
197.7 1
197.8 1
197.9 1
198 1
198.1 1
198.2 1
198.3 1
198.4 1
198.5 1
198.6 1
198.7 1
198.8 1
198.9 1
199 1
199.1 1
199.2 1
199.3 1
199.4 1
199.5 1
199.6 1
199.7 1
199.8 1
199.9 1
200 1
200.1 1
200.2 1
200.3 1
200.4 1
200.5 1
200.6 1
200.7 1
200.8 1
200.9 1
201 1
201.1 1
