0 0.0001655
0.1 0.0001655
0.2 0.000330927536231884
0.3 0.000496355072463768
0.4 0.000661782608695652
0.5 0.000827210144927536
0.6 0.00099263768115942
0.7 0.0011580652173913
0.8 0.00132349275362319
0.9 0.00148892028985507
1 0.00165434782608696
1.1 0.00181984032797497
1.2 0.00198533282986298
1.3 0.002150825331751
1.4 0.00231631783363901
1.5 0.00248181033552703
1.6 0.00264730283741504
1.7 0.00281279533930305
1.8 0.00297828784119107
1.9 0.00314378034307908
2 0.0033092728449671
2.1 0.00347476534685511
2.2 0.00364025784874312
2.3 0.00380575035063114
2.4 0.00397124285251915
2.5 0.00413673535440716
2.6 0.00430222785629518
2.7 0.00446772035818319
2.8 0.00463321286007121
2.9 0.00479870536195922
3 0.00496419786384723
3.1 0.00512969036573525
3.2 0.00529518286762326
3.3 0.00546067536951127
3.4 0.00562616787139929
3.5 0.0057916603732873
3.6 0.00595715287517532
3.7 0.00612264537706333
3.8 0.00628813787895134
3.9 0.00645363038083936
4 0.00661912288272737
4.1 0.00678461538461538
4.2 0.00694977895667551
4.3 0.00711494252873563
4.4 0.00728219563687544
4.5 0.00744944874501525
4.6 0.00761670185315506
4.7 0.00778395496129486
4.8 0.00795120806943467
4.9 0.00811846117757448
5 0.00828571428571429
5.1 0.00845235294117647
5.2 0.00861899159663866
5.3 0.00878563025210084
5.4 0.00895226890756303
5.5 0.00911890756302521
5.6 0.0092855462184874
5.7 0.00945218487394958
5.8 0.00961882352941176
5.9 0.00978546218487395
6 0.00995210084033613
6.1 0.0101187394957983
6.2 0.0102853781512605
6.3 0.0104520168067227
6.4 0.0106186554621849
6.5 0.0107852941176471
6.6 0.0109519327731092
6.7 0.0111185714285714
6.8 0.0112852100840336
6.9 0.0114518487394958
7 0.011618487394958
7.1 0.0117851260504202
7.2 0.0119517647058824
7.3 0.0121184033613445
7.4 0.0122850420168067
7.5 0.0124516806722689
7.6 0.0126183193277311
7.7 0.0127849579831933
7.8 0.0129515966386555
7.9 0.0131182352941176
8 0.0132848739495798
8.1 0.013451512605042
8.2 0.0136181512605042
8.3 0.0137847899159664
8.4 0.0139514285714286
8.5 0.0141180672268908
8.6 0.0142847058823529
8.7 0.0144513445378151
8.8 0.0146179831932773
8.9 0.0147846218487395
9 0.0149512605042017
9.1 0.0151178991596639
9.2 0.015284537815126
9.3 0.0154511764705882
9.4 0.0156178151260504
9.5 0.0157844537815126
9.6 0.0159510924369748
9.7 0.016117731092437
9.8 0.0162843697478992
9.9 0.0164510084033613
10 0.0166176470588235
10.1 0.0167821486928105
10.2 0.0169466503267974
10.3 0.0171111519607843
10.4 0.0172756535947712
10.5 0.0174401552287582
10.6 0.0176046568627451
10.7 0.017769158496732
10.8 0.017933660130719
10.9 0.0180981617647059
11 0.0182626633986928
11.1 0.0184271650326797
11.2 0.0185916666666667
11.3 0.0187561683006536
11.4 0.0189206699346405
11.5 0.0190851715686275
11.6 0.0192496732026144
11.7 0.0194141748366013
11.8 0.0195786764705882
11.9 0.0197431781045752
12 0.0199076797385621
12.1 0.020072181372549
12.2 0.020236683006536
12.3 0.0204011846405229
12.4 0.0205656862745098
12.5 0.0207301879084967
12.6 0.0208946895424837
12.7 0.0210591911764706
12.8 0.0212236928104575
12.9 0.0213881944444444
13 0.0215526960784314
13.1 0.0217171977124183
13.2 0.0218816993464052
13.3 0.0220462009803922
13.4 0.0222107026143791
13.5 0.022375204248366
13.6 0.0225397058823529
13.7 0.0227042075163399
13.8 0.0228687091503268
13.9 0.0230332107843137
14 0.0231977124183007
14.1 0.0233622140522876
14.2 0.0235267156862745
14.3 0.0236912173202614
14.4 0.0238557189542484
14.5 0.0240202205882353
14.6 0.0241847222222222
14.7 0.0243492238562092
14.8 0.0245137254901961
14.9 0.024678227124183
15 0.0248427287581699
15.1 0.0250072303921569
15.2 0.0251717320261438
15.3 0.0253362336601307
15.4 0.0255007352941177
15.5 0.0256652369281046
15.6 0.0258297385620915
15.7 0.0259942401960784
15.8 0.0261587418300654
15.9 0.0263232434640523
16 0.0264877450980392
16.1 0.0266522467320261
16.2 0.0268167483660131
16.3 0.02698125
16.4 0.0271457516339869
16.5 0.0273102532679739
16.6 0.0274747549019608
16.7 0.0276392565359477
16.8 0.0278037581699346
16.9 0.0279682598039216
17 0.0281327614379085
17.1 0.0282972630718954
17.2 0.0284617647058823
17.3 0.0286262663398693
17.4 0.0287907679738562
17.5 0.0289552696078431
17.6 0.0291197712418301
17.7 0.029284272875817
17.8 0.0294487745098039
17.9 0.0296132761437909
18 0.0297777777777778
18.1 0.0299388888888889
18.2 0.0301
18.3 0.0302611111111111
18.4 0.0304222222222222
18.5 0.0305833333333333
18.6 0.0307444444444444
18.7 0.0309055555555556
18.8 0.0310666666666667
18.9 0.0312277777777778
19 0.0313888888888889
19.1 0.03155
19.2 0.0317111111111111
19.3 0.0318722222222222
19.4 0.0320333333333333
19.5 0.0321944444444444
19.6 0.0323555555555556
19.7 0.0325166666666667
19.8 0.0326777777777778
19.9 0.0328388888888889
20 0.033
20.1 0.0331666666666667
20.2 0.0333333333333333
20.3 0.0335
20.4 0.0336666666666667
20.5 0.0338333333333333
20.6 0.034
20.7 0.0341666666666667
20.8 0.0343333333333333
20.9 0.0345
21 0.0346666666666667
21.1 0.0348333333333334
21.2 0.035
21.3 0.0351666666666667
21.4 0.0353333333333334
21.5 0.0355
21.6 0.0356666666666667
21.7 0.0358333333333334
21.8 0.036
21.9 0.0361666666666667
22 0.0363333333333334
22.1 0.0365
22.2 0.0366666666666667
22.3 0.0368333333333334
22.4 0.037
22.5 0.0371666666666667
22.6 0.0373333333333334
22.7 0.0375
22.8 0.0376666666666667
22.9 0.0378333333333334
23 0.038
23.1 0.0381666666666667
23.2 0.0383333333333334
23.3 0.0385
23.4 0.0386666666666667
23.5 0.0388333333333333
23.6 0.039
23.7 0.0391666666666667
23.8 0.0393333333333333
23.9 0.0395
24 0.0396666666666667
24.1 0.0398333333333333
24.2 0.04
24.3 0.0401666666666667
24.4 0.0403333333333333
24.5 0.0405
24.6 0.0406666666666667
24.7 0.0408333333333333
24.8 0.041
24.9 0.0411666666666667
25 0.0413333333333333
25.1 0.0415
25.2 0.0416666666666667
25.3 0.0418333333333333
25.4 0.042
25.5 0.0421666666666667
25.6 0.0423333333333333
25.7 0.0425
25.8 0.0426666666666667
25.9 0.0428333333333334
26 0.043
26.1 0.0431666666666667
26.2 0.0433333333333334
26.3 0.0435
26.4 0.0436666666666667
26.5 0.0438333333333334
26.6 0.044
26.7 0.0441666666666667
26.8 0.0443333333333334
26.9 0.0445
27 0.0446666666666667
27.1 0.0448333333333334
27.2 0.045
27.3 0.0451666666666667
27.4 0.0453333333333334
27.5 0.0455
27.6 0.0456666666666667
27.7 0.0458333333333334
27.8 0.046
27.9 0.0461666666666667
28 0.0463333333333334
28.1 0.0465
28.2 0.0466666666666667
28.3 0.0468333333333334
28.4 0.047
28.5 0.0471666666666667
28.6 0.0473333333333334
28.7 0.0475
28.8 0.0476666666666667
28.9 0.0478333333333334
29 0.048
29.1 0.0481666666666667
29.2 0.0483333333333333
29.3 0.0485
29.4 0.0486666666666667
29.5 0.0488333333333333
29.6 0.049
29.7 0.0491666666666667
29.8 0.0493333333333333
29.9 0.0495
30 0.0496666666666667
30.1 0.0498276190476191
30.2 0.0499885714285714
30.3 0.0501495238095238
30.4 0.0503104761904762
30.5 0.0504714285714286
30.6 0.0506323809523809
30.7 0.0507933333333333
30.8 0.0509542857142857
30.9 0.0511152380952381
31 0.0512761904761905
31.1 0.0514371428571428
31.2 0.0515980952380952
31.3 0.0517590476190476
31.4 0.05192
31.5 0.0520809523809524
31.6 0.0522419047619047
31.7 0.0524028571428571
31.8 0.0525638095238095
31.9 0.0527247619047619
32 0.0528857142857143
32.1 0.0530466666666666
32.2 0.053207619047619
32.3 0.0533685714285714
32.4 0.0535295238095238
32.5 0.0536904761904762
32.6 0.0538514285714285
32.7 0.0540123809523809
32.8 0.0541733333333333
32.9 0.0543342857142857
33 0.0544952380952381
33.1 0.0546561904761904
33.2 0.0548171428571428
33.3 0.0549780952380952
33.4 0.0551390476190476
33.5 0.0553
33.6 0.0554609523809523
33.7 0.0556219047619047
33.8 0.0557828571428571
33.9 0.0559438095238095
34 0.0561047619047619
34.1 0.0562657142857143
34.2 0.0564266666666666
34.3 0.056587619047619
34.4 0.0567485714285714
34.5 0.0569095238095238
34.6 0.0570704761904762
34.7 0.0572314285714286
34.8 0.0573923809523809
34.9 0.0575533333333333
35 0.0577142857142857
35.1 0.0578824489795918
35.2 0.058050612244898
35.3 0.0582187755102041
35.4 0.0583869387755102
35.5 0.0585551020408163
35.6 0.0587232653061224
35.7 0.0588914285714286
35.8 0.0590595918367347
35.9 0.0592277551020408
36 0.0593959183673469
36.1 0.0595640816326531
36.2 0.0597322448979592
36.3 0.0599004081632653
36.4 0.0600685714285714
36.5 0.0602367346938776
36.6 0.0604048979591837
36.7 0.0605730612244898
36.8 0.0607412244897959
36.9 0.060909387755102
37 0.0610775510204082
37.1 0.0612457142857143
37.2 0.0614138775510204
37.3 0.0615820408163265
37.4 0.0617502040816327
37.5 0.0619183673469388
37.6 0.0620865306122449
37.7 0.062254693877551
37.8 0.0624228571428572
37.9 0.0625910204081633
38 0.0627591836734694
38.1 0.0629273469387755
38.2 0.0630955102040816
38.3 0.0632636734693878
38.4 0.0634318367346939
38.5 0.0636
38.6 0.0637681632653061
38.7 0.0639363265306123
38.8 0.0641044897959184
38.9 0.0642726530612245
39 0.0644408163265306
39.1 0.0646089795918368
39.2 0.0647771428571429
39.3 0.064945306122449
39.4 0.0651134693877551
39.5 0.0652816326530613
39.6 0.0654497959183674
39.7 0.0656179591836735
39.8 0.0657861224489796
39.9 0.0659542857142857
40 0.0661224489795918
40.1 0.0662875
40.2 0.0664525510204082
40.3 0.0666176020408163
40.4 0.0667826530612245
40.5 0.0669477040816326
40.6 0.0671127551020408
40.7 0.067277806122449
40.8 0.0674428571428571
40.9 0.0676079081632653
41 0.0677729591836734
41.1 0.0679380102040816
41.2 0.0681030612244898
41.3 0.0682681122448979
41.4 0.0684331632653061
41.5 0.0685982142857142
41.6 0.0687632653061224
41.7 0.0689283163265306
41.8 0.0690933673469387
41.9 0.0692584183673469
42 0.0694234693877551
42.1 0.0695885204081632
42.2 0.0697535714285714
42.3 0.0699186224489795
42.4 0.0700836734693877
42.5 0.0702487244897959
42.6 0.070413775510204
42.7 0.0705788265306122
42.8 0.0707438775510203
42.9 0.0709089285714285
43 0.0710739795918367
43.1 0.0712390306122448
43.2 0.071404081632653
43.3 0.0715691326530612
43.4 0.0717341836734693
43.5 0.0718992346938775
43.6 0.0720642857142857
43.7 0.0722293367346938
43.8 0.072394387755102
43.9 0.0725594387755102
44 0.0727244897959183
44.1 0.0728895408163265
44.2 0.0730545918367347
44.3 0.0732196428571428
44.4 0.073384693877551
44.5 0.0735497448979592
44.6 0.0737147959183673
44.7 0.0738798469387755
44.8 0.0740448979591837
44.9 0.0742099489795918
45 0.074375
45.1 0.0745401315789474
45.2 0.0747052631578947
45.3 0.0748703947368421
45.4 0.0750355263157895
45.5 0.0752006578947369
45.6 0.0753657894736842
45.7 0.0755309210526316
45.8 0.075696052631579
45.9 0.0758611842105263
46 0.0760263157894737
46.1 0.0761914473684211
46.2 0.0763565789473684
46.3 0.0765217105263158
46.4 0.0766868421052632
46.5 0.0768519736842105
46.6 0.0770171052631579
46.7 0.0771822368421053
46.8 0.0773473684210526
46.9 0.0775125
47 0.0776776315789474
47.1 0.0778427631578947
47.2 0.0780078947368421
47.3 0.0781730263157895
47.4 0.0783381578947369
47.5 0.0785032894736842
47.6 0.0786684210526316
47.7 0.078833552631579
47.8 0.0789986842105263
47.9 0.0791638157894737
48 0.0793289473684211
48.1 0.0794940789473684
48.2 0.0796592105263158
48.3 0.0798243421052632
48.4 0.0799894736842105
48.5 0.0801546052631579
48.6 0.0803197368421053
48.7 0.0804848684210526
48.8 0.08065
48.9 0.0808151315789474
49 0.0809802631578947
49.1 0.0811453947368421
49.2 0.0813105263157895
49.3 0.0814756578947368
49.4 0.0816407894736842
49.5 0.0818059210526316
49.6 0.0819710526315789
49.7 0.0821361842105263
49.8 0.0823013157894737
49.9 0.0824664473684211
50 0.0826315789473684
50.1 0.0827993357179356
50.2 0.0829670924885028
50.3 0.08313484925907
50.4 0.0833026060296372
50.5 0.0834703628002044
50.6 0.0836381195707716
50.7 0.0838058763413388
50.8 0.083973633111906
50.9 0.0841413898824732
51 0.0843091466530404
51.1 0.0844769034236076
51.2 0.0846446601941748
51.3 0.084812416964742
51.4 0.0849801737353092
51.5 0.0851479305058764
51.6 0.0853156872764436
51.7 0.0854834440470108
51.8 0.085651200817578
51.9 0.0858189575881452
52 0.0859867143587124
52.1 0.0861544711292796
52.2 0.0863222278998468
52.3 0.086489984670414
52.4 0.0866577414409812
52.5 0.0868254982115484
52.6 0.0869932549821155
52.7 0.0871610117526827
52.8 0.0873287685232499
52.9 0.0874965252938171
53 0.0876642820643843
53.1 0.0878320388349515
53.2 0.0879997956055187
53.3 0.0881675523760859
53.4 0.0883353091466531
53.5 0.0885030659172203
53.6 0.0886708226877875
53.7 0.0888385794583547
53.8 0.0890063362289218
53.9 0.089174092999489
54 0.0893418497700562
54.1 0.0895096065406234
54.2 0.0896773633111906
54.3 0.0898451200817578
54.4 0.090012876852325
54.5 0.0901806336228922
54.6 0.0903483903934594
54.7 0.0905161471640266
54.8 0.0906839039345938
54.9 0.090851660705161
55 0.0910194174757281
55.1 0.0905516439585543
55.2 0.0900838704413804
55.3 0.0896160969242066
55.4 0.0891483234070327
55.5 0.0886805498898588
55.6 0.088212776372685
55.7 0.0877450028555111
55.8 0.0872772293383372
55.9 0.0868094558211634
56 0.0863416823039895
56.1 0.0858739087868157
56.2 0.0854061352696418
56.3 0.084938361752468
56.4 0.0844705882352941
56.5 0.0842392411510059
56.6 0.0840078940667176
56.7 0.0837765469824293
56.8 0.0835451998981411
56.9 0.0833138528138528
57 0.0830825057295645
57.1 0.0828511586452763
57.2 0.082619811560988
57.3 0.0823884644766997
57.4 0.0821571173924115
57.5 0.0819257703081232
57.6 0.081694423223835
57.7 0.0814630761395467
57.8 0.0812317290552584
57.9 0.0810003819709702
58 0.0807690348866819
58.1 0.0805376878023936
58.2 0.0803063407181054
58.3 0.0800749936338171
58.4 0.0798436465495288
58.5 0.0796122994652406
58.6 0.0793809523809523
58.7 0.0791496052966641
58.8 0.0789182582123758
58.9 0.0786869111280875
59 0.0784555640437993
59.1 0.078224216959511
59.2 0.0779928698752227
59.3 0.0777615227909345
59.4 0.0775301757066462
59.5 0.0772988286223579
59.6 0.0770674815380697
59.7 0.0768361344537814
59.8 0.0766047873694932
59.9 0.0763734402852049
60 0.0761420932009167
60.1 0.0759107461166284
60.2 0.0756793990323401
60.3 0.0754480519480519
60.4 0.0752167048637636
60.5 0.0749853577794754
60.6 0.0747540106951871
60.7 0.0745226636108988
60.8 0.0742913165266106
60.9 0.0740599694423223
61 0.0738286223580341
61.1 0.0735972752737458
61.2 0.0733659281894576
61.3 0.0731345811051693
61.4 0.072903234020881
61.5 0.0726718869365928
61.6 0.0724405398523045
61.7 0.0722091927680163
61.8 0.071977845683728
61.9 0.0717464985994398
62 0.0715151515151515
62.1 0.0712318056339795
62.2 0.0709484597528076
62.3 0.0706651138716356
62.4 0.0703817679904636
62.5 0.0700984221092917
62.6 0.0698150762281197
62.7 0.0695317303469477
62.8 0.0692483844657757
62.9 0.0689650385846038
63 0.0686816927034318
63.1 0.0683983468222598
63.2 0.0681150009410878
63.3 0.0678316550599159
63.4 0.0675483091787439
63.5 0.0672649632975719
63.6 0.0669816174163999
63.7 0.066698271535228
63.8 0.066414925654056
63.9 0.066131579772884
64 0.0658482338917121
64.1 0.0655648880105401
64.2 0.0652815421293681
64.3 0.0649981962481962
64.4 0.0647148503670242
64.5 0.0644315044858522
64.6 0.0641481586046802
64.7 0.0638648127235083
64.8 0.0635814668423363
64.9 0.0632981209611643
65 0.0630147750799924
65.1 0.0627314291988204
65.2 0.0624480833176484
65.3 0.0621647374364765
65.4 0.0618813915553045
65.5 0.0615980456741325
65.6 0.0613146997929606
65.7 0.0610313539117886
65.8 0.0607480080306166
65.9 0.0604646621494447
66 0.0601813162682727
66.1 0.0598979703871007
66.2 0.0596146245059288
66.3 0.0593312786247568
66.4 0.0590479327435849
66.5 0.0587645868624129
66.6 0.0584812409812409
66.7 0.058197895100069
66.8 0.057914549218897
66.9 0.057631203337725
67 0.0573478574565531
67.1 0.0570645115753811
67.2 0.0567811656942091
67.3 0.0564978198130372
67.4 0.0562144739318652
67.5 0.0559311280506932
67.6 0.0556477821695213
67.7 0.0553644362883493
67.8 0.0550810904071773
67.9 0.0547977445260054
68 0.0545143986448334
68.1 0.0542310527636614
68.2 0.0539477068824895
68.3 0.0536643610013175
68.4 0.0533810151201455
68.5 0.0530976692389736
68.6 0.0528143233578016
68.7 0.0525309774766296
68.8 0.0522476315954577
68.9 0.0519642857142857
69 0.0515878699305809
69.1 0.0512114541468761
69.2 0.0508350383631713
69.3 0.0504586225794666
69.4 0.0500822067957618
69.5 0.049705791012057
69.6 0.0493293752283522
69.7 0.0489529594446474
69.8 0.0485765436609426
69.9 0.0482001278772378
70 0.047823712093533
70.1 0.0474472963098282
70.2 0.0470708805261234
70.3 0.0466944647424187
70.4 0.0463180489587139
70.5 0.0459416331750091
70.6 0.0455652173913043
70.7 0.0462226189642699
70.8 0.0468800205372354
70.9 0.0475374221102009
71 0.0481948236831665
71.1 0.048852225256132
71.2 0.0495096268290975
71.3 0.0501670284020631
71.4 0.0508244299750286
71.5 0.0514818315479941
71.6 0.0521392331209597
71.7 0.0527966346939252
71.8 0.0534540362668907
71.9 0.0541114378398562
72 0.0547688394128218
72.1 0.0554262409857873
72.2 0.0560836425587528
72.3 0.0567410441317184
72.4 0.0573984457046839
72.5 0.0580558472776494
72.6 0.058713248850615
72.7 0.0593706504235805
72.8 0.060028051996546
72.9 0.0606854535695116
73 0.0613428551424771
73.1 0.0620002567154426
73.2 0.0626576582884081
73.3 0.0633150598613737
73.4 0.0639724614343392
73.5 0.0646298630073047
73.6 0.0652872645802703
73.7 0.0659446661532358
73.8 0.0666020677262013
73.9 0.0672594692991669
74 0.0679168708721324
74.1 0.0685742724450979
74.2 0.0692316740180635
74.3 0.069889075591029
74.4 0.0705464771639945
74.5 0.07120387873696
74.6 0.0718612803099256
74.7 0.0725186818828911
74.8 0.0731760834558566
74.9 0.0738334850288222
75 0.0744908866017877
75.1 0.0751482881747532
75.2 0.0758056897477188
75.3 0.0764630913206843
75.4 0.0771204928936498
75.5 0.0777778944666153
75.6 0.0784352960395809
75.7 0.0790926976125464
75.8 0.0797500991855119
75.9 0.0804075007584775
76 0.081064902331443
76.1 0.0817223039044085
76.2 0.0823797054773741
76.3 0.0830371070503396
76.4 0.0836945086233051
76.5 0.0843519101962707
76.6 0.0850093117692362
76.7 0.0856667133422017
76.8 0.0863241149151673
76.9 0.0869815164881328
77 0.0876389180610983
77.1 0.0882963196340639
77.2 0.0889537212070294
77.3 0.0896111227799949
77.4 0.0902685243529605
77.5 0.0909259259259259
77.6 0.0922571003710126
77.7 0.0935882748160993
77.8 0.094919449261186
77.9 0.0962506237062726
78 0.0975817981513593
78.1 0.098912972596446
78.2 0.100244147041533
78.3 0.101575321486619
78.4 0.102906495931706
78.5 0.104237670376793
78.6 0.105568844821879
78.7 0.106900019266966
78.8 0.108231193712053
78.9 0.109562368157139
79 0.110893542602226
79.1 0.112224717047313
79.2 0.113555891492399
79.3 0.114887065937486
79.4 0.116218240382573
79.5 0.11754941482766
79.6 0.118880589272746
79.7 0.120211763717833
79.8 0.12154293816292
79.9 0.122874112608006
80 0.124205287053093
80.1 0.12553646149818
80.2 0.126867635943266
80.3 0.128198810388353
80.4 0.12952998483344
80.5 0.130861159278526
80.6 0.132192333723613
80.7 0.1335235081687
80.8 0.134854682613786
80.9 0.136185857058873
81 0.13751703150396
81.1 0.138848205949046
81.2 0.140179380394133
81.3 0.14151055483922
81.4 0.142841729284306
81.5 0.144172903729393
81.6 0.14550407817448
81.7 0.146835252619566
81.8 0.148166427064653
81.9 0.14949760150974
82 0.150828775954827
82.1 0.152159950399913
82.2 0.153491124845
82.3 0.154822299290087
82.4 0.156153473735173
82.5 0.15748464818026
82.6 0.158815822625347
82.7 0.160146997070433
82.8 0.16147817151552
82.9 0.162809345960607
83 0.164140520405693
83.1 0.16547169485078
83.2 0.166802869295867
83.3 0.168134043740953
83.4 0.16946521818604
83.5 0.170796392631127
83.6 0.172127567076213
83.7 0.1734587415213
83.8 0.174789915966387
83.9 0.174793494431265
84 0.174797072896144
84.1 0.174800651361023
84.2 0.174804229825902
84.3 0.17480780829078
84.4 0.174811386755659
84.5 0.174814965220538
84.6 0.174818543685417
84.7 0.174822122150296
84.8 0.174825700615174
84.9 0.174829279080053
85 0.174832857544932
85.1 0.174836436009811
85.2 0.174840014474689
85.3 0.174843592939568
85.4 0.174847171404447
85.5 0.174850749869326
85.6 0.174854328334205
85.7 0.174857906799083
85.8 0.174861485263962
85.9 0.174865063728841
86 0.17486864219372
86.1 0.174872220658598
86.2 0.174875799123477
86.3 0.174879377588356
86.4 0.174882956053235
86.5 0.174886534518114
86.6 0.174890112982992
86.7 0.174893691447871
86.8 0.17489726991275
86.9 0.174900848377629
87 0.174904426842507
87.1 0.174908005307386
87.2 0.174911583772265
87.3 0.174915162237144
87.4 0.174918740702023
87.5 0.174922319166901
87.6 0.17492589763178
87.7 0.174929476096659
87.8 0.174933054561538
87.9 0.174936633026416
88 0.174940211491295
88.1 0.174943789956174
88.2 0.174947368421053
88.3 0.176636058230683
88.4 0.178324748040314
88.5 0.180013437849944
88.6 0.181702127659574
88.7 0.183394361068896
88.8 0.185086594478217
88.9 0.186778827887538
89 0.188471061296859
89.1 0.19016329470618
89.2 0.191855528115502
89.3 0.193547761524823
89.4 0.195239994934144
89.5 0.196932228343465
89.6 0.198624461752786
89.7 0.200316695162108
89.8 0.202008928571429
89.9 0.204225555313589
90 0.206442182055749
90.1 0.208658808797909
90.2 0.21087543554007
90.3 0.21309206228223
90.4 0.21530868902439
90.5 0.217525315766551
90.6 0.219741942508711
90.7 0.221958569250871
90.8 0.224175195993032
90.9 0.226391822735192
91 0.228608449477352
91.1 0.230825076219512
91.2 0.233041702961673
91.3 0.235258329703833
91.4 0.237474956445993
91.5 0.239691583188154
91.6 0.241908209930314
91.7 0.244124836672474
91.8 0.246341463414634
91.9 0.248461091753775
92 0.250580720092915
92.1 0.252700348432056
92.2 0.254819976771196
92.3 0.256939605110337
92.4 0.259059233449477
92.5 0.261178861788618
92.6 0.263298490127758
92.7 0.265418118466899
92.8 0.267537746806039
92.9 0.26965737514518
93 0.271777003484321
93.1 0.273896631823461
93.2 0.276016260162602
93.3 0.278135888501742
93.4 0.280255516840883
93.5 0.282375145180023
93.6 0.284494773519164
93.7 0.286614401858304
93.8 0.288734030197445
93.9 0.290853658536585
94 0.292973286875726
94.1 0.295092915214867
94.2 0.297212543554007
94.3 0.299332171893148
94.4 0.301451800232288
94.5 0.303571428571429
94.6 0.305738029283736
94.7 0.307904629996043
94.8 0.31007123070835
94.9 0.312237831420657
95 0.314404432132964
95.1 0.316571032845271
95.2 0.318737633557578
95.3 0.320904234269885
95.4 0.323070834982192
95.5 0.325237435694499
95.6 0.327404036406806
95.7 0.329570637119114
95.8 0.331737237831421
95.9 0.333903838543728
96 0.336070439256035
96.1 0.338237039968342
96.2 0.340403640680649
96.3 0.342570241392956
96.4 0.344736842105263
96.5 0.348987398329504
96.6 0.353237954553744
96.7 0.357488510777984
96.8 0.361739067002225
96.9 0.365989623226465
97 0.370240179450706
97.1 0.374490735674946
97.2 0.378741291899187
97.3 0.382991848123427
97.4 0.387242404347668
97.5 0.391492960571908
97.6 0.395743516796149
97.7 0.399994073020389
97.8 0.404244629244629
97.9 0.40849518546887
98 0.41274574169311
98.1 0.416996297917351
98.2 0.421246854141591
98.3 0.425497410365832
98.4 0.429747966590072
98.5 0.433998522814313
98.6 0.438249079038553
98.7 0.442499635262793
98.8 0.446750191487034
98.9 0.451000747711274
99 0.455251303935515
99.1 0.459501860159755
99.2 0.463752416383996
99.3 0.468002972608236
99.4 0.472253528832477
99.5 0.476504085056717
99.6 0.480754641280958
99.7 0.485005197505198
99.8 0.489255753729438
99.9 0.493506309953679
100 0.497756866177919
100.1 0.50200742240216
100.2 0.5062579786264
100.3 0.510508534850641
100.4 0.514759091074881
100.5 0.519009647299121
100.6 0.523260203523362
100.7 0.527510759747602
100.8 0.531761315971843
100.9 0.536011872196083
101 0.540262428420324
101.1 0.544512984644564
101.2 0.548763540868805
101.3 0.553014097093045
101.4 0.557264653317286
101.5 0.561515209541526
101.6 0.565765765765766
101.7 0.566916079598217
101.8 0.568066393430668
101.9 0.569216707263118
102 0.570367021095569
102.1 0.57151733492802
102.2 0.572667648760471
102.3 0.573817962592922
102.4 0.574968276425373
102.5 0.576118590257824
102.6 0.577268904090275
102.7 0.578419217922726
102.8 0.579569531755177
102.9 0.580719845587628
103 0.581870159420078
103.1 0.583020473252529
103.2 0.58417078708498
103.3 0.585321100917431
103.4 0.583436066513761
103.5 0.581551032110092
103.6 0.579665997706422
103.7 0.577780963302752
103.8 0.575895928899083
103.9 0.574010894495413
104 0.572125860091743
104.1 0.570240825688073
104.2 0.568355791284404
104.3 0.566470756880734
104.4 0.564585722477064
104.5 0.562700688073395
104.6 0.560815653669725
104.7 0.558930619266055
104.8 0.557045584862385
104.9 0.555160550458716
105 0.553275516055046
105.1 0.551390481651376
105.2 0.549505447247707
105.3 0.547620412844037
105.4 0.545735378440367
105.5 0.543850344036697
105.6 0.541965309633028
105.7 0.540080275229358
105.8 0.538195240825688
105.9 0.536310206422018
106 0.534425172018349
106.1 0.532540137614679
106.2 0.530655103211009
106.3 0.528770068807339
106.4 0.52688503440367
106.5 0.525
106.6 0.524793388429752
106.7 0.524972953681088
106.8 0.525152518932423
106.9 0.525332084183759
107 0.525511649435094
107.1 0.52569121468643
107.2 0.525870779937765
107.3 0.526050345189101
107.4 0.526229910440437
107.5 0.526409475691772
107.6 0.526589040943108
107.7 0.526768606194443
107.8 0.526948171445779
107.9 0.527127736697115
108 0.52730730194845
108.1 0.527486867199786
108.2 0.527666432451121
108.3 0.527845997702457
108.4 0.528025562953793
108.5 0.528205128205128
108.6 0.527992122819709
108.7 0.52777911743429
108.8 0.527566112048871
108.9 0.527353106663451
109 0.527140101278032
109.1 0.526927095892613
109.2 0.526714090507194
109.3 0.526501085121775
109.4 0.526288079736356
109.5 0.526075074350936
109.6 0.525862068965517
109.7 0.528364849833148
109.8 0.530867630700779
109.9 0.533370411568409
110 0.53587319243604
110.1 0.538375973303671
110.2 0.540878754171302
110.3 0.543381535038932
110.4 0.545884315906563
110.5 0.548387096774194
110.6 0.549286092014807
110.7 0.55018508725542
110.8 0.551084082496034
110.9 0.551983077736647
111 0.552882072977261
111.1 0.553781068217874
111.2 0.554680063458488
111.3 0.555579058699101
111.4 0.556478053939714
111.5 0.557377049180328
111.6 0.558344452916508
111.7 0.559311856652688
111.8 0.560279260388868
111.9 0.561246664125048
112 0.562214067861228
112.1 0.563181471597408
112.2 0.564148875333588
112.3 0.565116279069767
112.4 0.561800172265288
112.5 0.55848406546081
112.6 0.555167958656331
112.7 0.551851851851852
112.8 0.55394437331057
112.9 0.556036894769289
113 0.558129416228008
113.1 0.560221937686726
113.2 0.562314459145445
113.3 0.564406980604164
113.4 0.566499502062882
113.5 0.568592023521601
113.6 0.57068454498032
113.7 0.572777066439038
113.8 0.574869587897757
113.9 0.576962109356475
114 0.579054630815194
114.1 0.581147152273913
114.2 0.583239673732631
114.3 0.58533219519135
114.4 0.587424716650069
114.5 0.589517238108787
114.6 0.591609759567506
114.7 0.593702281026225
114.8 0.595794802484943
114.9 0.597887323943662
115 0.598026315789474
115.1 0.599812686394758
115.2 0.601599057000042
115.3 0.603385427605326
115.4 0.605171798210611
115.5 0.606958168815895
115.6 0.608744539421179
115.7 0.610530910026463
115.8 0.612317280631747
115.9 0.614103651237031
116 0.615890021842316
116.1 0.6176763924476
116.2 0.619462763052884
116.3 0.621249133658168
116.4 0.623035504263452
116.5 0.624821874868737
116.6 0.626608245474021
116.7 0.628394616079305
116.8 0.630180986684589
116.9 0.631967357289873
117 0.633753727895157
117.1 0.635540098500442
117.2 0.637326469105726
117.3 0.63911283971101
117.4 0.640899210316294
117.5 0.642685580921578
117.6 0.644471951526862
117.7 0.646258322132146
117.8 0.64804469273743
117.9 0.568942132464967
118 0.489839572192513
118.1 0.489539356412421
118.2 0.489239140632329
118.3 0.488938924852237
118.4 0.488638709072146
118.5 0.488338493292054
118.6 0.488038277511962
118.7 0.488389805683039
118.8 0.488741333854116
118.9 0.489092862025193
119 0.48944439019627
119.1 0.489795918367347
119.2 0.489685104811155
119.3 0.489574291254964
119.4 0.489463477698772
119.5 0.48935266414258
119.6 0.489241850586388
119.7 0.489131037030197
119.8 0.489020223474005
119.9 0.488909409917813
120 0.488798596361621
120.1 0.48868778280543
120.2 0.488246330427105
120.3 0.487804878048781
120.4 0.488219610941049
120.5 0.488634343833317
120.6 0.489049076725585
120.7 0.489463809617853
120.8 0.489878542510121
120.9 0.489998072103335
121 0.490117601696549
121.1 0.490237131289763
121.2 0.490356660882977
121.3 0.490476190476191
121.4 0.490352358437465
121.5 0.490228526398739
121.6 0.490104694360013
121.7 0.489980862321288
121.8 0.489857030282562
121.9 0.489733198243836
122 0.489609366205111
122.1 0.489485534166385
122.2 0.48936170212766
122.3 0.489285167610592
122.4 0.489208633093525
122.5 0.489467330245393
122.6 0.48972602739726
122.7 0.489125308780597
122.8 0.488524590163934
122.9 0.488862976427281
123 0.489201362690628
123.1 0.489539748953975
123.2 0.489438233074971
123.3 0.489336717195967
123.4 0.489235201316963
123.5 0.489133685437959
123.6 0.489032169558955
123.7 0.488930653679951
123.8 0.488829137800947
123.9 0.488727621921943
124 0.488626106042938
124.1 0.488524590163934
124.2 0.488673256187721
124.3 0.488821922211508
124.4 0.488970588235294
124.5 0.489572768762678
124.6 0.490174949290061
124.7 0.490777129817444
124.8 0.491379310344828
124.9 0.49046499477534
125 0.489550679205852
125.1 0.488636363636364
125.2 0.488487234550227
125.3 0.48833810546409
125.4 0.488188976377953
125.5 0.488538932633421
125.6 0.488888888888889
125.7 0.48915832015463
125.8 0.489427751420371
125.9 0.489697182686113
126 0.489966613951854
126.1 0.490236045217595
126.2 0.490505476483336
126.3 0.490774907749078
126.4 0.489285714285714
126.5 0.489536244605369
126.6 0.489786774925024
126.7 0.490037305244679
126.8 0.490287835564333
126.9 0.490538365883988
127 0.490788896203643
127.1 0.491039426523297
127.2 0.490579001799198
127.3 0.490118577075099
127.4 0.490568243647335
127.5 0.491017910219572
127.6 0.491467576791809
127.7 0.490941108125772
127.8 0.490414639459734
127.9 0.489888170793697
128 0.48936170212766
128.1 0.48936170212766
128.2 0.48936170212766
128.3 0.48936170212766
128.4 0.48936170212766
128.5 0.489425531914894
128.6 0.489489361702128
128.7 0.489553191489362
128.8 0.489617021276596
128.9 0.48968085106383
129 0.489744680851064
129.1 0.489808510638298
129.2 0.489872340425532
129.3 0.489936170212766
129.4 0.49
129.5 0.490035211267606
129.6 0.490070422535211
129.7 0.490105633802817
129.8 0.490140845070422
129.9 0.490136498000348
130 0.490132150930273
130.1 0.490127803860198
130.2 0.490123456790123
130.3 0.490111111111111
130.4 0.490098765432099
130.5 0.490086419753086
130.6 0.490074074074074
130.7 0.490061728395062
130.8 0.490049382716049
130.9 0.490037037037037
131 0.490024691358025
131.1 0.490012345679012
131.2 0.49
131.3 0.489948717948718
131.4 0.489897435897436
131.5 0.489846153846154
131.6 0.489794871794872
131.7 0.48974358974359
131.8 0.489786324786325
131.9 0.48982905982906
132 0.489871794871795
132.1 0.48991452991453
132.2 0.489957264957265
132.3 0.49
132.4 0.489965576592083
132.5 0.489931153184165
132.6 0.489896729776248
132.7 0.489862306368331
132.8 0.489827882960413
132.9 0.489793459552496
133 0.489759036144578
133.1 0.489368204525419
133.2 0.488977372906259
133.3 0.4885865412871
133.4 0.48819570966794
133.5 0.487804878048781
133.6 0.488451115280384
133.7 0.489097352511987
133.8 0.48974358974359
133.9 0.490034965034965
134 0.49032634032634
134.1 0.490617715617716
134.2 0.490909090909091
134.3 0.490818181818182
134.4 0.490727272727273
134.5 0.490636363636364
134.6 0.490545454545455
134.7 0.490454545454545
134.8 0.490363636363636
134.9 0.490272727272727
135 0.490181818181818
135.1 0.490090909090909
135.2 0.49
135.3 0.490409698996655
135.4 0.490819397993311
135.5 0.491229096989966
135.6 0.491638795986622
135.7 0.491106719367589
135.8 0.490574642748556
135.9 0.490042566129523
136 0.489510489510489
136.1 0.489632867132867
136.2 0.489755244755245
136.3 0.489877622377622
136.4 0.49
136.5 0.489855967078189
136.6 0.489711934156379
136.7 0.489354263117284
136.8 0.488996592078189
136.9 0.488638921039095
137 0.48828125
137.1 0.48851206445416
137.2 0.48874287890832
137.3 0.48897369336248
137.4 0.48920450781664
137.5 0.4894353222708
137.6 0.48966613672496
137.7 0.489546233713174
137.8 0.489426330701388
137.9 0.489306427689602
138 0.489186524677816
138.1 0.48906662166603
138.2 0.488946718654244
138.3 0.488826815642458
138.4 0.488915529767185
138.5 0.489004243891913
138.6 0.48909295801664
138.7 0.489181672141367
138.8 0.489270386266094
138.9 0.489079637577492
139 0.488888888888889
139.1 0.489236111111111
139.2 0.489583333333333
139.3 0.489930555555556
139.4 0.490277777777778
139.5 0.490625
139.6 0.490476072933123
139.7 0.490327145866245
139.8 0.490178218799368
139.9 0.490029291732491
140 0.489880364665613
140.1 0.489731437598736
140.2 0.490118577075099
140.3 0.490179857217269
140.4 0.490241137359439
140.5 0.490302417501609
140.6 0.490363697643778
140.7 0.490424977785948
140.8 0.490486257928118
140.9 0.490386488348338
141 0.490286718768558
141.1 0.490186949188778
141.2 0.490087179608998
141.3 0.489987410029218
141.4 0.489887640449438
141.5 0.489846548956661
141.6 0.489805457463884
141.7 0.489764365971108
141.8 0.489723274478331
141.9 0.489682182985554
142 0.489641091492777
142.1 0.4896
142.2 0.489657142857143
142.3 0.489714285714286
142.4 0.489771428571429
142.5 0.489828571428571
142.6 0.489885714285714
142.7 0.489942857142857
142.8 0.49
142.9 0.489934386391252
143 0.489868772782503
143.1 0.489803159173755
143.2 0.489737545565006
143.3 0.489671931956258
143.4 0.489689551569404
143.5 0.489707171182551
143.6 0.489724790795697
143.7 0.489742410408844
143.8 0.48976003002199
143.9 0.489777649635137
144 0.489795269248283
144.1 0.48981288886143
144.2 0.489830508474576
144.3 0.489853335616047
144.4 0.489876162757519
144.5 0.48989898989899
144.6 0.489948263118995
144.7 0.489997536339
144.8 0.490046809559005
144.9 0.49009608277901
145 0.490145355999015
145.1 0.49019462921902
145.2 0.490243902439024
145.3 0.490173732094464
145.4 0.490103561749903
145.5 0.490033391405343
145.6 0.489963221060782
145.7 0.489893050716221
145.8 0.489822880371661
145.9 0.4897527100271
146 0.48968253968254
146.1 0.48970695970696
146.2 0.48973137973138
146.3 0.4897557997558
146.4 0.48978021978022
146.5 0.48980463980464
146.6 0.48982905982906
146.7 0.48985347985348
146.8 0.4898778998779
146.9 0.48990231990232
147 0.48992673992674
147.1 0.48995115995116
147.2 0.48997557997558
147.3 0.49
147.4 0.489931972789116
147.5 0.489863945578231
147.6 0.489795918367347
147.7 0.48980939252288
147.8 0.489822866678413
147.9 0.489836340833947
148 0.48984981498948
148.1 0.489863289145013
148.2 0.489876763300546
148.3 0.489890237456079
148.4 0.489903711611613
148.5 0.489917185767146
148.6 0.489930659922679
148.7 0.489944134078212
148.8 0.48997985295062
148.9 0.490015571823027
149 0.490051290695435
149.1 0.490087009567842
149.2 0.490122728440249
149.3 0.490158447312657
149.4 0.490194166185064
149.5 0.490229885057471
149.6 0.490183908045977
149.7 0.490137931034483
149.8 0.490091954022988
149.9 0.490045977011494
150 0.49
150.1 0.49000613873542
150.2 0.490012277470841
150.3 0.490018416206261
150.4 0.490024554941682
150.5 0.490030693677102
150.6 0.490036832412523
150.7 0.490042971147943
150.8 0.490049109883364
150.9 0.490055248618785
151 0.49009781437854
151.1 0.490140380138295
151.2 0.490182945898051
151.3 0.490225511657806
151.4 0.490268077417561
151.5 0.490310643177317
151.6 0.490353208937072
151.7 0.490395774696827
151.8 0.490438340456583
151.9 0.490480906216338
152 0.490523471976094
152.1 0.490566037735849
152.2 0.490462780437435
152.3 0.490359523139022
152.4 0.490256265840608
152.5 0.490153008542195
152.6 0.490049751243781
152.7 0.489855184324017
152.8 0.489660617404252
152.9 0.489466050484488
153 0.489271483564723
153.1 0.489076916644959
153.2 0.488882349725194
153.3 0.48868778280543
153.4 0.488582552878038
153.5 0.488477322950647
153.6 0.488372093023256
153.7 0.488570059181462
153.8 0.488768025339668
153.9 0.488965991497874
154 0.489163957656081
154.1 0.489361923814287
154.2 0.489559889972493
154.3 0.489757856130699
154.4 0.489955822288906
154.5 0.490153788447112
154.6 0.490351754605318
154.7 0.490549720763524
154.8 0.49074768692173
154.9 0.490945653079937
155 0.491143619238143
155.1 0.491341585396349
155.2 0.491539551554555
155.3 0.491737517712762
155.4 0.491935483870968
155.5 0.491778475592349
155.6 0.491621467313731
155.7 0.491464459035113
155.8 0.491307450756494
155.9 0.491150442477876
156 0.491086225183123
156.1 0.49102200788837
156.2 0.490957790593616
156.3 0.490893573298863
156.4 0.49082935600411
156.5 0.490765138709357
156.6 0.490700921414603
156.7 0.49063670411985
156.8 0.49043046412249
156.9 0.49022422412513
157 0.49001798412777
157.1 0.48981174413041
157.2 0.489605504133049
157.3 0.489399264135689
157.4 0.489193024138329
157.5 0.488986784140969
157.6 0.489060341797913
157.7 0.489133899454856
157.8 0.4892074571118
157.9 0.489281014768743
158 0.489354572425686
158.1 0.48942813008263
158.2 0.489501687739573
158.3 0.489575245396517
158.4 0.48964880305346
158.5 0.489722360710404
158.6 0.489795918367347
158.7 0.489936049326097
158.8 0.490076180284848
158.9 0.490216311243599
159 0.490356442202349
159.1 0.4904965731611
159.2 0.49063670411985
159.3 0.490452626940782
159.4 0.490268549761714
159.5 0.490084472582646
159.6 0.489900395403578
159.7 0.48971631822451
159.8 0.489532241045442
159.9 0.489348163866374
160 0.489164086687306
160.1 0.489335445911228
160.2 0.48950680513515
160.3 0.489678164359072
160.4 0.489849523582993
160.5 0.490020882806915
160.6 0.490192242030837
160.7 0.490363601254759
160.8 0.490534960478681
160.9 0.490706319702602
161 0.490723575157753
161.1 0.490740830612903
161.2 0.490758086068053
161.3 0.490775341523204
161.4 0.490792596978354
161.5 0.490809852433504
161.6 0.490827107888655
161.7 0.490844363343805
161.8 0.490861618798956
161.9 0.490770363817507
162 0.490679108836059
162.1 0.49058785385461
162.2 0.490496598873162
162.3 0.490405343891714
162.4 0.490314088910265
162.5 0.490222833928817
162.6 0.490131578947368
162.7 0.490240452915708
162.8 0.490349326884048
162.9 0.490458200852388
163 0.490567074820728
163.1 0.490675948789068
163.2 0.490784822757408
163.3 0.490893696725748
163.4 0.491002570694087
163.5 0.490815357102939
163.6 0.490628143511792
163.7 0.490440929920644
163.8 0.490253716329496
163.9 0.490066502738348
164 0.4898792891472
164.1 0.489692075556052
164.2 0.489504861964904
164.3 0.489317648373757
164.4 0.489130434782609
164.5 0.489244072347488
164.6 0.489357709912367
164.7 0.489471347477246
164.8 0.489584985042125
164.9 0.489698622607004
165 0.489812260171883
165.1 0.489925897736763
165.2 0.490039535301642
165.3 0.490153172866521
165.4 0.490340944855848
165.5 0.490528716845175
165.6 0.490716488834501
165.7 0.490904260823828
165.8 0.491092032813155
165.9 0.491279804802482
166 0.491467576791809
166.1 0.491394879015596
166.2 0.491322181239382
166.3 0.491249483463169
166.4 0.491176785686956
166.5 0.491104087910742
166.6 0.491031390134529
166.7 0.491043295368864
166.8 0.491055200603199
166.9 0.491067105837533
167 0.491079011071868
167.1 0.491090916306203
167.2 0.491102821540537
167.3 0.491114726774872
167.4 0.491126632009207
167.5 0.491138537243541
167.6 0.491150442477876
167.7 0.490993200873005
167.8 0.490835959268135
167.9 0.490678717663264
168 0.490521476058393
168.1 0.490364234453523
168.2 0.490206992848652
168.3 0.490049751243781
168.4 0.490043532338308
168.5 0.490037313432836
168.6 0.490031094527363
168.7 0.490024875621891
168.8 0.490018656716418
168.9 0.490012437810945
169 0.490006218905473
169.1 0.49
169.2 0.490038910505837
169.3 0.490077821011673
169.4 0.49011673151751
169.5 0.490155642023346
169.6 0.490194552529183
169.7 0.49023346303502
169.8 0.490272373540856
169.9 0.490271225738324
170 0.490270077935792
170.1 0.49026893013326
170.2 0.490267782330728
170.3 0.490266634528196
170.4 0.490265486725664
170.5 0.490213130036139
170.6 0.490160773346614
170.7 0.490108416657089
170.8 0.490056059967564
170.9 0.49000370327804
171 0.489951346588515
171.1 0.48989898989899
171.2 0.48989133761861
171.3 0.489883685338231
171.4 0.489876033057851
171.5 0.489868380777472
171.6 0.489860728497092
171.7 0.489853076216713
171.8 0.489845423936333
171.9 0.489837771655953
172 0.489830119375574
172.1 0.489822467095194
172.2 0.489814814814815
172.3 0.489843234323432
172.4 0.48987165383205
172.5 0.489900073340667
172.6 0.489928492849285
172.7 0.489956912357903
172.8 0.48998533186652
172.9 0.490013751375138
173 0.490042170883755
173.1 0.490070590392373
173.2 0.49009900990099
173.3 0.490061411204412
173.4 0.490023812507833
173.5 0.489986213811255
173.6 0.489948615114676
173.7 0.489911016418098
173.8 0.489873417721519
173.9 0.489794964350463
174 0.489716510979407
174.1 0.489638057608351
174.2 0.489559604237295
174.3 0.489481150866239
174.4 0.489402697495183
174.5 0.48950749808096
174.6 0.489612298666737
174.7 0.489717099252515
174.8 0.489821899838292
174.9 0.489926700424069
175 0.490031501009846
175.1 0.490136301595623
175.2 0.490241102181401
175.3 0.49017499066524
175.4 0.49010887914908
175.5 0.490042767632919
175.6 0.489976656116758
175.7 0.489910544600598
175.8 0.489844433084437
175.9 0.489778321568277
176 0.489712210052116
176.1 0.489646098535956
176.2 0.489579987019795
176.3 0.489513875503635
176.4 0.489447763987474
176.5 0.489381652471314
176.6 0.489315540955153
176.7 0.489249429438993
176.8 0.489183317922832
176.9 0.489117206406671
177 0.489051094890511
177.1 0.489292981033281
177.2 0.48953486717605
177.3 0.48977675331882
177.4 0.49001863946159
177.5 0.49026052560436
177.6 0.490502411747129
177.7 0.490744297889899
177.8 0.490986184032669
177.9 0.491228070175439
178 0.491126702105582
178.1 0.491025334035726
178.2 0.49092396596587
178.3 0.490822597896014
178.4 0.490721229826158
178.5 0.490619861756302
178.6 0.490518493686445
178.7 0.490417125616589
178.8 0.490315757546733
178.9 0.490214389476877
179 0.490113021407021
179.1 0.490011653337165
179.2 0.489910285267308
179.3 0.489808917197452
179.4 0.489850598517708
179.5 0.489892279837964
179.6 0.48993396115822
179.7 0.489975642478476
179.8 0.490017323798731
179.9 0.490059005118987
180 0.490100686439243
180.1 0.490142367759499
180.2 0.490184049079755
180.3 0.490207923370761
180.4 0.490231797661766
180.5 0.490255671952772
180.6 0.490279546243778
180.7 0.490303420534784
180.8 0.49032729482579
180.9 0.490351169116796
181 0.490375043407802
181.1 0.490398917698808
181.2 0.490422791989814
181.3 0.49044666628082
181.4 0.490470540571825
181.5 0.490494414862831
181.6 0.490518289153837
181.7 0.490542163444843
181.8 0.490566037735849
181.9 0.490556647204791
182 0.490547256673733
182.1 0.490537866142675
182.2 0.490528475611617
182.3 0.490519085080559
182.4 0.490509694549501
182.5 0.490500304018443
182.6 0.490490913487385
182.7 0.490481522956327
182.8 0.490544223668015
182.9 0.490606924379703
183 0.49066962509139
183.1 0.490732325803078
183.2 0.490795026514766
183.3 0.490857727226454
183.4 0.490920427938142
183.5 0.490983128649829
183.6 0.491045829361517
183.7 0.491108530073205
183.8 0.491171230784893
183.9 0.491233931496581
184 0.491296632208268
184.1 0.491359332919956
184.2 0.491422033631644
184.3 0.491484734343332
184.4 0.491547435055019
184.5 0.491610135766707
184.6 0.491672836478395
184.7 0.491735537190083
184.8 0.491566671964399
184.9 0.491397806738716
185 0.491228941513032
185.1 0.491060076287349
185.2 0.490891211061666
185.3 0.490722345835982
185.4 0.490553480610299
185.5 0.490384615384615
185.6 0.490376797998749
185.7 0.490368980612883
185.8 0.490361163227017
185.9 0.490353345841151
186 0.490345528455285
186.1 0.490337711069418
186.2 0.490329893683552
186.3 0.490322076297686
186.4 0.49031425891182
186.5 0.490306441525954
186.6 0.490298624140088
186.7 0.490290806754221
186.8 0.490282989368355
186.9 0.490275171982489
187 0.490267354596623
187.1 0.490259537210757
187.2 0.490251719824891
187.3 0.490243902439024
187.4 0.490205025372401
187.5 0.490166148305778
187.6 0.490127271239155
187.7 0.490088394172532
187.8 0.490049517105909
187.9 0.490010640039286
188 0.489971762972663
188.1 0.48993288590604
188.2 0.49000726640233
188.3 0.490081646898619
188.4 0.490156027394909
188.5 0.490230407891198
188.6 0.490304788387488
188.7 0.490379168883778
188.8 0.490453549380067
188.9 0.490527929876357
189 0.490602310372646
189.1 0.490676690868936
189.2 0.490751071365225
189.3 0.490825451861515
189.4 0.490899832357805
189.5 0.490974212854094
189.6 0.491048593350384
189.7 0.490917178007137
189.8 0.49078576266389
189.9 0.490654347320643
190 0.490522931977397
190.1 0.49039151663415
190.2 0.490260101290903
190.3 0.490128685947656
190.4 0.489997270604409
190.5 0.489865855261163
190.6 0.489734439917916
190.7 0.489603024574669
190.8 0.489621068912184
190.9 0.489639113249699
191 0.489657157587214
191.1 0.489675201924729
191.2 0.489693246262244
191.3 0.489711290599759
191.4 0.489729334937274
191.5 0.489747379274789
191.6 0.489765423612305
191.7 0.48978346794982
191.8 0.489801512287335
191.9 0.48981955662485
192 0.489837600962365
192.1 0.48985564529988
192.2 0.489873689637395
192.3 0.48989173397491
192.4 0.489909778312425
192.5 0.48992782264994
192.6 0.489945866987455
192.7 0.48996391132497
192.8 0.489981955662485
192.9 0.49
193 0.490159663865546
193.1 0.490319327731092
193.2 0.490478991596639
193.3 0.490638655462185
193.4 0.490798319327731
193.5 0.490957983193277
193.6 0.491117647058824
193.7 0.49127731092437
193.8 0.491436974789916
193.9 0.491596638655462
194 0.491475011057054
194.1 0.491353383458647
194.2 0.491231755860239
194.3 0.491110128261831
194.4 0.490988500663423
194.5 0.490866873065016
194.6 0.490745245466608
194.7 0.4906236178682
194.8 0.490501990269792
194.9 0.490380362671384
195 0.490258735072977
195.1 0.490137107474569
195.2 0.490015479876161
195.3 0.489893852277753
195.4 0.489772224679346
195.5 0.489650597080938
195.6 0.48952896948253
195.7 0.489407341884122
195.8 0.489285714285714
195.9 0.456666666666667
196 0.424047619047619
196.1 0.391428571428571
196.2 0.358809523809523
196.3 0.326190476190476
196.4 0.293571428571428
196.5 0.260952380952381
196.6 0.228333333333332
196.7 0.195714285714284
196.8 0.163095238095237
196.9 0.130476190476189
