0 0.25
0.1 0.25
0.2 0.249444444444444
0.3 0.248888888888889
0.4 0.248333333333333
0.5 0.247857142857143
0.6 0.247380952380952
0.7 0.246666666666667
0.8 0.246666666666667
0.9 0.246255144032922
1 0.245843621399177
1.1 0.245432098765432
1.2 0.244814814814815
1.3 0.244814814814815
1.4 0.244250440917108
1.5 0.2436860670194
1.6 0.243121693121693
1.7 0.242557319223986
1.8 0.241992945326279
1.9 0.241428571428571
2 0.24110709262608
2.1 0.240785613823589
2.2 0.240464135021097
2.3 0.240142656218606
2.4 0.239821177416114
2.5 0.239499698613623
2.6 0.239178219811131
2.7 0.238888888888889
2.8 0.238401234567901
2.9 0.237913580246914
3 0.237425925925926
3.1 0.236938271604938
3.2 0.236450617283951
3.3 0.235962962962963
3.4 0.235475308641975
3.5 0.234987654320988
3.6 0.2345
3.7 0.234033724340176
3.8 0.233567448680352
3.9 0.233101173020528
4 0.232634897360704
4.1 0.23216862170088
4.2 0.231702346041056
4.3 0.231236070381232
4.4 0.230769794721408
4.5 0.230303519061584
4.6 0.22983724340176
4.7 0.229370967741935
4.8 0.228904692082111
4.9 0.228438416422287
5 0.227972140762463
5.1 0.227562267839687
5.2 0.227272727272727
5.3 0.226856984478936
5.4 0.226441241685144
5.5 0.226025498891353
5.6 0.225609756097561
5.7 0.225194013303769
5.8 0.224778270509978
5.9 0.224362527716186
6 0.223946784922395
6.1 0.223531042128603
6.2 0.223115299334812
6.3 0.22269955654102
6.4 0.222283813747228
6.5 0.221868070953437
6.6 0.221452328159645
6.7 0.221036585365854
6.8 0.220620842572062
6.9 0.220205099778271
7 0.219789356984479
7.1 0.219373614190687
7.2 0.218947540818383
7.3 0.218521467446079
7.4 0.218095394073775
7.5 0.217669320701472
7.6 0.217243247329168
7.7 0.216817173956864
7.8 0.21639110058456
7.9 0.215965027212256
8 0.215538953839952
8.1 0.215112880467648
8.2 0.214686807095344
8.3 0.21426073372304
8.4 0.213834660350736
8.5 0.213408586978432
8.6 0.212982513606128
8.7 0.212556440233824
8.8 0.21213036686152
8.9 0.211704293489216
9 0.211278220116912
9.1 0.210852146744608
9.2 0.210426073372304
9.3 0.21
9.4 0.209586776859504
9.5 0.209173553719008
9.6 0.208760330578512
9.7 0.208347107438017
9.8 0.207933884297521
9.9 0.207520661157025
10 0.207107438016529
10.1 0.206694214876033
10.2 0.206280991735537
10.3 0.205867768595041
10.4 0.205454545454545
10.5 0.20504132231405
10.6 0.204628099173554
10.7 0.204214876033058
10.8 0.203801652892562
10.9 0.203388429752066
11 0.20297520661157
11.1 0.202561983471074
11.2 0.202148760330579
11.3 0.201735537190083
11.4 0.201322314049587
11.5 0.200909090909091
11.6 0.200495867768595
11.7 0.200082644628099
11.8 0.199669421487603
11.9 0.199256198347107
12 0.198824872097599
12.1 0.198636363636364
12.2 0.198197076147896
12.3 0.197757788659428
12.4 0.19731850117096
12.5 0.196879213682492
12.6 0.196439926194025
12.7 0.196000638705557
12.8 0.195561351217089
12.9 0.195122063728621
13 0.194682776240153
13.1 0.194243488751686
13.2 0.193804201263218
13.3 0.19336491377475
13.4 0.192925626286282
13.5 0.192486338797814
13.6 0.192047051309346
13.7 0.191607763820879
13.8 0.191168476332411
13.9 0.190729188843943
14 0.190289901355475
14.1 0.189850613867007
14.2 0.189411326378539
14.3 0.188972038890072
14.4 0.188532751401604
14.5 0.188093463913136
14.6 0.187654176424668
14.7 0.1872148889362
14.8 0.186775601447733
14.9 0.186336313959265
15 0.185897026470797
15.1 0.185238095238095
15.2 0.185238095238095
15.3 0.184805194805195
15.4 0.184372294372294
15.5 0.183939393939394
15.6 0.183506493506494
15.7 0.183073593073593
15.8 0.182640692640693
15.9 0.182207792207792
16 0.181774891774892
16.1 0.181341991341991
16.2 0.180909090909091
16.3 0.180476190476191
16.4 0.18004329004329
16.5 0.17961038961039
16.6 0.179177489177489
16.7 0.178744588744589
16.8 0.178311688311688
16.9 0.177878787878788
17 0.177445887445887
17.1 0.177012987012987
17.2 0.176587247339127
17.3 0.176363636363636
17.4 0.175921052631579
17.5 0.175478468899522
17.6 0.175035885167464
17.7 0.174593301435407
17.8 0.174150717703349
17.9 0.173708133971292
18 0.173265550239234
18.1 0.172822966507177
18.2 0.17238038277512
18.3 0.171937799043062
18.4 0.171495215311005
18.5 0.171052631578947
18.6 0.170589473684211
18.7 0.170126315789474
18.8 0.169663157894737
18.9 0.1692
19 0.168736842105263
19.1 0.168273684210526
19.2 0.167810526315789
19.3 0.167347368421053
19.4 0.166884210526316
19.5 0.166421052631579
19.6 0.165957894736842
19.7 0.165263157894737
19.8 0.165263157894737
19.9 0.164827586206897
20 0.164392014519056
20.1 0.163956442831216
20.2 0.163520871143376
20.3 0.163085299455535
20.4 0.162649727767695
20.5 0.162214156079855
20.6 0.161778584392015
20.7 0.161343012704174
20.8 0.160907441016334
20.9 0.160471869328494
21 0.160036297640653
21.1 0.159600725952813
21.2 0.158947368421053
21.3 0.158947368421053
21.4 0.158515170278638
21.5 0.158082972136223
21.6 0.157650773993808
21.7 0.157218575851393
21.8 0.156786377708978
21.9 0.156354179566564
22 0.155921981424149
22.1 0.155489783281734
22.2 0.155057585139319
22.3 0.154625386996904
22.4 0.154193188854489
22.5 0.153760990712074
22.6 0.153328792569659
22.7 0.152896594427245
22.8 0.15246439628483
22.9 0.152032198142415
23 0.1516
23.1 0.151173846153846
23.2 0.150747692307692
23.3 0.150321538461538
23.4 0.149895384615385
23.5 0.149469230769231
23.6 0.149043076923077
23.7 0.148616923076923
23.8 0.148190769230769
23.9 0.147764615384615
24 0.147338461538461
24.1 0.146912307692308
24.2 0.146486153846154
24.3 0.14606
24.4 0.145633846153846
24.5 0.145207692307692
24.6 0.144781538461538
24.7 0.144355384615385
24.8 0.143929230769231
24.9 0.143503076923077
25 0.143076923076923
25.1 0.142637362637363
25.2 0.142197802197802
25.3 0.141758241758242
25.4 0.141318681318681
25.5 0.140879120879121
25.6 0.14043956043956
25.7 0.14
25.8 0.139585798816568
25.9 0.139171597633136
26 0.138757396449704
26.1 0.138343195266272
26.2 0.13792899408284
26.3 0.137514792899408
26.4 0.137100591715976
26.5 0.136686390532544
26.6 0.136272189349112
26.7 0.13585798816568
26.8 0.135443786982249
26.9 0.135029585798817
27 0.134615384615385
27.1 0.134185505487281
27.2 0.133755626359177
27.3 0.133325747231073
27.4 0.132895868102969
27.5 0.132465988974865
27.6 0.132036109846761
27.7 0.131606230718657
27.8 0.131176351590553
27.9 0.130746472462449
28 0.130316593334345
28.1 0.129886714206241
28.2 0.129456835078137
28.3 0.129026955950033
28.4 0.128597076821929
28.5 0.128167197693825
28.6 0.127737318565721
28.7 0.127307439437617
28.8 0.126877560309513
28.9 0.126447681181409
29 0.126017802053305
29.1 0.125587922925201
29.2 0.125158043797097
29.3 0.124728164668993
29.4 0.124298285540889
29.5 0.123868406412785
29.6 0.123438527284681
29.7 0.123008648156577
29.8 0.122578769028473
29.9 0.122148889900369
30 0.121719010772265
30.1 0.121289131644161
30.2 0.120859252516057
30.3 0.120429373387953
30.4 0.12008547008547
30.5 0.119948740642401
30.6 0.119812011199333
30.7 0.119675281756264
30.8 0.119538552313196
30.9 0.119401822870127
31 0.119265093427058
31.1 0.11912836398399
31.2 0.118991634540921
31.3 0.118854905097852
31.4 0.118718175654784
31.5 0.118581446211715
31.6 0.118444716768646
31.7 0.118307987325578
31.8 0.118171257882509
31.9 0.11803452843944
32 0.117897798996372
32.1 0.117761069553303
32.2 0.117624340110235
32.3 0.117487610667166
32.4 0.117350881224097
32.5 0.117214151781029
32.6 0.11707742233796
32.7 0.116940692894891
32.8 0.116803963451823
32.9 0.116667234008754
33 0.116530504565685
33.1 0.116393775122617
33.2 0.116257045679548
33.3 0.11612031623648
33.4 0.115983586793411
33.5 0.115846857350342
33.6 0.115710127907274
33.7 0.115573398464205
33.8 0.115436669021136
33.9 0.115299939578068
34 0.115163210134999
34.1 0.11502648069193
34.2 0.114889751248862
34.3 0.114753021805793
34.4 0.114616292362725
34.5 0.114479562919656
34.6 0.114342833476587
34.7 0.114206104033519
34.8 0.11406937459045
34.9 0.113932645147381
35 0.113795915704313
35.1 0.113659186261244
35.2 0.113522456818175
35.3 0.113385727375107
35.4 0.113248997932038
35.5 0.113112268488969
35.6 0.112975539045901
35.7 0.112838809602832
35.8 0.112702080159764
35.9 0.112565350716695
36 0.112428621273626
36.1 0.112291891830558
36.2 0.112155162387489
36.3 0.11201843294442
36.4 0.111881703501352
36.5 0.111744974058283
36.6 0.111608244615214
36.7 0.111471515172146
36.8 0.111334785729077
36.9 0.111198056286009
37 0.11106132684294
37.1 0.110924597399871
37.2 0.110787867956803
37.3 0.110651138513734
37.4 0.110514409070665
37.5 0.110377679627597
37.6 0.110240950184528
37.7 0.110104220741459
37.8 0.109967491298391
37.9 0.109830761855322
38 0.109694032412253
38.1 0.109557302969185
38.2 0.109420573526116
38.3 0.109283844083048
38.4 0.109147114639979
38.5 0.10901038519691
38.6 0.108873655753842
38.7 0.108736926310773
38.8 0.108600196867704
38.9 0.108463467424636
39 0.108326737981567
39.1 0.108190008538498
39.2 0.10805327909543
39.3 0.107916549652361
39.4 0.107779820209293
39.5 0.107643090766224
39.6 0.107506361323155
39.7 0.107369631880087
39.8 0.107232902437018
39.9 0.107096172993949
40 0.106959443550881
40.1 0.106822714107812
40.2 0.106685984664743
40.3 0.106549255221675
40.4 0.106412525778606
40.5 0.106275796335538
40.6 0.106139066892469
40.7 0.1060023374494
40.8 0.105865608006332
40.9 0.105728878563263
41 0.105592149120194
41.1 0.105455419677126
41.2 0.105318690234057
41.3 0.105181960790988
41.4 0.10504523134792
41.5 0.104908501904851
41.6 0.104771772461782
41.7 0.104635043018714
41.8 0.104498313575645
41.9 0.104361584132577
42 0.104224854689508
42.1 0.104088125246439
42.2 0.103951395803371
42.3 0.103814666360302
42.4 0.103677936917233
42.5 0.103541207474165
42.6 0.103404478031096
42.7 0.103267748588027
42.8 0.103131019144959
42.9 0.10299428970189
43 0.102857560258821
43.1 0.102720830815753
43.2 0.102584101372684
43.3 0.102447371929616
43.4 0.102310642486547
43.5 0.102173913043478
43.6 0.101549963968292
43.7 0.100926014893106
43.8 0.10030206581792
43.9 0.0996781167427336
44 0.0990541676675474
44.1 0.0984302185923613
44.2 0.0978062695171751
44.3 0.097182320441989
44.4 0.0965583713668028
44.5 0.0959344222916166
44.6 0.0953104732164305
44.7 0.0946865241412443
44.8 0.0940625750660582
44.9 0.093438625990872
45 0.0928146769156858
45.1 0.0921907278404997
45.2 0.0915667787653135
45.3 0.0909428296901273
45.4 0.0903188806149412
45.5 0.089694931539755
45.6 0.0890709824645689
45.7 0.0884470333893827
45.8 0.0878230843141965
45.9 0.0871991352390104
46 0.0865751861638242
46.1 0.0859512370886381
46.2 0.0853272880134519
46.3 0.0847033389382657
46.4 0.0840793898630796
46.5 0.0834554407878934
46.6 0.0828314917127072
46.7 0.0822075426375211
46.8 0.0815835935623349
46.9 0.0809596444871488
47 0.0803356954119626
47.1 0.0797117463367764
47.2 0.0790877972615903
47.3 0.0784638481864041
47.4 0.077839899111218
47.5 0.0772159500360318
47.6 0.0765920009608456
47.7 0.0759680518856595
47.8 0.0753441028104733
47.9 0.0747201537352871
48 0.074096204660101
48.1 0.0734722555849148
48.2 0.0728483065097286
48.3 0.0722243574345424
48.4 0.0716004083593563
48.5 0.0709764592841701
48.6 0.0703525102089839
48.7 0.0697285611337978
48.8 0.0691046120586116
48.9 0.0684806629834254
49 0.0678567139082393
49.1 0.0672327648330531
49.2 0.0666088157578669
49.3 0.0659848666826808
49.4 0.0653609176074946
49.5 0.0647369685323084
49.6 0.0641130194571223
49.7 0.0634890703819361
49.8 0.0628651213067499
49.9 0.0622411722315638
50 0.0616172231563776
50.1 0.0609932740811914
50.2 0.0603693250060053
50.3 0.0597453759308191
50.4 0.0591214268556329
50.5 0.0584974777804468
50.6 0.0578735287052606
50.7 0.057
50.8 0.0557423537366265
50.9 0.0545581157619799
51 0.0533738777873332
51.1 0.0521896398126866
51.2 0.05100540183804
51.3 0.0498211638633933
51.4 0.0486369258887467
51.5 0.0474526879141001
51.6 0.0462684499394535
51.7 0.0450842119648068
51.8 0.0438999739901602
51.9 0.0427157360155136
52 0.0415314980408669
52.1 0.0403472600662203
52.2 0.0389261744966443
52.3 0.0384665199394977
52.4 0.0380068653823511
52.5 0.0375472108252045
52.6 0.0371794871794872
52.7 0.0367526316570903
52.8 0.0363257761346933
52.9 0.0358989206122964
53 0.0354720650898995
53.1 0.0350452095675026
53.2 0.0346183540451056
53.3 0.0341914985227087
53.4 0.0337646430003118
53.5 0.0333377874779149
53.6 0.032910931955518
53.7 0.032484076433121
53.8 0.0321955481297858
53.9 0.0319070198264506
54 0.0316184915231154
54.1 0.0313299632197802
54.2 0.0310414349164451
54.3 0.0307529066131099
54.4 0.0304643783097747
54.5 0.0301758500064395
54.6 0.0298873217031043
54.7 0.0295987933997691
54.8 0.0293102650964339
54.9 0.0290217367930987
55 0.0287332084897635
55.1 0.0284446801864283
55.2 0.0281561518830931
55.3 0.0277810650887574
55.4 0.0275657894736842
55.5 0.0272913482839914
55.6 0.0270533095162879
55.7 0.0268152707485844
55.8 0.0265772319808809
55.9 0.0263391932131774
56 0.026101154445474
56.1 0.0258631156777705
56.2 0.025625076910067
56.3 0.0253870381423635
56.4 0.02514899937466
56.5 0.0249109606069565
56.6 0.024672921839253
56.7 0.0244348830715495
56.8 0.024196844303846
56.9 0.0239588055361425
57 0.023720766768439
57.1 0.0234827280007355
57.2 0.023244689233032
57.3 0.0230066504653285
57.4 0.022768611697625
57.5 0.0225305729299215
57.6 0.0222925341622181
57.7 0.0220544953945146
57.8 0.0218164566268111
57.9 0.0215784178591076
58 0.0213403790914041
58.1 0.0211023403237006
58.2 0.0208643015559971
58.3 0.0206976744186047
58.4 0.0204207749443395
58.5 0.0200884955752212
58.6 0.019870796460177
58.7 0.0196530973451327
58.8 0.0194353982300885
58.9 0.0192176991150442
59 0.019
59.1 0.0186517289073306
59.2 0.0183034578146611
59.3 0.0179551867219917
59.4 0.0176069156293223
59.5 0.0172586445366528
59.6 0.0169103734439834
59.7 0.016562102351314
59.8 0.0162138312586445
59.9 0.0158655601659751
60 0.0155172890733057
60.1 0.0151690179806362
60.2 0.0148207468879668
60.3 0.0144724757952974
60.4 0.0141242047026279
60.5 0.0137759336099585
60.6 0.0134325115938492
60.7 0.0130890895777398
60.8 0.0127456675616305
60.9 0.0124022455455211
61 0.0120588235294118
61.1 0.0117032837231278
61.2 0.0113477439168438
61.3 0.0109922041105599
61.4 0.0106366643042759
61.5 0.010281124497992
61.6 0.00993790408269851
61.7 0.00959468366740505
61.8 0.00925146325211158
61.9 0.00890824283681812
62 0.00856502242152466
62.1 0.00828838157358337
62.2 0.00801174072564207
62.3 0.00773509987770077
62.4 0.00745845902975947
62.5 0.00718181818181818
62.6 0.00690909090909091
62.7 0.00663636363636364
62.8 0.00636363636363636
62.9 0.00609090909090908
63 0.00581818181818182
63.1 0.0055393162237482
63.2 0.00526045062931458
63.3 0.00498158503488096
63.4 0.00470271944044734
63.5 0.00442385384601373
63.6 0.00414498825158011
63.7 0.00389400921658986
63.8 0.00360835182340558
63.9 0.0033226944302213
64 0.00303703703703704
64.1 0.00276092767295597
64.2 0.00248481830887491
64.3 0.00220870894479384
64.4 0.00193259958071278
64.5 0.00165649021663172
64.6 0.00138038085255065
64.7 0.00110427148846958
64.8 0.000828162124388525
64.9 0.000552052760307454
65 0.000275943396226415
65.1 0.000246896722939424
65.2 0.000217850049652432
65.3 0.000188803376365441
65.4 0.00015975670307845
65.5 0.000130710029791459
65.6 0.000101663356504467
65.7 7.26166832174762e-05
65.8 4.35700099304857e-05
65.9 3.73457227975591e-05
66 0
66.1 0
66.2 0
66.3 0
66.4 0
66.5 0
66.6 0
66.7 0
66.8 0
66.9 0
67 0
67.1 0
67.2 0
67.3 0
67.4 0
67.5 0
67.6 0
67.7 0
67.8 0
67.9 0
68 0
68.1 0
68.2 0
68.3 0
68.4 0
68.5 0
68.6 0
68.7 0
68.8 0
68.9 0
69 0
69.1 0
69.2 0
69.3 0
69.4 0
69.5 0
69.6 0
69.7 0
69.8 0
69.9 0
70 0
70.1 0
70.2 0
70.3 0
70.4 0
70.5 0
70.6 0
70.7 0
70.8 0
70.9 0
71 0
71.1 0
71.2 0
71.3 0
71.4 0
71.5 0
71.6 0
71.7 0
71.8 0
71.9 0
72 0
72.1 0
72.2 0
72.3 0
72.4 0
72.5 0
72.6 0
72.7 0
72.8 0
72.9 0
73 0
73.1 0
73.2 0
73.3 0
73.4 0
73.5 0
73.6 0
73.7 0
73.8 0
73.9 0
74 0
74.1 0
74.2 0
74.3 0
74.4 0
74.5 0
74.6 0
74.7 0
74.8 0
74.9 0
75 0
75.1 0
75.2 0
75.3 0
75.4 0
75.5 0
75.6 0
75.7 0
75.8 0
75.9 0
76 0
76.1 0
76.2 0
76.3 0
76.4 0
76.5 0
76.6 0
76.7 0
76.8 0
76.9 0
77 0
77.1 0
77.2 0
77.3 0
77.4 0
77.5 0
77.6 0
77.7 0
77.8 0
77.9 0
78 0
78.1 0
78.2 0
78.3 0
78.4 0
78.5 0
78.6 0
78.7 0
78.8 0
78.9 0
79 0
79.1 0
79.2 0
79.3 0
79.4 0
79.5 0
79.6 0
79.7 0
79.8 0
79.9 0
80 0
80.1 0
80.2 0
80.3 0
80.4 0
80.5 0
80.6 0
80.7 0
80.8 0
80.9 0
81 0
81.1 0
81.2 0
81.3 0
81.4 0
81.5 0
81.6 0
81.7 0
81.8 0
81.9 0
82 0
82.1 0
82.2 0
82.3 0
82.4 0
82.5 0
82.6 0
82.7 0
82.8 0
82.9 0
83 0
83.1 0
83.2 0
83.3 0
83.4 0
83.5 0
83.6 0
83.7 0
83.8 0
83.9 0
84 0
84.1 0
84.2 0
84.3 0
84.4 0
84.5 0
84.6 0
84.7 0
84.8 0
84.9 0
85 0
85.1 0
85.2 0
85.3 0
85.4 0
85.5 0
85.6 0
85.7 0
85.8 0
85.9 0
86 0
86.1 0
86.2 0
86.3 0
86.4 0
86.5 0
86.6 0
86.7 0
86.8 0
86.9 0
87 0
87.1 0
87.2 0
87.3 0
87.4 0
87.5 0
87.6 0
87.7 0
87.8 0
87.9 0
88 0
88.1 0
88.2 0
88.3 0
88.4 0
88.5 0
88.6 0
88.7 0
88.8 0
88.9 0
89 0
89.1 0
89.2 0
89.3 0
89.4 0
89.5 0
89.6 0
89.7 0
89.8 0
89.9 0
90 0
90.1 0
90.2 0
90.3 0
90.4 0
90.5 0
90.6 0
90.7 0
90.8 0
90.9 0
91 0
91.1 0
91.2 0
91.3 0
91.4 0
91.5 0
91.6 0
91.7 0
91.8 0
91.9 0
92 0
92.1 0
92.2 0
92.3 0
92.4 0
92.5 0
92.6 0
92.7 0
92.8 0
92.9 0
93 0
93.1 0
93.2 0
93.3 0
93.4 0
93.5 0
93.6 0
93.7 0
93.8 0
93.9 0
94 0
94.1 0
94.2 0
94.3 0
94.4 0
94.5 0
94.6 0
94.7 0
94.8 0
94.9 0
95 0
95.1 0
95.2 0
95.3 0
95.4 0
95.5 0
95.6 0
95.7 0
95.8 0
95.9 0
96 0
96.1 0
96.2 0
96.3 0
96.4 0
96.5 0
96.6 0
96.7 0
96.8 0
96.9 0
97 0
97.1 0
97.2 0
97.3 0
97.4 0
97.5 0
97.6 0
97.7 0
97.8 0
97.9 0
98 0
98.1 0
98.2 0
98.3 0
98.4 0
98.5 0
98.6 0
98.7 0
98.8 0
98.9 0
99 0
99.1 0
99.2 0
99.3 0
99.4 0
99.5 0
99.6 0
99.7 0
99.8 0
99.9 0
100 0
100.1 0
100.2 0
100.3 0
100.4 0
100.5 0
100.6 0
100.7 0
100.8 0
100.9 0
101 0
101.1 0
101.2 0
101.3 0
101.4 0
101.5 0
101.6 0
101.7 0
101.8 0
101.9 0
102 0
102.1 0
102.2 0
102.3 0
102.4 0
102.5 0
102.6 0
102.7 0
102.8 0
102.9 0
103 0
103.1 0
103.2 0
103.3 0
103.4 0
103.5 0
103.6 0
103.7 0
103.8 0
103.9 0
104 0
104.1 0
104.2 0
104.3 0
104.4 0
104.5 0
104.6 0
104.7 0
104.8 0
104.9 0
105 0
105.1 0
105.2 0
105.3 0
105.4 0
105.5 0
105.6 0
105.7 0
105.8 0
105.9 0
106 0
106.1 0
106.2 0
106.3 0
106.4 0
106.5 0
106.6 0
106.7 0
106.8 0
106.9 0
107 0
107.1 0
107.2 0
107.3 0
107.4 0
107.5 0
107.6 0
107.7 0
107.8 0
107.9 0
108 0
108.1 0
108.2 0
108.3 0
108.4 0
108.5 0
108.6 0
108.7 0
108.8 0
108.9 0
109 0
109.1 0
109.2 0
109.3 0
109.4 0
109.5 0
109.6 0
109.7 0
109.8 0
109.9 0
110 0
110.1 0
110.2 0
110.3 0
110.4 0
110.5 0
110.6 0
110.7 0
110.8 0
110.9 0
111 0
111.1 0
111.2 0
111.3 0
111.4 0
111.5 0
111.6 0
111.7 0
111.8 0
111.9 0
112 0
112.1 0
112.2 0
112.3 0
112.4 0
112.5 0
112.6 0
112.7 0
112.8 0
112.9 0
113 0
113.1 0
113.2 0
113.3 0
113.4 0
113.5 0
113.6 0
113.7 0
113.8 0
113.9 0
114 0
114.1 0
114.2 0
114.3 0
114.4 0
114.5 0
114.6 0
114.7 0
114.8 0
114.9 0
115 0
115.1 0
115.2 0
115.3 0
115.4 0
115.5 0
115.6 0
115.7 0
115.8 0
115.9 0
116 0
116.1 0
116.2 0
116.3 0
116.4 0
116.5 0
116.6 0
116.7 0
116.8 0
116.9 0
117 0
117.1 0
117.2 0
117.3 0
117.4 0
117.5 0
117.6 0
117.7 0
117.8 0
117.9 0
118 0
118.1 0
118.2 0
118.3 0
118.4 0
118.5 0
118.6 0
118.7 0
118.8 0
118.9 0
119 0
119.1 0
119.2 0
119.3 0
119.4 0
119.5 0
119.6 0
119.7 0
119.8 0
119.9 0
120 0
120.1 0
120.2 0
120.3 0
120.4 0
120.5 0
120.6 0
120.7 0
120.8 0
120.9 0
121 0
121.1 0
121.2 0
121.3 0
121.4 0
121.5 0
121.6 0
121.7 0
121.8 0
121.9 0
122 0
122.1 0
122.2 0
122.3 0
122.4 0
122.5 0
122.6 0
122.7 0
122.8 0
122.9 0
123 0
123.1 0
123.2 0
123.3 0
123.4 0
123.5 0
123.6 0
123.7 0
123.8 0
123.9 0
124 0
124.1 0
124.2 0
124.3 0
124.4 0
124.5 0
124.6 0
124.7 0
124.8 0
124.9 0
125 0
125.1 0
125.2 0
125.3 0
125.4 0
125.5 0
125.6 0
125.7 0
125.8 0
125.9 0
126 0
126.1 0
126.2 0
126.3 0
126.4 0
126.5 0
126.6 0
126.7 0
126.8 0
126.9 0
127 0
127.1 0
127.2 0
127.3 0
127.4 0
127.5 0
127.6 0
127.7 0
127.8 0
127.9 0
128 0
128.1 0
128.2 0
128.3 0
128.4 0
128.5 0
128.6 0
128.7 0
128.8 0
128.9 0
129 0
129.1 0
129.2 0
129.3 0
129.4 0
129.5 0
129.6 0
129.7 0
129.8 0
129.9 0
130 0
130.1 0
130.2 0
130.3 0
130.4 0
130.5 0
130.6 0
130.7 0
130.8 0
130.9 0
131 0
131.1 0
131.2 0
131.3 0
131.4 0
131.5 0
131.6 0
131.7 0
131.8 0
131.9 0
132 0
132.1 0
132.2 0
132.3 0
132.4 0
132.5 0
132.6 0
132.7 0
132.8 0
132.9 0
133 0
133.1 0
133.2 0
133.3 0
133.4 0
133.5 0
133.6 0
133.7 0
133.8 0
133.9 0
134 0
134.1 0
134.2 0
134.3 0
134.4 0
134.5 0
134.6 0
134.7 0
134.8 0
134.9 0
135 0
135.1 0
135.2 0
135.3 0
135.4 0
135.5 0
135.6 0
135.7 0
135.8 0
135.9 0
136 0
136.1 0
136.2 0
136.3 0
136.4 0
136.5 0
136.6 0
136.7 0
136.8 0
136.9 0
137 0
137.1 0
137.2 0
137.3 0
137.4 0
137.5 0
137.6 0
137.7 0
137.8 0
137.9 0
138 0
138.1 0
138.2 0
138.3 0
138.4 0
138.5 0
138.6 0
138.7 0
138.8 0
138.9 0
139 0
139.1 0
139.2 0
139.3 0
139.4 0
139.5 0
139.6 0
139.7 0
139.8 0
139.9 0
140 0
140.1 0
140.2 0
140.3 0
140.4 0
140.5 0
140.6 0
140.7 0
140.8 0
140.9 0
141 0
141.1 0
141.2 0
141.3 0
141.4 0
141.5 0
141.6 0
141.7 0
141.8 0
141.9 0
142 0
142.1 0
142.2 0
142.3 0
142.4 0
142.5 0
142.6 0
142.7 0
142.8 0
142.9 0
143 0
143.1 0
143.2 0
143.3 0
143.4 0
143.5 0
143.6 0
143.7 0
143.8 0
143.9 0
144 0
144.1 0
144.2 0
144.3 0
144.4 0
144.5 0
144.6 0
144.7 0
144.8 0
144.9 0
145 0
145.1 0
145.2 0
145.3 0
145.4 0
145.5 0
145.6 0
145.7 0
145.8 0
145.9 0
146 0
146.1 0
146.2 0
146.3 0
146.4 0
146.5 0
146.6 0
146.7 0
146.8 0
146.9 0
147 0
147.1 0
147.2 0
147.3 0
147.4 0
147.5 0
147.6 0
147.7 0
147.8 0
147.9 0
148 0
148.1 0
148.2 0
148.3 0
148.4 0
148.5 0
148.6 0
148.7 0
148.8 0
148.9 0
149 0
149.1 0
149.2 0
149.3 0
149.4 0
149.5 0
149.6 0
149.7 0
149.8 0
149.9 0
150 0
150.1 0
150.2 0
150.3 0
150.4 0
150.5 0
150.6 0
150.7 0
150.8 0
150.9 0
151 0
151.1 0
151.2 0
151.3 0
151.4 0
151.5 0
151.6 0
151.7 0
151.8 0
151.9 0
152 0
152.1 0
152.2 0
152.3 0
152.4 0
152.5 0
152.6 0
152.7 0
152.8 0
152.9 0
153 0
153.1 0
153.2 0
153.3 0
153.4 0
153.5 0
153.6 0
153.7 0
153.8 0
153.9 0
154 0
154.1 0
154.2 0
154.3 0
154.4 0
154.5 0
154.6 0
154.7 0
154.8 0
154.9 0
155 0
155.1 0
155.2 0
155.3 0
155.4 0
155.5 0
155.6 0
155.7 0
155.8 0
155.9 0
156 0
156.1 0
156.2 0
156.3 0
156.4 0
156.5 0
156.6 0
156.7 0
156.8 0
156.9 0
157 0
157.1 0
157.2 0
157.3 0
157.4 0
157.5 0
157.6 0
157.7 0
157.8 0
157.9 0
158 0
158.1 0
158.2 0
158.3 0
158.4 0
158.5 0
158.6 0
158.7 0
158.8 0
158.9 0
159 0
159.1 0
159.2 0
159.3 0
159.4 0
159.5 0
159.6 0
159.7 0
159.8 0
159.9 0
160 0
160.1 0
160.2 0
160.3 0
160.4 0
160.5 0
160.6 0
160.7 0
160.8 0
160.9 0
161 0
161.1 0
161.2 0
161.3 0
161.4 0
161.5 0
161.6 0
161.7 0
161.8 0
161.9 0
162 0
162.1 0
162.2 0
162.3 0
162.4 0
162.5 0
162.6 0
162.7 0
162.8 0
162.9 0
163 0
163.1 0
163.2 0
163.3 0
163.4 0
163.5 0
163.6 0
163.7 0
163.8 0
163.9 0
164 0
164.1 0
164.2 0
164.3 0
164.4 0
164.5 0
164.6 0
164.7 0
164.8 0
164.9 0
165 0
165.1 0
165.2 0
165.3 0
165.4 0
165.5 0
165.6 0
165.7 0
165.8 0
165.9 0
166 0
166.1 0
166.2 0
166.3 0
166.4 0
166.5 0
166.6 0
166.7 0
166.8 0
166.9 0
167 0
167.1 0
167.2 0
167.3 0
167.4 0
167.5 0
167.6 0
167.7 0
167.8 0
167.9 0
168 0
168.1 0
168.2 0
168.3 0
168.4 0
168.5 0
168.6 0
168.7 0
168.8 0
168.9 0
169 0
169.1 0
169.2 0
169.3 0
169.4 0
169.5 0
169.6 0
169.7 0
169.8 0
169.9 0
170 0
170.1 0
170.2 0
170.3 0
170.4 0
170.5 0
170.6 0
170.7 0
170.8 0
170.9 0
171 0
171.1 0
171.2 0
171.3 0
171.4 0
171.5 0
171.6 0
171.7 0
171.8 0
171.9 0
172 0
172.1 0
172.2 0
172.3 0
172.4 0
172.5 0
172.6 0
172.7 0
172.8 0
172.9 0
173 0
173.1 0
173.2 0
173.3 0
173.4 0
173.5 0
173.6 0
173.7 0
173.8 0
173.9 0
174 0
174.1 0
174.2 0
174.3 0
174.4 0
174.5 0
174.6 0
174.7 0
174.8 0
174.9 0
175 0
175.1 0
175.2 0
175.3 0
175.4 0
175.5 0
175.6 0
175.7 0
175.8 0
175.9 0
176 0
176.1 0
176.2 0
176.3 0
176.4 0
176.5 0
176.6 0
176.7 0
176.8 0
176.9 0
177 0
177.1 0
177.2 0
177.3 0
177.4 0
177.5 0
177.6 0
177.7 0
177.8 0
177.9 0
178 0
178.1 0
178.2 0
178.3 0
178.4 0
178.5 0
178.6 0
178.7 0
178.8 0
178.9 0
179 0
179.1 0
179.2 0
179.3 0
179.4 0
179.5 0
179.6 0
179.7 0
179.8 0
179.9 0
180 0
180.1 0
180.2 0
180.3 0
180.4 0
180.5 0
180.6 0
180.7 0
180.8 0
180.9 0
181 0
181.1 0
181.2 0
181.3 0
181.4 0
181.5 0
181.6 0
181.7 0
181.8 0
181.9 0
182 0
182.1 0
182.2 0
182.3 0
182.4 0
182.5 0
182.6 0
182.7 0
182.8 0
182.9 0
183 0
183.1 0
183.2 0
183.3 0
183.4 0
183.5 0
183.6 0
183.7 0
183.8 0
183.9 0
184 0
184.1 0
184.2 0
184.3 0
184.4 0
184.5 0
184.6 0
184.7 0
184.8 0
184.9 0
185 0
185.1 0
185.2 0
185.3 0
185.4 0
185.5 0
185.6 0
185.7 0
185.8 0
185.9 0
186 0
186.1 0
186.2 0
186.3 0
186.4 0
186.5 0
186.6 0
186.7 0
186.8 0
186.9 0
187 0
187.1 0
187.2 0
187.3 0
187.4 0
187.5 0
187.6 0
187.7 0
187.8 0
187.9 0
188 0
188.1 0
188.2 0
188.3 0
188.4 0
188.5 0
188.6 0
188.7 0
188.8 0
188.9 0
189 0
189.1 0
189.2 0
189.3 0
189.4 0
189.5 0
189.6 0
189.7 0
189.8 0
189.9 0
190 0
190.1 0
190.2 0
190.3 0
190.4 0
190.5 0
190.6 0
190.7 0
190.8 0
190.9 0
191 0
191.1 0
191.2 0
191.3 0
191.4 0
191.5 0
191.6 0
191.7 0
191.8 0
191.9 0
192 0
192.1 0
192.2 0
192.3 0
192.4 0
192.5 0
192.6 0
192.7 0
192.8 0
192.9 0
193 0
193.1 0
193.2 0
193.3 0
193.4 0
193.5 0
193.6 0
193.7 0
193.8 0
193.9 0
194 0
194.1 0
194.2 0
194.3 0
194.4 0
194.5 0
194.6 0
194.7 0
194.8 0
194.9 0
195 0
