0 0.251
0.1 0.251
0.2 0.25225
0.3 0.2535
0.4 0.25475
0.5 0.256
0.6 0.257152941176471
0.7 0.258305882352941
0.8 0.259458823529412
0.9 0.260611764705882
1 0.261764705882353
1.1 0.262972850678733
1.2 0.264180995475113
1.3 0.265389140271493
1.4 0.266597285067873
1.5 0.267805429864253
1.6 0.269013574660634
1.7 0.270221719457014
1.8 0.271429864253394
1.9 0.272638009049774
2 0.273846153846154
2.1 0.275021978021978
2.2 0.27618560060629
2.3 0.277383221111338
2.4 0.278580841616385
2.5 0.279778462121433
2.6 0.280976082626481
2.7 0.282173703131528
2.8 0.283371323636576
2.9 0.284568944141623
3 0.285766564646671
3.1 0.286964185151718
3.2 0.288161805656766
3.3 0.289359426161814
3.4 0.290557046666861
3.5 0.291754667171909
3.6 0.292952287676956
3.7 0.294149908182004
3.8 0.295347528687051
3.9 0.296545149192099
4 0.297742769697147
4.1 0.298940390202194
4.2 0.300138010707242
4.3 0.301335631212289
4.4 0.302533251717337
4.5 0.303730872222384
4.6 0.304928492727432
4.7 0.30612611323248
4.8 0.307323733737527
4.9 0.308521354242575
5 0.309718974747622
5.1 0.31091659525267
5.2 0.312114215757717
5.3 0.313311836262765
5.4 0.314509456767813
5.5 0.31570707727286
5.6 0.316904697777908
5.7 0.318102318282955
5.8 0.319299938788003
5.9 0.32049755929305
6 0.321695179798098
6.1 0.322892800303145
6.2 0.324090420808193
6.3 0.325288041313241
6.4 0.326485661818288
6.5 0.327683282323336
6.6 0.328880902828383
6.7 0.330078523333431
6.8 0.331276143838478
6.9 0.332473764343526
7 0.333671384848574
7.1 0.334869005353621
7.2 0.336066625858669
7.3 0.337264246363716
7.4 0.338461866868764
7.5 0.339659487373811
7.6 0.340857107878859
7.7 0.342054728383907
7.8 0.343252348888954
7.9 0.344449969394002
8 0.345647589899049
8.1 0.346845210404097
8.2 0.348042830909144
8.3 0.349240451414192
8.4 0.350438071919239
8.5 0.351635692424287
8.6 0.352833312929334
8.7 0.354030933434382
8.8 0.355228553939429
8.9 0.356426174444477
9 0.357623794949525
9.1 0.358821415454572
9.2 0.36001903595962
9.3 0.361216656464667
9.4 0.362414276969715
9.5 0.363611897474762
9.6 0.36480951797981
9.7 0.366007138484857
9.8 0.367204758989905
9.9 0.368402379494952
10 0.3696
10.1 0.370805
10.2 0.37201
10.3 0.373215
10.4 0.37442
10.5 0.375625
10.6 0.37683
10.7 0.378035
10.8 0.37924
10.9 0.380445
11 0.38165
11.1 0.382855
11.2 0.38406
11.3 0.385265
11.4 0.38647
11.5 0.387675
11.6 0.38888
11.7 0.390085
11.8 0.39129
11.9 0.392495
12 0.3937
12.1 0.394905
12.2 0.39611
12.3 0.397315
12.4 0.39852
12.5 0.399725
12.6 0.40093
12.7 0.402135
12.8 0.40334
12.9 0.404545
13 0.40575
13.1 0.406955
13.2 0.40816
13.3 0.409365
13.4 0.41057
13.5 0.411775
13.6 0.41298
13.7 0.414185
13.8 0.41539
13.9 0.416595
14 0.4178
14.1 0.419005
14.2 0.42021
14.3 0.421415
14.4 0.42262
14.5 0.423825000000001
14.6 0.425030000000001
14.7 0.426235000000001
14.8 0.42744
14.9 0.428645
15 0.42985
15.1 0.431055
15.2 0.43226
15.3 0.433465
15.4 0.43467
15.5 0.435875
15.6 0.43708
15.7 0.438285
15.8 0.43949
15.9 0.440695
16 0.4419
16.1 0.443105
16.2 0.44431
16.3 0.445515
16.4 0.44672
16.5 0.447925
16.6 0.44913
16.7 0.450335
16.8 0.45154
16.9 0.452745
17 0.45395
17.1 0.455155
17.2 0.45636
17.3 0.457565
17.4 0.45877
17.5 0.459975
17.6 0.46118
17.7 0.462385
17.8 0.46359
17.9 0.464795
18 0.466
18.1 0.467173684210526
18.2 0.468347368421053
18.3 0.469521052631579
18.4 0.470694736842105
18.5 0.471868421052632
18.6 0.473042105263158
18.7 0.474215789473684
18.8 0.475389473684211
18.9 0.476563157894737
19 0.477736842105263
19.1 0.47891052631579
19.2 0.480084210526316
19.3 0.481257894736842
19.4 0.482431578947369
19.5 0.483605263157895
19.6 0.484778947368421
19.7 0.485952631578948
19.8 0.487126315789474
19.9 0.4883
20 0.489473684210526
20.1 0.490681818181818
20.2 0.49188995215311
20.3 0.493098086124402
20.4 0.494306220095694
20.5 0.495514354066986
20.6 0.496722488038278
20.7 0.49793062200957
20.8 0.499138755980861
20.9 0.500346889952153
21 0.501555023923445
21.1 0.502763157894737
21.2 0.503971291866029
21.3 0.505179425837321
21.4 0.506387559808612
21.5 0.507595693779904
21.6 0.508803827751196
21.7 0.510011961722488
21.8 0.51122009569378
21.9 0.512428229665072
22 0.513636363636364
22.1 0.514796650717703
22.2 0.515956937799043
22.3 0.517117224880383
22.4 0.518277511961723
22.5 0.519437799043062
22.6 0.520598086124402
22.7 0.521758373205742
22.8 0.522918660287082
22.9 0.524078947368421
23 0.525239234449761
23.1 0.526399521531101
23.2 0.52755980861244
23.3 0.52872009569378
23.4 0.52988038277512
23.5 0.531040669856459
23.6 0.532200956937799
23.7 0.533361244019139
23.8 0.534521531100479
23.9 0.535681818181818
24 0.536842105263158
24.1 0.538012048192771
24.2 0.539181991122384
24.3 0.540351934051997
24.4 0.54152187698161
24.5 0.542691819911224
24.6 0.543861762840837
24.7 0.54503170577045
24.8 0.546201648700063
24.9 0.547371591629677
25 0.54854153455929
25.1 0.549711477488903
25.2 0.550881420418516
25.3 0.552051363348129
25.4 0.553221306277742
25.5 0.554391249207356
25.6 0.555561192136969
25.7 0.556731135066582
25.8 0.557901077996195
25.9 0.559071020925809
26 0.560240963855422
26.1 0.561447665662651
26.2 0.56265436746988
26.3 0.563861069277108
26.4 0.565067771084337
26.5 0.566274472891566
26.6 0.567481174698795
26.7 0.568687876506024
26.8 0.569894578313253
26.9 0.571101280120482
27 0.572307981927711
27.1 0.57351468373494
27.2 0.574721385542169
27.3 0.575928087349398
27.4 0.577134789156627
27.5 0.578341490963856
27.6 0.579548192771084
27.7 0.580754894578313
27.8 0.581961596385542
27.9 0.583168298192771
28 0.584375
28.1 0.585601794554455
28.2 0.586828589108911
28.3 0.588055383663366
28.4 0.589282178217822
28.5 0.590508972772277
28.6 0.591735767326732
28.7 0.592962561881188
28.8 0.594189356435643
28.9 0.595416150990099
29 0.596642945544554
29.1 0.59786974009901
29.2 0.599096534653465
29.3 0.600323329207921
29.4 0.601550123762376
29.5 0.602776918316832
29.6 0.604003712871287
29.7 0.605230507425743
29.8 0.606457301980198
29.9 0.607684096534653
30 0.608910891089109
30.1 0.609267233327106
30.2 0.609623575565104
30.3 0.609979917803101
30.4 0.610336260041099
30.5 0.610692602279096
30.6 0.611048944517093
30.7 0.611405286755091
30.8 0.611761628993088
30.9 0.612117971231086
31 0.612474313469083
31.1 0.61283065570708
31.2 0.613186997945078
31.3 0.613543340183075
31.4 0.613899682421072
31.5 0.61425602465907
31.6 0.614612366897067
31.7 0.614968709135065
31.8 0.615325051373062
31.9 0.615681393611059
32 0.616037735849057
32.1 0.616192370795734
32.2 0.616347005742412
32.3 0.616501640689089
32.4 0.616656275635767
32.5 0.616810910582445
32.6 0.616965545529122
32.7 0.6171201804758
32.8 0.617274815422477
32.9 0.617429450369155
33 0.617584085315833
33.1 0.61773872026251
33.2 0.617893355209188
33.3 0.618047990155866
33.4 0.618202625102543
33.5 0.618357260049221
33.6 0.618511894995898
33.7 0.618666529942576
33.8 0.618821164889254
33.9 0.618975799835931
34 0.619130434782609
34.1 0.619230823612584
34.2 0.619331212442559
34.3 0.619431601272534
34.4 0.61953199010251
34.5 0.619632378932485
34.6 0.61973276776246
34.7 0.619833156592435
34.8 0.619933545422411
34.9 0.620033934252386
35 0.620134323082361
35.1 0.620234711912336
35.2 0.620335100742312
35.3 0.620435489572287
35.4 0.620535878402262
35.5 0.620636267232237
35.6 0.620736656062213
35.7 0.620837044892188
35.8 0.620937433722163
35.9 0.621037822552138
36 0.621138211382114
36.1 0.621104028085735
36.2 0.621069844789357
36.3 0.621035661492979
36.4 0.6210014781966
36.5 0.620967294900222
36.6 0.620933111603843
36.7 0.620898928307465
36.8 0.620864745011087
36.9 0.620830561714708
37 0.62079637841833
37.1 0.620762195121952
37.2 0.620728011825573
37.3 0.620693828529195
37.4 0.620659645232816
37.5 0.620625461936438
37.6 0.620591278640059
37.7 0.620557095343681
37.8 0.620522912047302
37.9 0.620488728750924
38 0.620454545454545
38.1 0.620305944055944
38.2 0.620157342657343
38.3 0.620008741258741
38.4 0.61986013986014
38.5 0.619711538461538
38.6 0.619562937062937
38.7 0.619414335664336
38.8 0.619265734265734
38.9 0.619117132867133
39 0.618968531468531
39.1 0.61881993006993
39.2 0.618671328671329
39.3 0.618522727272727
39.4 0.618374125874126
39.5 0.618225524475524
39.6 0.618076923076923
39.7 0.617928321678322
39.8 0.61777972027972
39.9 0.617631118881119
40 0.617482517482517
40.1 0.617121212121212
40.2 0.616759906759907
40.3 0.616398601398601
40.4 0.616037296037296
40.5 0.615675990675991
40.6 0.615314685314685
40.7 0.61495337995338
40.8 0.614592074592075
40.9 0.614230769230769
41 0.613869463869464
41.1 0.613508158508159
41.2 0.613146853146853
41.3 0.612785547785548
41.4 0.612424242424242
41.5 0.612062937062937
41.6 0.611701631701632
41.7 0.611340326340326
41.8 0.610979020979021
41.9 0.610617715617716
42 0.61025641025641
42.1 0.609394752534287
42.2 0.608533094812165
42.3 0.607671437090042
42.4 0.606809779367919
42.5 0.605948121645796
42.6 0.605086463923673
42.7 0.60422480620155
42.8 0.603363148479427
42.9 0.602501490757304
43 0.601639833035182
43.1 0.600778175313059
43.2 0.599916517590936
43.3 0.599054859868813
43.4 0.59819320214669
43.5 0.597331544424568
43.6 0.596469886702445
43.7 0.595608228980322
43.8 0.594746571258199
43.9 0.593884913536076
44 0.593023255813953
44.1 0.592585576169323
44.2 0.592147896524693
44.3 0.591710216880063
44.4 0.591272537235432
44.5 0.590834857590802
44.6 0.590397177946172
44.7 0.589959498301542
44.8 0.589521818656911
44.9 0.589084139012281
45 0.588646459367651
45.1 0.588208779723021
45.2 0.58777110007839
45.3 0.58733342043376
45.4 0.58689574078913
45.5 0.586458061144499
45.6 0.586020381499869
45.7 0.585582701855239
45.8 0.585145022210609
45.9 0.584707342565978
46 0.584269662921348
46.1 0.584152224973021
46.2 0.584034787024694
46.3 0.583917349076366
46.4 0.583799911128039
46.5 0.583682473179712
46.6 0.583565035231384
46.7 0.583447597283057
46.8 0.58333015933473
46.9 0.583212721386403
47 0.583095283438075
47.1 0.582977845489748
47.2 0.582860407541421
47.3 0.582742969593093
47.4 0.582625531644766
47.5 0.582508093696439
47.6 0.582390655748111
47.7 0.582273217799784
47.8 0.582155779851457
47.9 0.58203834190313
48 0.581920903954802
48.1 0.582059831434658
48.2 0.582198758914513
48.3 0.582337686394369
48.4 0.582476613874225
48.5 0.58261554135408
48.6 0.582754468833936
48.7 0.582893396313791
48.8 0.583032323793647
48.9 0.583171251273502
49 0.583310178753358
49.1 0.583449106233213
49.2 0.583588033713069
49.3 0.583726961192924
49.4 0.58386588867278
49.5 0.584004816152635
49.6 0.584143743632491
49.7 0.584282671112346
49.8 0.584421598592202
49.9 0.584560526072057
50 0.584699453551913
50.1 0.58441184929537
50.2 0.584124245038827
50.3 0.583836640782284
50.4 0.583549036525741
50.5 0.583261432269198
50.6 0.582973828012655
50.7 0.582686223756112
50.8 0.582398619499569
50.9 0.582111015243026
51 0.581823410986483
51.1 0.58153580672994
51.2 0.581248202473397
51.3 0.580960598216854
51.4 0.580672993960311
51.5 0.580385389703768
51.6 0.580097785447225
51.7 0.579810181190682
51.8 0.579522576934139
51.9 0.579234972677596
52 0.578947368421053
52.1 0.578894472361809
52.2 0.578841576302565
52.3 0.578788680243322
52.4 0.578735784184078
52.5 0.578682888124835
52.6 0.578629992065591
52.7 0.578577096006347
52.8 0.578524199947104
52.9 0.57847130388786
53 0.578418407828617
53.1 0.578365511769373
53.2 0.57831261571013
53.3 0.578259719650886
53.4 0.578206823591642
53.5 0.578153927532399
53.6 0.578101031473155
53.7 0.578048135413912
53.8 0.577995239354668
53.9 0.577942343295424
54 0.577889447236181
54.1 0.577255844439589
54.2 0.576622241642998
54.3 0.575988638846406
54.4 0.575355036049814
54.5 0.574721433253223
54.6 0.574087830456631
54.7 0.57345422766004
54.8 0.572820624863448
54.9 0.572187022066856
55 0.571553419270265
55.1 0.570919816473673
55.2 0.570286213677081
55.3 0.56965261088049
55.4 0.569019008083898
55.5 0.568385405287306
55.6 0.567751802490715
55.7 0.567118199694123
55.8 0.566484596897531
55.9 0.565850994100939
56 0.565217391304348
56.1 0.564656052255562
56.2 0.564094713206777
56.3 0.563533374157991
56.4 0.562972035109206
56.5 0.562410696060421
56.6 0.561849357011635
56.7 0.56128801796285
56.8 0.560726678914064
56.9 0.560165339865279
57 0.559604000816493
57.1 0.559042661767708
57.2 0.558481322718922
57.3 0.557919983670137
57.4 0.557358644621351
57.5 0.556797305572566
57.6 0.55623596652378
57.7 0.555674627474995
57.8 0.555113288426209
57.9 0.554551949377424
58 0.553990610328638
58.1 0.554373271593029
58.2 0.554755932857419
58.3 0.555138594121809
58.4 0.555521255386199
58.5 0.555903916650589
58.6 0.556286577914979
58.7 0.556669239179369
58.8 0.557051900443759
58.9 0.557434561708149
59 0.557817222972539
59.1 0.558199884236929
59.2 0.558582545501319
59.3 0.558965206765709
59.4 0.559347868030099
59.5 0.559730529294489
59.6 0.560113190558879
59.7 0.560495851823269
59.8 0.560878513087658
59.9 0.561261174352048
60 0.561643835616438
60.1 0.56289497716895
60.2 0.564146118721461
60.3 0.565397260273973
60.4 0.566648401826484
60.5 0.567899543378995
60.6 0.569150684931507
60.7 0.570401826484018
60.8 0.571652968036529
60.9 0.572904109589041
61 0.574155251141552
61.1 0.575406392694064
61.2 0.576657534246575
61.3 0.577908675799087
61.4 0.579159817351598
61.5 0.580410958904109
61.6 0.581662100456621
61.7 0.582913242009132
61.8 0.584164383561644
61.9 0.585415525114155
62 0.586666666666667
62.1 0.589491923641703
62.2 0.59231718061674
62.3 0.595142437591777
62.4 0.597967694566813
62.5 0.60079295154185
62.6 0.603618208516887
62.7 0.606443465491924
62.8 0.60926872246696
62.9 0.612093979441997
63 0.614919236417034
63.1 0.61774449339207
63.2 0.620569750367107
63.3 0.623395007342144
63.4 0.626220264317181
63.5 0.629045521292217
63.6 0.631870778267254
63.7 0.634696035242291
63.8 0.637521292217327
63.9 0.640346549192364
64 0.643171806167401
64.1 0.64522374217482
64.2 0.64727567818224
64.3 0.649327614189659
64.4 0.651379550197079
64.5 0.653431486204498
64.6 0.655483422211918
64.7 0.657535358219337
64.8 0.659587294226756
64.9 0.661639230234176
65 0.663691166241595
65.1 0.665743102249015
65.2 0.667795038256434
65.3 0.669846974263854
65.4 0.671898910271273
65.5 0.673950846278693
65.6 0.676002782286112
65.7 0.678054718293531
65.8 0.680106654300951
65.9 0.68215859030837
66 0.684210526315789
66.1 0.685022026431718
66.2 0.685833526547647
66.3 0.686645026663575
66.4 0.687456526779504
66.5 0.688268026895432
66.6 0.689079527011361
66.7 0.689891027127289
66.8 0.690702527243218
66.9 0.691514027359147
67 0.692325527475075
67.1 0.693137027591004
67.2 0.693948527706932
67.3 0.694760027822861
67.4 0.69557152793879
67.5 0.696383028054718
67.6 0.697194528170647
67.7 0.698006028286575
67.8 0.698817528402504
67.9 0.699629028518433
68 0.700440528634361
68.1 0.700806630056524
68.2 0.701172731478688
68.3 0.701538832900851
68.4 0.701904934323014
68.5 0.702271035745177
68.6 0.70263713716734
68.7 0.703003238589504
68.8 0.703369340011667
68.9 0.70373544143383
69 0.704101542855993
69.1 0.704467644278156
69.2 0.70483374570032
69.3 0.705199847122483
69.4 0.705565948544646
69.5 0.705932049966809
69.6 0.706298151388973
69.7 0.706664252811136
69.8 0.707030354233299
69.9 0.707396455655462
70 0.707762557077626
70.1 0.70746617234301
70.2 0.707169787608395
70.3 0.70687340287378
70.4 0.706577018139165
70.5 0.706280633404549
70.6 0.705984248669934
70.7 0.705687863935319
70.8 0.705391479200704
70.9 0.705095094466088
71 0.704798709731473
71.1 0.704502324996858
71.2 0.704205940262243
71.3 0.703909555527627
71.4 0.703613170793012
71.5 0.703316786058397
71.6 0.703020401323782
71.7 0.702724016589167
71.8 0.702427631854551
71.9 0.702131247119936
72 0.701834862385321
72.1 0.701834862385321
72.2 0.701834862385321
72.3 0.701834862385321
72.4 0.702233745512565
72.5 0.702632628639808
72.6 0.703031511767052
72.7 0.703430394894296
72.8 0.70382927802154
72.9 0.704228161148783
73 0.704627044276027
73.1 0.705025927403271
73.2 0.705424810530515
73.3 0.705823693657758
73.4 0.707398838806896
73.5 0.706422018348624
73.6 0.708361730013106
73.7 0.710301441677589
73.8 0.712241153342071
73.9 0.714180865006553
74 0.716120576671035
74.1 0.718060288335518
74.2 0.72
74.3 0.716981566820276
74.4 0.713963133640553
74.5 0.710944700460829
74.6 0.707926267281106
74.7 0.704907834101382
74.8 0.701889400921659
74.9 0.698870967741935
75 0.695852534562212
75.1 0.701629713306476
75.2 0.707406892050739
75.3 0.713184070795003
75.4 0.718961249539267
75.5 0.72473842828353
75.6 0.730515607027794
75.7 0.736292785772058
75.8 0.742069964516321
75.9 0.746113989637306
76 0.74510708816681
76.1 0.744100186696314
76.2 0.743093285225819
76.3 0.742086383755323
76.4 0.741079482284827
76.5 0.740072580814332
76.6 0.739065679343836
76.7 0.738461538461539
76.8 0.743415694695667
76.9 0.748369850929795
77 0.753324007163924
77.1 0.758278163398052
77.2 0.763232319632181
77.3 0.768186475866309
77.4 0.773140632100438
77.5 0.778094788334566
77.6 0.783048944568695
77.7 0.786516853932584
77.8 0.789605808354175
77.9 0.792694762775766
78 0.795783717197357
78.1 0.798872671618948
78.2 0.801961626040539
78.3 0.80505058046213
78.4 0.808139534883721
78.5 0.810036177644711
78.6 0.8119328204057
78.7 0.81382946316669
78.8 0.81572610592768
78.9 0.817622748688669
79 0.819519391449659
79.1 0.821416034210649
79.2 0.823312676971638
79.3 0.825209319732628
79.4 0.826347305389222
79.5 0.828206087824351
79.6 0.830064870259481
79.7 0.831923652694611
79.8 0.833782435129741
79.9 0.83564121756487
80 0.8375
80.1 0.836646341463415
80.2 0.833860795280885
80.3 0.831075249098356
80.4 0.828289702915826
80.5 0.825504156733296
80.6 0.822718610550767
80.7 0.819933064368237
80.8 0.817147518185708
80.9 0.81547619047619
81 0.811536416799575
81.1 0.807596643122959
81.2 0.803656869446343
81.3 0.799717095769727
81.4 0.795777322093111
81.5 0.791837548416496
81.6 0.789473684210526
81.7 0.786068506421878
81.8 0.782663328633229
81.9 0.77925815084458
82 0.775852973055931
82.1 0.772447795267282
82.2 0.768361581920904
82.3 0.764533959449214
82.4 0.760706336977523
82.5 0.756878714505833
82.6 0.753051092034143
82.7 0.749223469562452
82.8 0.745395847090762
82.9 0.741568224619072
83 0.738888888888889
83.1 0.735749385749386
83.2 0.732609882609883
83.3 0.729470379470379
83.4 0.727272727272727
83.5 0.718084066471163
83.6 0.710567990790903
83.7 0.704301075268817
83.8 0.696611505122143
83.9 0.688921934975469
84 0.681232364828796
84.1 0.673542794682122
84.2 0.665853224535448
84.3 0.658163654388774
84.4 0.648936170212766
84.5 0.651491590125179
84.6 0.654047010037593
84.7 0.656602429950006
84.8 0.65915784986242
84.9 0.66120218579235
85 0.637349293086997
85.1 0.611111111111111
85.2 0.615591397849462
85.3 0.618279569892473
85.4 0.615289823422974
85.5 0.611702127659575
85.6 0.599344508918976
85.7 0.592886913333573
85.8 0.586429317748169
85.9 0.578680203045685
86 0.584283921747562
86.1 0.589887640449438
86.2 0.580740603433525
86.3 0.571593566417612
86.4 0.562446529401699
86.5 0.553299492385787
86.6 0.554552860813436
86.7 0.555555555555556
86.8 0.547738693467337
86.9 0.529365229696153
87 0.507317073170732
87.1 0.508313600126293
87.2 0.509708737864078
87.3 0.506246969543204
87.4 0.502439024390244
87.5 0.502439024390244
87.6 0.502439024390244
87.7 0.502439024390244
87.8 0.502439024390244
87.9 0.492753623188406
88 0.493871612123604
88.1 0.494989601058801
88.2 0.496107589993999
88.3 0.497560975609756
88.4 0.48104899633067
88.5 0.464537017051585
88.6 0.451327433628319
88.7 0.447115384615385
88.8 0.450717106967107
88.9 0.45431882931883
89 0.457920551670552
89.1 0.462962962962963
89.2 0.444561650257852
89.3 0.426160337552743
89.4 0.417105263157895
89.5 0.416423462236859
89.6 0.415741661315824
89.7 0.415059860394789
89.8 0.414378059473753
89.9 0.413696258552718
90 0.412809917355372
90.1 0.416830977052482
90.2 0.420852036749591
90.3 0.4248730964467
90.4 0.418981050841151
90.5 0.413089005235602
90.6 0.399458143331644
90.7 0.385827281427686
90.8 0.370833333333333
90.9 0.368181818181818
91 0.356896551724138
91.1 0.360531522117729
91.2 0.37914691943128
91.3 0.378501767847739
91.4 0.377856616264199
91.5 0.368620198365512
91.6 0.359383780466824
91.7 0.352918287937743
91.8 0.347955711688444
91.9 0.344978165938865
92 0.352459566553453
92.1 0.359940967168042
92.2 0.36742236778263
92.3 0.374903768397219
92.4 0.380888888888889
92.5 0.359071729957806
92.6 0.327165354330709
92.7 0.329059829059829
92.8 0.340444031117607
92.9 0.351828233175384
93 0.363212435233161
93.1 0.355623920552676
93.2 0.345
93.3 0.349492455418382
93.4 0.353086419753087
93.5 0.345106382978723
93.6 0.345
93.7 0.3424764863957
93.8 0.339952972791401
93.9 0.337429459187101
94 0.334905945582801
94.1 0.331877729257642
94.2 0.339443775027632
94.3 0.355964501179393
94.4 0.35738137065395
94.5 0.359223300970874
94.6 0.357815533980582
94.7 0.356407766990291
94.8 0.355
94.9 0.339805825242718
95 0.351732329959765
95.1 0.364851485148515
95.2 0.364851485148515
95.3 0.359681197047905
95.4 0.354510908947294
95.5 0.349340620846684
95.6 0.344170332746074
95.7 0.339000044645463
95.8 0.332795698924731
95.9 0.334048947517521
96 0.335051546391753
96.1 0.355932203389831
96.2 0.347735006996597
96.3 0.337078651685393
96.4 0.346329812285542
96.5 0.359281437125749
96.6 0.35129346050981
96.7 0.340909090909091
96.8 0.349152542372881
96.9 0.366605256693688
97 0.384057971014493
97.1 0.380293480926939
97.2 0.376528990839385
97.3 0.372764500751831
97.4 0.369000010664278
97.5 0.365235520576724
97.6 0.36147103048917
97.7 0.356953642384106
97.8 0.343708609271523
97.9 0.286423841059602
98 0.229139072847682
98.1 0.17185430463576
98.2 0.114569536423839
98.3 0.0572847682119165
98.4 0
98.5 0
98.6 0
98.7 0
98.8 0
98.9 0
99 0
99.1 0
99.2 0
99.3 0
99.4 0
99.5 0
99.6 0
99.7 0
99.8 0
99.9 0
100 0
100.1 0
100.2 0
100.3 0
100.4 0
100.5 0
100.6 0
100.7 0
100.8 0
100.9 0
101 0
101.1 0
101.2 0
101.3 0
101.4 0
101.5 0
101.6 0
101.7 0
101.8 0
101.9 0
102 0
102.1 0
102.2 0
102.3 0
102.4 0
102.5 0
102.6 0
102.7 0
102.8 0
102.9 0
103 0
103.1 0
103.2 0
103.3 0
103.4 0
103.5 0
103.6 0
103.7 0
103.8 0
103.9 0
104 0
104.1 0
104.2 0
104.3 0
104.4 0
104.5 0
104.6 0
104.7 0
104.8 0
104.9 0
105 0
105.1 0
105.2 0
105.3 0
105.4 0
105.5 0
105.6 0
105.7 0
105.8 0
105.9 0
106 0
106.1 0
106.2 0
106.3 0
106.4 0
106.5 0
106.6 0
106.7 0
106.8 0
106.9 0
107 0
107.1 0
107.2 0
107.3 0
107.4 0
107.5 0
107.6 0
107.7 0
107.8 0
107.9 0
108 0
108.1 0
108.2 0
108.3 0
108.4 0
108.5 0
108.6 0
108.7 0
108.8 0
108.9 0
109 0
109.1 0
109.2 0
109.3 0
109.4 0
109.5 0
109.6 0
109.7 0
109.8 0
109.9 0
110 0
110.1 0
110.2 0
110.3 0
110.4 0
110.5 0
110.6 0
110.7 0
110.8 0
110.9 0
111 0
111.1 0
111.2 0
111.3 0
111.4 0
111.5 0
111.6 0
111.7 0
111.8 0
111.9 0
112 0
112.1 0
112.2 0
112.3 0
112.4 0
112.5 0
112.6 0
112.7 0
112.8 0
112.9 0
113 0
113.1 0
113.2 0
113.3 0
113.4 0
113.5 0
113.6 0
113.7 0
113.8 0
113.9 0
114 0
114.1 0
114.2 0
114.3 0
114.4 0
114.5 0
114.6 0
114.7 0
114.8 0
114.9 0
115 0
115.1 0
115.2 0
115.3 0
115.4 0
115.5 0
115.6 0
115.7 0
115.8 0
115.9 0
116 0
116.1 0
116.2 0
116.3 0
116.4 0
116.5 0
116.6 0
116.7 0
116.8 0
116.9 0
117 0
117.1 0
117.2 0
117.3 0
117.4 0
117.5 0
117.6 0
117.7 0
117.8 0
117.9 0
118 0
118.1 0
118.2 0
118.3 0
118.4 0
118.5 0
118.6 0
118.7 0
118.8 0
118.9 0
119 0
119.1 0
119.2 0
119.3 0
119.4 0
119.5 0
119.6 0
119.7 0
119.8 0
119.9 0
120 0
120.1 0
120.2 0
120.3 0
120.4 0
120.5 0
120.6 0
120.7 0
120.8 0
120.9 0
121 0
121.1 0
121.2 0
121.3 0
121.4 0
121.5 0
121.6 0
121.7 0
121.8 0
121.9 0
122 0
122.1 0
122.2 0
122.3 0
122.4 0
122.5 0
122.6 0
122.7 0
122.8 0
122.9 0
123 0
123.1 0
123.2 0
123.3 0
123.4 0
123.5 0
123.6 0
123.7 0
123.8 0
123.9 0
124 0
124.1 0
124.2 0
124.3 0
124.4 0
124.5 0
124.6 0
124.7 0
124.8 0
124.9 0
125 0
125.1 0
125.2 0
125.3 0
125.4 0
125.5 0
125.6 0
125.7 0
125.8 0
125.9 0
126 0
126.1 0
126.2 0
126.3 0
126.4 0
126.5 0
126.6 0
126.7 0
126.8 0
126.9 0
127 0
127.1 0
127.2 0
127.3 0
127.4 0
127.5 0
127.6 0
127.7 0
127.8 0
127.9 0
128 0
128.1 0
128.2 0
128.3 0
128.4 0
128.5 0
128.6 0
128.7 0
128.8 0
128.9 0
129 0
129.1 0
129.2 0
129.3 0
129.4 0
129.5 0
129.6 0
129.7 0
129.8 0
129.9 0
130 0
130.1 0
130.2 0
130.3 0
130.4 0
130.5 0
130.6 0
130.7 0
130.8 0
130.9 0
131 0
131.1 0
131.2 0
131.3 0
131.4 0
131.5 0
131.6 0
131.7 0
131.8 0
131.9 0
132 0
132.1 0
132.2 0
132.3 0
132.4 0
132.5 0
132.6 0
132.7 0
132.8 0
132.9 0
133 0
133.1 0
133.2 0
133.3 0
133.4 0
133.5 0
133.6 0
133.7 0
133.8 0
133.9 0
134 0
134.1 0
134.2 0
134.3 0
134.4 0
134.5 0
134.6 0
134.7 0
134.8 0
134.9 0
135 0
135.1 0
135.2 0
135.3 0
135.4 0
135.5 0
135.6 0
135.7 0
135.8 0
135.9 0
136 0
136.1 0
136.2 0
136.3 0
136.4 0
136.5 0
136.6 0
136.7 0
136.8 0
136.9 0
137 0
137.1 0
137.2 0
137.3 0
137.4 0
137.5 0
137.6 0
137.7 0
137.8 0
137.9 0
138 0
138.1 0
138.2 0
138.3 0
138.4 0
138.5 0
138.6 0
138.7 0
138.8 0
138.9 0
139 0
139.1 0
139.2 0
139.3 0
139.4 0
139.5 0
139.6 0
139.7 0
139.8 0
139.9 0
140 0
140.1 0
140.2 0
140.3 0
140.4 0
140.5 0
140.6 0
140.7 0
140.8 0
140.9 0
141 0
141.1 0
141.2 0
141.3 0
141.4 0
141.5 0
141.6 0
141.7 0
141.8 0
141.9 0
142 0
142.1 0
142.2 0
142.3 0
142.4 0
142.5 0
142.6 0
142.7 0
142.8 0
142.9 0
143 0
143.1 0
143.2 0
143.3 0
143.4 0
143.5 0
143.6 0
143.7 0
143.8 0
143.9 0
144 0
144.1 0
144.2 0
144.3 0
144.4 0
144.5 0
144.6 0
144.7 0
144.8 0
144.9 0
145 0
145.1 0
145.2 0
145.3 0
145.4 0
145.5 0
145.6 0
145.7 0
145.8 0
145.9 0
146 0
146.1 0
146.2 0
146.3 0
146.4 0
146.5 0
146.6 0
146.7 0
146.8 0
146.9 0
147 0
147.1 0
147.2 0
147.3 0
147.4 0
147.5 0
147.6 0
147.7 0
147.8 0
147.9 0
148 0
148.1 0
148.2 0
148.3 0
148.4 0
148.5 0
148.6 0
148.7 0
148.8 0
148.9 0
149 0
149.1 0
149.2 0
149.3 0
149.4 0
149.5 0
149.6 0
149.7 0
149.8 0
149.9 0
150 0
150.1 0
150.2 0
150.3 0
150.4 0
150.5 0
150.6 0
150.7 0
150.8 0
150.9 0
151 0
151.1 0
151.2 0
151.3 0
151.4 0
151.5 0
151.6 0
151.7 0
151.8 0
151.9 0
152 0
152.1 0
152.2 0
152.3 0
152.4 0
152.5 0
152.6 0
152.7 0
152.8 0
152.9 0
153 0
153.1 0
153.2 0
153.3 0
153.4 0
153.5 0
153.6 0
153.7 0
153.8 0
153.9 0
154 0
154.1 0
154.2 0
154.3 0
154.4 0
154.5 0
154.6 0
154.7 0
154.8 0
154.9 0
155 0
155.1 0
155.2 0
155.3 0
155.4 0
155.5 0
155.6 0
155.7 0
155.8 0
155.9 0
156 0
156.1 0
156.2 0
156.3 0
156.4 0
156.5 0
156.6 0
156.7 0
156.8 0
156.9 0
157 0
157.1 0
157.2 0
157.3 0
157.4 0
157.5 0
157.6 0
157.7 0
157.8 0
157.9 0
158 0
158.1 0
158.2 0
158.3 0
158.4 0
158.5 0
158.6 0
158.7 0
158.8 0
158.9 0
159 0
159.1 0
159.2 0
159.3 0
159.4 0
159.5 0
159.6 0
159.7 0
159.8 0
159.9 0
160 0
160.1 0
160.2 0
160.3 0
160.4 0
160.5 0
160.6 0
160.7 0
160.8 0
160.9 0
161 0
161.1 0
161.2 0
161.3 0
161.4 0
161.5 0
161.6 0
161.7 0
161.8 0
161.9 0
162 0
162.1 0
162.2 0
162.3 0
162.4 0
162.5 0
162.6 0
162.7 0
162.8 0
162.9 0
163 0
163.1 0
163.2 0
163.3 0
163.4 0
163.5 0
163.6 0
163.7 0
163.8 0
163.9 0
164 0
164.1 0
164.2 0
164.3 0
164.4 0
164.5 0
164.6 0
164.7 0
164.8 0
164.9 0
165 0
165.1 0
165.2 0
165.3 0
165.4 0
165.5 0
165.6 0
165.7 0
165.8 0
165.9 0
166 0
166.1 0
166.2 0
166.3 0
166.4 0
166.5 0
166.6 0
166.7 0
166.8 0
166.9 0
167 0
167.1 0
167.2 0
167.3 0
167.4 0
167.5 0
167.6 0
167.7 0
167.8 0
167.9 0
168 0
168.1 0
168.2 0
168.3 0
168.4 0
168.5 0
168.6 0
168.7 0
168.8 0
168.9 0
169 0
169.1 0
169.2 0
169.3 0
169.4 0
169.5 0
169.6 0
169.7 0
169.8 0
169.9 0
170 0
170.1 0
170.2 0
170.3 0
170.4 0
170.5 0
170.6 0
170.7 0
170.8 0
170.9 0
171 0
171.1 0
171.2 0
171.3 0
171.4 0
171.5 0
171.6 0
171.7 0
171.8 0
171.9 0
172 0
172.1 0
172.2 0
172.3 0
172.4 0
172.5 0
172.6 0
172.7 0
172.8 0
172.9 0
173 0
173.1 0
173.2 0
173.3 0
173.4 0
173.5 0
173.6 0
173.7 0
173.8 0
173.9 0
174 0
174.1 0
174.2 0
174.3 0
174.4 0
174.5 0
174.6 0
174.7 0
174.8 0
174.9 0
175 0
175.1 0
175.2 0
175.3 0
175.4 0
175.5 0
175.6 0
175.7 0
175.8 0
175.9 0
176 0
176.1 0
176.2 0
176.3 0
176.4 0
176.5 0
176.6 0
176.7 0
176.8 0
176.9 0
177 0
177.1 0
177.2 0
177.3 0
177.4 0
177.5 0
177.6 0
177.7 0
177.8 0
177.9 0
178 0
178.1 0
178.2 0
178.3 0
178.4 0
178.5 0
178.6 0
178.7 0
178.8 0
178.9 0
179 0
179.1 0
179.2 0
179.3 0
179.4 0
179.5 0
179.6 0
179.7 0
179.8 0
179.9 0
180 0
180.1 0
180.2 0
180.3 0
180.4 0
180.5 0
180.6 0
180.7 0
180.8 0
180.9 0
181 0
181.1 0
181.2 0
181.3 0
181.4 0
181.5 0
181.6 0
181.7 0
181.8 0
181.9 0
182 0
182.1 0
182.2 0
182.3 0
182.4 0
182.5 0
182.6 0
182.7 0
182.8 0
182.9 0
183 0
183.1 0
183.2 0
183.3 0
183.4 0
183.5 0
183.6 0
183.7 0
183.8 0
183.9 0
184 0
184.1 0
184.2 0
184.3 0
184.4 0
184.5 0
184.6 0
184.7 0
184.8 0
184.9 0
185 0
185.1 0
185.2 0
185.3 0
185.4 0
185.5 0
185.6 0
185.7 0
185.8 0
185.9 0
186 0
186.1 0
