0 0.0751
0.1 0.0751
0.2 0.0752
0.3 0.0753
0.4 0.0754
0.5 0.0755
0.6 0.0756058823529412
0.7 0.0757117647058824
0.8 0.0758176470588235
0.9 0.0759235294117647
1 0.0760294117647059
1.1 0.076118778280543
1.2 0.0762081447963801
1.3 0.0762975113122172
1.4 0.0763868778280543
1.5 0.0764762443438914
1.6 0.0765656108597285
1.7 0.0766549773755656
1.8 0.0767443438914027
1.9 0.0768337104072398
2 0.0769230769230769
2.1 0.0770824175824176
2.2 0.0772839333080712
2.3 0.0773905495477114
2.4 0.0774971657873515
2.5 0.0776037820269916
2.6 0.0777103982666317
2.7 0.0778170145062718
2.8 0.0779236307459119
2.9 0.0780302469855521
3 0.0781368632251922
3.1 0.0782434794648323
3.2 0.0783500957044724
3.3 0.0784567119441125
3.4 0.0785633281837526
3.5 0.0786699444233928
3.6 0.0787765606630329
3.7 0.078883176902673
3.8 0.0789897931423131
3.9 0.0790964093819532
4 0.0792030256215933
4.1 0.0793096418612335
4.2 0.0794162581008736
4.3 0.0795228743405137
4.4 0.0796294905801538
4.5 0.0797361068197939
4.6 0.079842723059434
4.7 0.0799493392990742
4.8 0.0800559555387143
4.9 0.0801625717783544
5 0.0802691880179945
5.1 0.0803758042576346
5.2 0.0804824204972747
5.3 0.0805890367369148
5.4 0.0806956529765549
5.5 0.080802269216195
5.6 0.0809088854558351
5.7 0.0810155016954753
5.8 0.0811221179351154
5.9 0.0812287341747555
6 0.0813353504143956
6.1 0.0814419666540357
6.2 0.0815485828936758
6.3 0.0816551991333159
6.4 0.081761815372956
6.5 0.0818684316125961
6.6 0.0819750478522362
6.7 0.0820816640918764
6.8 0.0821882803315165
6.9 0.0822948965711566
7 0.0824015128107967
7.1 0.0825081290504368
7.2 0.0826147452900769
7.3 0.082721361529717
7.4 0.0828279777693571
7.5 0.0829345940089972
7.6 0.0830412102486374
7.7 0.0831478264882775
7.8 0.0832544427279176
7.9 0.0833610589675577
8 0.0834676752071978
8.1 0.0835742914468379
8.2 0.083680907686478
8.3 0.0837875239261181
8.4 0.0838941401657582
8.5 0.0840007564053983
8.6 0.0841073726450385
8.7 0.0842139888846786
8.8 0.0843206051243187
8.9 0.0844272213639588
9 0.0845338376035989
9.1 0.084640453843239
9.2 0.0847470700828791
9.3 0.0848536863225192
9.4 0.0849603025621593
9.5 0.0850669188017995
9.6 0.0851735350414396
9.7 0.0852801512810797
9.8 0.0853867675207198
9.9 0.0854933837603599
10 0.0856
10.1 0.0857025
10.2 0.085805
10.3 0.0859075
10.4 0.08601
10.5 0.0861125
10.6 0.086215
10.7 0.0863175
10.8 0.08642
10.9 0.0865225
11 0.086625
11.1 0.0867275000000001
11.2 0.0868300000000001
11.3 0.0869325000000001
11.4 0.0870350000000001
11.5 0.0871375000000001
11.6 0.0872400000000001
11.7 0.0873425000000001
11.8 0.0874450000000001
11.9 0.0875475000000001
12 0.0876500000000001
12.1 0.0877525000000001
12.2 0.0878550000000001
12.3 0.0879575000000001
12.4 0.0880600000000001
12.5 0.0881625000000001
12.6 0.0882650000000001
12.7 0.0883675000000001
12.8 0.0884700000000001
12.9 0.0885725000000001
13 0.0886750000000001
13.1 0.0887775000000001
13.2 0.0888800000000001
13.3 0.0889825000000001
13.4 0.0890850000000001
13.5 0.0891875000000001
13.6 0.08929
13.7 0.0893925000000001
13.8 0.089495
13.9 0.0895975000000001
14 0.0897
14.1 0.0898025
14.2 0.089905
14.3 0.0900075
14.4 0.09011
14.5 0.0902125
14.6 0.090315
14.7 0.0904175
14.8 0.09052
14.9 0.0906225
15 0.090725
15.1 0.0908275
15.2 0.09093
15.3 0.0910325
15.4 0.091135
15.5 0.0912375
15.6 0.09134
15.7 0.0914425
15.8 0.091545
15.9 0.0916475
16 0.09175
16.1 0.0918525
16.2 0.091955
16.3 0.0920575
16.4 0.09216
16.5 0.0922625
16.6 0.092365
16.7 0.0924675
16.8 0.09257
16.9 0.0926725
17 0.092775
17.1 0.0928775
17.2 0.09298
17.3 0.0930825
17.4 0.093185
17.5 0.0932875
17.6 0.09339
17.7 0.0934925
17.8 0.093595
17.9 0.0936975
18 0.0938
18.1 0.0939082456140351
18.2 0.0940164912280702
18.3 0.0941247368421053
18.4 0.0942329824561404
18.5 0.0943412280701754
18.6 0.0944494736842105
18.7 0.0945577192982456
18.8 0.0946659649122807
18.9 0.0947742105263158
19 0.0948824561403509
19.1 0.094990701754386
19.2 0.0950989473684211
19.3 0.0952071929824561
19.4 0.0953154385964912
19.5 0.0954236842105263
19.6 0.0955319298245614
19.7 0.0956401754385965
19.8 0.0957484210526316
19.9 0.0958566666666667
20 0.0959649122807018
20.1 0.0960681818181818
20.2 0.0961714513556619
20.3 0.0962747208931419
20.4 0.096377990430622
20.5 0.0964812599681021
20.6 0.0965845295055821
20.7 0.0966877990430622
20.8 0.0967910685805423
20.9 0.0968943381180223
21 0.0969976076555024
21.1 0.0971008771929825
21.2 0.0972041467304625
21.3 0.0973074162679426
21.4 0.0974106858054226
21.5 0.0975139553429027
21.6 0.0976172248803828
21.7 0.0977204944178628
21.8 0.0978237639553429
21.9 0.097927033492823
22 0.098030303030303
22.1 0.0981419457735247
22.2 0.0982535885167464
22.3 0.0983652312599681
22.4 0.0984768740031898
22.5 0.0985885167464115
22.6 0.0987001594896331
22.7 0.0988118022328548
22.8 0.0989234449760765
22.9 0.0990350877192982
23 0.0991467304625199
23.1 0.0992583732057416
23.2 0.0993700159489633
23.3 0.099481658692185
23.4 0.0995933014354067
23.5 0.0997049441786284
23.6 0.0998165869218501
23.7 0.0999282296650718
23.8 0.100039872408293
23.9 0.100151515151515
24 0.100263157894737
24.1 0.100364457831325
24.2 0.100465757767914
24.3 0.100567057704502
24.4 0.100668357641091
24.5 0.100769657577679
24.6 0.100870957514268
24.7 0.100972257450856
24.8 0.101073557387445
24.9 0.101174857324033
25 0.101276157260621
25.1 0.10137745719721
25.2 0.101478757133798
25.3 0.101580057070387
25.4 0.101681357006975
25.5 0.101782656943564
25.6 0.101883956880152
25.7 0.101985256816741
25.8 0.102086556753329
25.9 0.102187856689918
26 0.102289156626506
26.1 0.102383032128514
26.2 0.102476907630522
26.3 0.10257078313253
26.4 0.102664658634538
26.5 0.102758534136546
26.6 0.102852409638554
26.7 0.102946285140562
26.8 0.10304016064257
26.9 0.103134036144578
27 0.103227911646586
27.1 0.103321787148594
27.2 0.103415662650602
27.3 0.10350953815261
27.4 0.103603413654618
27.5 0.103697289156627
27.6 0.103791164658635
27.7 0.103885040160643
27.8 0.103978915662651
27.9 0.104072791164659
28 0.104166666666667
28.1 0.104304867986799
28.2 0.104443069306931
28.3 0.104581270627063
28.4 0.104719471947195
28.5 0.104857673267327
28.6 0.104995874587459
28.7 0.105134075907591
28.8 0.105272277227723
28.9 0.105410478547855
29 0.105548679867987
29.1 0.105686881188119
29.2 0.105825082508251
29.3 0.105963283828383
29.4 0.106101485148515
29.5 0.106239686468647
29.6 0.106377887788779
29.7 0.106516089108911
29.8 0.106654290429043
29.9 0.106792491749175
30 0.106930693069307
30.1 0.107008686717728
30.2 0.10708668036615
30.3 0.107164674014571
30.4 0.107242667662993
30.5 0.107320661311414
30.6 0.107398654959836
30.7 0.107476648608257
30.8 0.107554642256678
30.9 0.1076326359051
31 0.107710629553521
31.1 0.107788623201943
31.2 0.107866616850364
31.3 0.107944610498786
31.4 0.108022604147207
31.5 0.108100597795629
31.6 0.10817859144405
31.7 0.108256585092472
31.8 0.108334578740893
31.9 0.108412572389314
32 0.108490566037736
32.1 0.108587776866284
32.2 0.108684987694832
32.3 0.10878219852338
32.4 0.108879409351928
32.5 0.108976620180476
32.6 0.109073831009024
32.7 0.109171041837572
32.8 0.10926825266612
32.9 0.109365463494668
33 0.109462674323216
33.1 0.109559885151764
33.2 0.109657095980312
33.3 0.10975430680886
33.4 0.109851517637408
33.5 0.109948728465956
33.6 0.110045939294504
33.7 0.110143150123052
33.8 0.1102403609516
33.9 0.110337571780148
34 0.110434782608696
34.1 0.110563449982326
34.2 0.110692117355956
34.3 0.110820784729586
34.4 0.110949452103217
34.5 0.111078119476847
34.6 0.111206786850477
34.7 0.111335454224107
34.8 0.111464121597738
34.9 0.111592788971368
35 0.111721456344998
35.1 0.111850123718628
35.2 0.111978791092259
35.3 0.112107458465889
35.4 0.112236125839519
35.5 0.11236479321315
35.6 0.11249346058678
35.7 0.11262212796041
35.8 0.11275079533404
35.9 0.112879462707671
36 0.113008130081301
36.1 0.113115299334812
36.2 0.113222468588322
36.3 0.113329637841833
36.4 0.113436807095344
36.5 0.113543976348854
36.6 0.113651145602365
36.7 0.113758314855876
36.8 0.113865484109387
36.9 0.113972653362897
37 0.114079822616408
37.1 0.114186991869919
37.2 0.114294161123429
37.3 0.11440133037694
37.4 0.114508499630451
37.5 0.114615668883962
37.6 0.114722838137472
37.7 0.114830007390983
37.8 0.114937176644494
37.9 0.115044345898004
38 0.115151515151515
38.1 0.1152331002331
38.2 0.115314685314685
38.3 0.11539627039627
38.4 0.115477855477855
38.5 0.115559440559441
38.6 0.115641025641026
38.7 0.115722610722611
38.8 0.115804195804196
38.9 0.115885780885781
39 0.115967365967366
39.1 0.116048951048951
39.2 0.116130536130536
39.3 0.116212121212121
39.4 0.116293706293706
39.5 0.116375291375291
39.6 0.116456876456876
39.7 0.116538461538462
39.8 0.116620046620047
39.9 0.116701631701632
40 0.116783216783217
40.1 0.116905594405594
40.2 0.117027972027972
40.3 0.11715034965035
40.4 0.117272727272727
40.5 0.117395104895105
40.6 0.117517482517483
40.7 0.11763986013986
40.8 0.117762237762238
40.9 0.117884615384615
41 0.118006993006993
41.1 0.118129370629371
41.2 0.118251748251748
41.3 0.118374125874126
41.4 0.118496503496504
41.5 0.118618881118881
41.6 0.118741258741259
41.7 0.118863636363636
41.8 0.118986013986014
41.9 0.119108391608392
42 0.119230769230769
42.1 0.119315742397138
42.2 0.119400715563506
42.3 0.119485688729875
42.4 0.119570661896243
42.5 0.119655635062612
42.6 0.11974060822898
42.7 0.119825581395349
42.8 0.119910554561717
42.9 0.119995527728086
43 0.120080500894454
43.1 0.120165474060823
43.2 0.120250447227191
43.3 0.12033542039356
43.4 0.120420393559928
43.5 0.120505366726297
43.6 0.120590339892665
43.7 0.120675313059034
43.8 0.120760286225403
43.9 0.120845259391771
44 0.12093023255814
44.1 0.121035406323491
44.2 0.121140580088842
44.3 0.121245753854194
44.4 0.121350927619545
44.5 0.121456101384897
44.6 0.121561275150248
44.7 0.1216664489156
44.8 0.121771622680951
44.9 0.121876796446303
45 0.121981970211654
45.1 0.122087143977005
45.2 0.122192317742357
45.3 0.122297491507708
45.4 0.12240266527306
45.5 0.122507839038411
45.6 0.122613012803763
45.7 0.122718186569114
45.8 0.122823360334466
45.9 0.122928534099817
46 0.123033707865169
46.1 0.123153208912588
46.2 0.123272709960008
46.3 0.123392211007427
46.4 0.123511712054847
46.5 0.123631213102266
46.6 0.123750714149686
46.7 0.123870215197105
46.8 0.123989716244525
46.9 0.124109217291944
47 0.124228718339364
47.1 0.124348219386783
47.2 0.124467720434203
47.3 0.124587221481623
47.4 0.124706722529042
47.5 0.124826223576462
47.6 0.124945724623881
47.7 0.125065225671301
47.8 0.12518472671872
47.9 0.12530422776614
48 0.125423728813559
48.1 0.125518662591461
48.2 0.125613596369362
48.3 0.125708530147263
48.4 0.125803463925164
48.5 0.125898397703066
48.6 0.125993331480967
48.7 0.126088265258868
48.8 0.126183199036769
48.9 0.126278132814671
49 0.126373066592572
49.1 0.126468000370473
49.2 0.126562934148374
49.3 0.126657867926276
49.4 0.126752801704177
49.5 0.126847735482078
49.6 0.12694266925998
49.7 0.127037603037881
49.8 0.127132536815782
49.9 0.127227470593683
50 0.127322404371585
50.1 0.127429968363532
50.2 0.127537532355479
50.3 0.127645096347426
50.4 0.127752660339373
50.5 0.12786022433132
50.6 0.127967788323267
50.7 0.128075352315214
50.8 0.128182916307161
50.9 0.128290480299108
51 0.128398044291056
51.1 0.128505608283003
51.2 0.12861317227495
51.3 0.128720736266897
51.4 0.128828300258844
51.5 0.128935864250791
51.6 0.129043428242738
51.7 0.129150992234685
51.8 0.129258556226632
51.9 0.129366120218579
52 0.129473684210526
52.1 0.129582914572864
52.2 0.129692144935202
52.3 0.12980137529754
52.4 0.129910605659878
52.5 0.130019836022216
52.6 0.130129066384554
52.7 0.130238296746892
52.8 0.13034752710923
52.9 0.130456757471568
53 0.130565987833906
53.1 0.130675218196244
53.2 0.130784448558582
53.3 0.13089367892092
53.4 0.131002909283258
53.5 0.131112139645596
53.6 0.131221370007934
53.7 0.131330600370272
53.8 0.13143983073261
53.9 0.131549061094948
54 0.131658291457286
54.1 0.131766198140461
54.2 0.131874104823635
54.3 0.131982011506809
54.4 0.132089918189984
54.5 0.132197824873158
54.6 0.132305731556332
54.7 0.132413638239507
54.8 0.132521544922681
54.9 0.132629451605855
55 0.13273735828903
55.1 0.132845264972204
55.2 0.132953171655378
55.3 0.133061078338553
55.4 0.133168985021727
55.5 0.133276891704901
55.6 0.133384798388076
55.7 0.13349270507125
55.8 0.133600611754424
55.9 0.133708518437599
56 0.133816425120773
56.1 0.13390964142342
56.2 0.134002857726067
56.3 0.134096074028713
56.4 0.13418929033136
56.5 0.134282506634007
56.6 0.134375722936654
56.7 0.134468939239301
56.8 0.134562155541947
56.9 0.134655371844594
57 0.134748588147241
57.1 0.134841804449888
57.2 0.134935020752535
57.3 0.135028237055181
57.4 0.135121453357828
57.5 0.135214669660475
57.6 0.135307885963122
57.7 0.135401102265769
57.8 0.135494318568415
57.9 0.135587534871062
58 0.135680751173709
58.1 0.135791690783973
58.2 0.135902630394238
58.3 0.136013570004502
58.4 0.136124509614766
58.5 0.136235449225031
58.6 0.136346388835295
58.7 0.136457328445559
58.8 0.136568268055823
58.9 0.136679207666088
59 0.136790147276352
59.1 0.136901086886616
59.2 0.137012026496881
59.3 0.137122966107145
59.4 0.137233905717409
59.5 0.137344845327674
59.6 0.137455784937938
59.7 0.137566724548202
59.8 0.137677664158467
59.9 0.137788603768731
60 0.137899543378995
60.1 0.137715677321157
60.2 0.137531811263318
60.3 0.137347945205479
60.4 0.137164079147641
60.5 0.136980213089802
60.6 0.136796347031963
60.7 0.136612480974125
60.8 0.136428614916286
60.9 0.136244748858448
61 0.136060882800609
61.1 0.13587701674277
61.2 0.135693150684932
61.3 0.135509284627093
61.4 0.135325418569254
61.5 0.135141552511416
61.6 0.134957686453577
61.7 0.134773820395738
61.8 0.1345899543379
61.9 0.134406088280061
62 0.134222222222222
62.1 0.133964855604503
62.2 0.133707488986784
62.3 0.133450122369065
62.4 0.133192755751346
62.5 0.132935389133627
62.6 0.132678022515908
62.7 0.132420655898189
62.8 0.13216328928047
62.9 0.131905922662751
63 0.131648556045032
63.1 0.131391189427313
63.2 0.131133822809594
63.3 0.130876456191875
63.4 0.130619089574156
63.5 0.130361722956437
63.6 0.130104356338718
63.7 0.129846989720999
63.8 0.129589623103279
63.9 0.12933225648556
64 0.129074889867841
64.1 0.129331671690239
64.2 0.129588453512636
64.3 0.129845235335034
64.4 0.130102017157431
64.5 0.130358798979828
64.6 0.130615580802226
64.7 0.130872362624623
64.8 0.131129144447021
64.9 0.131385926269418
65 0.131642708091816
65.1 0.131899489914213
65.2 0.13215627173661
65.3 0.132413053559008
65.4 0.132669835381405
65.5 0.132926617203802
65.6 0.1331833990262
65.7 0.133440180848597
65.8 0.133696962670995
65.9 0.133953744493392
66 0.134210526315789
66.1 0.138689427312775
66.2 0.143168328309761
66.3 0.147647229306747
66.4 0.152126130303733
66.5 0.156605031300719
66.6 0.161083932297705
66.7 0.165562833294691
66.8 0.170041734291676
66.9 0.174520635288662
67 0.178999536285648
67.1 0.183478437282634
67.2 0.18795733827962
67.3 0.192436239276606
67.4 0.196915140273592
67.5 0.201394041270578
67.6 0.205872942267564
67.7 0.210351843264549
67.8 0.214830744261535
67.9 0.219309645258521
68 0.223788546255507
68.1 0.223489529901635
68.2 0.223190513547764
68.3 0.222891497193893
68.4 0.222592480840022
68.5 0.22229346448615
68.6 0.221994448132279
68.7 0.221695431778408
68.8 0.221396415424537
68.9 0.221097399070666
69 0.220798382716794
69.1 0.220499366362923
69.2 0.220200350009052
69.3 0.219901333655181
69.4 0.219602317301309
69.5 0.219303300947438
69.6 0.219004284593567
69.7 0.218705268239696
69.8 0.218406251885825
69.9 0.218107235531953
70 0.217808219178082
70.1 0.21808753298982
70.2 0.218366846801558
70.3 0.218646160613297
70.4 0.218925474425035
70.5 0.219204788236773
70.6 0.219484102048511
70.7 0.219763415860249
70.8 0.220042729671987
70.9 0.220322043483725
71 0.220601357295463
71.1 0.220880671107201
71.2 0.221159984918939
71.3 0.221439298730677
71.4 0.221718612542416
71.5 0.221997926354154
71.6 0.222277240165892
71.7 0.22255655397763
71.8 0.222835867789368
71.9 0.223115181601106
72 0.223394495412844
72.1 0.223558322411533
72.2 0.223722149410223
72.3 0.223853211009174
72.4 0.223613881132828
72.5 0.223374551256482
72.6 0.223135221380136
72.7 0.222895891503789
72.8 0.222656561627443
72.9 0.222417231751097
73 0.222177901874751
73.1 0.221938571998404
73.2 0.221699242122058
73.3 0.221459912245712
73.4 0.220186588662855
73.5 0.221100917431193
73.6 0.219515072083879
73.7 0.217929226736566
73.8 0.216343381389253
73.9 0.21475753604194
74 0.213171690694626
74.1 0.211585845347313
74.2 0.21
74.3 0.212263824884793
74.4 0.214527649769585
74.5 0.216791474654378
74.6 0.219055299539171
74.7 0.221319124423963
74.8 0.223582949308756
74.9 0.225846774193549
75 0.228110599078341
75.1 0.223867048591699
75.2 0.219623498105058
75.3 0.215379947618416
75.4 0.211136397131775
75.5 0.206892846645133
75.6 0.202649296158492
75.7 0.19840574567185
75.8 0.194162195185209
75.9 0.19119170984456
76 0.191945837091733
76.1 0.192699964338906
76.2 0.19345409158608
76.3 0.194208218833253
76.4 0.194962346080426
76.5 0.1957164733276
76.6 0.196470600574773
76.7 0.196923076923077
76.8 0.193128157606323
76.9 0.189333238289569
77 0.185538318972814
77.1 0.18174339965606
77.2 0.177948480339306
77.3 0.174153561022552
77.4 0.170358641705798
77.5 0.166563722389044
77.6 0.162768803072289
77.7 0.160112359550562
77.8 0.157837171973571
77.9 0.155561984396581
78 0.15328679681959
78.1 0.151011609242599
78.2 0.148736421665609
78.3 0.146461234088618
78.4 0.144186046511628
78.5 0.142826846307385
78.6 0.141467646103142
78.7 0.1401084458989
78.8 0.138749245694657
78.9 0.137390045490414
79 0.136030845286172
79.1 0.134671645081929
79.2 0.133312444877686
79.3 0.131953244673444
79.4 0.131137724550898
79.5 0.129593937125748
79.6 0.128050149700599
79.7 0.126506362275449
79.8 0.124962574850299
79.9 0.12341878742515
80 0.121875
80.1 0.122637195121951
80.2 0.124827789748762
80.3 0.127018384375573
80.4 0.129208979002384
80.5 0.131399573629195
80.6 0.133590168256006
80.7 0.135780762882817
80.8 0.137971357509628
80.9 0.139285714285714
81 0.142105263157895
81.1 0.144924812030075
81.2 0.147744360902256
81.3 0.150563909774436
81.4 0.153383458646617
81.5 0.156203007518797
81.6 0.157894736842105
81.7 0.160494182421609
81.8 0.163093628001113
81.9 0.165693073580617
82 0.16829251916012
82.1 0.170891964739624
82.2 0.174011299435028
82.3 0.176881404847507
82.4 0.179751510259985
82.5 0.182621615672463
82.6 0.185491721084942
82.7 0.18836182649742
82.8 0.191231931909898
82.9 0.194102037322377
83 0.196111111111111
83.1 0.198544226044226
83.2 0.200977340977341
83.3 0.203410455910456
83.4 0.205113636363636
83.5 0.211885386119257
83.6 0.217415883002687
83.7 0.222043010752688
83.8 0.227698975571316
83.9 0.233354940389944
84 0.239010905208572
84.1 0.2446668700272
84.2 0.250322834845828
84.3 0.255978799664456
84.4 0.262765957446809
84.5 0.260960208115335
84.6 0.259154458783862
84.7 0.257348709452389
84.8 0.255542960120916
84.9 0.254098360655738
85 0.272108280305002
85.1 0.291919191919192
85.2 0.288905180840665
85.3 0.287096774193548
85.4 0.288851625382168
85.5 0.290957446808511
85.6 0.300231033741673
85.7 0.30523497782938
85.8 0.310238921917087
85.9 0.316243654822335
86 0.31205441168083
86.1 0.307865168539326
86.2 0.314655221582159
86.3 0.321445274624993
86.4 0.328235327667827
86.5 0.33502538071066
86.6 0.333804770776006
86.7 0.332828282828283
86.8 0.339195979899497
86.9 0.353086942472897
87 0.369756097560976
87.1 0.369008209014129
87.2 0.367961165048544
87.3 0.370906487150863
87.4 0.374146341463415
87.5 0.374146341463415
87.6 0.374146341463415
87.7 0.374146341463415
87.8 0.374146341463415
87.9 0.380193236714976
88 0.379467639974681
88.1 0.378742043234386
88.2 0.378016446494091
88.3 0.377073170731707
88.4 0.389528074989979
88.5 0.401982979248251
88.6 0.411946902654867
88.7 0.414903846153846
88.8 0.412147921522921
88.9 0.409391996891997
89 0.406636072261072
89.1 0.402777777777778
89.2 0.416578762306611
89.3 0.430379746835443
89.4 0.436842105263158
89.5 0.437028521717517
89.6 0.437214938171876
89.7 0.437401354626235
89.8 0.437587771080594
89.9 0.437774187534953
90 0.43801652892562
90.1 0.435665841618772
90.2 0.433315154311924
90.3 0.430964467005076
90.4 0.435377521460654
90.5 0.43979057591623
90.6 0.449804368631425
90.7 0.45981816134662
90.8 0.470833333333333
90.9 0.475206611570248
91 0.482758620689655
91.1 0.479832810867294
91.2 0.465876777251185
91.3 0.466102459941322
91.4 0.46632814263146
91.5 0.473755246455808
91.6 0.481182350280156
91.7 0.486381322957198
91.8 0.488069852004146
91.9 0.489082969432314
92 0.483486980430212
92.1 0.477890991428109
92.2 0.472295002426006
92.3 0.466699013423903
92.4 0.462222222222222
92.5 0.481012658227848
92.6 0.503937007874016
92.7 0.504273504273504
92.8 0.49559511683864
92.9 0.486916729403775
93 0.478238341968912
93.1 0.483833477259643
93.2 0.491666666666667
93.3 0.488294467306813
93.4 0.48559670781893
93.5 0.48936170212766
93.6 0.490909090909091
93.7 0.493077228448408
93.8 0.495245365987724
93.9 0.497413503527041
94 0.499581641066357
94.1 0.502183406113537
94.2 0.4969287357988
94.3 0.482015838976515
94.4 0.481603718188921
94.5 0.481067961165049
94.6 0.482045307443366
94.7 0.483022653721683
94.8 0.484
94.9 0.495145631067961
95 0.486141818065301
95.1 0.476237623762376
95.2 0.476237623762376
95.3 0.480070265091025
95.4 0.483902906419674
95.5 0.487735547748323
95.6 0.491568189076972
95.7 0.495400830405621
95.8 0.5
95.9 0.49942726231386
96 0.498969072164948
96.1 0.483050847457627
96.2 0.489198744752553
96.3 0.497191011235955
96.4 0.490377391284845
96.5 0.480838323353293
96.6 0.486452095808384
96.7 0.49375
96.8 0.488135593220339
96.9 0.475227216900024
97 0.46231884057971
97.1 0.46506889123503
97.2 0.46781894189035
97.3 0.47056899254567
97.4 0.47331904320099
97.5 0.47606909385631
97.6 0.47881914451163
97.7 0.482119205298013
97.8 0.49205298013245
97.9 0.535044150110376
98 0.5780353200883
98.1 0.621026490066226
98.2 0.664017660044151
98.3 0.707008830022078
98.4 0.75
98.5 0.75
98.6 0.75
98.7 0.75
98.8 0.75
98.9 0.75
99 0.75
99.1 0.75
99.2 0.75
99.3 0.75
99.4 0.75
99.5 0.75
99.6 0.75
99.7 0.75
99.8 0.75
99.9 0.75
100 0.75
100.1 0.75
100.2 0.75
100.3 0.75
100.4 0.75
100.5 0.75
100.6 0.75
100.7 0.75
100.8 0.75
100.9 0.75
101 0.75
101.1 0.75
101.2 0.75
101.3 0.75
101.4 0.75
101.5 0.75
101.6 0.75
101.7 0.75
101.8 0.75
101.9 0.75
102 0.75
102.1 0.75
102.2 0.75
102.3 0.75
102.4 0.75
102.5 0.75
102.6 0.75
102.7 0.75
102.8 0.75
102.9 0.75
103 0.75
103.1 0.75
103.2 0.75
103.3 0.75
103.4 0.75
103.5 0.75
103.6 0.75
103.7 0.75
103.8 0.75
103.9 0.75
104 0.75
104.1 0.749868421052632
104.2 0.749736842105263
104.3 0.749605263157895
104.4 0.749473684210526
104.5 0.749342105263158
104.6 0.74921052631579
104.7 0.749078947368421
104.8 0.748947368421053
104.9 0.748815789473684
105 0.748684210526316
105.1 0.748552631578947
105.2 0.748421052631579
105.3 0.748289473684211
105.4 0.748157894736842
105.5 0.748026315789474
105.6 0.747894736842105
105.7 0.747763157894737
105.8 0.747631578947368
105.9 0.7475
106 0.747368421052632
106.1 0.747745483110762
106.2 0.748122545168892
106.3 0.748499607227023
106.4 0.748876669285153
106.5 0.749253731343284
106.6 0.749837767683323
106.7 0.750421804023361
106.8 0.7510058403634
106.9 0.751589876703439
107 0.752173913043478
107.1 0.751834368530021
107.2 0.751494824016563
107.3 0.751155279503106
107.4 0.750815734989648
107.5 0.750476190476191
107.6 0.750651222651223
107.7 0.750826254826255
107.8 0.751001287001287
107.9 0.751176319176319
108 0.751351351351351
108.1 0.751081081081081
108.2 0.750810810810811
108.3 0.75054054054054
108.4 0.75027027027027
108.5 0.75
108.6 0.75
108.7 0.75
108.8 0.75
108.9 0.75
109 0.75
109.1 0.749756097560976
109.2 0.749512195121951
109.3 0.749268292682927
109.4 0.749024390243902
109.5 0.748780487804878
109.6 0.749294660514173
109.7 0.749808833223467
109.8 0.750323005932762
109.9 0.750837178642057
110 0.751351351351351
110.1 0.751081081081081
110.2 0.750810810810811
110.3 0.75054054054054
110.4 0.75027027027027
110.5 0.75
110.6 0.75
110.7 0.75
110.8 0.75
110.9 0.75
111 0.75
111.1 0.751315789473684
111.2 0.752631578947368
111.3 0.751754385964912
111.4 0.750877192982456
111.5 0.75
111.6 0.75
111.7 0.75
111.8 0.75
111.9 0.750675675675676
112 0.751351351351351
112.1 0.751081081081081
112.2 0.750810810810811
112.3 0.750540540540541
112.4 0.75027027027027
112.5 0.75
112.6 0.752631578947368
112.7 0.751973684210526
112.8 0.751315789473684
112.9 0.750657894736842
113 0.75
113.1 0.75
113.2 0.75
113.3 0.75
113.4 0.75
113.5 0.75
113.6 0.749411764705882
113.7 0.748823529411765
113.8 0.748235294117647
113.9 0.747647058823529
114 0.747058823529412
114.1 0.747230989956958
114.2 0.747403156384505
114.3 0.747575322812052
114.4 0.747747489239598
114.5 0.747919655667145
114.6 0.748091822094691
114.7 0.748263988522238
114.8 0.748436154949785
114.9 0.748608321377331
115 0.748780487804878
115.1 0.749037574159525
115.2 0.749294660514173
115.3 0.74955174686882
115.4 0.749808833223467
115.5 0.750065919578115
115.6 0.750323005932762
115.7 0.750580092287409
115.8 0.750837178642057
115.9 0.751094264996704
116 0.751351351351351
116.1 0.751238738738739
116.2 0.751126126126126
116.3 0.751013513513513
116.4 0.750900900900901
116.5 0.750788288288288
116.6 0.750675675675676
116.7 0.750563063063063
116.8 0.75045045045045
116.9 0.750337837837838
117 0.750225225225225
117.1 0.750112612612613
117.2 0.75
117.3 0.75
117.4 0.75
117.5 0.75
117.6 0.75
117.7 0.75
117.8 0.75
117.9 0.75
118 0.75
118.1 0.75
118.2 0.75
118.3 0.75
118.4 0.75
118.5 0.75
118.6 0.75
118.7 0.75
118.8 0.75
118.9 0.75
119 0.75
119.1 0.75
119.2 0.75
119.3 0.75
119.4 0.75
119.5 0.75
119.6 0.75
119.7 0.75
119.8 0.75
119.9 0.75
120 0.75
120.1 0.75027027027027
120.2 0.750540540540541
120.3 0.750810810810811
120.4 0.751081081081081
120.5 0.751351351351351
120.6 0.751081081081081
120.7 0.750810810810811
120.8 0.75054054054054
120.9 0.75027027027027
121 0.75
121.1 0.749411764705882
121.2 0.748823529411765
121.3 0.748235294117647
121.4 0.747647058823529
121.5 0.747058823529412
121.6 0.748489666136725
121.7 0.749920508744038
121.8 0.751351351351351
121.9 0.750675675675676
122 0.75
122.1 0.75027027027027
122.2 0.750540540540541
122.3 0.750810810810811
122.4 0.751081081081081
122.5 0.751351351351351
122.6 0.751081081081081
122.7 0.750810810810811
122.8 0.75054054054054
122.9 0.75027027027027
123 0.75
123.1 0.75
123.2 0.75
123.3 0.75
123.4 0.75
123.5 0.75
123.6 0.75
123.7 0.75
123.8 0.75
123.9 0.75
124 0.75
124.1 0.75
124.2 0.75
124.3 0.75
124.4 0.75
124.5 0.75
124.6 0.749850746268657
124.7 0.749701492537313
124.8 0.74955223880597
124.9 0.749402985074627
125 0.749253731343284
125.1 0.749268656716418
125.2 0.749283582089552
125.3 0.749298507462687
125.4 0.749313432835821
125.5 0.749328358208955
125.6 0.749343283582089
125.7 0.749358208955224
125.8 0.749373134328358
125.9 0.749388059701492
126 0.749402985074627
126.1 0.749417910447761
126.2 0.749432835820895
126.3 0.74944776119403
126.4 0.749462686567164
126.5 0.749477611940298
126.6 0.749492537313432
126.7 0.749507462686567
126.8 0.749522388059701
126.9 0.749537313432835
127 0.74955223880597
127.1 0.749567164179104
127.2 0.749582089552238
127.3 0.749597014925373
127.4 0.749611940298507
127.5 0.749626865671641
127.6 0.749641791044775
127.7 0.74965671641791
127.8 0.749671641791044
127.9 0.749686567164179
128 0.749701492537313
128.1 0.749716417910447
128.2 0.749731343283582
128.3 0.749746268656716
128.4 0.74976119402985
128.5 0.749776119402985
128.6 0.749791044776119
128.7 0.749805970149253
128.8 0.749820895522388
128.9 0.749835820895522
129 0.749850746268656
129.1 0.749865671641791
129.2 0.749880597014925
129.3 0.74989552238806
129.4 0.749910447761194
129.5 0.749925373134328
129.6 0.749940298507463
129.7 0.749955223880597
129.8 0.749970149253731
129.9 0.749985074626866
130 0.75
130.1 0.75
130.2 0.75
130.3 0.75
130.4 0.75
130.5 0.749968944099379
130.6 0.749937888198758
130.7 0.749906832298137
130.8 0.749875776397515
130.9 0.749844720496894
131 0.749813664596273
131.1 0.749782608695652
131.2 0.749751552795031
131.3 0.74972049689441
131.4 0.749689440993789
131.5 0.749658385093168
131.6 0.749627329192546
131.7 0.749596273291925
131.8 0.749565217391304
131.9 0.749534161490683
132 0.749503105590062
132.1 0.749472049689441
132.2 0.74944099378882
132.3 0.749409937888198
132.4 0.749378881987577
132.5 0.749347826086956
132.6 0.749316770186335
132.7 0.749285714285714
132.8 0.749254658385093
132.9 0.749223602484472
133 0.74919254658385
133.1 0.749161490683229
133.2 0.749130434782608
133.3 0.749099378881987
133.4 0.749068322981366
133.5 0.749037267080745
133.6 0.749006211180124
133.7 0.748975155279503
133.8 0.748944099378882
133.9 0.74891304347826
134 0.748881987577639
134.1 0.748850931677018
134.2 0.748819875776397
134.3 0.748788819875776
134.4 0.748757763975155
134.5 0.748726708074534
134.6 0.748695652173913
134.7 0.748664596273292
134.8 0.748633540372671
134.9 0.74860248447205
135 0.748571428571429
135.1 0.7486
135.2 0.748628571428571
135.3 0.748657142857143
135.4 0.748685714285714
135.5 0.748714285714286
135.6 0.748742857142857
135.7 0.748771428571428
135.8 0.7488
135.9 0.748828571428571
136 0.748857142857143
136.1 0.748885714285714
136.2 0.748914285714286
136.3 0.748942857142857
136.4 0.748971428571428
136.5 0.749
136.6 0.749028571428571
136.7 0.749057142857143
136.8 0.749085714285714
136.9 0.749114285714286
137 0.749142857142857
137.1 0.749171428571428
137.2 0.7492
137.3 0.749228571428571
137.4 0.749257142857143
137.5 0.749285714285714
137.6 0.749314285714286
137.7 0.749342857142857
137.8 0.749371428571428
137.9 0.7494
138 0.749428571428571
138.1 0.749457142857143
138.2 0.749485714285714
138.3 0.749514285714286
138.4 0.749542857142857
138.5 0.749571428571429
138.6 0.7496
138.7 0.749628571428571
138.8 0.749657142857143
138.9 0.749685714285714
139 0.749714285714286
139.1 0.749742857142857
139.2 0.749771428571429
139.3 0.7498
139.4 0.749828571428571
139.5 0.749857142857143
139.6 0.749885714285714
139.7 0.749914285714286
139.8 0.749942857142857
139.9 0.749971428571429
140 0.75
140.1 0.75
140.2 0.75
140.3 0.75
140.4 0.75
140.5 0.75
140.6 0.75
140.7 0.75
140.8 0.75
140.9 0.75
141 0.75
141.1 0.75
141.2 0.75
141.3 0.75
141.4 0.75
141.5 0.75
141.6 0.75
141.7 0.75
141.8 0.75
141.9 0.75
142 0.75
142.1 0.75
142.2 0.75
142.3 0.75
142.4 0.75
142.5 0.75
142.6 0.75
142.7 0.75
142.8 0.75
142.9 0.75
143 0.75
143.1 0.7625
143.2 0.775
143.3 0.7875
143.4 0.8
143.5 0.8125
143.6 0.825
143.7 0.8375
143.8 0.850000000000001
143.9 0.862500000000001
144 0.875000000000001
144.1 0.887500000000001
144.2 0.900000000000001
144.3 0.912500000000001
144.4 0.925000000000001
144.5 0.937500000000001
144.6 0.950000000000001
144.7 0.962500000000001
144.8 0.975000000000002
144.9 0.987500000000001
145 1
145.1 1
145.2 1
145.3 1
145.4 1
145.5 1
145.6 1
145.7 1
145.8 1
145.9 1
146 1
146.1 1
146.2 1
146.3 1
146.4 1
146.5 1
146.6 1
146.7 1
146.8 1
146.9 1
147 1
147.1 1
147.2 1
147.3 1
147.4 1
147.5 1
147.6 1
147.7 1
147.8 1
147.9 1
148 1
148.1 1
148.2 1
148.3 1
148.4 1
148.5 1
148.6 1
148.7 1
148.8 1
148.9 1
149 1
149.1 1
149.2 1
149.3 1
149.4 1
149.5 1
149.6 1
149.7 1
149.8 1
149.9 1
150 1
150.1 1
150.2 1
150.3 1
150.4 1
150.5 1
150.6 1
150.7 1
150.8 1
150.9 1
151 1
151.1 1
151.2 1
151.3 1
151.4 1
151.5 1
151.6 1
151.7 1
151.8 1
151.9 1
152 1
152.1 1
152.2 1
152.3 1
152.4 1
152.5 1
152.6 1
152.7 1
152.8 1
152.9 1
153 1
153.1 1
153.2 1
153.3 1
153.4 1
153.5 1
153.6 1
153.7 1
153.8 1
153.9 1
154 1
154.1 1
154.2 1
154.3 1
154.4 1
154.5 1
154.6 1
154.7 1
154.8 1
154.9 1
155 1
155.1 1
155.2 1
155.3 1
155.4 1
155.5 1
155.6 1
155.7 1
155.8 1
155.9 1
156 1
156.1 1
156.2 1
156.3 1
156.4 1
156.5 1
156.6 1
156.7 1
156.8 1
156.9 1
157 1
157.1 1
157.2 1
157.3 1
157.4 1
157.5 1
157.6 1
157.7 1
157.8 1
157.9 1
158 1
158.1 1
158.2 1
158.3 1
158.4 1
158.5 1
158.6 1
158.7 1
158.8 1
158.9 1
159 1
159.1 1
159.2 1
159.3 1
159.4 1
159.5 1
159.6 1
159.7 1
159.8 1
159.9 1
160 1
160.1 1
160.2 1
160.3 1
160.4 1
160.5 1
160.6 1
160.7 1
160.8 1
160.9 1
161 1
161.1 1
161.2 1
161.3 1
161.4 1
161.5 1
161.6 1
161.7 1
161.8 1
161.9 1
162 1
162.1 1
162.2 1
162.3 1
162.4 1
162.5 1
162.6 1
162.7 1
162.8 1
162.9 1
163 1
163.1 1
163.2 1
163.3 1
163.4 1
163.5 1
163.6 1
163.7 1
163.8 1
163.9 1
164 1
164.1 1
164.2 1
164.3 1
164.4 1
164.5 1
164.6 1
164.7 1
164.8 1
164.9 1
165 1
165.1 1
165.2 1
165.3 1
165.4 1
165.5 1
165.6 1
165.7 1
165.8 1
165.9 1
166 1
166.1 1
166.2 1
166.3 1
166.4 1
166.5 1
166.6 1
166.7 1
166.8 1
166.9 1
167 1
167.1 1
167.2 1
167.3 1
167.4 1
167.5 1
167.6 1
167.7 1
167.8 1
167.9 1
168 1
168.1 1
168.2 1
168.3 1
168.4 1
168.5 1
168.6 1
168.7 1
168.8 1
168.9 1
169 1
169.1 1
169.2 1
169.3 1
169.4 1
169.5 1
169.6 1
169.7 1
169.8 1
169.9 1
170 1
170.1 1
170.2 1
170.3 1
170.4 1
170.5 1
170.6 1
170.7 1
170.8 1
170.9 1
171 1
171.1 1
171.2 1
171.3 1
171.4 1
171.5 1
171.6 1
171.7 1
171.8 1
171.9 1
172 1
172.1 1
172.2 1
172.3 1
172.4 1
172.5 1
172.6 1
172.7 1
172.8 1
172.9 1
173 1
173.1 1
173.2 1
173.3 1
173.4 1
173.5 1
173.6 1
173.7 1
173.8 1
173.9 1
174 1
174.1 1
174.2 1
174.3 1
174.4 1
174.5 1
174.6 1
174.7 1
174.8 1
174.9 1
175 1
175.1 1
175.2 1
175.3 1
175.4 1
175.5 1
175.6 1
175.7 1
175.8 1
175.9 1
176 1
176.1 1
176.2 1
176.3 1
176.4 1
176.5 1
176.6 1
176.7 1
176.8 1
176.9 1
177 1
177.1 1
177.2 1
177.3 1
177.4 1
177.5 1
177.6 1
177.7 1
177.8 1
177.9 1
178 1
178.1 1
178.2 1
178.3 1
178.4 1
178.5 1
178.6 1
178.7 1
178.8 1
178.9 1
179 1
179.1 1
179.2 1
179.3 1
179.4 1
179.5 1
179.6 1
179.7 1
179.8 1
179.9 1
180 1
180.1 1
180.2 1
180.3 1
180.4 1
180.5 1
180.6 1
180.7 1
180.8 1
180.9 1
181 1
181.1 1
181.2 1
181.3 1
181.4 1
181.5 1
181.6 1
181.7 1
181.8 1
181.9 1
182 1
182.1 1
182.2 1
182.3 1
182.4 1
182.5 1
182.6 1
182.7 1
182.8 1
182.9 1
183 1
183.1 1
183.2 1
183.3 1
183.4 1
183.5 1
183.6 1
183.7 1
183.8 1
183.9 1
184 1
184.1 1
184.2 1
184.3 1
184.4 1
184.5 1
184.6 1
184.7 1
184.8 1
184.9 1
185 1
185.1 1
185.2 1
185.3 1
185.4 1
185.5 1
185.6 1
185.7 1
185.8 1
185.9 1
186 1
186.1 1
