0 0
0.1 0
0.2 0
0.3 0
0.4 0
0.5 0
0.6 0
0.7 0
0.8 0
0.9 0
1 0
1.1 0
1.2 0
1.3 0
1.4 0
1.5 0
1.6 0
1.7 0
1.8 0
1.9 0
2 0
2.1 0
2.2 0
2.3 0
2.4 0
2.5 0
2.6 0
2.7 0
2.8 0
2.9 0
3 0
3.1 0
3.2 0
3.3 0
3.4 0
3.5 0
3.6 0
3.7 0
3.8 0
3.9 0
4 0
4.1 0
4.2 0
4.3 0
4.4 0
4.5 0
4.6 0
4.7 0
4.8 0
4.9 0
5 0
5.1 0
5.2 0
5.3 0
5.4 0
5.5 0
5.6 0
5.7 0
5.8 0
5.9 0
6 0
6.1 0
6.2 0
6.3 0
6.4 0
6.5 0
6.6 0
6.7 0
6.8 0
6.9 0
7 0
7.1 0
7.2 0
7.3 0
7.4 0
7.5 0
7.6 0
7.7 0
7.8 0
7.9 0
8 0
8.1 0
8.2 0
8.3 0
8.4 0
8.5 0
8.6 0
8.7 0
8.8 0
8.9 0
9 0
9.1 0
9.2 0
9.3 0
9.4 0
9.5 0
9.6 0
9.7 0
9.8 0
9.9 0
10 0
10.1 0
10.2 0
10.3 0
10.4 0
10.5 0
10.6 0
10.7 0
10.8 0
10.9 0
11 0
11.1 0
11.2 0
11.3 0
11.4 0
11.5 0
11.6 0
11.7 0
11.8 0
11.9 0
12 0
12.1 0
12.2 0
12.3 0
12.4 0
12.5 0
12.6 0
12.7 0
12.8 0
12.9 0
13 0
13.1 0
13.2 0
13.3 0
13.4 0
13.5 0
13.6 0
13.7 0
13.8 0
13.9 0
14 0
14.1 0
14.2 0
14.3 0
14.4 0
14.5 0
14.6 0
14.7 0
14.8 0
14.9 0
15 0
15.1 0
15.2 0
15.3 0
15.4 0
15.5 0
15.6 0
15.7 0
15.8 0
15.9 0
16 0
16.1 0
16.2 0
16.3 0
16.4 0
16.5 0
16.6 0
16.7 0
16.8 0
16.9 0
17 0
17.1 0
17.2 0
17.3 0
17.4 0
17.5 0
17.6 0
17.7 0
17.8 0
17.9 0
18 0
18.1 0
18.2 0
18.3 0
18.4 0
18.5 0
18.6 0
18.7 0
18.8 0
18.9 0
19 0
19.1 0
19.2 0
19.3 0
19.4 0
19.5 0
19.6 0
19.7 0
19.8 0
19.9 0
20 0
20.1 0
20.2 0
20.3 0
20.4 0
20.5 0
20.6 0
20.7 0
20.8 0
20.9 0
21 0
21.1 0
21.2 0
21.3 0
21.4 0
21.5 0
21.6 0
21.7 0
21.8 0
21.9 0
22 0
22.1 0
22.2 0
22.3 0
22.4 0
22.5 0
22.6 0
22.7 0
22.8 0
22.9 0
23 0
23.1 0
23.2 0
23.3 0
23.4 0
23.5 0
23.6 0
23.7 0
23.8 0
23.9 0
24 0
24.1 0
24.2 0
24.3 0
24.4 0
24.5 0
24.6 0
24.7 0
24.8 0
24.9 0
25 0
25.1 0
25.2 0
25.3 0
25.4 0
25.5 0
25.6 0
25.7 0
25.8 0
25.9 0
26 0
26.1 0
26.2 0
26.3 0
26.4 0
26.5 0
26.6 0
26.7 0
26.8 0
26.9 0
27 0
27.1 0
27.2 0
27.3 0
27.4 0
27.5 0
27.6 0
27.7 0
27.8 0
27.9 0
28 0
28.1 0
28.2 0
28.3 0
28.4 0
28.5 0
28.6 0
28.7 0
28.8 0
28.9 0
29 0
29.1 0
29.2 0
29.3 0
29.4 0
29.5 0
29.6 0
29.7 0
29.8 0
29.9 0
30 0
30.1 0
30.2 0
30.3 0
30.4 0
30.5 0
30.6 0
30.7 0
30.8 0
30.9 0
31 0
31.1 0
31.2 0
31.3 0
31.4 0
31.5 0
31.6 0
31.7 0
31.8 0
31.9 0
32 0
32.1 0
32.2 0
32.3 0
32.4 0
32.5 0
32.6 0
32.7 0
32.8 0
32.9 0
33 0
33.1 0
33.2 0
33.3 0
33.4 0
33.5 0
33.6 0
33.7 0
33.8 0
33.9 0
34 0
34.1 0
34.2 0
34.3 0
34.4 0
34.5 0
34.6 0
34.7 0
34.8 0
34.9 0
35 0
35.1 0
35.2 0
35.3 0
35.4 0
35.5 0
35.6 0
35.7 0
35.8 0
35.9 0
36 0
36.1 0
36.2 0
36.3 0
36.4 0
36.5 0
36.6 0
36.7 0
36.8 0
36.9 0
37 0
37.1 0
37.2 0
37.3 0
37.4 0
37.5 0
37.6 0
37.7 0
37.8 0
37.9 0
38 0
38.1 0
38.2 0
38.3 0
38.4 0
38.5 0
38.6 0
38.7 0
38.8 0
38.9 0
39 0
39.1 0
39.2 0
39.3 0
39.4 0
39.5 0
39.6 0
39.7 0
39.8 0
39.9 0
40 0
40.1 0
40.2 0
40.3 0
40.4 0
40.5 0
40.6 0
40.7 0
40.8 0
40.9 0
41 0
41.1 0
41.2 0
41.3 0
41.4 0
41.5 0
41.6 0
41.7 0
41.8 0
41.9 0
42 0
42.1 0
42.2 0
42.3 0
42.4 0
42.5 0
42.6 0
42.7 0
42.8 0
42.9 0
43 0
43.1 0
43.2 0
43.3 0
43.4 0
43.5 0
43.6 0
43.7 0
43.8 0
43.9 0
44 0
44.1 0
44.2 0
44.3 0
44.4 0
44.5 0
44.6 0
44.7 0
44.8 0
44.9 0
45 0
45.1 0
45.2 0
45.3 0
45.4 0
45.5 0
45.6 0
45.7 0
45.8 0
45.9 0
46 0
46.1 0
46.2 0
46.3 0
46.4 0
46.5 0
46.6 0
46.7 0
46.8 0
46.9 0
47 0
47.1 0
47.2 0
47.3 0
47.4 0
47.5 0
47.6 0
47.7 0
47.8 0
47.9 0
48 0
48.1 0
48.2 0
48.3 0
48.4 0
48.5 0
48.6 0
48.7 0
48.8 0
48.9 0
49 0
49.1 0
49.2 0
49.3 0
49.4 0
49.5 0
49.6 0
49.7 0
49.8 0
49.9 0
50 0
50.1 0
50.2 0
50.3 0
50.4 0
50.5 0
50.6 0
50.7 0
50.8 0
50.9 0
51 0
51.1 0
51.2 0
51.3 0
51.4 0
51.5 0
51.6 0
51.7 0
51.8 0
51.9 0
52 0
52.1 0
52.2 0
52.3 0
52.4 0
52.5 0
52.6 0
52.7 0
52.8 0
52.9 0
53 0
53.1 0
53.2 0
53.3 0
53.4 0
53.5 0
53.6 0
53.7 0
53.8 0
53.9 0
54 0
54.1 0
54.2 0
54.3 0
54.4 0
54.5 0
54.6 0
54.7 0
54.8 0
54.9 0
55 0
55.1 0
55.2 0
55.3 0
55.4 0
55.5 0
55.6 0
55.7 0
55.8 0
55.9 0
56 0
56.1 0
56.2 0
56.3 0
56.4 0
56.5 0
56.6 0
56.7 0
56.8 0
56.9 0
57 0
57.1 0
57.2 0
57.3 0
57.4 0
57.5 0
57.6 0
57.7 0
57.8 0
57.9 0
58 0
58.1 0
58.2 0
58.3 0
58.4 0
58.5 0
58.6 0
58.7 0
58.8 0
58.9 0
59 0
59.1 0
59.2 0
59.3 0
59.4 0
59.5 0
59.6 0
59.7 0
59.8 0
59.9 0
60 0
60.1 0
60.2 0
60.3 0
60.4 0
60.5 0
60.6 0
60.7 0
60.8 0
60.9 0
61 0
61.1 0
61.2 0
61.3 0
61.4 0
61.5 0
61.6 0
61.7 0
61.8 0
61.9 0
62 0
62.1 0
62.2 0
62.3 0
62.4 0
62.5 0
62.6 0
62.7 0
62.8 0
62.9 0
63 0
63.1 0
63.2 0
63.3 0
63.4 0
63.5 0
63.6 0
63.7 0
63.8 0
63.9 0
64 0
64.1 0
64.2 0
64.3 0
64.4 0
64.5 0
64.6 0
64.7 0
64.8 0
64.9 0
65 0
65.1 0
65.2 0
65.3 0
65.4 0
65.5 0
65.6 0
65.7 0
65.8 0
65.9 0
66 0
66.1 0
66.2 0
66.3 0
66.4 0
66.5 0
66.6 0
66.7 0
66.8 0
66.9 0
67 0
67.1 0
67.2 0
67.3 0
67.4 0
67.5 0
67.6 0
67.7 0
67.8 0
67.9 0
68 0
68.1 0
68.2 0
68.3 0
68.4 0
68.5 0
68.6 0
68.7 0
68.8 0
68.9 0
69 0
69.1 0
69.2 0
69.3 0
69.4 0
69.5 0
69.6 0
69.7 0
69.8 0
69.9 0
70 0
70.1 0
70.2 0
70.3 0
70.4 0
70.5 0
70.6 0
70.7 0
70.8 0
70.9 0
71 0
71.1 0
71.2 0
71.3 0
71.4 0
71.5 0
71.6 0
71.7 0
71.8 0
71.9 0
72 0
72.1 0
72.2 0
72.3 0
72.4 0
72.5 0
72.6 0
72.7 0
72.8 0
72.9 0
73 0
73.1 0
73.2 0
73.3 0
73.4 0
73.5 0
73.6 0
73.7 0
73.8 0
73.9 0
74 0
74.1 0
74.2 0
74.3 0
74.4 0
74.5 0
74.6 0
74.7 0
74.8 0
74.9 0
75 0
75.1 0
75.2 0
75.3 0
75.4 0
75.5 0
75.6 0
75.7 0
75.8 0
75.9 0
76 0
76.1 0
76.2 0
76.3 0
76.4 0
76.5 0
76.6 0
76.7 0
76.8 0
76.9 0
77 0
77.1 0
77.2 0
77.3 0
77.4 0
77.5 0
77.6 0
77.7 0
77.8 0
77.9 0
78 0
78.1 0
78.2 0
78.3 0
78.4 0
78.5 0
78.6 0
78.7 0
78.8 0
78.9 0
79 0
79.1 0
79.2 0
79.3 0
79.4 0
79.5 0
79.6 0
79.7 0
79.8 0
79.9 0
80 0
80.1 0
80.2 0
80.3 0
80.4 0
80.5 0
80.6 0
80.7 0
80.8 0
80.9 0
81 0
81.1 0
81.2 0
81.3 0
81.4 0
81.5 0
81.6 0
81.7 0
81.8 0
81.9 0
82 0
82.1 0
82.2 0
82.3 0
82.4 0
82.5 0
82.6 0
82.7 0
82.8 0
82.9 0
83 0
83.1 0
83.2 0
83.3 0
83.4 0
83.5 0
83.6 0
83.7 0
83.8 0
83.9 0
84 0
84.1 0
84.2 0
84.3 0
84.4 0
84.5 0
84.6 0
84.7 0
84.8 0
84.9 0
85 0
85.1 0
85.2 0
85.3 0
85.4 0
85.5 0
85.6 0
85.7 0
85.8 0
85.9 0
86 0
86.1 0
86.2 0
86.3 0
86.4 0
86.5 0
86.6 0
86.7 0
86.8 0
86.9 0
87 0
87.1 0
87.2 0
87.3 0
87.4 0
87.5 0
87.6 0
87.7 0
87.8 0
87.9 0
88 0
88.1 0
88.2 0
88.3 0
88.4 0
88.5 0
88.6 0
88.7 0
88.8 0
88.9 0
89 0
89.1 0
89.2 0
89.3 0
89.4 0
89.5 0
89.6 0
89.7 0
89.8 0
89.9 0
90 0
90.1 0
90.2 0
90.3 0
90.4 0
90.5 0
90.6 0
90.7 0
90.8 0
90.9 0
91 0
91.1 0
91.2 0
91.3 0
91.4 0
91.5 0
91.6 0
91.7 0
91.8 0
91.9 0
92 0
92.1 0
92.2 0
92.3 0
92.4 0
92.5 0
92.6 0
92.7 0
92.8 0
92.9 0
93 0
93.1 0
93.2 0
93.3 0
93.4 0
93.5 0
93.6 0
93.7 0
93.8 0
93.9 0
94 0
94.1 0
94.2 0
94.3 0
94.4 0
94.5 0
94.6 0
94.7 0
94.8 0
94.9 0
95 0
95.1 0
95.2 0
95.3 0
95.4 0
95.5 0
95.6 0
95.7 0
95.8 0
95.9 0
96 0
96.1 0
96.2 0
96.3 0
96.4 0
96.5 0
96.6 0
96.7 0
96.8 0
96.9 0
97 0
97.1 0
97.2 0
97.3 0
97.4 0
97.5 0
97.6 0
97.7 0
97.8 0
97.9 0
98 0
98.1 0
98.2 0
98.3 0
98.4 0
98.5 0
98.6 0
98.7 0
98.8 0
98.9 0
99 0
99.1 0
99.2 0
99.3 0
99.4 0
99.5 0
99.6 0
99.7 0
99.8 0
99.9 0
100 0
100.1 0
100.2 0
100.3 0
100.4 0
100.5 0
100.6 0
100.7 0
100.8 0
100.9 0
101 0
101.1 0
101.2 0
101.3 0
101.4 0
101.5 0
101.6 0
101.7 0
101.8 0
101.9 0
102 0
102.1 0
102.2 0
102.3 0
102.4 0
102.5 0
102.6 0
102.7 0
102.8 0
102.9 0
103 0
103.1 0
103.2 0
103.3 0
103.4 0
103.5 0
103.6 0
103.7 0
103.8 0
103.9 0
104 0
104.1 0
104.2 0
104.3 0
104.4 0
104.5 0
104.6 0
104.7 0
104.8 0
104.9 0
105 0
105.1 0.002167381974249
105.2 0.00433476394849797
105.3 0.00650214592274699
105.4 0.00866952789699597
105.5 0.0108369098712449
105.6 0.0130042918454936
105.7 0.0147532188841202
105.8 0.0165021459227469
105.9 0.0182510729613736
106 0.02
106.1 0.0214007782101168
106.2 0.0228015564202335
106.3 0.0242023346303503
106.4 0.0256031128404671
106.5 0.0270038910505837
106.6 0.0282000120652732
106.7 0.0293961330799626
106.8 0.0305922540946522
106.9 0.0317883751093417
107 0.032984496124031
107.1 0.0338458732330142
107.2 0.0347072503419973
107.3 0.0355686274509804
107.4 0.0364222333000997
107.5 0.037275839149219
107.6 0.0381294449983384
107.7 0.0389830508474576
107.8 0.0410471800971356
107.9 0.0431113093468135
108 0.0451754385964912
108.1 0.0466545047115606
108.2 0.0481335708266299
108.3 0.0496126369416993
108.4 0.0510917030567686
108.5 0.051761604399159
108.6 0.0524315057415494
108.7 0.0531014070839399
108.8 0.0537713084263303
108.9 0.0544412097687208
109 0.0551111111111111
109.1 0.0557465886939572
109.2 0.0563820662768032
109.3 0.0570175438596491
109.4 0.0576841114084647
109.5 0.0583506789572802
109.6 0.0590172465060958
109.7 0.0596838140549113
109.8 0.0603503816037269
109.9 0.0610169491525424
110 0.062204389780511
110.1 0.0633918304084796
110.2 0.0645792710364482
110.3 0.0657667116644169
110.4 0.0669541522923855
110.5 0.068141592920354
110.6 0.0688025557228363
110.7 0.0694635185253186
110.8 0.0701244813278008
110.9 0.0720715426305512
111 0.0740186039333014
111.1 0.0759656652360515
111.2 0.0772274134840007
111.3 0.0784891617319499
111.4 0.0797509099798991
111.5 0.0810126582278481
111.6 0.0813842006563526
111.7 0.081755743084857
111.8 0.0821272855133615
111.9 0.082498827941866
112 0.0828703703703704
112.1 0.0858557860435545
112.2 0.0888412017167382
112.3 0.0899335433448206
112.4 0.091025884972903
112.5 0.0921182266009852
112.6 0.0970114942528739
112.7 0.101904761904762
112.8 0.101269841269841
112.9 0.100634920634921
113 0.1
113.1 0.102163461538462
113.2 0.104326923076923
113.3 0.106490384615385
113.4 0.108653846153846
113.5 0.110817307692308
113.6 0.112980769230769
113.7 0.113539924749164
113.8 0.114099080267559
113.9 0.114658235785953
114 0.115217391304348
114.1 0.116537267080745
114.2 0.117857142857143
114.3 0.121261487050961
114.4 0.124665831244779
114.5 0.128070175438596
114.6 0.13140350877193
114.7 0.134736842105263
114.8 0.138070175438597
114.9 0.14140350877193
115 0.144736842105263
115.1 0.150281042411855
115.2 0.155825242718447
115.3 0.154206075790792
115.4 0.152586908863138
115.5 0.150967741935484
115.6 0.154593460008838
115.7 0.158219178082192
115.8 0.162553297650368
115.9 0.166887417218543
116 0.16390977443609
116.1 0.169946001367054
116.2 0.175982228298018
116.3 0.182018455228982
116.4 0.188054682159946
116.5 0.194090909090909
116.6 0.190644628099173
116.7 0.187198347107438
116.8 0.183752066115702
116.9 0.180305785123967
117 0.176859504132231
117.1 0.184573002754821
117.2 0.192286501377411
117.3 0.2
117.4 0.194117647058823
117.5 0.188235294117647
117.6 0.182352941176471
117.7 0.203676470588236
117.8 0.225
117.9 0.2265
118 0.228
118.1 0.225878260869565
118.2 0.22375652173913
118.3 0.221634782608695
118.4 0.219513043478261
118.5 0.217391304347826
118.6 0.228588125292193
118.7 0.239784946236559
118.8 0.231922548306249
118.9 0.22406015037594
119 0.235716878402904
119.1 0.246609983156851
119.2 0.25320197044335
119.3 0.254140127388535
119.4 0.266222222222222
119.5 0.265168539325843
119.6 0.269230769230769
119.7 0.267948717948718
119.8 0.266666666666667
119.9 0.261904761904762
120 0.257142857142857
120.1 0.271124620060791
120.2 0.285106382978723
120.3 0.267441860465116
120.4 0.283606557377049
120.5 0.290983606557377
120.6 0.299053683247731
120.7 0.303457367181344
120.8 0.310062893081761
120.9 0.311506266684765
121 0.31294964028777
121.1 0.312490007993605
121.2 0.31203037569944
121.3 0.311570743405276
121.4 0.311111111111111
121.5 0.320833333333333
121.6 0.327437943262412
121.7 0.334042553191489
121.8 0.353181818181818
121.9 0.354368932038835
122 0.370526315789474
122.1 0.372421052631579
122.2 0.374885844748858
122.3 0.376590563165906
122.4 0.378295281582953
122.5 0.38
122.6 0.382222222222222
122.7 0.385234899328859
122.8 0.387061894108874
122.9 0.388888888888889
123 0.395744680851064
123.1 0.396960486322189
123.2 0.4
123.3 0.4
123.4 0.4
123.5 0.4
123.6 0.4
123.7 0.4
123.8 0.40418118466899
123.9 0.405167515411418
124 0.406153846153846
124.1 0.408076923076923
124.2 0.41
124.3 0.4128125
124.4 0.415625
124.5 0.417083333333333
124.6 0.418541666666667
124.7 0.42
124.8 0.422588235294118
124.9 0.424623301172321
125 0.426470588235294
125.1 0.428580765639589
125.2 0.430986398882943
125.3 0.433392032126296
125.4 0.43579766536965
125.5 0.437209177512411
125.6 0.438620689655172
125.7 0.440556426332288
125.8 0.442492163009404
125.9 0.444427899686521
126 0.446363636363636
126.1 0.448709649275868
126.2 0.4510556621881
126.3 0.453170142505071
126.4 0.455284622822042
126.5 0.457399103139013
126.6 0.458967823145307
126.7 0.460536543151601
126.8 0.462105263157895
126.9 0.464514170040486
127 0.466923076923077
127.1 0.468967032967033
127.2 0.469090909090909
127.3 0.471774891774892
127.4 0.474458874458875
127.5 0.477142857142857
127.6 0.479619047619048
127.7 0.481348901098901
127.8 0.483078754578755
127.9 0.484808608058608
128 0.486538461538462
128.1 0.488789237668161
128.2 0.491044776119403
128.3 0.492682926829268
128.4 0.494845360824742
128.5 0.496907216494845
128.6 0.498969072164948
128.7 0.500653594771242
128.8 0.502777777777778
128.9 0.504792332268371
129 0.504792332268371
129.1 0.507648303255332
129.2 0.510504274242293
129.3 0.513360245229255
129.4 0.516216216216216
129.5 0.517647058823529
129.6 0.519642857142857
129.7 0.522222222222222
129.8 0.523021582733813
129.9 0.525
130 0.526875
130.1 0.529411764705882
130.2 0.531172948221205
130.3 0.532934131736527
130.4 0.535217065868264
130.5 0.5375
130.6 0.538709677419355
130.7 0.542328042328042
130.8 0.542328042328042
130.9 0.545107683135852
131 0.547887323943662
131.1 0.548943661971831
131.2 0.55
131.3 0.552631578947369
131.4 0.555756578947369
131.5 0.556990979381443
131.6 0.559259259259259
131.7 0.560714285714286
131.8 0.563095238095238
131.9 0.566666666666667
132 0.567094017094017
132.1 0.568461538461538
132.2 0.572972972972973
132.3 0.572972972972973
132.4 0.575697211155378
132.5 0.575697211155378
132.6 0.578028910001021
132.7 0.580360608846665
132.8 0.582692307692308
132.9 0.585512820512821
133 0.588333333333333
133.1 0.590241379310345
133.2 0.593103448275862
133.3 0.593103448275862
133.4 0.595370621775727
133.5 0.597637795275591
133.6 0.600498844830025
133.7 0.604790419161677
133.8 0.604790419161677
133.9 0.606009667412164
134 0.607228915662651
134.1 0.609876543209876
134.2 0.613432835820895
134.3 0.613432835820895
134.4 0.615776820595012
134.5 0.618120805369128
134.6 0.62027027027027
134.7 0.622604422604423
134.8 0.624938574938575
134.9 0.627272727272727
135 0.628219696969697
135.1 0.629166666666667
135.2 0.631384742951907
135.3 0.633602819237148
135.4 0.635820895522388
135.5 0.638044675949114
135.6 0.640268456375839
135.7 0.642071521586698
135.8 0.644776119402985
135.9 0.646268656716418
136 0.647761194029851
136.1 0.648769574944072
136.2 0.651612903225806
136.3 0.654022988505747
136.4 0.655952380952381
136.5 0.657813852813853
136.6 0.660343228200371
136.7 0.660606060606061
136.8 0.666666666666667
136.9 0.666666666666667
137 0.668333333333333
137.1 0.67
137.2 0.672654320987654
137.3 0.673765432098765
137.4 0.676367781155015
137.5 0.678475956667446
137.6 0.680584132179877
137.7 0.682692307692308
137.8 0.684916211427728
137.9 0.687140115163148
138 0.690082644628099
138.1 0.691520316804408
138.2 0.692957988980716
138.3 0.694395661157025
138.4 0.695833333333333
138.5 0.697777777777778
138.6 0.7
138.7 0.702083333333333
138.8 0.704166666666667
138.9 0.70625
139 0.70829574742268
139.1 0.710341494845361
139.2 0.712387242268041
139.3 0.714432989690722
139.4 0.716692700197855
139.5 0.718952410704988
139.6 0.721212121212121
139.7 0.724832214765101
139.8 0.725625193598348
139.9 0.726153846153846
140 0.729032258064516
140.1 0.730769230769231
140.2 0.733092948717949
140.3 0.735416666666667
140.4 0.736789772727273
140.5 0.738162878787879
140.6 0.739535984848485
140.7 0.740909090909091
140.8 0.743506493506494
140.9 0.746103896103896
141 0.748753948753949
141.1 0.75
141.2 0.754054054054054
141.3 0.756572481572482
141.4 0.759090909090909
141.5 0.759986267508926
141.6 0.758064516129032
141.7 0.762496203583817
141.8 0.762962962962963
141.9 0.765627822944896
142 0.768292682926829
142.1 0.773076923076923
142.2 0.77420814479638
142.3 0.775339366515837
142.4 0.776470588235294
142.5 0.778048780487805
142.6 0.78032873806999
142.7 0.782608695652174
142.8 0.784615384615385
142.9 0.787521367521368
143 0.790427350427351
143.1 0.793333333333333
143.2 0.794240790655885
143.3 0.795148247978437
143.4 0.797560975609756
143.5 0.80059620596206
143.6 0.803631436314363
143.7 0.806666666666667
143.8 0.804
143.9 0.807263157894737
144 0.810526315789474
144.1 0.813333333333333
144.2 0.814888888888889
144.3 0.816444444444445
144.4 0.818
144.5 0.82
144.6 0.821804511278196
144.7 0.821621621621621
144.8 0.826315789473684
144.9 0.826315789473684
145 0.83
145.1 0.832820512820513
145.2 0.835641025641026
145.3 0.838461538461539
145.4 0.839230769230769
145.5 0.84
145.6 0.840833333333333
145.7 0.841666666666667
145.8 0.844230769230769
145.9 0.846794871794872
146 0.849358974358975
146.1 0.851923076923077
146.2 0.85448717948718
146.3 0.858333333333333
146.4 0.858333333333333
146.5 0.860166666666667
146.6 0.862
146.7 0.863333333333333
146.8 0.868421052631579
146.9 0.869627192982456
147 0.870833333333333
147.1 0.870588235294118
147.2 0.870588235294118
147.3 0.87
147.4 0.870666666666667
147.5 0.87
147.6 0.87
147.7 0.87
147.8 0.87
147.9 0.8705
148 0.871
148.1 0.871214285714286
148.2 0.871428571428571
148.3 0.871714285714286
148.4 0.872
148.5 0.871611982881598
148.6 0.8725
148.7 0.871573383084577
148.8 0.870646766169154
148.9 0.871573383084577
149 0.8725
149.1 0.872727272727273
149.2 0.873333333333333
149.3 0.873170731707317
149.4 0.873542392566783
149.5 0.873914053426249
149.6 0.874285714285714
149.7 0.874390243902439
149.8 0.873333333333333
149.9 0.874166666666667
150 0.875
150.1 0.874603174603175
150.2 0.874545454545455
150.3 0.875110565110565
150.4 0.875675675675676
150.5 0.875
150.6 0.875555555555556
150.7 0.876111111111111
150.8 0.876666666666667
150.9 0.877222222222222
151 0.877777777777778
151.1 0.877609427609428
151.2 0.877441077441077
151.3 0.877272727272727
151.4 0.876923076923077
151.5 0.877611940298508
151.6 0.878542510121458
151.7 0.878225064409275
151.8 0.877907618697092
151.9 0.87759017298491
152 0.877272727272727
152.1 0.877732379979571
152.2 0.878192032686415
152.3 0.878651685393258
152.4 0.880487804878049
152.5 0.879761904761905
152.6 0.878706199460916
152.7 0.879737715115074
152.8 0.880769230769231
152.9 0.88
153 0.88
153.1 0.879895287958115
153.2 0.87979057591623
153.3 0.879685863874345
153.4 0.879581151832461
153.5 0.881818181818182
153.6 0.882233626588465
153.7 0.882649071358749
153.8 0.883064516129032
153.9 0.882231404958678
154 0.879310344827586
154.1 0.88255033557047
154.2 0.883180994993076
154.3 0.884126984126984
154.4 0.883763721077154
154.5 0.884848484848485
154.6 0.885906040268456
154.7 0.88484491202612
154.8 0.883783783783784
154.9 0.884324324324324
155 0.884864864864865
155.1 0.885405405405405
155.2 0.885945945945946
155.3 0.886486486486487
155.4 0.886643734643735
155.5 0.886800982800983
155.6 0.886958230958231
155.7 0.887115479115479
155.8 0.887272727272727
155.9 0.888230958230958
156 0.889189189189189
156.1 0.889473684210526
156.2 0.889
156.3 0.88780487804878
156.4 0.889415481832543
156.5 0.889897897515824
156.6 0.890007457121551
156.7 0.890243902439025
156.8 0.8900513478819
156.9 0.889858793324775
157 0.889666238767651
157.1 0.889473684210526
157.2 0.890909090909091
157.3 0.889473684210526
157.4 0.893333333333333
157.5 0.892727272727273
157.6 0.892121212121212
157.7 0.891515151515151
157.8 0.890909090909091
157.9 0.891608391608392
158 0.892307692307692
158.1 0.892937062937063
158.2 0.893566433566434
158.3 0.894195804195804
158.4 0.894825174825175
158.5 0.895454545454546
158.6 0.895488466757124
158.7 0.895522388059702
158.8 0.895161290322581
158.9 0.895341839191141
159 0.895522388059702
159.1 0.899328859060403
159.2 0.898535105833764
159.3 0.897741352607124
159.4 0.896947599380485
159.5 0.896153846153846
159.6 0.896435272045028
159.7 0.89671669793621
159.8 0.896998123827392
159.9 0.897279549718574
160 0.897560975609756
160.1 0.897994751466502
160.2 0.898428527323248
160.3 0.898862303179994
160.4 0.89929607903674
160.5 0.899729854893486
160.6 0.900163630750232
160.7 0.900597406606977
160.8 0.901031182463723
160.9 0.901464958320469
161 0.901898734177215
161.1 0.902857142857143
161.2 0.905
161.3 0.903225806451613
161.4 0.903846153846154
161.5 0.904225352112676
161.6 0.905633802816901
161.7 0.906077203964528
161.8 0.906520605112154
161.9 0.906964006259781
162 0.907407407407407
162.1 0.90741530443023
162.2 0.907423201453052
162.3 0.907431098475875
162.4 0.907438995498697
162.5 0.907446892521519
162.6 0.907454789544342
162.7 0.907462686567164
162.8 0.908374792703151
162.9 0.909286898839138
163 0.910199004975124
163.1 0.911111111111111
163.2 0.911111111111111
163.3 0.911111111111111
163.4 0.911111111111111
163.5 0.911111111111111
163.6 0.911111111111111
163.7 0.912544802867384
163.8 0.913978494623656
163.9 0.912903225806451
164 0.910344827586207
164.1 0.910799035965888
164.2 0.911253244345569
164.3 0.91170745272525
164.4 0.912161661104931
164.5 0.912615869484612
164.6 0.913070077864294
164.7 0.913524286243975
164.8 0.913978494623656
164.9 0.914356829948228
165 0.9147351652728
165.1 0.915113500597371
165.2 0.915491835921943
165.3 0.915870171246515
165.4 0.916248506571087
165.5 0.916626841895659
165.6 0.917005177220231
165.7 0.917383512544803
165.8 0.917761847869375
165.9 0.918140183193947
166 0.918518518518519
166.1 0.918636363636364
166.2 0.918754208754209
166.3 0.918872053872054
166.4 0.918989898989899
166.5 0.919107744107744
166.6 0.919225589225589
166.7 0.919343434343434
166.8 0.91946127946128
166.9 0.919579124579125
167 0.91969696969697
167.1 0.920050505050505
167.2 0.92040404040404
167.3 0.920757575757576
167.4 0.921111111111111
167.5 0.921464646464646
167.6 0.921818181818182
167.7 0.922171717171717
167.8 0.922525252525253
167.9 0.922878787878788
168 0.923232323232323
168.1 0.923585858585859
168.2 0.923939393939394
168.3 0.924292929292929
168.4 0.924646464646465
168.5 0.925
168.6 0.925087719298246
168.7 0.925175438596491
168.8 0.925263157894737
168.9 0.925350877192982
169 0.925438596491228
169.1 0.925526315789474
169.2 0.925614035087719
169.3 0.925701754385965
169.4 0.92578947368421
169.5 0.925877192982456
169.6 0.925964912280702
169.7 0.926052631578947
169.8 0.926140350877193
169.9 0.926228070175439
170 0.926315789473684
170.1 0.926466165413534
170.2 0.926616541353383
170.3 0.926766917293233
170.4 0.926917293233083
170.5 0.927067669172932
170.6 0.927218045112782
170.7 0.927368421052632
170.8 0.927518796992481
170.9 0.927669172932331
171 0.92781954887218
171.1 0.92796992481203
171.2 0.92812030075188
171.3 0.928270676691729
171.4 0.928421052631579
171.5 0.928571428571428
171.6 0.928888888888889
171.7 0.929206349206349
171.8 0.929523809523809
171.9 0.92984126984127
172 0.93015873015873
172.1 0.93047619047619
172.2 0.930793650793651
172.3 0.931111111111111
172.4 0.931428571428571
172.5 0.931746031746032
172.6 0.932063492063492
172.7 0.932380952380952
172.8 0.932698412698413
172.9 0.933015873015873
173 0.933333333333333
173.1 0.933527131782946
173.2 0.933720930232558
173.3 0.933914728682171
173.4 0.934108527131783
173.5 0.934302325581395
173.6 0.934496124031008
173.7 0.93468992248062
173.8 0.934883720930233
173.9 0.935077519379845
174 0.935271317829458
174.1 0.93546511627907
174.2 0.935658914728682
174.3 0.935852713178295
174.4 0.936046511627907
174.5 0.93624031007752
174.6 0.936434108527132
174.7 0.936627906976744
174.8 0.936821705426357
174.9 0.937015503875969
175 0.937209302325581
175.1 0.937321274763135
175.2 0.937433247200689
175.3 0.937545219638243
175.4 0.937657192075797
175.5 0.93776916451335
175.6 0.937881136950904
175.7 0.937993109388458
175.8 0.938105081826012
175.9 0.938217054263566
176 0.93832902670112
176.1 0.938440999138673
176.2 0.938552971576227
176.3 0.938664944013781
176.4 0.938776916451335
176.5 0.938888888888889
176.6 0.939281370923162
176.7 0.939673852957435
176.8 0.940066334991708
176.9 0.940458817025981
177 0.940851299060254
177.1 0.941243781094527
177.2 0.941636263128801
177.3 0.942028745163074
177.4 0.942421227197347
177.5 0.94281370923162
177.6 0.943206191265893
177.7 0.943598673300166
177.8 0.943991155334439
177.9 0.944383637368712
178 0.944776119402985
178.1 0.944867967853042
178.2 0.9449598163031
178.3 0.945051664753157
178.4 0.945143513203215
178.5 0.945235361653272
178.6 0.945327210103329
178.7 0.945419058553387
178.8 0.945510907003444
178.9 0.945602755453501
179 0.945694603903559
179.1 0.945786452353616
179.2 0.945878300803674
179.3 0.945970149253731
179.4 0.946061997703789
179.5 0.946153846153846
179.6 0.946478283621141
179.7 0.946802721088435
179.8 0.94712715855573
179.9 0.947451596023024
180 0.947776033490319
180.1 0.948100470957614
180.2 0.948424908424908
180.3 0.948749345892203
180.4 0.949073783359497
180.5 0.949398220826792
180.6 0.949722658294087
180.7 0.950047095761381
180.8 0.950371533228676
180.9 0.950695970695971
181 0.951020408163265
181.1 0.951160714285714
181.2 0.951301020408163
181.3 0.951441326530612
181.4 0.951581632653061
181.5 0.95172193877551
181.6 0.951862244897959
181.7 0.952002551020408
181.8 0.952142857142857
181.9 0.952283163265306
182 0.952423469387755
182.1 0.952563775510204
182.2 0.952704081632653
182.3 0.952844387755102
182.4 0.952984693877551
182.5 0.953125
182.6 0.953685897435897
182.7 0.954246794871795
182.8 0.954807692307692
182.9 0.95536858974359
183 0.955929487179487
183.1 0.956490384615384
183.2 0.957051282051282
183.3 0.957612179487179
183.4 0.958173076923077
183.5 0.958733974358974
183.6 0.959294871794872
183.7 0.959855769230769
183.8 0.960416666666667
183.9 0.960977564102564
184 0.961538461538461
184.1 0.961435897435897
184.2 0.961333333333333
184.3 0.961230769230769
184.4 0.961128205128205
184.5 0.961025641025641
184.6 0.960923076923077
184.7 0.960820512820513
184.8 0.960717948717949
184.9 0.960615384615385
185 0.96051282051282
185.1 0.960410256410256
185.2 0.960307692307692
185.3 0.960205128205128
185.4 0.960102564102564
185.5 0.96
185.6 0.960166666666667
185.7 0.960333333333333
185.8 0.9605
185.9 0.960666666666667
186 0.960833333333333
186.1 0.961
186.2 0.961166666666667
186.3 0.961333333333333
186.4 0.9615
186.5 0.961666666666667
186.6 0.961833333333333
186.7 0.962
186.8 0.962166666666667
186.9 0.962333333333333
187 0.9625
187.1 0.962666666666667
187.2 0.962833333333333
187.3 0.963
187.4 0.963166666666667
187.5 0.963333333333333
187.6 0.9635
187.7 0.963666666666667
187.8 0.963833333333333
187.9 0.964
188 0.964166666666667
188.1 0.964333333333333
188.2 0.9645
188.3 0.964666666666667
188.4 0.964833333333333
188.5 0.965
188.6 0.9651875
188.7 0.965375
188.8 0.9655625
188.9 0.96575
189 0.9659375
189.1 0.966125
189.2 0.9663125
189.3 0.9665
189.4 0.9666875
189.5 0.966875
189.6 0.9670625
189.7 0.96725
189.8 0.9674375
189.9 0.967625
190 0.9678125
190.1 0.968
190.2 0.9681875
190.3 0.968375
190.4 0.9685625
190.5 0.96875
190.6 0.968928571428571
190.7 0.969107142857143
190.8 0.969285714285714
190.9 0.969464285714286
191 0.969642857142857
191.1 0.969821428571429
191.2 0.97
191.3 0.970178571428572
191.4 0.970357142857143
191.5 0.970535714285714
191.6 0.970714285714286
191.7 0.970892857142857
191.8 0.971071428571429
191.9 0.97125
192 0.971428571428571
192.1 0.971607142857143
192.2 0.971785714285714
192.3 0.971964285714286
192.4 0.972142857142857
192.5 0.972321428571429
192.6 0.9725
192.7 0.972678571428572
192.8 0.972857142857143
192.9 0.973035714285714
193 0.973214285714286
193.1 0.973392857142857
193.2 0.973571428571429
193.3 0.97375
193.4 0.973928571428571
193.5 0.974107142857143
193.6 0.974285714285714
193.7 0.974464285714286
193.8 0.974642857142857
193.9 0.974821428571429
194 0.975
194.1 0.975111111111111
194.2 0.975222222222222
194.3 0.975333333333333
194.4 0.975444444444444
194.5 0.975555555555556
194.6 0.975666666666667
194.7 0.975777777777778
194.8 0.975888888888889
194.9 0.976
195 0.976111111111111
195.1 0.976222222222222
195.2 0.976333333333333
195.3 0.976444444444444
195.4 0.976555555555556
195.5 0.976666666666667
195.6 0.977
195.7 0.977333333333333
195.8 0.977666666666667
195.9 0.978
196 0.978333333333333
196.1 0.978666666666666
196.2 0.979
196.3 0.979333333333333
196.4 0.979666666666666
196.5 0.98
196.6 0.980333333333333
196.7 0.980666666666667
196.8 0.981
196.9 0.981333333333333
197 0.981666666666667
197.1 0.982
197.2 0.982333333333333
197.3 0.982666666666667
197.4 0.983
197.5 0.983333333333333
197.6 0.983333333333333
197.7 0.983333333333333
197.8 0.983333333333333
197.9 0.983333333333333
198 0.983333333333333
198.1 0.983333333333333
198.2 0.983333333333333
198.3 0.983333333333333
198.4 0.983333333333333
198.5 0.983333333333333
198.6 0.983333333333333
198.7 0.983333333333333
198.8 0.983333333333333
198.9 0.983333333333333
199 0.983333333333333
199.1 0.983333333333333
199.2 0.983333333333333
199.3 0.983333333333333
199.4 0.983333333333333
199.5 0.983333333333333
199.6 0.983541666666667
199.7 0.98375
199.8 0.983958333333333
199.9 0.984166666666667
200 0.984375
200.1 0.984583333333333
200.2 0.984791666666667
200.3 0.985
200.4 0.985208333333333
200.5 0.985416666666667
200.6 0.985625
200.7 0.985833333333333
200.8 0.986041666666667
200.9 0.98625
201 0.986458333333333
201.1 0.986666666666667
201.2 0.986875
201.3 0.987083333333333
201.4 0.987291666666667
201.5 0.9875
201.6 0.987708333333333
201.7 0.987916666666667
201.8 0.988125
201.9 0.988333333333333
202 0.988541666666667
202.1 0.98875
202.2 0.988958333333333
202.3 0.989166666666667
202.4 0.989375
202.5 0.989583333333333
202.6 0.989791666666667
202.7 0.99
202.8 0.990208333333334
202.9 0.990416666666667
203 0.990625
203.1 0.990833333333334
203.2 0.991041666666667
203.3 0.99125
203.4 0.991458333333333
203.5 0.991666666666667
203.6 0.991587301587302
203.7 0.991507936507936
203.8 0.991428571428571
203.9 0.991349206349206
204 0.991269841269841
204.1 0.991190476190476
204.2 0.991111111111111
204.3 0.991031746031746
204.4 0.990952380952381
204.5 0.990873015873016
204.6 0.990793650793651
204.7 0.990714285714286
204.8 0.990634920634921
204.9 0.990555555555556
205 0.990476190476191
205.1 0.990689223057644
205.2 0.990902255639098
205.3 0.991115288220552
205.4 0.991328320802005
205.5 0.991541353383459
205.6 0.991754385964912
205.7 0.991967418546366
205.8 0.99218045112782
205.9 0.992393483709273
206 0.992606516290727
206.1 0.992819548872181
206.2 0.993032581453634
206.3 0.993245614035088
206.4 0.993458646616542
206.5 0.993671679197995
206.6 0.993884711779449
206.7 0.994097744360903
206.8 0.994310776942356
206.9 0.99452380952381
207 0.994736842105263
207.1 0.994770258980786
207.2 0.994803675856308
207.3 0.99483709273183
207.4 0.994870509607352
207.5 0.994903926482874
207.6 0.994937343358396
207.7 0.994970760233918
207.8 0.99500417710944
207.9 0.995037593984962
208 0.995071010860485
208.1 0.995104427736007
208.2 0.995137844611529
208.3 0.995171261487051
208.4 0.995204678362573
208.5 0.995238095238095
208.6 0.995238095238095
208.7 0.995238095238095
208.8 0.995238095238095
208.9 0.995238095238095
209 0.995238095238095
209.1 0.995111111111111
209.2 0.994984126984127
209.3 0.994857142857143
209.4 0.994730158730159
209.5 0.994603174603175
209.6 0.994476190476191
209.7 0.994349206349207
209.8 0.994222222222222
209.9 0.994095238095238
210 0.993968253968254
210.1 0.99384126984127
210.2 0.993714285714286
210.3 0.993587301587302
210.4 0.993460317460317
210.5 0.993333333333333
210.6 0.993642857142857
210.7 0.993952380952381
210.8 0.994261904761905
210.9 0.994571428571429
211 0.994880952380952
211.1 0.995190476190476
211.2 0.9955
211.3 0.995809523809524
211.4 0.996119047619048
211.5 0.996428571428571
211.6 0.996428571428571
211.7 0.996428571428571
211.8 0.996428571428571
211.9 0.996428571428571
212 0.996428571428571
212.1 0.996428571428571
212.2 0.996428571428571
212.3 0.996428571428571
212.4 0.996428571428571
212.5 0.996428571428571
212.6 0.996464285714286
212.7 0.9965
212.8 0.996535714285714
212.9 0.996571428571428
213 0.996607142857143
213.1 0.996642857142857
213.2 0.996678571428571
213.3 0.996714285714285
213.4 0.99675
213.5 0.996785714285714
213.6 0.996821428571428
213.7 0.996857142857143
213.8 0.996892857142857
213.9 0.996928571428571
214 0.996964285714286
214.1 0.997
214.2 0.997035714285714
214.3 0.997071428571428
214.4 0.997107142857143
214.5 0.997142857142857
214.6 0.997197994987469
214.7 0.99725313283208
214.8 0.997308270676692
214.9 0.997363408521303
215 0.997418546365915
215.1 0.997473684210526
215.2 0.997528822055138
215.3 0.997583959899749
215.4 0.997639097744361
215.5 0.997694235588972
215.6 0.997749373433584
215.7 0.997804511278195
215.8 0.997859649122807
215.9 0.997914786967418
216 0.99796992481203
216.1 0.998025062656641
216.2 0.998080200501253
216.3 0.998135338345865
216.4 0.998190476190476
216.5 0.998245614035088
216.6 0.998322518625331
216.7 0.998399423215573
216.8 0.998476327805816
216.9 0.998553232396059
217 0.998630136986301
217.1 0.998698630136986
217.2 0.998767123287671
217.3 0.998835616438356
217.4 0.998904109589041
217.5 0.998972602739726
217.6 0.999041095890411
217.7 0.999109589041096
217.8 0.999178082191781
217.9 0.999246575342466
218 0.999315068493151
218.1 0.999383561643835
218.2 0.99945205479452
218.3 0.999520547945205
218.4 0.99958904109589
218.5 0.999657534246575
218.6 0.99972602739726
218.7 0.999794520547945
218.8 0.99986301369863
218.9 0.999931506849315
219 1
219.1 1
219.2 1
219.3 1
219.4 1
219.5 1
219.6 1
219.7 1
219.8 1
219.9 1
220 1
220.1 1
220.2 1
220.3 1
220.4 1
220.5 1
220.6 1
220.7 1
220.8 1
220.9 1
221 1
221.1 1
221.2 1
221.3 1
221.4 1
221.5 1
221.6 1
221.7 1
221.8 1
221.9 1
222 1
222.1 1
222.2 1
222.3 1
222.4 1
222.5 1
222.6 1
222.7 1
222.8 1
222.9 1
223 1
223.1 1
223.2 1
223.3 1
223.4 1
223.5 1
223.6 1
223.7 1
223.8 1
223.9 1
224 1
224.1 1
224.2 1
224.3 1
224.4 1
224.5 1
224.6 1
224.7 1
224.8 1
224.9 1
225 1
225.1 1
225.2 1
225.3 1
225.4 1
225.5 1
225.6 1
225.7 1
225.8 1
225.9 1
226 1
226.1 1
226.2 1
226.3 1
226.4 1
226.5 1
226.6 1
226.7 1
226.8 1
226.9 1
227 1
227.1 1
227.2 1
227.3 1
227.4 1
227.5 1
227.6 1
227.7 1
227.8 1
227.9 1
228 1
228.1 1
228.2 1
228.3 1
228.4 1
228.5 1
228.6 1
228.7 1
228.8 1
228.9 1
229 1
229.1 1
229.2 1
229.3 1
229.4 1
229.5 1
229.6 1
229.7 1
229.8 1
229.9 1
230 1
230.1 1
230.2 1
230.3 1
230.4 1
230.5 1
230.6 1
230.7 1
230.8 1
230.9 1
231 1
231.1 1
231.2 1
231.3 1
231.4 1
231.5 1
231.6 1
231.7 1
231.8 1
231.9 1
232 1
232.1 1
232.2 1
232.3 1
232.4 1
232.5 1
232.6 1
232.7 1
232.8 1
232.9 1
233 1
