0 0.199
0.1 0.199
0.2 0.198502645502646
0.3 0.198005291005291
0.4 0.197507936507937
0.5 0.197010582010582
0.6 0.196513227513228
0.7 0.196015873015873
0.8 0.195518518518519
0.9 0.195021164021164
1 0.19452380952381
1.1 0.193964285714286
1.2 0.193404761904762
1.3 0.192845238095238
1.4 0.192285714285714
1.5 0.19172619047619
1.6 0.191166666666667
1.7 0.190607142857143
1.8 0.190047619047619
1.9 0.189488095238095
2 0.188928571428571
2.1 0.188369047619048
2.2 0.187809523809524
2.3 0.18725
2.4 0.186690476190476
2.5 0.186130952380952
2.6 0.185571428571429
2.7 0.185011904761905
2.8 0.184452380952381
2.9 0.183892857142857
3 0.183333333333333
3.1 0.183333333333333
3.2 0.182822966507177
3.3 0.182312599681021
3.4 0.181802232854864
3.5 0.181291866028708
3.6 0.180781499202552
3.7 0.180271132376396
3.8 0.179760765550239
3.9 0.179250398724083
4 0.178740031897927
4.1 0.17822966507177
4.2 0.177719298245614
4.3 0.177208931419458
4.4 0.176698564593301
4.5 0.176188197767145
4.6 0.175677830940989
4.7 0.175167464114833
4.8 0.174657097288676
4.9 0.17414673046252
5 0.173636363636364
5.1 0.173091505216095
5.2 0.172546646795827
5.3 0.172001788375559
5.4 0.171456929955291
5.5 0.170912071535022
5.6 0.170367213114754
5.7 0.169822354694486
5.8 0.169277496274218
5.9 0.168732637853949
6 0.168187779433681
6.1 0.167642921013413
6.2 0.167098062593145
6.3 0.166553204172876
6.4 0.166008345752608
6.5 0.16546348733234
6.6 0.164918628912072
6.7 0.164373770491803
6.8 0.163828912071535
6.9 0.163284053651267
7 0.162739195230999
7.1 0.16219433681073
7.2 0.161649478390462
7.3 0.161104619970194
7.4 0.160559761549926
7.5 0.160014903129657
7.6 0.159470044709389
7.7 0.158925186289121
7.8 0.158380327868853
7.9 0.157835469448584
8 0.157290611028316
8.1 0.156745752608048
8.2 0.156200894187779
8.3 0.155656035767511
8.4 0.155111177347243
8.5 0.154566318926975
8.6 0.154021460506706
8.7 0.153476602086438
8.8 0.15293174366617
8.9 0.152386885245902
9 0.151842026825633
9.1 0.151297168405365
9.2 0.150752309985097
9.3 0.150207451564829
9.4 0.14966259314456
9.5 0.149117734724292
9.6 0.148572876304024
9.7 0.148028017883756
9.8 0.147483159463487
9.9 0.146938301043219
10 0.146393442622951
10.1 0.145851288056206
10.2 0.145309133489461
10.3 0.144766978922717
10.4 0.144224824355972
10.5 0.143682669789227
10.6 0.143140515222482
10.7 0.142598360655738
10.8 0.142056206088993
10.9 0.141514051522248
11 0.140971896955504
11.1 0.140429742388759
11.2 0.139887587822014
11.3 0.139345433255269
11.4 0.138803278688525
11.5 0.13826112412178
11.6 0.137718969555035
11.7 0.137176814988291
11.8 0.136634660421546
11.9 0.136092505854801
12 0.135550351288056
12.1 0.135008196721312
12.2 0.134466042154567
12.3 0.133923887587822
12.4 0.133381733021077
12.5 0.132839578454333
12.6 0.132297423887588
12.7 0.131755269320843
12.8 0.131213114754098
12.9 0.130670960187354
13 0.130128805620609
13.1 0.129586651053864
13.2 0.12904449648712
13.3 0.128502341920375
13.4 0.12796018735363
13.5 0.127418032786885
13.6 0.126875878220141
13.7 0.126333723653396
13.8 0.125791569086651
13.9 0.125249414519906
14 0.124707259953162
14.1 0.124165105386417
14.2 0.123622950819672
14.3 0.123080796252927
14.4 0.122538641686183
14.5 0.121996487119438
14.6 0.121454332552693
14.7 0.120912177985948
14.8 0.120370023419204
14.9 0.119827868852459
15 0.119285714285714
15.1 0.118756
15.2 0.118226285714286
15.3 0.117696571428571
15.4 0.117166857142857
15.5 0.116637142857143
15.6 0.116107428571429
15.7 0.115577714285714
15.8 0.115048
15.9 0.114518285714286
16 0.113988571428571
16.1 0.113458857142857
16.2 0.112929142857143
16.3 0.112399428571429
16.4 0.111869714285714
16.5 0.11134
16.6 0.110810285714286
16.7 0.110280571428571
16.8 0.109750857142857
16.9 0.109221142857143
17 0.108691428571429
17.1 0.108161714285714
17.2 0.107632
17.3 0.107102285714286
17.4 0.106572571428571
17.5 0.106042857142857
17.6 0.105513142857143
17.7 0.104983428571429
17.8 0.104453714285714
17.9 0.103924
18 0.103394285714286
18.1 0.102864571428571
18.2 0.102334857142857
18.3 0.101805142857143
18.4 0.101275428571429
18.5 0.100745714285714
18.6 0.100216
18.7 0.0996862857142857
18.8 0.0991565714285714
18.9 0.0986268571428571
19 0.0980971428571428
19.1 0.0975674285714286
19.2 0.0970377142857143
19.3 0.096508
19.4 0.0959782857142857
19.5 0.0954485714285714
19.6 0.0949188571428571
19.7 0.0943891428571428
19.8 0.0938594285714286
19.9 0.0933297142857143
20 0.0928
20.1 0.092264
20.2 0.091728
20.3 0.091192
20.4 0.090656
20.5 0.09012
20.6 0.089584
20.7 0.089048
20.8 0.088512
20.9 0.087976
21 0.08744
21.1 0.0869040000000001
21.2 0.0863680000000001
21.3 0.0858320000000001
21.4 0.0852960000000001
21.5 0.0847600000000001
21.6 0.084224
21.7 0.083688
21.8 0.083152
21.9 0.082616
22 0.08208
22.1 0.081544
22.2 0.081008
22.3 0.080472
22.4 0.079936
22.5 0.0794
22.6 0.078864
22.7 0.078328
22.8 0.077792
22.9 0.077256
23 0.07672
23.1 0.076184
23.2 0.075648
23.3 0.075112
23.4 0.074576
23.5 0.07404
23.6 0.073504
23.7 0.072968
23.8 0.072432
23.9 0.071896
24 0.07136
24.1 0.070824
24.2 0.070288
24.3 0.069752
24.4 0.069216
24.5 0.06868
24.6 0.068144
24.7 0.067608
24.8 0.067072
24.9 0.066536
25 0.066
25.1 0.0654633333333333
25.2 0.0649266666666666
25.3 0.06439
25.4 0.0638533333333333
25.5 0.0633166666666666
25.6 0.06278
25.7 0.0622433333333333
25.8 0.0617066666666666
25.9 0.06117
26 0.0606333333333333
26.1 0.0600966666666666
26.2 0.05956
26.3 0.0590233333333333
26.4 0.0584866666666666
26.5 0.05795
26.6 0.0574133333333333
26.7 0.0568766666666667
26.8 0.05634
26.9 0.0558033333333333
27 0.0552666666666667
27.1 0.05473
27.2 0.0541933333333333
27.3 0.0536566666666667
27.4 0.05312
27.5 0.0525833333333333
27.6 0.0520466666666667
27.7 0.05151
27.8 0.0509733333333333
27.9 0.0504366666666667
28 0.0499
28.1 0.0493633333333333
28.2 0.0488266666666667
28.3 0.04829
28.4 0.0477533333333334
28.5 0.0472166666666667
28.6 0.04668
28.7 0.0461433333333333
28.8 0.0456066666666667
28.9 0.04507
29 0.0445333333333333
29.1 0.0439966666666667
29.2 0.04346
29.3 0.0429233333333333
29.4 0.0423866666666667
29.5 0.04185
29.6 0.0413133333333333
29.7 0.0407766666666667
29.8 0.04024
29.9 0.0397033333333333
30 0.0391666666666667
30.1 0.0390858333333333
30.2 0.039005
30.3 0.0389241666666667
30.4 0.0388433333333333
30.5 0.0387625
30.6 0.0386816666666667
30.7 0.0386008333333333
30.8 0.03852
30.9 0.0384391666666666
31 0.0383583333333333
31.1 0.0382775
31.2 0.0381966666666666
31.3 0.0381158333333333
31.4 0.038035
31.5 0.0379541666666666
31.6 0.0378733333333333
31.7 0.0377925
31.8 0.0377116666666666
31.9 0.0376308333333333
32 0.03755
32.1 0.0374691666666666
32.2 0.0373883333333333
32.3 0.0373075
32.4 0.0372266666666666
32.5 0.0371458333333333
32.6 0.037065
32.7 0.0369841666666666
32.8 0.0369033333333333
32.9 0.0368225
33 0.0367416666666666
33.1 0.0366608333333333
33.2 0.03658
33.3 0.0364991666666666
33.4 0.0364183333333333
33.5 0.0363375
33.6 0.0362566666666666
33.7 0.0361758333333333
33.8 0.036095
33.9 0.0360141666666667
34 0.0359333333333333
34.1 0.0358525
34.2 0.0357716666666667
34.3 0.0356908333333333
34.4 0.03561
34.5 0.0355291666666667
34.6 0.0354483333333333
34.7 0.0353675
34.8 0.0352866666666667
34.9 0.0352058333333333
35 0.035125
35.1 0.0350866182572614
35.2 0.0350482365145228
35.3 0.0350098547717842
35.4 0.0349714730290456
35.5 0.034933091286307
35.6 0.0348947095435685
35.7 0.0348563278008299
35.8 0.0348179460580913
35.9 0.0347795643153527
36 0.0347411825726141
36.1 0.0347028008298755
36.2 0.0346644190871369
36.3 0.0346260373443983
36.4 0.0345876556016597
36.5 0.0345492738589211
36.6 0.0345108921161826
36.7 0.034472510373444
36.8 0.0344341286307054
36.9 0.0343957468879668
37 0.0343573651452282
37.1 0.0343189834024896
37.2 0.034280601659751
37.3 0.0342422199170124
37.4 0.0341768353853169
37.5 0.0341640779719071
37.6 0.0341513205584973
37.7 0.0341385631450874
37.8 0.0341258057316776
37.9 0.0341130483182677
38 0.0341002909048579
38.1 0.0340875334914481
38.2 0.0340747760780382
38.3 0.0340620186646284
38.4 0.0340492612512185
38.5 0.0340365038378087
38.6 0.0340237464243989
38.7 0.034010989010989
38.8 0.0339187044377187
38.9 0.0338264198644484
39 0.0337341352911781
39.1 0.0336418507179078
39.2 0.0335495661446375
39.3 0.0334572815713672
39.4 0.0333649969980969
39.5 0.0332727124248266
39.6 0.0331804278515563
39.7 0.033088143278286
39.8 0.0329958587050157
39.9 0.0329035741317454
40 0.0328112895584751
40.1 0.0327190049852048
40.2 0.0326267204119344
40.3 0.0325344358386641
40.4 0.0324421512653938
40.5 0.0323498666921235
40.6 0.0322575821188532
40.7 0.0321652975455829
40.8 0.0320730129723126
40.9 0.0319807283990423
41 0.031888443825772
41.1 0.0317961592525017
41.2 0.0317038746792314
41.3 0.0316115901059611
41.4 0.0315193055326908
41.5 0.0314270209594205
41.6 0.0313347363861502
41.7 0.0312424518128799
41.8 0.0311501672396096
41.9 0.0310578826663393
42 0.030965598093069
42.1 0.0308733135197987
42.2 0.0307810289465284
42.3 0.0306887443732581
42.4 0.0305964597999878
42.5 0.0305041752267175
42.6 0.0304118906534472
42.7 0.0303196060801769
42.8 0.0302273215069066
42.9 0.0301350369336363
43 0.030042752360366
43.1 0.0299504677870957
43.2 0.0298581832138254
43.3 0.0297658986405551
43.4 0.0296736140672848
43.5 0.0295813294940145
43.6 0.0294890449207442
43.7 0.0293967603474739
43.8 0.0293044757742036
43.9 0.0292121912009333
44 0.029119906627663
44.1 0.0290276220543927
44.2 0.0289353374811224
44.3 0.0288430529078521
44.4 0.0287507683345818
44.5 0.0286584837613115
44.6 0.0285661991880412
44.7 0.0284739146147709
44.8 0.0283816300415006
44.9 0.0282893454682303
45 0.02819706089496
45.1 0.0281047763216897
45.2 0.0280124917484194
45.3 0.0279202071751491
45.4 0.0278279226018788
45.5 0.0277356380286085
45.6 0.0276433534553382
45.7 0.0275510688820679
45.8 0.0274587843087976
45.9 0.0273664997355273
46 0.027274215162257
46.1 0.0271819305889867
46.2 0.0270896460157164
46.3 0.0269973614424461
46.4 0.0269050768691758
46.5 0.0268127922959055
46.6 0.0267205077226352
46.7 0.0266282231493649
46.8 0.0265359385760946
46.9 0.0264436540028243
47 0.026351369429554
47.1 0.0262590848562837
47.2 0.0261668002830134
47.3 0.0260745157097431
47.4 0.0259822311364728
47.5 0.0258899465632025
47.6 0.0257976619899322
47.7 0.0257053774166619
47.8 0.0256130928433916
47.9 0.0255208082701213
48 0.025428523696851
48.1 0.0253362391235807
48.2 0.0252439545503104
48.3 0.0251516699770401
48.4 0.0250593854037698
48.5 0.0249671008304994
48.6 0.0248748162572291
48.7 0.0247825316839588
48.8 0.0246902471106885
48.9 0.0245979625374182
49 0.0245056779641479
49.1 0.0244133933908776
49.2 0.0243211088176073
49.3 0.024228824244337
49.4 0.0241365396710667
49.5 0.0240442550977964
49.6 0.0239519705245261
49.7 0.0238596859512558
49.8 0.0237674013779855
49.9 0.0236751168047152
50 0.0235828322314449
50.1 0.0234905476581746
50.2 0.0233982630849043
50.3 0.023305978511634
50.4 0.0232413793103448
50.5 0.0231091954022988
50.6 0.0229770114942529
50.7 0.0228448275862069
50.8 0.0227126436781609
50.9 0.0225804597701149
51 0.022448275862069
51.1 0.0223100228028338
51.2 0.0221717697435987
51.3 0.0220335166843635
51.4 0.0218952636251284
51.5 0.0217570105658932
51.6 0.0216187575066581
51.7 0.0214805044474229
51.8 0.0213422513881878
51.9 0.0212039983289526
52 0.0210657452697175
52.1 0.0209274922104823
52.2 0.0207892391512472
52.3 0.020650986092012
52.4 0.0205127330327769
52.5 0.0203744799735417
52.6 0.0202362269143066
52.7 0.0200979738550715
52.8 0.0199597207958363
52.9 0.0198214677366012
53 0.019683214677366
53.1 0.0195449616181309
53.2 0.0194067085588957
53.3 0.0192684554996606
53.4 0.0191302024404254
53.5 0.0189919493811903
53.6 0.0188536963219551
53.7 0.01871544326272
53.8 0.0185357142857143
53.9 0.0181813186813187
54 0.018
54.1 0.0176026490066225
54.2 0.017205298013245
54.3 0.0168079470198676
54.4 0.0164105960264901
54.5 0.0160132450331126
54.6 0.0156158940397351
54.7 0.0152185430463576
54.8 0.0148211920529801
54.9 0.0144238410596027
55 0.0140264900662252
55.1 0.0136291390728477
55.2 0.0132317880794702
55.3 0.0128344370860927
55.4 0.0124370860927152
55.5 0.012
55.6 0.0116
55.7 0.0112
55.8 0.0108
55.9 0.0104
56 0.01
56.1 0.00966631230805575
56.2 0.0093326246161115
56.3 0.00899893692416726
56.4 0.00866524923222301
56.5 0.00833156154027876
56.6 0.00799787384833451
56.7 0.00766418615639027
56.8 0.00733049846444602
56.9 0.00699681077250177
57 0.00666312308055752
57.1 0.00632943538861327
57.2 0.00599574769666903
57.3 0.00566206000472478
57.4 0.00532837231278053
57.5 0.00499468462083628
57.6 0.00466099692889203
57.7 0.00432730923694778
57.8 0.00399362154500354
57.9 0.00365993385305928
58 0.00319277108433735
58.1 0.00300578034682081
58.2 0.00259885386819484
58.3 0.00256558420885068
58.4 0.00253231454950653
58.5 0.00249904489016237
58.6 0.00246577523081821
58.7 0.00243250557147405
58.8 0.00239923591212989
58.9 0.00236596625278574
59 0.00233269659344158
59.1 0.00229942693409742
59.2 0.00226615727475326
59.3 0.0022328876154091
59.4 0.00219961795606495
59.5 0.00216634829672079
59.6 0.00213307863737663
59.7 0.00209980897803247
59.8 0.00206653931868832
59.9 0.00203326965934416
60 0.002
60.1 0.002
60.2 0.002
60.3 0.002
60.4 0.002
60.5 0.002
60.6 0.002
60.7 0.002
60.8 0.002
60.9 0.002
61 0.002
61.1 0.002
61.2 0.002
61.3 0.002
61.4 0.002
61.5 0.002
61.6 0.002
61.7 0.002
61.8 0.002
61.9 0.002
62 0.002
62.1 0.002
62.2 0.002
62.3 0.002
62.4 0.002
62.5 0.002
62.6 0.002
62.7 0.002
62.8 0.002
62.9 0.002
63 0.002
63.1 0.002
63.2 0.002
63.3 0.002
63.4 0.002
63.5 0.002
63.6 0.002
63.7 0.002
63.8 0.002
63.9 0.002
64 0.002
64.1 0.002
64.2 0.002
64.3 0.002
64.4 0.002
64.5 0.002
64.6 0.002
64.7 0.002
64.8 0.002
64.9 0.002
65 0.002
65.1 0.002
65.2 0.002
65.3 0.002
65.4 0.002
65.5 0.002
65.6 0.002
65.7 0.002
65.8 0.002
65.9 0.002
66 0.002
66.1 0.002
66.2 0.002
66.3 0.002
66.4 0.002
66.5 0.002
66.6 0.002
66.7 0.002
66.8 0.002
66.9 0.002
67 0.002
67.1 0.002
67.2 0.002
67.3 0.002
67.4 0.002
67.5 0.002
67.6 0.00193333333333333
67.7 0.00186666666666667
67.8 0.0018
67.9 0.00173333333333333
68 0.00166666666666667
68.1 0.0016
68.2 0.00153333333333333
68.3 0.00146666666666666
68.4 0.0014
68.5 0.00133333333333333
68.6 0.00126666666666666
68.7 0.0012
68.8 0.00113333333333333
68.9 0.00106666666666666
69 0.001
69.1 0.001
69.2 0.001
69.3 0.001
69.4 0.001
69.5 0.001
69.6 0.001
69.7 0.001
69.8 0.001
69.9 0.001
70 0.001
70.1 0.001
70.2 0.001
70.3 0.001
70.4 0.001
70.5 0.001
70.6 0.001
70.7 0.001
70.8 0.001
70.9 0.001
71 0.001
71.1 0.001
71.2 0.001
71.3 0.001
71.4 0.001
71.5 0.001
71.6 0.001
71.7 0.001
71.8 0.001
71.9 0.001
72 0.001
72.1 0.001
72.2 0.001
72.3 0.001
72.4 0.001
72.5 0.001
72.6 0.001
72.7 0.001
72.8 0.001
72.9 0.001
73 0.001
73.1 0.001
73.2 0.001
73.3 0.001
73.4 0.001
73.5 0.001
73.6 0.001
73.7 0.001
73.8 0.001
73.9 0.001
74 0.001
74.1 0.001
74.2 0.001
74.3 0.001
74.4 0.001
74.5 0.001
74.6 0.001
74.7 0.001
74.8 0.001
74.9 0.001
75 0.001
75.1 0.00096
75.2 0.00092
75.3 0.00088
75.4 0.000839999999999999
75.5 0.000799999999999999
75.6 0.000759999999999999
75.7 0.000719999999999999
75.8 0.000679999999999999
75.9 0.000639999999999999
76 0.000599999999999999
76.1 0.000559999999999998
76.2 0.000519999999999998
76.3 0.000479999999999998
76.4 0.000439999999999998
76.5 0.000399999999999998
76.6 0.000359999999999998
76.7 0.000319999999999998
76.8 0.000279999999999997
76.9 0.000239999999999997
77 0.000199999999999997
77.1 0.000159999999999996
77.2 0.000119999999999996
77.3 7.99999999999954e-05
77.4 3.99999999999954e-05
77.5 0
77.6 0
77.7 0
77.8 0
77.9 0
78 0
78.1 0
78.2 0
78.3 0
78.4 0
78.5 0
78.6 0
78.7 0
78.8 0
78.9 0
79 0
79.1 0
79.2 0
79.3 0
79.4 0
79.5 0
79.6 0
79.7 0
79.8 0
79.9 0
80 0
80.1 0
80.2 0
80.3 0
80.4 0
80.5 0
80.6 0
80.7 0
80.8 0
80.9 0
81 0
81.1 0
81.2 0
81.3 0
81.4 0
81.5 0
81.6 0
81.7 0
81.8 0
81.9 0
82 0
82.1 0
82.2 0
82.3 0
82.4 0
82.5 0
82.6 0
82.7 0
82.8 0
82.9 0
83 0
83.1 0
83.2 0
83.3 0
83.4 0
83.5 0
83.6 0
83.7 0
83.8 0
83.9 0
84 0
84.1 0
84.2 0
84.3 0
84.4 0
84.5 0
84.6 0
84.7 0
84.8 0
84.9 0
85 0
85.1 0
85.2 0
85.3 0
85.4 0
85.5 0
85.6 0
85.7 0
85.8 0
85.9 0
86 0
86.1 0
86.2 0
86.3 0
86.4 0
86.5 0
86.6 0
86.7 0
86.8 0
86.9 0
87 0
87.1 0
87.2 0
87.3 0
87.4 0
87.5 0
87.6 0
87.7 0
87.8 0
87.9 0
88 0
88.1 0
88.2 0
88.3 0
88.4 0
88.5 0
88.6 0
88.7 0
88.8 0
88.9 0
89 0
89.1 0
89.2 0
89.3 0
89.4 0
89.5 0
89.6 0
89.7 0
89.8 0
89.9 0
90 0
90.1 0
90.2 0
90.3 0
90.4 0
90.5 0
90.6 0
90.7 0
90.8 0
90.9 0
91 0
91.1 0
91.2 0
91.3 0
91.4 0
91.5 0
91.6 0
91.7 0
91.8 0
91.9 0
92 0
92.1 0
92.2 0
92.3 0
92.4 0
92.5 0
92.6 0
92.7 0
92.8 0
92.9 0
93 0
93.1 0
93.2 0
93.3 0
93.4 0
93.5 0
93.6 0
93.7 0
93.8 0
93.9 0
94 0
94.1 0
94.2 0
94.3 0
94.4 0
94.5 0
94.6 0
94.7 0
94.8 0
94.9 0
95 0
95.1 0
95.2 0
95.3 0
95.4 0
95.5 0
95.6 0
95.7 0
95.8 0
95.9 0
96 0
96.1 0
96.2 0
96.3 0
96.4 0
96.5 0
96.6 0
96.7 0
96.8 0
96.9 0
97 0
97.1 0
97.2 0
97.3 0
97.4 0
97.5 0
97.6 0
97.7 0
97.8 0
97.9 0
98 0
98.1 0
98.2 0
98.3 0
98.4 0
98.5 0
98.6 0
98.7 0
98.8 0
98.9 0
99 0
99.1 0
99.2 0
99.3 0
99.4 0
99.5 0
99.6 0
99.7 0
99.8 0
99.9 0
100 0
100.1 0
100.2 0
100.3 0
100.4 0
100.5 0
100.6 0
100.7 0
100.8 0
100.9 0
101 0
101.1 0
101.2 0
101.3 0
101.4 0
101.5 0
101.6 0
101.7 0
101.8 0
101.9 0
102 0
102.1 0
102.2 0
102.3 0
102.4 0
102.5 0
102.6 0
102.7 0
102.8 0
102.9 0
103 0
103.1 0
103.2 0
103.3 0
103.4 0
103.5 0
103.6 0
103.7 0
103.8 0
103.9 0
104 0
104.1 0
104.2 0
104.3 0
104.4 0
104.5 0
104.6 0
104.7 0
104.8 0
104.9 0
105 0
105.1 0
105.2 0
105.3 0
105.4 0
105.5 0
105.6 0
105.7 0
105.8 0
105.9 0
106 0
106.1 0
106.2 0
106.3 0
106.4 0
106.5 0
106.6 0
106.7 0
106.8 0
106.9 0
107 0
107.1 0
107.2 0
107.3 0
107.4 0
107.5 0
107.6 0
107.7 0
107.8 0
107.9 0
108 0
108.1 0
108.2 0
108.3 0
108.4 0
108.5 0
108.6 0
108.7 0
108.8 0
108.9 0
109 0
109.1 0
109.2 0
109.3 0
109.4 0
109.5 0
109.6 0
109.7 0
109.8 0
109.9 0
110 0
110.1 0
110.2 0
110.3 0
110.4 0
110.5 0
110.6 0
110.7 0
110.8 0
110.9 0
111 0
111.1 0
111.2 0
111.3 0
111.4 0
111.5 0
111.6 0
111.7 0
111.8 0
111.9 0
112 0
112.1 0
112.2 0
112.3 0
112.4 0
112.5 0
112.6 0
112.7 0
112.8 0
112.9 0
113 0
113.1 0
113.2 0
113.3 0
113.4 0
113.5 0
113.6 0
113.7 0
113.8 0
113.9 0
114 0
114.1 0
114.2 0
114.3 0
114.4 0
114.5 0
114.6 0
114.7 0
114.8 0
114.9 0
115 0
115.1 0
115.2 0
115.3 0
115.4 0
115.5 0
115.6 0
115.7 0
115.8 0
115.9 0
116 0
116.1 0
116.2 0
116.3 0
116.4 0
116.5 0
116.6 0
116.7 0
116.8 0
116.9 0
117 0
117.1 0
117.2 0
117.3 0
117.4 0
117.5 0
117.6 0
117.7 0
117.8 0
117.9 0
118 0
118.1 0
118.2 0
118.3 0
118.4 0
118.5 0
118.6 0
118.7 0
118.8 0
118.9 0
119 0
119.1 0
119.2 0
119.3 0
119.4 0
119.5 0
119.6 0
119.7 0
119.8 0
119.9 0
120 0
120.1 0
120.2 0
120.3 0
120.4 0
120.5 0
120.6 0
120.7 0
120.8 0
120.9 0
121 0
121.1 0
121.2 0
121.3 0
121.4 0
121.5 0
121.6 0
121.7 0
121.8 0
121.9 0
122 0
122.1 0
122.2 0
122.3 0
122.4 0
122.5 0
122.6 0
122.7 0
122.8 0
122.9 0
123 0
123.1 0
123.2 0
123.3 0
123.4 0
123.5 0
123.6 0
123.7 0
123.8 0
123.9 0
124 0
124.1 0
124.2 0
124.3 0
124.4 0
124.5 0
124.6 0
124.7 0
124.8 0
124.9 0
125 0
125.1 0
125.2 0
125.3 0
125.4 0
125.5 0
125.6 0
125.7 0
125.8 0
125.9 0
126 0
126.1 0
126.2 0
126.3 0
126.4 0
126.5 0
126.6 0
126.7 0
126.8 0
126.9 0
127 0
127.1 0
127.2 0
127.3 0
127.4 0
127.5 0
127.6 0
127.7 0
127.8 0
127.9 0
128 0
128.1 0
128.2 0
128.3 0
128.4 0
128.5 0
128.6 0
128.7 0
128.8 0
128.9 0
129 0
129.1 0
129.2 0
129.3 0
129.4 0
129.5 0
129.6 0
129.7 0
129.8 0
129.9 0
130 0
130.1 0
130.2 0
130.3 0
130.4 0
130.5 0
130.6 0
130.7 0
130.8 0
130.9 0
131 0
131.1 0
131.2 0
131.3 0
131.4 0
131.5 0
131.6 0
131.7 0
131.8 0
131.9 0
132 0
132.1 0
132.2 0
132.3 0
132.4 0
132.5 0
132.6 0
132.7 0
132.8 0
132.9 0
133 0
133.1 0
133.2 0
133.3 0
133.4 0
133.5 0
133.6 0
133.7 0
133.8 0
133.9 0
134 0
134.1 0
134.2 0
134.3 0
134.4 0
134.5 0
134.6 0
134.7 0
134.8 0
134.9 0
135 0
135.1 0
135.2 0
135.3 0
135.4 0
135.5 0
135.6 0
135.7 0
135.8 0
135.9 0
136 0
136.1 0
136.2 0
136.3 0
136.4 0
136.5 0
136.6 0
136.7 0
136.8 0
136.9 0
137 0
137.1 0
137.2 0
137.3 0
137.4 0
137.5 0
137.6 0
137.7 0
137.8 0
137.9 0
138 0
138.1 0
138.2 0
138.3 0
138.4 0
138.5 0
138.6 0
138.7 0
138.8 0
138.9 0
139 0
139.1 0
139.2 0
139.3 0
139.4 0
139.5 0
139.6 0
139.7 0
139.8 0
139.9 0
140 0
140.1 0
140.2 0
140.3 0
140.4 0
140.5 0
140.6 0
140.7 0
140.8 0
140.9 0
141 0
141.1 0
141.2 0
141.3 0
141.4 0
141.5 0
141.6 0
141.7 0
141.8 0
141.9 0
142 0
142.1 0
142.2 0
142.3 0
142.4 0
142.5 0
142.6 0
142.7 0
142.8 0
142.9 0
143 0
143.1 0
143.2 0
143.3 0
143.4 0
143.5 0
143.6 0
143.7 0
143.8 0
143.9 0
144 0
144.1 0
144.2 0
144.3 0
144.4 0
144.5 0
144.6 0
144.7 0
144.8 0
144.9 0
145 0
145.1 0
145.2 0
145.3 0
145.4 0
145.5 0
145.6 0
145.7 0
145.8 0
145.9 0
146 0
146.1 0
146.2 0
146.3 0
146.4 0
146.5 0
146.6 0
146.7 0
146.8 0
146.9 0
147 0
147.1 0
147.2 0
147.3 0
147.4 0
147.5 0
147.6 0
147.7 0
147.8 0
147.9 0
148 0
148.1 0
148.2 0
148.3 0
148.4 0
148.5 0
148.6 0
148.7 0
148.8 0
148.9 0
149 0
149.1 0
149.2 0
149.3 0
149.4 0
149.5 0
149.6 0
149.7 0
149.8 0
149.9 0
150 0
150.1 0
150.2 0
150.3 0
150.4 0
150.5 0
150.6 0
150.7 0
150.8 0
150.9 0
151 0
151.1 0
151.2 0
151.3 0
151.4 0
151.5 0
151.6 0
151.7 0
151.8 0
151.9 0
152 0
152.1 0
152.2 0
152.3 0
152.4 0
152.5 0
152.6 0
152.7 0
152.8 0
152.9 0
153 0
153.1 0
153.2 0
153.3 0
153.4 0
153.5 0
153.6 0
153.7 0
153.8 0
153.9 0
154 0
154.1 0
154.2 0
154.3 0
154.4 0
154.5 0
154.6 0
154.7 0
154.8 0
154.9 0
155 0
155.1 0
155.2 0
155.3 0
155.4 0
155.5 0
155.6 0
155.7 0
155.8 0
155.9 0
156 0
156.1 0
156.2 0
156.3 0
156.4 0
156.5 0
156.6 0
156.7 0
156.8 0
156.9 0
157 0
157.1 0
157.2 0
157.3 0
157.4 0
157.5 0
157.6 0
157.7 0
157.8 0
157.9 0
158 0
158.1 0
158.2 0
158.3 0
158.4 0
158.5 0
158.6 0
158.7 0
158.8 0
158.9 0
159 0
159.1 0
159.2 0
159.3 0
159.4 0
159.5 0
159.6 0
159.7 0
159.8 0
159.9 0
160 0
160.1 0
160.2 0
160.3 0
160.4 0
160.5 0
160.6 0
160.7 0
160.8 0
160.9 0
161 0
161.1 0
161.2 0
161.3 0
161.4 0
161.5 0
161.6 0
161.7 0
161.8 0
161.9 0
162 0
162.1 0
162.2 0
162.3 0
162.4 0
162.5 0
162.6 0
162.7 0
162.8 0
162.9 0
163 0
163.1 0
163.2 0
163.3 0
163.4 0
163.5 0
163.6 0
163.7 0
163.8 0
163.9 0
164 0
164.1 0
164.2 0
164.3 0
164.4 0
164.5 0
164.6 0
164.7 0
164.8 0
164.9 0
165 0
165.1 0
165.2 0
165.3 0
165.4 0
165.5 0
165.6 0
165.7 0
165.8 0
165.9 0
166 0
166.1 0
166.2 0
166.3 0
166.4 0
166.5 0
166.6 0
166.7 0
166.8 0
166.9 0
167 0
167.1 0
167.2 0
167.3 0
167.4 0
167.5 0
167.6 0
167.7 0
167.8 0
167.9 0
168 0
168.1 0
168.2 0
168.3 0
168.4 0
168.5 0
168.6 0
168.7 0
168.8 0
168.9 0
169 0
169.1 0
169.2 0
169.3 0
169.4 0
169.5 0
169.6 0
169.7 0
169.8 0
169.9 0
170 0
170.1 0
170.2 0
170.3 0
170.4 0
170.5 0
170.6 0
170.7 0
170.8 0
170.9 0
171 0
171.1 0
171.2 0
171.3 0
171.4 0
171.5 0
171.6 0
171.7 0
171.8 0
171.9 0
172 0
172.1 0
172.2 0
172.3 0
172.4 0
172.5 0
172.6 0
172.7 0
172.8 0
172.9 0
173 0
173.1 0
173.2 0
173.3 0
173.4 0
173.5 0
173.6 0
173.7 0
173.8 0
173.9 0
174 0
174.1 0
174.2 0
174.3 0
174.4 0
174.5 0
174.6 0
174.7 0
174.8 0
174.9 0
175 0
175.1 0
175.2 0
175.3 0
175.4 0
175.5 0
175.6 0
175.7 0
175.8 0
175.9 0
176 0
176.1 0
176.2 0
176.3 0
176.4 0
176.5 0
176.6 0
176.7 0
176.8 0
176.9 0
177 0
177.1 0
177.2 0
177.3 0
177.4 0
177.5 0
177.6 0
177.7 0
177.8 0
177.9 0
178 0
178.1 0
178.2 0
178.3 0
178.4 0
178.5 0
178.6 0
178.7 0
178.8 0
178.9 0
179 0
179.1 0
179.2 0
179.3 0
179.4 0
179.5 0
179.6 0
179.7 0
179.8 0
179.9 0
180 0
180.1 0
180.2 0
180.3 0
180.4 0
180.5 0
180.6 0
180.7 0
180.8 0
180.9 0
181 0
181.1 0
181.2 0
181.3 0
181.4 0
181.5 0
181.6 0
181.7 0
181.8 0
181.9 0
182 0
182.1 0
182.2 0
182.3 0
182.4 0
182.5 0
182.6 0
182.7 0
182.8 0
182.9 0
183 0
183.1 0
183.2 0
183.3 0
183.4 0
183.5 0
183.6 0
183.7 0
183.8 0
183.9 0
184 0
184.1 0
184.2 0
184.3 0
184.4 0
184.5 0
184.6 0
184.7 0
184.8 0
184.9 0
185 0
185.1 0
185.2 0
185.3 0
185.4 0
185.5 0
185.6 0
185.7 0
185.8 0
185.9 0
186 0
186.1 0
186.2 0
186.3 0
186.4 0
186.5 0
186.6 0
186.7 0
186.8 0
186.9 0
187 0
187.1 0
187.2 0
187.3 0
187.4 0
187.5 0
187.6 0
187.7 0
187.8 0
187.9 0
188 0
188.1 0
188.2 0
188.3 0
188.4 0
188.5 0
188.6 0
188.7 0
188.8 0
188.9 0
189 0
189.1 0
189.2 0
189.3 0
189.4 0
189.5 0
189.6 0
189.7 0
189.8 0
189.9 0
190 0
190.1 0
190.2 0
190.3 0
190.4 0
190.5 0
190.6 0
190.7 0
190.8 0
190.9 0
191 0
191.1 0
191.2 0
191.3 0
191.4 0
191.5 0
191.6 0
191.7 0
191.8 0
191.9 0
192 0
192.1 0
192.2 0
192.3 0
192.4 0
192.5 0
192.6 0
192.7 0
192.8 0
192.9 0
193 0
193.1 0
193.2 0
193.3 0
193.4 0
193.5 0
193.6 0
193.7 0
193.8 0
193.9 0
194 0
194.1 0
194.2 0
194.3 0
194.4 0
194.5 0
194.6 0
194.7 0
194.8 0
194.9 0
195 0
195.1 0
195.2 0
195.3 0
195.4 0
195.5 0
195.6 0
195.7 0
195.8 0
195.9 0
196 0
196.1 0
196.2 0
196.3 0
196.4 0
196.5 0
196.6 0
196.7 0
196.8 0
196.9 0
197 0
197.1 0
197.2 0
197.3 0
197.4 0
197.5 0
197.6 0
197.7 0
197.8 0
197.9 0
198 0
198.1 0
198.2 0
198.3 0
198.4 0
198.5 0
198.6 0
198.7 0
198.8 0
198.9 0
199 0
199.1 0
199.2 0
199.3 0
199.4 0
199.5 0
199.6 0
199.7 0
199.8 0
199.9 0
200 0
200.1 0
200.2 0
200.3 0
200.4 0
200.5 0
200.6 0
200.7 0
200.8 0
200.9 0
201 0
201.1 0
201.2 0
201.3 0
201.4 0
201.5 0
201.6 0
201.7 0
201.8 0
201.9 0
202 0
202.1 0
202.2 0
202.3 0
202.4 0
202.5 0
202.6 0
202.7 0
202.8 0
202.9 0
203 0
203.1 0
203.2 0
203.3 0
203.4 0
203.5 0
203.6 0
203.7 0
203.8 0
203.9 0
204 0
204.1 0
204.2 0
204.3 0
204.4 0
204.5 0
204.6 0
204.7 0
204.8 0
204.9 0
205 0
205.1 0
205.2 0
205.3 0
205.4 0
205.5 0
205.6 0
205.7 0
205.8 0
205.9 0
206 0
206.1 0
206.2 0
206.3 0
206.4 0
206.5 0
206.6 0
206.7 0
206.8 0
206.9 0
207 0
207.1 0
207.2 0
207.3 0
207.4 0
207.5 0
207.6 0
207.7 0
207.8 0
207.9 0
208 0
208.1 0
208.2 0
208.3 0
208.4 0
208.5 0
208.6 0
208.7 0
208.8 0
208.9 0
209 0
209.1 0
209.2 0
209.3 0
209.4 0
209.5 0
209.6 0
209.7 0
209.8 0
209.9 0
210 0
210.1 0
210.2 0
210.3 0
210.4 0
210.5 0
210.6 0
210.7 0
210.8 0
210.9 0
211 0
211.1 0
211.2 0
211.3 0
211.4 0
211.5 0
211.6 0
211.7 0
211.8 0
211.9 0
212 0
212.1 0
212.2 0
212.3 0
212.4 0
212.5 0
212.6 0
212.7 0
212.8 0
212.9 0
213 0
213.1 0
213.2 0
213.3 0
213.4 0
213.5 0
213.6 0
213.7 0
213.8 0
213.9 0
214 0
214.1 0
214.2 0
214.3 0
214.4 0
214.5 0
214.6 0
214.7 0
214.8 0
214.9 0
215 0
215.1 0
215.2 0
215.3 0
215.4 0
215.5 0
215.6 0
215.7 0
215.8 0
215.9 0
216 0
216.1 0
216.2 0
216.3 0
216.4 0
216.5 0
216.6 0
216.7 0
216.8 0
216.9 0
217 0
217.1 0
217.2 0
217.3 0
217.4 0
217.5 0
217.6 0
217.7 0
217.8 0
217.9 0
218 0
218.1 0
218.2 0
218.3 0
218.4 0
218.5 0
218.6 0
218.7 0
218.8 0
218.9 0
219 0
219.1 0
219.2 0
219.3 0
219.4 0
219.5 0
219.6 0
219.7 0
219.8 0
219.9 0
220 0
220.1 0
220.2 0
220.3 0
220.4 0
220.5 0
220.6 0
220.7 0
220.8 0
220.9 0
221 0
221.1 0
221.2 0
221.3 0
221.4 0
221.5 0
221.6 0
221.7 0
221.8 0
221.9 0
222 0
222.1 0
222.2 0
222.3 0
222.4 0
222.5 0
222.6 0
222.7 0
222.8 0
222.9 0
223 0
223.1 0
223.2 0
223.3 0
223.4 0
223.5 0
223.6 0
223.7 0
223.8 0
223.9 0
224 0
224.1 0
224.2 0
224.3 0
224.4 0
224.5 0
224.6 0
224.7 0
224.8 0
224.9 0
225 0
225.1 0
225.2 0
225.3 0
225.4 0
225.5 0
225.6 0
225.7 0
225.8 0
225.9 0
226 0
226.1 0
226.2 0
226.3 0
226.4 0
226.5 0
226.6 0
226.7 0
226.8 0
226.9 0
227 0
227.1 0
227.2 0
227.3 0
227.4 0
227.5 0
227.6 0
227.7 0
227.8 0
227.9 0
228 0
228.1 0
228.2 0
228.3 0
228.4 0
228.5 0
228.6 0
228.7 0
228.8 0
228.9 0
229 0
229.1 0
229.2 0
229.3 0
229.4 0
229.5 0
229.6 0
229.7 0
229.8 0
229.9 0
230 0
230.1 0
230.2 0
230.3 0
230.4 0
230.5 0
230.6 0
230.7 0
230.8 0
230.9 0
231 0
231.1 0
231.2 0
231.3 0
231.4 0
231.5 0
231.6 0
231.7 0
231.8 0
231.9 0
232 0
232.1 0
232.2 0
232.3 0
232.4 0
232.5 0
232.6 0
232.7 0
232.8 0
232.9 0
233 0
