0 0.201
0.1 0.201
0.2 0.201867724867725
0.3 0.20273544973545
0.4 0.203603174603175
0.5 0.204470899470899
0.6 0.205338624338624
0.7 0.206206349206349
0.8 0.207074074074074
0.9 0.207941798941799
1 0.208809523809524
1.1 0.209688492063492
1.2 0.21056746031746
1.3 0.211446428571429
1.4 0.212325396825397
1.5 0.213204365079365
1.6 0.214083333333333
1.7 0.214962301587302
1.8 0.21584126984127
1.9 0.216720238095238
2 0.217599206349206
2.1 0.218478174603175
2.2 0.219357142857143
2.3 0.220236111111111
2.4 0.221115079365079
2.5 0.221994047619048
2.6 0.222873015873016
2.7 0.223751984126984
2.8 0.224630952380952
2.9 0.225509920634921
3 0.226388888888889
3.1 0.227222222222222
3.2 0.228086124401914
3.3 0.228950026581606
3.4 0.229813928761297
3.5 0.230677830940989
3.6 0.23154173312068
3.7 0.232405635300372
3.8 0.233269537480064
3.9 0.234133439659755
4 0.234997341839447
4.1 0.235861244019139
4.2 0.23672514619883
4.3 0.237589048378522
4.4 0.238452950558214
4.5 0.239316852737905
4.6 0.240180754917597
4.7 0.241044657097289
4.8 0.24190855927698
4.9 0.242772461456672
5 0.243636363636364
5.1 0.244501341281669
5.2 0.245366318926975
5.3 0.24623129657228
5.4 0.247096274217586
5.5 0.247961251862891
5.6 0.248826229508197
5.7 0.249691207153502
5.8 0.250556184798808
5.9 0.251421162444113
6 0.252286140089419
6.1 0.253151117734724
6.2 0.25401609538003
6.3 0.254881073025335
6.4 0.255746050670641
6.5 0.256611028315946
6.6 0.257476005961252
6.7 0.258340983606557
6.8 0.259205961251863
6.9 0.260070938897169
7 0.260935916542474
7.1 0.26180089418778
7.2 0.262665871833085
7.3 0.263530849478391
7.4 0.264395827123696
7.5 0.265260804769002
7.6 0.266125782414307
7.7 0.266990760059613
7.8 0.267855737704918
7.9 0.268720715350224
8 0.269585692995529
8.1 0.270450670640835
8.2 0.27131564828614
8.3 0.272180625931446
8.4 0.273045603576751
8.5 0.273910581222057
8.6 0.274775558867362
8.7 0.275640536512668
8.8 0.276505514157973
8.9 0.277370491803279
9 0.278235469448584
9.1 0.27910044709389
9.2 0.279965424739195
9.3 0.280830402384501
9.4 0.281695380029806
9.5 0.282560357675112
9.6 0.283425335320417
9.7 0.284290312965723
9.8 0.285155290611028
9.9 0.286020268256334
10 0.286885245901639
10.1 0.287776112412178
10.2 0.288666978922717
10.3 0.289557845433255
10.4 0.290448711943794
10.5 0.291339578454333
10.6 0.292230444964871
10.7 0.29312131147541
10.8 0.294012177985949
10.9 0.294903044496487
11 0.295793911007026
11.1 0.296684777517565
11.2 0.297575644028103
11.3 0.298466510538642
11.4 0.299357377049181
11.5 0.300248243559719
11.6 0.301139110070258
11.7 0.302029976580796
11.8 0.302920843091335
11.9 0.303811709601874
12 0.304702576112412
12.1 0.305593442622951
12.2 0.30648430913349
12.3 0.307375175644028
12.4 0.308266042154567
12.5 0.309156908665106
12.6 0.310047775175644
12.7 0.310938641686183
12.8 0.311829508196722
12.9 0.31272037470726
13 0.313611241217799
13.1 0.314502107728337
13.2 0.315392974238876
13.3 0.316283840749415
13.4 0.317174707259953
13.5 0.318065573770492
13.6 0.318956440281031
13.7 0.319847306791569
13.8 0.320738173302108
13.9 0.321629039812647
14 0.322519906323185
14.1 0.323410772833724
14.2 0.324301639344262
14.3 0.325192505854801
14.4 0.32608337236534
14.5 0.326974238875878
14.6 0.327865105386417
14.7 0.328755971896956
14.8 0.329646838407494
14.9 0.330537704918033
15 0.331428571428571
15.1 0.332304
15.2 0.333179428571429
15.3 0.334054857142857
15.4 0.334930285714286
15.5 0.335805714285714
15.6 0.336681142857143
15.7 0.337556571428571
15.8 0.338432
15.9 0.339307428571429
16 0.340182857142857
16.1 0.341058285714286
16.2 0.341933714285714
16.3 0.342809142857143
16.4 0.343684571428572
16.5 0.34456
16.6 0.345435428571429
16.7 0.346310857142857
16.8 0.347186285714286
16.9 0.348061714285714
17 0.348937142857143
17.1 0.349812571428572
17.2 0.350688
17.3 0.351563428571429
17.4 0.352438857142857
17.5 0.353314285714286
17.6 0.354189714285715
17.7 0.355065142857143
17.8 0.355940571428572
17.9 0.356816
18 0.357691428571429
18.1 0.358566857142857
18.2 0.359442285714286
18.3 0.360317714285714
18.4 0.361193142857143
18.5 0.362068571428572
18.6 0.362944
18.7 0.363819428571429
18.8 0.364694857142857
18.9 0.365570285714286
19 0.366445714285714
19.1 0.367321142857143
19.2 0.368196571428571
19.3 0.369072
19.4 0.369947428571429
19.5 0.370822857142857
19.6 0.371698285714286
19.7 0.372573714285714
19.8 0.373449142857143
19.9 0.374324571428571
20 0.3752
20.1 0.376096
20.2 0.376992
20.3 0.377888
20.4 0.378784
20.5 0.37968
20.6 0.380576
20.7 0.381472
20.8 0.382368
20.9 0.383264
21 0.38416
21.1 0.385056
21.2 0.385952
21.3 0.386848
21.4 0.387744
21.5 0.38864
21.6 0.389536
21.7 0.390432
21.8 0.391328
21.9 0.392224
22 0.39312
22.1 0.394016
22.2 0.394912
22.3 0.395808
22.4 0.396704
22.5 0.3976
22.6 0.398496
22.7 0.399392
22.8 0.400288
22.9 0.401184
23 0.40208
23.1 0.402976
23.2 0.403872
23.3 0.404768
23.4 0.405664
23.5 0.40656
23.6 0.407456
23.7 0.408352
23.8 0.409248
23.9 0.410144
24 0.41104
24.1 0.411936
24.2 0.412832
24.3 0.413728
24.4 0.414624
24.5 0.41552
24.6 0.416416
24.7 0.417312
24.8 0.418208
24.9 0.419104
25 0.42
25.1 0.420833333333333
25.2 0.421666666666667
25.3 0.4225
25.4 0.423333333333333
25.5 0.424166666666667
25.6 0.425
25.7 0.425833333333333
25.8 0.426666666666667
25.9 0.4275
26 0.428333333333333
26.1 0.429166666666667
26.2 0.43
26.3 0.430833333333334
26.4 0.431666666666667
26.5 0.4325
26.6 0.433333333333334
26.7 0.434166666666667
26.8 0.435
26.9 0.435833333333334
27 0.436666666666667
27.1 0.4375
27.2 0.438333333333334
27.3 0.439166666666667
27.4 0.44
27.5 0.440833333333334
27.6 0.441666666666667
27.7 0.4425
27.8 0.443333333333334
27.9 0.444166666666667
28 0.445
28.1 0.445833333333334
28.2 0.446666666666667
28.3 0.4475
28.4 0.448333333333334
28.5 0.449166666666667
28.6 0.45
28.7 0.450833333333334
28.8 0.451666666666667
28.9 0.4525
29 0.453333333333333
29.1 0.454166666666667
29.2 0.455
29.3 0.455833333333333
29.4 0.456666666666667
29.5 0.4575
29.6 0.458333333333333
29.7 0.459166666666667
29.8 0.46
29.9 0.460833333333333
30 0.461666666666667
30.1 0.462133333333333
30.2 0.4626
30.3 0.463066666666667
30.4 0.463533333333333
30.5 0.464
30.6 0.464466666666667
30.7 0.464933333333333
30.8 0.4654
30.9 0.465866666666667
31 0.466333333333333
31.1 0.4668
31.2 0.467266666666667
31.3 0.467733333333333
31.4 0.4682
31.5 0.468666666666667
31.6 0.469133333333333
31.7 0.4696
31.8 0.470066666666667
31.9 0.470533333333333
32 0.471
32.1 0.471466666666667
32.2 0.471933333333333
32.3 0.4724
32.4 0.472866666666667
32.5 0.473333333333333
32.6 0.4738
32.7 0.474266666666667
32.8 0.474733333333334
32.9 0.4752
33 0.475666666666667
33.1 0.476133333333334
33.2 0.4766
33.3 0.477066666666667
33.4 0.477533333333334
33.5 0.478
33.6 0.478466666666667
33.7 0.478933333333334
33.8 0.4794
33.9 0.479866666666667
34 0.480333333333334
34.1 0.4808
34.2 0.481266666666667
34.3 0.481733333333334
34.4 0.4822
34.5 0.482666666666667
34.6 0.483133333333333
34.7 0.4836
34.8 0.484066666666667
34.9 0.484533333333333
35 0.485
35.1 0.485414937759336
35.2 0.485829875518672
35.3 0.486244813278008
35.4 0.486659751037344
35.5 0.48707468879668
35.6 0.487489626556017
35.7 0.487904564315353
35.8 0.488319502074689
35.9 0.488734439834025
36 0.489149377593361
36.1 0.489564315352697
36.2 0.489979253112033
36.3 0.490394190871369
36.4 0.490809128630705
36.5 0.491224066390041
36.6 0.491639004149378
36.7 0.492053941908714
36.8 0.49246887966805
36.9 0.492883817427386
37 0.493298755186722
37.1 0.493713692946058
37.2 0.494128630705394
37.3 0.49454356846473
37.4 0.495289557683539
37.5 0.495651899400189
37.6 0.49601424111684
37.7 0.496376582833491
37.8 0.496738924550142
37.9 0.497101266266793
38 0.497463607983444
38.1 0.497825949700095
38.2 0.498188291416746
38.3 0.498550633133397
38.4 0.498912974850047
38.5 0.499275316566698
38.6 0.499637658283349
38.7 0.5
38.8 0.50050231953432
38.9 0.50100463906864
39 0.501506958602961
39.1 0.502009278137281
39.2 0.502511597671601
39.3 0.503013917205921
39.4 0.503516236740242
39.5 0.504018556274562
39.6 0.504520875808882
39.7 0.505023195343202
39.8 0.505525514877523
39.9 0.506027834411843
40 0.506530153946163
40.1 0.507032473480483
40.2 0.507534793014803
40.3 0.508037112549124
40.4 0.508539432083444
40.5 0.509041751617764
40.6 0.509544071152084
40.7 0.510046390686405
40.8 0.510548710220725
40.9 0.511051029755045
41 0.511553349289365
41.1 0.512055668823685
41.2 0.512557988358006
41.3 0.513060307892326
41.4 0.513562627426646
41.5 0.514064946960966
41.6 0.514567266495287
41.7 0.515069586029607
41.8 0.515571905563927
41.9 0.516074225098247
42 0.516576544632568
42.1 0.517078864166888
42.2 0.517581183701208
42.3 0.518083503235528
42.4 0.518585822769848
42.5 0.519088142304169
42.6 0.519590461838489
42.7 0.520092781372809
42.8 0.520595100907129
42.9 0.52109742044145
43 0.52159973997577
43.1 0.52210205951009
43.2 0.52260437904441
43.3 0.52310669857873
43.4 0.523609018113051
43.5 0.524111337647371
43.6 0.524613657181691
43.7 0.525115976716011
43.8 0.525618296250332
43.9 0.526120615784652
44 0.526622935318972
44.1 0.527125254853292
44.2 0.527627574387613
44.3 0.528129893921933
44.4 0.528632213456253
44.5 0.529134532990573
44.6 0.529636852524893
44.7 0.530139172059214
44.8 0.530641491593534
44.9 0.531143811127854
45 0.531646130662174
45.1 0.532148450196495
45.2 0.532650769730815
45.3 0.533153089265135
45.4 0.533655408799455
45.5 0.534157728333776
45.6 0.534660047868096
45.7 0.535162367402416
45.8 0.535664686936736
45.9 0.536167006471056
46 0.536669326005377
46.1 0.537171645539697
46.2 0.537673965074017
46.3 0.538176284608337
46.4 0.538678604142658
46.5 0.539180923676978
46.6 0.539683243211298
46.7 0.540185562745618
46.8 0.540687882279938
46.9 0.541190201814259
47 0.541692521348579
47.1 0.542194840882899
47.2 0.542697160417219
47.3 0.54319947995154
47.4 0.54370179948586
47.5 0.54420411902018
47.6 0.544706438554501
47.7 0.545208758088821
47.8 0.545711077623141
47.9 0.546213397157461
48 0.546715716691782
48.1 0.547218036226102
48.2 0.547720355760422
48.3 0.548222675294742
48.4 0.548724994829063
48.5 0.549227314363383
48.6 0.549729633897703
48.7 0.550231953432024
48.8 0.550734272966344
48.9 0.551236592500664
49 0.551738912034984
49.1 0.552241231569305
49.2 0.552743551103625
49.3 0.553245870637945
49.4 0.553748190172266
49.5 0.554250509706586
49.6 0.554752829240906
49.7 0.555255148775226
49.8 0.555757468309547
49.9 0.556259787843867
50 0.556762107378187
50.1 0.557264426912508
50.2 0.557766746446828
50.3 0.558269065981148
50.4 0.558620689655172
50.5 0.559137931034483
50.6 0.559655172413793
50.7 0.560172413793103
50.8 0.560689655172414
50.9 0.561206896551724
51 0.561724137931035
51.1 0.56231944855437
51.2 0.562914759177706
51.3 0.563510069801041
51.4 0.564105380424377
51.5 0.564700691047712
51.6 0.565296001671048
51.7 0.565891312294383
51.8 0.566486622917719
51.9 0.567081933541054
52 0.56767724416439
52.1 0.568272554787725
52.2 0.568867865411061
52.3 0.569463176034396
52.4 0.570058486657732
52.5 0.570653797281067
52.6 0.571249107904403
52.7 0.571844418527738
52.8 0.572439729151073
52.9 0.573035039774409
53 0.573630350397744
53.1 0.57422566102108
53.2 0.574820971644415
53.3 0.575416282267751
53.4 0.576011592891086
53.5 0.576606903514422
53.6 0.577202214137757
53.7 0.577797524761093
53.8 0.578571428571429
53.9 0.577394034536892
54 0.57741935483871
54.1 0.577933648239139
54.2 0.578447941639567
54.3 0.578962235039996
54.4 0.579476528440425
54.5 0.579990821840854
54.6 0.580505115241283
54.7 0.581019408641712
54.8 0.58153370204214
54.9 0.582047995442569
55 0.582562288842998
55.1 0.583076582243427
55.2 0.583590875643856
55.3 0.584105169044285
55.4 0.584619462444713
55.5 0.585185185185185
55.6 0.586273148148148
55.7 0.587361111111111
55.8 0.588449074074074
55.9 0.589537037037037
56 0.590625
56.1 0.591055028939287
56.2 0.591485057878573
56.3 0.59191508681786
56.4 0.592345115757146
56.5 0.592775144696433
56.6 0.593205173635719
56.7 0.593635202575006
56.8 0.594065231514292
56.9 0.594495260453579
57 0.594925289392866
57.1 0.595355318332152
57.2 0.595785347271439
57.3 0.596215376210725
57.4 0.596645405150012
57.5 0.597075434089298
57.6 0.597505463028585
57.7 0.597935491967872
57.8 0.598365520907158
57.9 0.598795549846445
58 0.599397590361446
58.1 0.601156069364162
58.2 0.601719197707736
58.3 0.60173853024967
58.4 0.601757862791603
58.5 0.601777195333536
58.6 0.601796527875469
58.7 0.601815860417402
58.8 0.601835192959335
58.9 0.601854525501268
59 0.601873858043201
59.1 0.601893190585134
59.2 0.601912523127067
59.3 0.601931855669
59.4 0.601951188210934
59.5 0.601970520752867
59.6 0.6019898532948
59.7 0.602009185836733
59.8 0.602028518378666
59.9 0.602047850920599
60 0.602067183462532
60.1 0.602111480251015
60.2 0.602155777039498
60.3 0.602200073827981
60.4 0.602244370616464
60.5 0.602288667404946
60.6 0.602332964193429
60.7 0.602377260981912
60.8 0.602421557770395
60.9 0.602465854558878
61 0.602510151347361
61.1 0.602554448135843
61.2 0.602598744924326
61.3 0.602643041712809
61.4 0.602687338501292
61.5 0.602731635289775
61.6 0.602775932078258
61.7 0.60282022886674
61.8 0.602864525655223
61.9 0.602908822443706
62 0.602953119232189
62.1 0.602997416020672
62.2 0.603041712809155
62.3 0.603086009597637
62.4 0.60313030638612
62.5 0.603174603174603
62.6 0.603219662058372
62.7 0.60326472094214
62.8 0.603309779825909
62.9 0.603354838709678
63 0.603399897593446
63.1 0.603444956477215
63.2 0.603490015360983
63.3 0.603535074244752
63.4 0.603580133128521
63.5 0.603625192012289
63.6 0.603670250896058
63.7 0.603715309779826
63.8 0.603760368663595
63.9 0.603805427547363
64 0.603850486431132
64.1 0.6038955453149
64.2 0.603940604198669
64.3 0.603985663082438
64.4 0.604030721966206
64.5 0.604075780849975
64.6 0.604120839733743
64.7 0.604165898617512
64.8 0.60421095750128
64.9 0.604256016385049
65 0.604301075268817
65.1 0.604295698924731
65.2 0.604290322580645
65.3 0.604284946236559
65.4 0.604279569892473
65.5 0.604274193548387
65.6 0.604268817204301
65.7 0.604263440860215
65.8 0.604258064516129
65.9 0.604252688172043
66 0.604247311827957
66.1 0.604241935483871
66.2 0.604236559139785
66.3 0.604231182795699
66.4 0.604225806451613
66.5 0.604220430107527
66.6 0.604215053763441
66.7 0.604209677419355
66.8 0.604204301075269
66.9 0.604198924731183
67 0.604193548387097
67.1 0.604188172043011
67.2 0.604182795698925
67.3 0.604177419354839
67.4 0.604172043010753
67.5 0.604166666666667
67.6 0.603755555555556
67.7 0.603344444444444
67.8 0.602933333333333
67.9 0.602522222222222
68 0.602111111111111
68.1 0.6017
68.2 0.601288888888889
68.3 0.600877777777778
68.4 0.600466666666667
68.5 0.600055555555555
68.6 0.599644444444444
68.7 0.599233333333333
68.8 0.598822222222222
68.9 0.598411111111111
69 0.598
69.1 0.595370923379175
69.2 0.59274184675835
69.3 0.590112770137525
69.4 0.587483693516699
69.5 0.584854616895874
69.6 0.582225540275049
69.7 0.579596463654224
69.8 0.576967387033399
69.9 0.574338310412573
70 0.571709233791749
70.1 0.56814271248936
70.2 0.564576191186971
70.3 0.561009669884583
70.4 0.557443148582194
70.5 0.553876627279805
70.6 0.550310105977417
70.7 0.546743584675028
70.8 0.543177063372639
70.9 0.539610542070251
71 0.536044020767862
71.1 0.532477499465473
71.2 0.528910978163085
71.3 0.525344456860696
71.4 0.521777935558307
71.5 0.518211414255919
71.6 0.51464489295353
71.7 0.511078371651141
71.8 0.507511850348753
71.9 0.503945329046364
72 0.500378807743976
72.1 0.496812286441587
72.2 0.493245765139198
72.3 0.48967924383681
72.4 0.486112722534421
72.5 0.482546201232033
72.6 0.474570195879381
72.7 0.466594190526729
72.8 0.458618185174076
72.9 0.450642179821424
73 0.442666174468772
73.1 0.43469016911612
73.2 0.426714163763468
73.3 0.418738158410816
73.4 0.410762153058164
73.5 0.402786147705512
73.6 0.394810142352859
73.7 0.386834137000207
73.8 0.378858131647555
73.9 0.370882126294903
74 0.362906120942251
74.1 0.354930115589599
74.2 0.346954110236947
74.3 0.338978104884295
74.4 0.331002099531642
74.5 0.32302609417899
74.6 0.315050088826338
74.7 0.307074083473686
74.8 0.299098078121034
74.9 0.291122072768382
75 0.28314606741573
75.1 0.274527917026793
75.2 0.265909766637856
75.3 0.25729161624892
75.4 0.248673465859983
75.5 0.240055315471046
75.6 0.231437165082109
75.7 0.222819014693172
75.8 0.214200864304235
75.9 0.205582713915298
76 0.196964563526361
76.1 0.188346413137424
76.2 0.179728262748487
76.3 0.17111011235955
76.4 0.162491961970613
76.5 0.153873811581676
76.6 0.145255661192739
76.7 0.136637510803802
76.8 0.128019360414865
76.9 0.119401210025928
77 0.110783059636992
77.1 0.102164909248055
77.2 0.0935467588591176
77.3 0.0849286084701805
77.4 0.0763104580812436
77.5 0.0676923076923077
77.6 0.0649846153846154
77.7 0.062276923076923
77.8 0.0595692307692307
77.9 0.0568615384615384
78 0.0541538461538461
78.1 0.0514461538461538
78.2 0.0487384615384615
78.3 0.0460307692307691
78.4 0.0433230769230768
78.5 0.0406153846153845
78.6 0.0379076923076922
78.7 0.0351999999999999
78.8 0.0324923076923075
78.9 0.0297846153846152
79 0.0270769230769229
79.1 0.0243692307692306
79.2 0.0216615384615383
79.3 0.0189538461538459
79.4 0.0162461538461536
79.5 0.0135384615384613
79.6 0.010830769230769
79.7 0.00812307692307667
79.8 0.00541538461538429
79.9 0.00270769230769199
80 0
80.1 0
80.2 0
80.3 0
80.4 0
80.5 0
80.6 0
80.7 0
80.8 0
80.9 0
81 0
81.1 0
81.2 0
81.3 0
81.4 0
81.5 0
81.6 0
81.7 0
81.8 0
81.9 0
82 0
82.1 0
82.2 0
82.3 0
82.4 0
82.5 0
82.6 0
82.7 0
82.8 0
82.9 0
83 0
83.1 0
83.2 0
83.3 0
83.4 0
83.5 0
83.6 0
83.7 0
83.8 0
83.9 0
84 0
84.1 0
84.2 0
84.3 0
84.4 0
84.5 0
84.6 0
84.7 0
84.8 0
84.9 0
85 0
85.1 0
85.2 0
85.3 0
85.4 0
85.5 0
85.6 0
85.7 0
85.8 0
85.9 0
86 0
86.1 0
86.2 0
86.3 0
86.4 0
86.5 0
86.6 0
86.7 0
86.8 0
86.9 0
87 0
87.1 0
87.2 0
87.3 0
87.4 0
87.5 0
87.6 0
87.7 0
87.8 0
87.9 0
88 0
88.1 0
88.2 0
88.3 0
88.4 0
88.5 0
88.6 0
88.7 0
88.8 0
88.9 0
89 0
89.1 0
89.2 0
89.3 0
89.4 0
89.5 0
89.6 0
89.7 0
89.8 0
89.9 0
90 0
90.1 0
90.2 0
90.3 0
90.4 0
90.5 0
90.6 0
90.7 0
90.8 0
90.9 0
91 0
91.1 0
91.2 0
91.3 0
91.4 0
91.5 0
91.6 0
91.7 0
91.8 0
91.9 0
92 0
92.1 0
92.2 0
92.3 0
92.4 0
92.5 0
92.6 0
92.7 0
92.8 0
92.9 0
93 0
93.1 0
93.2 0
93.3 0
93.4 0
93.5 0
93.6 0
93.7 0
93.8 0
93.9 0
94 0
94.1 0
94.2 0
94.3 0
94.4 0
94.5 0
94.6 0
94.7 0
94.8 0
94.9 0
95 0
95.1 0
95.2 0
95.3 0
95.4 0
95.5 0
95.6 0
95.7 0
95.8 0
95.9 0
96 0
96.1 0
96.2 0
96.3 0
96.4 0
96.5 0
96.6 0
96.7 0
96.8 0
96.9 0
97 0
97.1 0
97.2 0
97.3 0
97.4 0
97.5 0
97.6 0
97.7 0
97.8 0
97.9 0
98 0
98.1 0
98.2 0
98.3 0
98.4 0
98.5 0
98.6 0
98.7 0
98.8 0
98.9 0
99 0
99.1 0
99.2 0
99.3 0
99.4 0
99.5 0
99.6 0
99.7 0
99.8 0
99.9 0
100 0
100.1 0
100.2 0
100.3 0
100.4 0
100.5 0
100.6 0
100.7 0
100.8 0
100.9 0
101 0
101.1 0
101.2 0
101.3 0
101.4 0
101.5 0
101.6 0
101.7 0
101.8 0
101.9 0
102 0
102.1 0
102.2 0
102.3 0
102.4 0
102.5 0
102.6 0
102.7 0
102.8 0
102.9 0
103 0
103.1 0
103.2 0
103.3 0
103.4 0
103.5 0
103.6 0
103.7 0
103.8 0
103.9 0
104 0
104.1 0
104.2 0
104.3 0
104.4 0
104.5 0
104.6 0
104.7 0
104.8 0
104.9 0
105 0
105.1 0
105.2 0
105.3 0
105.4 0
105.5 0
105.6 0
105.7 0
105.8 0
105.9 0
106 0
106.1 0
106.2 0
106.3 0
106.4 0
106.5 0
106.6 0
106.7 0
106.8 0
106.9 0
107 0
107.1 0
107.2 0
107.3 0
107.4 0
107.5 0
107.6 0
107.7 0
107.8 0
107.9 0
108 0
108.1 0
108.2 0
108.3 0
108.4 0
108.5 0
108.6 0
108.7 0
108.8 0
108.9 0
109 0
109.1 0
109.2 0
109.3 0
109.4 0
109.5 0
109.6 0
109.7 0
109.8 0
109.9 0
110 0
110.1 0
110.2 0
110.3 0
110.4 0
110.5 0
110.6 0
110.7 0
110.8 0
110.9 0
111 0
111.1 0
111.2 0
111.3 0
111.4 0
111.5 0
111.6 0
111.7 0
111.8 0
111.9 0
112 0
112.1 0
112.2 0
112.3 0
112.4 0
112.5 0
112.6 0
112.7 0
112.8 0
112.9 0
113 0
113.1 0
113.2 0
113.3 0
113.4 0
113.5 0
113.6 0
113.7 0
113.8 0
113.9 0
114 0
114.1 0
114.2 0
114.3 0
114.4 0
114.5 0
114.6 0
114.7 0
114.8 0
114.9 0
115 0
115.1 0
115.2 0
115.3 0
115.4 0
115.5 0
115.6 0
115.7 0
115.8 0
115.9 0
116 0
116.1 0
116.2 0
116.3 0
116.4 0
116.5 0
116.6 0
116.7 0
116.8 0
116.9 0
117 0
117.1 0
117.2 0
117.3 0
117.4 0
117.5 0
117.6 0
117.7 0
117.8 0
117.9 0
118 0
118.1 0
118.2 0
118.3 0
118.4 0
118.5 0
118.6 0
118.7 0
118.8 0
118.9 0
119 0
119.1 0
119.2 0
119.3 0
119.4 0
119.5 0
119.6 0
119.7 0
119.8 0
119.9 0
120 0
120.1 0
120.2 0
120.3 0
120.4 0
120.5 0
120.6 0
120.7 0
120.8 0
120.9 0
121 0
121.1 0
121.2 0
121.3 0
121.4 0
121.5 0
121.6 0
121.7 0
121.8 0
121.9 0
122 0
122.1 0
122.2 0
122.3 0
122.4 0
122.5 0
122.6 0
122.7 0
122.8 0
122.9 0
123 0
123.1 0
123.2 0
123.3 0
123.4 0
123.5 0
123.6 0
123.7 0
123.8 0
123.9 0
124 0
124.1 0
124.2 0
124.3 0
124.4 0
124.5 0
124.6 0
124.7 0
124.8 0
124.9 0
125 0
125.1 0
125.2 0
125.3 0
125.4 0
125.5 0
125.6 0
125.7 0
125.8 0
125.9 0
126 0
126.1 0
126.2 0
126.3 0
126.4 0
126.5 0
126.6 0
126.7 0
126.8 0
126.9 0
127 0
127.1 0
127.2 0
127.3 0
127.4 0
127.5 0
127.6 0
127.7 0
127.8 0
127.9 0
128 0
128.1 0
128.2 0
128.3 0
128.4 0
128.5 0
128.6 0
128.7 0
128.8 0
128.9 0
129 0
129.1 0
129.2 0
129.3 0
129.4 0
129.5 0
129.6 0
129.7 0
129.8 0
129.9 0
130 0
130.1 0
130.2 0
130.3 0
130.4 0
130.5 0
130.6 0
130.7 0
130.8 0
130.9 0
131 0
131.1 0
131.2 0
131.3 0
131.4 0
131.5 0
131.6 0
131.7 0
131.8 0
131.9 0
132 0
132.1 0
132.2 0
132.3 0
132.4 0
132.5 0
132.6 0
132.7 0
132.8 0
132.9 0
133 0
133.1 0
133.2 0
133.3 0
133.4 0
133.5 0
133.6 0
133.7 0
133.8 0
133.9 0
134 0
134.1 0
134.2 0
134.3 0
134.4 0
134.5 0
134.6 0
134.7 0
134.8 0
134.9 0
135 0
135.1 0
135.2 0
135.3 0
135.4 0
135.5 0
135.6 0
135.7 0
135.8 0
135.9 0
136 0
136.1 0
136.2 0
136.3 0
136.4 0
136.5 0
136.6 0
136.7 0
136.8 0
136.9 0
137 0
137.1 0
137.2 0
137.3 0
137.4 0
137.5 0
137.6 0
137.7 0
137.8 0
137.9 0
138 0
138.1 0
138.2 0
138.3 0
138.4 0
138.5 0
138.6 0
138.7 0
138.8 0
138.9 0
139 0
139.1 0
139.2 0
139.3 0
139.4 0
139.5 0
139.6 0
139.7 0
139.8 0
139.9 0
140 0
140.1 0
140.2 0
140.3 0
140.4 0
140.5 0
140.6 0
140.7 0
140.8 0
140.9 0
141 0
141.1 0
141.2 0
141.3 0
141.4 0
141.5 0
141.6 0
141.7 0
141.8 0
141.9 0
142 0
142.1 0
142.2 0
142.3 0
142.4 0
142.5 0
142.6 0
142.7 0
142.8 0
142.9 0
143 0
143.1 0
143.2 0
143.3 0
143.4 0
143.5 0
143.6 0
143.7 0
143.8 0
143.9 0
144 0
144.1 0
144.2 0
144.3 0
144.4 0
144.5 0
144.6 0
144.7 0
144.8 0
144.9 0
145 0
145.1 0
145.2 0
145.3 0
145.4 0
145.5 0
145.6 0
145.7 0
145.8 0
145.9 0
146 0
146.1 0
146.2 0
146.3 0
146.4 0
146.5 0
146.6 0
146.7 0
146.8 0
146.9 0
147 0
147.1 0
147.2 0
147.3 0
147.4 0
147.5 0
147.6 0
147.7 0
147.8 0
147.9 0
148 0
148.1 0
148.2 0
148.3 0
148.4 0
148.5 0
148.6 0
148.7 0
148.8 0
148.9 0
149 0
149.1 0
149.2 0
149.3 0
149.4 0
149.5 0
149.6 0
149.7 0
149.8 0
149.9 0
150 0
150.1 0
150.2 0
150.3 0
150.4 0
150.5 0
150.6 0
150.7 0
150.8 0
150.9 0
151 0
151.1 0
151.2 0
151.3 0
151.4 0
151.5 0
151.6 0
151.7 0
151.8 0
151.9 0
152 0
152.1 0
152.2 0
152.3 0
152.4 0
152.5 0
152.6 0
152.7 0
152.8 0
152.9 0
153 0
153.1 0
153.2 0
153.3 0
153.4 0
153.5 0
153.6 0
153.7 0
153.8 0
153.9 0
154 0
154.1 0
154.2 0
154.3 0
154.4 0
154.5 0
154.6 0
154.7 0
154.8 0
154.9 0
155 0
155.1 0
155.2 0
155.3 0
155.4 0
155.5 0
155.6 0
155.7 0
155.8 0
155.9 0
156 0
156.1 0
156.2 0
156.3 0
156.4 0
156.5 0
156.6 0
156.7 0
156.8 0
156.9 0
157 0
157.1 0
157.2 0
157.3 0
157.4 0
157.5 0
157.6 0
157.7 0
157.8 0
157.9 0
158 0
158.1 0
158.2 0
158.3 0
158.4 0
158.5 0
158.6 0
158.7 0
158.8 0
158.9 0
159 0
159.1 0
159.2 0
159.3 0
159.4 0
159.5 0
159.6 0
159.7 0
159.8 0
159.9 0
160 0
160.1 0
160.2 0
160.3 0
160.4 0
160.5 0
160.6 0
160.7 0
160.8 0
160.9 0
161 0
161.1 0
161.2 0
161.3 0
161.4 0
161.5 0
161.6 0
161.7 0
161.8 0
161.9 0
162 0
162.1 0
162.2 0
162.3 0
162.4 0
162.5 0
162.6 0
162.7 0
162.8 0
162.9 0
163 0
163.1 0
163.2 0
163.3 0
163.4 0
163.5 0
163.6 0
163.7 0
163.8 0
163.9 0
164 0
164.1 0
164.2 0
164.3 0
164.4 0
164.5 0
164.6 0
164.7 0
164.8 0
164.9 0
165 0
165.1 0
165.2 0
165.3 0
165.4 0
165.5 0
165.6 0
165.7 0
165.8 0
165.9 0
166 0
166.1 0
166.2 0
166.3 0
166.4 0
166.5 0
166.6 0
166.7 0
166.8 0
166.9 0
167 0
167.1 0
167.2 0
167.3 0
167.4 0
167.5 0
167.6 0
167.7 0
167.8 0
167.9 0
168 0
168.1 0
168.2 0
168.3 0
168.4 0
168.5 0
168.6 0
168.7 0
168.8 0
168.9 0
169 0
169.1 0
169.2 0
169.3 0
169.4 0
169.5 0
169.6 0
169.7 0
169.8 0
169.9 0
170 0
170.1 0
170.2 0
170.3 0
170.4 0
170.5 0
170.6 0
170.7 0
170.8 0
170.9 0
171 0
171.1 0
171.2 0
171.3 0
171.4 0
171.5 0
171.6 0
171.7 0
171.8 0
171.9 0
172 0
172.1 0
172.2 0
172.3 0
172.4 0
172.5 0
172.6 0
172.7 0
172.8 0
172.9 0
173 0
173.1 0
173.2 0
173.3 0
173.4 0
173.5 0
173.6 0
173.7 0
173.8 0
173.9 0
174 0
174.1 0
174.2 0
174.3 0
174.4 0
174.5 0
174.6 0
174.7 0
174.8 0
174.9 0
175 0
175.1 0
175.2 0
175.3 0
175.4 0
175.5 0
175.6 0
175.7 0
175.8 0
175.9 0
176 0
176.1 0
176.2 0
176.3 0
176.4 0
176.5 0
176.6 0
176.7 0
176.8 0
176.9 0
177 0
177.1 0
177.2 0
177.3 0
177.4 0
177.5 0
177.6 0
177.7 0
177.8 0
177.9 0
178 0
178.1 0
178.2 0
178.3 0
178.4 0
178.5 0
178.6 0
178.7 0
178.8 0
178.9 0
179 0
179.1 0
179.2 0
179.3 0
179.4 0
179.5 0
179.6 0
179.7 0
179.8 0
179.9 0
180 0
180.1 0
180.2 0
180.3 0
180.4 0
180.5 0
180.6 0
180.7 0
180.8 0
180.9 0
181 0
181.1 0
181.2 0
181.3 0
181.4 0
181.5 0
181.6 0
181.7 0
181.8 0
181.9 0
182 0
182.1 0
182.2 0
182.3 0
182.4 0
182.5 0
182.6 0
182.7 0
182.8 0
182.9 0
183 0
183.1 0
183.2 0
183.3 0
183.4 0
183.5 0
183.6 0
183.7 0
183.8 0
183.9 0
184 0
184.1 0
184.2 0
184.3 0
184.4 0
184.5 0
184.6 0
184.7 0
184.8 0
184.9 0
185 0
185.1 0
185.2 0
185.3 0
185.4 0
185.5 0
185.6 0
185.7 0
185.8 0
185.9 0
186 0
186.1 0
186.2 0
186.3 0
186.4 0
186.5 0
186.6 0
186.7 0
186.8 0
186.9 0
187 0
187.1 0
187.2 0
187.3 0
187.4 0
187.5 0
187.6 0
187.7 0
187.8 0
187.9 0
188 0
188.1 0
188.2 0
188.3 0
188.4 0
188.5 0
188.6 0
188.7 0
188.8 0
188.9 0
189 0
189.1 0
189.2 0
189.3 0
189.4 0
189.5 0
189.6 0
189.7 0
189.8 0
189.9 0
190 0
190.1 0
190.2 0
190.3 0
190.4 0
190.5 0
190.6 0
190.7 0
190.8 0
190.9 0
191 0
191.1 0
191.2 0
191.3 0
191.4 0
191.5 0
191.6 0
191.7 0
191.8 0
191.9 0
192 0
192.1 0
192.2 0
192.3 0
192.4 0
192.5 0
192.6 0
192.7 0
192.8 0
192.9 0
193 0
193.1 0
193.2 0
193.3 0
193.4 0
193.5 0
193.6 0
193.7 0
193.8 0
193.9 0
194 0
194.1 0
194.2 0
194.3 0
194.4 0
194.5 0
194.6 0
194.7 0
194.8 0
194.9 0
195 0
195.1 0
195.2 0
195.3 0
195.4 0
195.5 0
195.6 0
195.7 0
195.8 0
195.9 0
196 0
196.1 0
196.2 0
196.3 0
196.4 0
196.5 0
196.6 0
196.7 0
196.8 0
196.9 0
197 0
197.1 0
197.2 0
197.3 0
197.4 0
197.5 0
197.6 0
197.7 0
197.8 0
197.9 0
198 0
198.1 0
198.2 0
198.3 0
198.4 0
198.5 0
198.6 0
198.7 0
198.8 0
198.9 0
199 0
199.1 0
199.2 0
199.3 0
199.4 0
199.5 0
199.6 0
199.7 0
199.8 0
199.9 0
200 0
200.1 0
200.2 0
200.3 0
200.4 0
200.5 0
200.6 0
200.7 0
200.8 0
200.9 0
201 0
201.1 0
201.2 0
201.3 0
201.4 0
201.5 0
201.6 0
201.7 0
201.8 0
201.9 0
202 0
202.1 0
202.2 0
202.3 0
202.4 0
202.5 0
202.6 0
202.7 0
202.8 0
202.9 0
203 0
203.1 0
203.2 0
203.3 0
203.4 0
203.5 0
203.6 0
203.7 0
203.8 0
203.9 0
204 0
204.1 0
204.2 0
204.3 0
204.4 0
204.5 0
204.6 0
204.7 0
204.8 0
204.9 0
205 0
205.1 0
205.2 0
205.3 0
205.4 0
205.5 0
205.6 0
205.7 0
205.8 0
205.9 0
206 0
206.1 0
206.2 0
206.3 0
206.4 0
206.5 0
206.6 0
206.7 0
206.8 0
206.9 0
207 0
207.1 0
207.2 0
207.3 0
207.4 0
207.5 0
207.6 0
207.7 0
207.8 0
207.9 0
208 0
208.1 0
208.2 0
208.3 0
208.4 0
208.5 0
208.6 0
208.7 0
208.8 0
208.9 0
209 0
209.1 0
209.2 0
209.3 0
209.4 0
209.5 0
209.6 0
209.7 0
209.8 0
209.9 0
210 0
210.1 0
210.2 0
210.3 0
210.4 0
210.5 0
210.6 0
210.7 0
210.8 0
210.9 0
211 0
211.1 0
211.2 0
211.3 0
211.4 0
211.5 0
211.6 0
211.7 0
211.8 0
211.9 0
212 0
212.1 0
212.2 0
212.3 0
212.4 0
212.5 0
212.6 0
212.7 0
212.8 0
212.9 0
213 0
213.1 0
213.2 0
213.3 0
213.4 0
213.5 0
213.6 0
213.7 0
213.8 0
213.9 0
214 0
214.1 0
214.2 0
214.3 0
214.4 0
214.5 0
214.6 0
214.7 0
214.8 0
214.9 0
215 0
215.1 0
215.2 0
215.3 0
215.4 0
215.5 0
215.6 0
215.7 0
215.8 0
215.9 0
216 0
216.1 0
216.2 0
216.3 0
216.4 0
216.5 0
216.6 0
216.7 0
216.8 0
216.9 0
217 0
217.1 0
217.2 0
217.3 0
217.4 0
217.5 0
217.6 0
217.7 0
217.8 0
217.9 0
218 0
218.1 0
218.2 0
218.3 0
218.4 0
218.5 0
218.6 0
218.7 0
218.8 0
218.9 0
219 0
219.1 0
219.2 0
219.3 0
219.4 0
219.5 0
219.6 0
219.7 0
219.8 0
219.9 0
220 0
220.1 0
220.2 0
220.3 0
220.4 0
220.5 0
220.6 0
220.7 0
220.8 0
220.9 0
221 0
221.1 0
221.2 0
221.3 0
221.4 0
221.5 0
221.6 0
221.7 0
221.8 0
221.9 0
222 0
222.1 0
222.2 0
222.3 0
222.4 0
222.5 0
222.6 0
222.7 0
222.8 0
222.9 0
223 0
223.1 0
223.2 0
223.3 0
223.4 0
223.5 0
223.6 0
223.7 0
223.8 0
223.9 0
224 0
224.1 0
224.2 0
224.3 0
224.4 0
224.5 0
224.6 0
224.7 0
224.8 0
224.9 0
225 0
225.1 0
225.2 0
225.3 0
225.4 0
225.5 0
225.6 0
225.7 0
225.8 0
225.9 0
226 0
226.1 0
226.2 0
226.3 0
226.4 0
226.5 0
226.6 0
226.7 0
226.8 0
226.9 0
227 0
227.1 0
227.2 0
227.3 0
227.4 0
227.5 0
227.6 0
227.7 0
227.8 0
227.9 0
228 0
228.1 0
228.2 0
228.3 0
228.4 0
228.5 0
228.6 0
228.7 0
228.8 0
228.9 0
229 0
229.1 0
229.2 0
229.3 0
229.4 0
229.5 0
229.6 0
229.7 0
229.8 0
229.9 0
230 0
230.1 0
230.2 0
230.3 0
230.4 0
230.5 0
230.6 0
230.7 0
230.8 0
230.9 0
231 0
231.1 0
231.2 0
231.3 0
231.4 0
231.5 0
231.6 0
231.7 0
231.8 0
231.9 0
232 0
232.1 0
232.2 0
232.3 0
232.4 0
232.5 0
232.6 0
232.7 0
232.8 0
232.9 0
233 0
