0 4e-23
0.1 4e-23
0.2 5.14666666666667e-21
0.3 1.02533333333333e-20
0.4 1.536e-20
0.5 2.04666666666667e-20
0.6 2.55733333333333e-20
0.7 3.068e-20
0.8 3.57866666666667e-20
0.9 4.08933333333333e-20
1 4.6e-20
1.1 4.87096774193548e-20
1.2 5.14193548387097e-20
1.3 5.41290322580645e-20
1.4 5.68387096774194e-20
1.5 5.95483870967742e-20
1.6 6.2258064516129e-20
1.7 6.49677419354839e-20
1.8 6.76774193548387e-20
1.9 7.03870967741935e-20
2 7.30967741935484e-20
2.1 7.58064516129032e-20
2.2 7.8516129032258e-20
2.3 8.12258064516129e-20
2.4 8.39354838709677e-20
2.5 8.66451612903226e-20
2.6 8.93548387096774e-20
2.7 9.20645161290322e-20
2.8 9.47741935483871e-20
2.9 9.74838709677419e-20
3 1.00193548387097e-19
3.1 1.02903225806452e-19
3.2 1.05612903225806e-19
3.3 1.08322580645161e-19
3.4 1.11032258064516e-19
3.5 1.13741935483871e-19
3.6 1.16451612903226e-19
3.7 1.19161290322581e-19
3.8 1.21870967741935e-19
3.9 1.2458064516129e-19
4 1.27290322580645e-19
4.1 1.3e-19
4.2 1.085e-19
4.3 8.7e-20
4.4 9.45714285714286e-20
4.5 1.02142857142857e-19
4.6 1.09714285714286e-19
4.7 1.17285714285714e-19
4.8 1.24857142857143e-19
4.9 1.32428571428571e-19
5 1.4e-19
5.1 1.508e-19
5.2 1.616e-19
5.3 1.724e-19
5.4 1.832e-19
5.5 1.94e-19
5.6 2.048e-19
5.7 2.156e-19
5.8 2.264e-19
5.9 2.372e-19
6 2.48e-19
6.1 2.588e-19
6.2 2.696e-19
6.3 2.804e-19
6.4 2.912e-19
6.5 3.02e-19
6.6 3.128e-19
6.7 3.236e-19
6.8 3.344e-19
6.9 3.452e-19
7 3.56e-19
7.1 3.668e-19
7.2 3.776e-19
7.3 3.884e-19
7.4 3.992e-19
7.5 4.1e-19
7.6 4.208e-19
7.7 4.316e-19
7.8 4.424e-19
7.9 4.532e-19
8 4.64e-19
8.1 4.748e-19
8.2 4.856e-19
8.3 4.964e-19
8.4 5.072e-19
8.5 5.18e-19
8.6 5.288e-19
8.7 5.396e-19
8.8 5.504e-19
8.9 5.612e-19
9 5.72e-19
9.1 5.828e-19
9.2 5.936e-19
9.3 6.044e-19
9.4 6.152e-19
9.5 6.26e-19
9.6 6.368e-19
9.7 6.476e-19
9.8 6.584e-19
9.9 6.692e-19
10 6.8e-19
10.1 7.2775e-19
10.2 7.755e-19
10.3 8.2325e-19
10.4 8.71e-19
10.5 9.1875e-19
10.6 9.665e-19
10.7 1.01425e-18
10.8 1.062e-18
10.9 1.10975e-18
11 1.1575e-18
11.1 1.20525e-18
11.2 1.253e-18
11.3 1.30075e-18
11.4 1.3485e-18
11.5 1.39625e-18
11.6 1.444e-18
11.7 1.49175e-18
11.8 1.5395e-18
11.9 1.58725e-18
12 1.635e-18
12.1 1.68275e-18
12.2 1.7305e-18
12.3 1.77825e-18
12.4 1.826e-18
12.5 1.87375e-18
12.6 1.9215e-18
12.7 1.96925e-18
12.8 2.017e-18
12.9 2.06475e-18
13 2.1125e-18
13.1 2.16025e-18
13.2 2.208e-18
13.3 2.25575e-18
13.4 2.3035e-18
13.5 2.35125e-18
13.6 2.399e-18
13.7 2.44675e-18
13.8 2.4945e-18
13.9 2.54225e-18
14 2.59e-18
14.1 2.63775e-18
14.2 2.6855e-18
14.3 2.73325e-18
14.4 2.781e-18
14.5 2.82875e-18
14.6 2.8765e-18
14.7 2.92425e-18
14.8 2.972e-18
14.9 3.01975e-18
15 3.0675e-18
15.1 3.11525e-18
15.2 3.163e-18
15.3 3.21075e-18
15.4 3.2585e-18
15.5 3.30625e-18
15.6 3.354e-18
15.7 3.40175e-18
15.8 3.4495e-18
15.9 3.49725e-18
16 3.545e-18
16.1 3.59275e-18
16.2 3.6405e-18
16.3 3.68825e-18
16.4 3.736e-18
16.5 3.78375e-18
16.6 3.8315e-18
16.7 3.87925e-18
16.8 3.927e-18
16.9 3.97475e-18
17 4.0225e-18
17.1 4.07025e-18
17.2 4.118e-18
17.3 4.16575e-18
17.4 4.2135e-18
17.5 4.26125e-18
17.6 4.309e-18
17.7 4.35675e-18
17.8 4.4045e-18
17.9 4.45225e-18
18 4.5e-18
18.1 4.525e-18
18.2 4.55e-18
18.3 4.575e-18
18.4 4.6e-18
18.5 4.625e-18
18.6 4.65e-18
18.7 4.675e-18
18.8 4.7e-18
18.9 4.725e-18
19 4.75e-18
19.1 4.775e-18
19.2 4.8e-18
19.3 4.825e-18
19.4 4.85e-18
19.5 4.875e-18
19.6 4.9e-18
19.7 4.925e-18
19.8 4.95e-18
19.9 4.975e-18
20 5e-18
20.1 5.05e-18
20.2 5.1e-18
20.3 5.15e-18
20.4 5.2e-18
20.5 5.25e-18
20.6 5.3e-18
20.7 5.35e-18
20.8 5.4e-18
20.9 5.45e-18
21 5.5e-18
21.1 5.55e-18
21.2 5.6e-18
21.3 5.65e-18
21.4 5.7e-18
21.5 5.75e-18
21.6 5.8e-18
21.7 5.85e-18
21.8 5.9e-18
21.9 5.95e-18
22 6e-18
22.1 6.05e-18
22.2 6.1e-18
22.3 6.15e-18
22.4 6.2e-18
22.5 6.25e-18
22.6 6.3e-18
22.7 6.35e-18
22.8 6.4e-18
22.9 6.45e-18
23 6.5e-18
23.1 6.55e-18
23.2 6.6e-18
23.3 6.65e-18
23.4 6.7e-18
23.5 6.75e-18
23.6 6.8e-18
23.7 6.85e-18
23.8 6.9e-18
23.9 6.95e-18
24 7e-18
24.1 7.05e-18
24.2 7.1e-18
24.3 7.15e-18
24.4 7.2e-18
24.5 7.25e-18
24.6 7.3e-18
24.7 7.35e-18
24.8 7.4e-18
24.9 7.45e-18
25 7.5e-18
25.1 7.59e-18
25.2 7.68e-18
25.3 7.77e-18
25.4 7.86e-18
25.5 7.95e-18
25.6 8.04e-18
25.7 8.13e-18
25.8 8.22e-18
25.9 8.31e-18
26 8.4e-18
26.1 8.49e-18
26.2 8.58e-18
26.3 8.67e-18
26.4 8.76e-18
26.5 8.85e-18
26.6 8.94e-18
26.7 9.03000000000001e-18
26.8 9.12000000000001e-18
26.9 9.21000000000001e-18
27 9.30000000000001e-18
27.1 9.39000000000001e-18
27.2 9.48000000000001e-18
27.3 9.57000000000001e-18
27.4 9.66000000000001e-18
27.5 9.75000000000001e-18
27.6 9.84000000000001e-18
27.7 9.93000000000001e-18
27.8 1.002e-17
27.9 1.011e-17
28 1.02e-17
28.1 1.029e-17
28.2 1.038e-17
28.3 1.047e-17
28.4 1.056e-17
28.5 1.065e-17
28.6 1.074e-17
28.7 1.083e-17
28.8 1.092e-17
28.9 1.101e-17
29 1.11e-17
29.1 1.119e-17
29.2 1.128e-17
29.3 1.137e-17
29.4 1.146e-17
29.5 1.155e-17
29.6 1.164e-17
29.7 1.173e-17
29.8 1.182e-17
29.9 1.191e-17
30 1.2e-17
30.1 1.211e-17
30.2 1.222e-17
30.3 1.233e-17
30.4 1.244e-17
30.5 1.255e-17
30.6 1.266e-17
30.7 1.277e-17
30.8 1.288e-17
30.9 1.299e-17
31 1.31e-17
31.1 1.321e-17
31.2 1.332e-17
31.3 1.343e-17
31.4 1.354e-17
31.5 1.365e-17
31.6 1.376e-17
31.7 1.387e-17
31.8 1.398e-17
31.9 1.409e-17
32 1.42e-17
32.1 1.431e-17
32.2 1.442e-17
32.3 1.453e-17
32.4 1.464e-17
32.5 1.475e-17
32.6 1.486e-17
32.7 1.497e-17
32.8 1.508e-17
32.9 1.519e-17
33 1.53e-17
33.1 1.541e-17
33.2 1.552e-17
33.3 1.563e-17
33.4 1.574e-17
33.5 1.585e-17
33.6 1.596e-17
33.7 1.607e-17
33.8 1.618e-17
33.9 1.629e-17
34 1.64e-17
34.1 1.651e-17
34.2 1.662e-17
34.3 1.673e-17
34.4 1.684e-17
34.5 1.695e-17
34.6 1.706e-17
34.7 1.717e-17
34.8 1.728e-17
34.9 1.739e-17
35 1.75e-17
35.1 1.764e-17
35.2 1.778e-17
35.3 1.792e-17
35.4 1.806e-17
35.5 1.82e-17
35.6 1.834e-17
35.7 1.848e-17
35.8 1.862e-17
35.9 1.876e-17
36 1.89e-17
36.1 1.904e-17
36.2 1.918e-17
36.3 1.932e-17
36.4 1.946e-17
36.5 1.96e-17
36.6 1.974e-17
36.7 1.988e-17
36.8 2.002e-17
36.9 2.016e-17
37 2.03e-17
37.1 2.044e-17
37.2 2.058e-17
37.3 2.072e-17
37.4 2.086e-17
37.5 2.1e-17
37.6 2.114e-17
37.7 2.128e-17
37.8 2.142e-17
37.9 2.156e-17
38 2.17e-17
38.1 2.184e-17
38.2 2.198e-17
38.3 2.212e-17
38.4 2.226e-17
38.5 2.24e-17
38.6 2.254e-17
38.7 2.268e-17
38.8 2.282e-17
38.9 2.296e-17
39 2.31e-17
39.1 2.324e-17
39.2 2.338e-17
39.3 2.352e-17
39.4 2.366e-17
39.5 2.38e-17
39.6 2.394e-17
39.7 2.408e-17
39.8 2.422e-17
39.9 2.436e-17
40 2.45e-17
40.1 2.465e-17
40.2 2.48e-17
40.3 2.495e-17
40.4 2.51e-17
40.5 2.525e-17
40.6 2.54e-17
40.7 2.555e-17
40.8 2.57e-17
40.9 2.585e-17
41 2.6e-17
41.1 2.615e-17
41.2 2.63e-17
41.3 2.645e-17
41.4 2.66e-17
41.5 2.675e-17
41.6 2.69e-17
41.7 2.705e-17
41.8 2.72e-17
41.9 2.735e-17
42 2.75e-17
42.1 2.765e-17
42.2 2.78e-17
42.3 2.795e-17
42.4 2.81e-17
42.5 2.825e-17
42.6 2.84e-17
42.7 2.855e-17
42.8 2.87e-17
42.9 2.885e-17
43 2.9e-17
43.1 2.915e-17
43.2 2.93e-17
43.3 2.945e-17
43.4 2.96e-17
43.5 2.975e-17
43.6 2.99e-17
43.7 3.005e-17
43.8 3.02e-17
43.9 3.035e-17
44 3.05e-17
44.1 3.065e-17
44.2 3.08e-17
44.3 3.095e-17
44.4 3.11e-17
44.5 3.125e-17
44.6 3.14e-17
44.7 3.155e-17
44.8 3.17e-17
44.9 3.185e-17
45 3.2e-17
45.1 3.212e-17
45.2 3.224e-17
45.3 3.236e-17
45.4 3.248e-17
45.5 3.26e-17
45.6 3.272e-17
45.7 3.284e-17
45.8 3.296e-17
45.9 3.308e-17
46 3.32e-17
46.1 3.332e-17
46.2 3.344e-17
46.3 3.356e-17
46.4 3.368e-17
46.5 3.38e-17
46.6 3.392e-17
46.7 3.404e-17
46.8 3.416e-17
46.9 3.428e-17
47 3.44e-17
47.1 3.452e-17
47.2 3.464e-17
47.3 3.476e-17
47.4 3.488e-17
47.5 3.5e-17
47.6 3.512e-17
47.7 3.524e-17
47.8 3.536e-17
47.9 3.548e-17
48 3.56e-17
48.1 3.572e-17
48.2 3.584e-17
48.3 3.596e-17
48.4 3.608e-17
48.5 3.62e-17
48.6 3.632e-17
48.7 3.644e-17
48.8 3.656e-17
48.9 3.668e-17
49 3.68e-17
49.1 3.692e-17
49.2 3.704e-17
49.3 3.716e-17
49.4 3.728e-17
49.5 3.74e-17
49.6 3.752e-17
49.7 3.764e-17
49.8 3.776e-17
49.9 3.788e-17
50 3.8e-17
50.1 3.8064e-17
50.2 3.8128e-17
50.3 3.8192e-17
50.4 3.8256e-17
50.5 3.832e-17
50.6 3.8384e-17
50.7 3.8448e-17
50.8 3.8512e-17
50.9 3.8576e-17
51 3.864e-17
51.1 3.8704e-17
51.2 3.8768e-17
51.3 3.8832e-17
51.4 3.8896e-17
51.5 3.896e-17
51.6 3.9024e-17
51.7 3.9088e-17
51.8 3.9152e-17
51.9 3.9216e-17
52 3.928e-17
52.1 3.9344e-17
52.2 3.9408e-17
52.3 3.9472e-17
52.4 3.9536e-17
52.5 3.96e-17
52.6 3.9664e-17
52.7 3.9728e-17
52.8 3.9792e-17
52.9 3.9856e-17
53 3.992e-17
53.1 3.9984e-17
53.2 4.0048e-17
53.3 4.0112e-17
53.4 4.0176e-17
53.5 4.024e-17
53.6 4.0304e-17
53.7 4.0368e-17
53.8 4.0432e-17
53.9 4.0496e-17
54 4.056e-17
54.1 4.0624e-17
54.2 4.0688e-17
54.3 4.0752e-17
54.4 4.0816e-17
54.5 4.088e-17
54.6 4.0944e-17
54.7 4.1008e-17
54.8 4.1072e-17
54.9 4.1136e-17
55 4.12e-17
55.1 4.12928571428571e-17
55.2 4.13857142857143e-17
55.3 4.14785714285714e-17
55.4 4.15714285714286e-17
55.5 4.16642857142857e-17
55.6 4.17571428571429e-17
55.7 4.185e-17
55.8 4.19428571428571e-17
55.9 4.20357142857143e-17
56 4.21285714285714e-17
56.1 4.22214285714286e-17
56.2 4.23142857142857e-17
56.3 4.24071428571429e-17
56.4 4.25e-17
56.5 4.2625e-17
56.6 4.275e-17
56.7 4.2875e-17
56.8 4.3e-17
56.9 4.3125e-17
57 4.325e-17
57.1 4.3375e-17
57.2 4.35e-17
57.3 4.3625e-17
57.4 4.375e-17
57.5 4.3875e-17
57.6 4.4e-17
57.7 4.4125e-17
57.8 4.425e-17
57.9 4.4375e-17
58 4.45e-17
58.1 4.4625e-17
58.2 4.475e-17
58.3 4.4875e-17
58.4 4.5e-17
58.5 4.5125e-17
58.6 4.525e-17
58.7 4.5375e-17
58.8 4.55e-17
58.9 4.5625e-17
59 4.575e-17
59.1 4.5875e-17
59.2 4.6e-17
59.3 4.6125e-17
59.4 4.625e-17
59.5 4.6375e-17
59.6 4.65e-17
59.7 4.6625e-17
59.8 4.675e-17
59.9 4.6875e-17
60 4.7e-17
60.1 4.7125e-17
60.2 4.725e-17
60.3 4.7375e-17
60.4 4.75e-17
60.5 4.7625e-17
60.6 4.775e-17
60.7 4.7875e-17
60.8 4.8e-17
60.9 4.8125e-17
61 4.825e-17
61.1 4.8375e-17
61.2 4.85e-17
61.3 4.8625e-17
61.4 4.875e-17
61.5 4.8875e-17
61.6 4.9e-17
61.7 4.9125e-17
61.8 4.925e-17
61.9 4.9375e-17
62 4.95e-17
62.1 4.95942028985507e-17
62.2 4.96884057971014e-17
62.3 4.97826086956522e-17
62.4 4.98768115942029e-17
62.5 4.99710144927536e-17
62.6 5.00652173913043e-17
62.7 5.01594202898551e-17
62.8 5.02536231884058e-17
62.9 5.03478260869565e-17
63 5.04420289855072e-17
63.1 5.05362318840579e-17
63.2 5.06304347826087e-17
63.3 5.07246376811594e-17
63.4 5.08188405797101e-17
63.5 5.09130434782608e-17
63.6 5.10072463768116e-17
63.7 5.11014492753623e-17
63.8 5.1195652173913e-17
63.9 5.12898550724637e-17
64 5.13840579710144e-17
64.1 5.14782608695652e-17
64.2 5.15724637681159e-17
64.3 5.16666666666666e-17
64.4 5.17608695652173e-17
64.5 5.18550724637681e-17
64.6 5.19492753623188e-17
64.7 5.20434782608695e-17
64.8 5.21376811594202e-17
64.9 5.2231884057971e-17
65 5.23260869565217e-17
65.1 5.24202898550724e-17
65.2 5.25144927536232e-17
65.3 5.26086956521739e-17
65.4 5.27028985507246e-17
65.5 5.27971014492753e-17
65.6 5.28913043478261e-17
65.7 5.29855072463768e-17
65.8 5.30797101449275e-17
65.9 5.31739130434782e-17
66 5.3268115942029e-17
66.1 5.33623188405797e-17
66.2 5.34565217391304e-17
66.3 5.35507246376811e-17
66.4 5.36449275362319e-17
66.5 5.37391304347826e-17
66.6 5.38333333333333e-17
66.7 5.3927536231884e-17
66.8 5.40217391304348e-17
66.9 5.41159420289855e-17
67 5.42101449275362e-17
67.1 5.43043478260869e-17
67.2 5.43985507246377e-17
67.3 5.44927536231884e-17
67.4 5.45869565217391e-17
67.5 5.46811594202898e-17
67.6 5.47753623188406e-17
67.7 5.48695652173913e-17
67.8 5.4963768115942e-17
67.9 5.50579710144927e-17
68 5.51521739130435e-17
68.1 5.52463768115942e-17
68.2 5.53405797101449e-17
68.3 5.54347826086956e-17
68.4 5.55289855072464e-17
68.5 5.56231884057971e-17
68.6 5.57173913043478e-17
68.7 5.58115942028985e-17
68.8 5.59057971014493e-17
68.9 5.6e-17
69 5.60882352941176e-17
69.1 5.61764705882353e-17
69.2 5.62647058823529e-17
69.3 5.63529411764706e-17
69.4 5.64411764705882e-17
69.5 5.65294117647059e-17
69.6 5.66176470588235e-17
69.7 5.67058823529412e-17
69.8 5.67941176470588e-17
69.9 5.68823529411765e-17
70 5.69705882352941e-17
70.1 5.70588235294118e-17
70.2 5.71470588235294e-17
70.3 5.72352941176471e-17
70.4 5.73235294117647e-17
70.5 5.74117647058824e-17
70.6 5.75e-17
70.7 5.74492753623188e-17
70.8 5.73985507246377e-17
70.9 5.73478260869565e-17
71 5.72971014492754e-17
71.1 5.72463768115942e-17
71.2 5.71956521739131e-17
71.3 5.71449275362319e-17
71.4 5.70942028985508e-17
71.5 5.70434782608696e-17
71.6 5.69927536231885e-17
71.7 5.69420289855073e-17
71.8 5.68913043478261e-17
71.9 5.6840579710145e-17
72 5.67898550724638e-17
72.1 5.67391304347827e-17
72.2 5.66884057971015e-17
72.3 5.66376811594203e-17
72.4 5.65869565217392e-17
72.5 5.6536231884058e-17
72.6 5.64855072463769e-17
72.7 5.64347826086957e-17
72.8 5.63840579710145e-17
72.9 5.63333333333334e-17
73 5.62826086956522e-17
73.1 5.62318840579711e-17
73.2 5.61811594202899e-17
73.3 5.61304347826087e-17
73.4 5.60797101449276e-17
73.5 5.60289855072464e-17
73.6 5.59782608695653e-17
73.7 5.59275362318841e-17
73.8 5.58768115942029e-17
73.9 5.58260869565218e-17
74 5.57753623188406e-17
74.1 5.57246376811595e-17
74.2 5.56739130434783e-17
74.3 5.56231884057971e-17
74.4 5.5572463768116e-17
74.5 5.55217391304348e-17
74.6 5.54710144927537e-17
74.7 5.54202898550725e-17
74.8 5.53695652173913e-17
74.9 5.53188405797102e-17
75 5.5268115942029e-17
75.1 5.52173913043478e-17
75.2 5.51666666666667e-17
75.3 5.51159420289855e-17
75.4 5.50652173913044e-17
75.5 5.50144927536232e-17
75.6 5.4963768115942e-17
75.7 5.49130434782609e-17
75.8 5.48623188405797e-17
75.9 5.48115942028986e-17
76 5.47608695652174e-17
76.1 5.47101449275362e-17
76.2 5.46594202898551e-17
76.3 5.46086956521739e-17
76.4 5.45579710144928e-17
76.5 5.45072463768116e-17
76.6 5.44565217391304e-17
76.7 5.44057971014493e-17
76.8 5.43550724637681e-17
76.9 5.4304347826087e-17
77 5.42536231884058e-17
77.1 5.42028985507246e-17
77.2 5.41521739130435e-17
77.3 5.41014492753623e-17
77.4 5.40507246376812e-17
77.5 5.4e-17
77.6 5.40873015873016e-17
77.7 5.41746031746032e-17
77.8 5.42619047619048e-17
77.9 5.43492063492063e-17
78 5.44365079365079e-17
78.1 5.45238095238095e-17
78.2 5.46111111111111e-17
78.3 5.46984126984127e-17
78.4 5.47857142857143e-17
78.5 5.48730158730159e-17
78.6 5.49603174603175e-17
78.7 5.5047619047619e-17
78.8 5.51349206349206e-17
78.9 5.52222222222222e-17
79 5.53095238095238e-17
79.1 5.53968253968254e-17
79.2 5.5484126984127e-17
79.3 5.55714285714286e-17
79.4 5.56587301587302e-17
79.5 5.57460317460317e-17
79.6 5.58333333333333e-17
79.7 5.59206349206349e-17
79.8 5.60079365079365e-17
79.9 5.60952380952381e-17
80 5.61825396825397e-17
80.1 5.62698412698413e-17
80.2 5.63571428571429e-17
80.3 5.64444444444444e-17
80.4 5.6531746031746e-17
80.5 5.66190476190476e-17
80.6 5.67063492063492e-17
80.7 5.67936507936508e-17
80.8 5.68809523809524e-17
80.9 5.6968253968254e-17
81 5.70555555555556e-17
81.1 5.71428571428571e-17
81.2 5.72301587301587e-17
81.3 5.73174603174603e-17
81.4 5.74047619047619e-17
81.5 5.74920634920635e-17
81.6 5.75793650793651e-17
81.7 5.76666666666667e-17
81.8 5.77539682539683e-17
81.9 5.78412698412698e-17
82 5.79285714285714e-17
82.1 5.8015873015873e-17
82.2 5.81031746031746e-17
82.3 5.81904761904762e-17
82.4 5.82777777777778e-17
82.5 5.83650793650794e-17
82.6 5.8452380952381e-17
82.7 5.85396825396825e-17
82.8 5.86269841269841e-17
82.9 5.87142857142857e-17
83 5.88015873015873e-17
83.1 5.88888888888889e-17
83.2 5.89761904761905e-17
83.3 5.90634920634921e-17
83.4 5.91507936507937e-17
83.5 5.92380952380952e-17
83.6 5.93253968253968e-17
83.7 5.94126984126984e-17
83.8 5.95e-17
83.9 5.92272727272727e-17
84 5.89545454545455e-17
84.1 5.86818181818182e-17
84.2 5.84090909090909e-17
84.3 5.81363636363636e-17
84.4 5.78636363636364e-17
84.5 5.75909090909091e-17
84.6 5.73181818181818e-17
84.7 5.70454545454546e-17
84.8 5.67727272727273e-17
84.9 5.65e-17
85 5.62272727272727e-17
85.1 5.59545454545455e-17
85.2 5.56818181818182e-17
85.3 5.54090909090909e-17
85.4 5.51363636363636e-17
85.5 5.48636363636364e-17
85.6 5.45909090909091e-17
85.7 5.43181818181818e-17
85.8 5.40454545454546e-17
85.9 5.37727272727273e-17
86 5.35e-17
86.1 5.32272727272727e-17
86.2 5.29545454545455e-17
86.3 5.26818181818182e-17
86.4 5.24090909090909e-17
86.5 5.21363636363636e-17
86.6 5.18636363636364e-17
86.7 5.15909090909091e-17
86.8 5.13181818181818e-17
86.9 5.10454545454545e-17
87 5.07727272727273e-17
87.1 5.05e-17
87.2 5.02272727272727e-17
87.3 4.99545454545455e-17
87.4 4.96818181818182e-17
87.5 4.94090909090909e-17
87.6 4.91363636363636e-17
87.7 4.88636363636364e-17
87.8 4.85909090909091e-17
87.9 4.83181818181818e-17
88 4.80454545454545e-17
88.1 4.77727272727273e-17
88.2 4.75e-17
88.3 4.7375e-17
88.4 4.725e-17
88.5 4.7125e-17
88.6 4.7e-17
88.7 4.68166666666667e-17
88.8 4.66333333333333e-17
88.9 4.645e-17
89 4.62666666666667e-17
89.1 4.60833333333333e-17
89.2 4.59e-17
89.3 4.57166666666667e-17
89.4 4.55333333333333e-17
89.5 4.535e-17
89.6 4.51666666666666e-17
89.7 4.49833333333333e-17
89.8 4.48e-17
89.9 4.461e-17
90 4.442e-17
90.1 4.423e-17
90.2 4.404e-17
90.3 4.385e-17
90.4 4.366e-17
90.5 4.347e-17
90.6 4.328e-17
90.7 4.309e-17
90.8 4.29e-17
90.9 4.271e-17
91 4.252e-17
91.1 4.233e-17
91.2 4.214e-17
91.3 4.195e-17
91.4 4.176e-17
91.5 4.157e-17
91.6 4.138e-17
91.7 4.119e-17
91.8 4.1e-17
91.9 4.09333333333333e-17
92 4.08666666666667e-17
92.1 4.08e-17
92.2 4.07333333333333e-17
92.3 4.06666666666667e-17
92.4 4.06e-17
92.5 4.05333333333333e-17
92.6 4.04666666666667e-17
92.7 4.04e-17
92.8 4.03333333333333e-17
92.9 4.02666666666667e-17
93 4.02e-17
93.1 4.01333333333333e-17
93.2 4.00666666666667e-17
93.3 4e-17
93.4 3.99333333333333e-17
93.5 3.98666666666667e-17
93.6 3.98e-17
93.7 3.97333333333333e-17
93.8 3.96666666666667e-17
93.9 3.96e-17
94 3.95333333333333e-17
94.1 3.94666666666667e-17
94.2 3.94e-17
94.3 3.93333333333333e-17
94.4 3.92666666666667e-17
94.5 3.92e-17
94.6 3.91368421052632e-17
94.7 3.90736842105263e-17
94.8 3.90105263157895e-17
94.9 3.89473684210526e-17
95 3.88842105263158e-17
95.1 3.88210526315789e-17
95.2 3.87578947368421e-17
95.3 3.86947368421053e-17
95.4 3.86315789473684e-17
95.5 3.85684210526316e-17
95.6 3.85052631578947e-17
95.7 3.84421052631579e-17
95.8 3.8378947368421e-17
95.9 3.83157894736842e-17
96 3.82526315789474e-17
96.1 3.81894736842105e-17
96.2 3.81263157894737e-17
96.3 3.80631578947368e-17
96.4 3.8e-17
96.5 3.83365384615385e-17
96.6 3.86730769230769e-17
96.7 3.90096153846154e-17
96.8 3.93461538461539e-17
96.9 3.96826923076923e-17
97 4.00192307692308e-17
97.1 4.03557692307692e-17
97.2 4.06923076923077e-17
97.3 4.10288461538462e-17
97.4 4.13653846153846e-17
97.5 4.17019230769231e-17
97.6 4.20384615384616e-17
97.7 4.2375e-17
97.8 4.27115384615385e-17
97.9 4.30480769230769e-17
98 4.33846153846154e-17
98.1 4.37211538461539e-17
98.2 4.40576923076923e-17
98.3 4.43942307692308e-17
98.4 4.47307692307693e-17
98.5 4.50673076923077e-17
98.6 4.54038461538462e-17
98.7 4.57403846153846e-17
98.8 4.60769230769231e-17
98.9 4.64134615384616e-17
99 4.675e-17
99.1 4.70865384615385e-17
99.2 4.7423076923077e-17
99.3 4.77596153846154e-17
99.4 4.80961538461539e-17
99.5 4.84326923076923e-17
99.6 4.87692307692308e-17
99.7 4.91057692307693e-17
99.8 4.94423076923077e-17
99.9 4.97788461538462e-17
100 5.01153846153847e-17
100.1 5.04519230769231e-17
100.2 5.07884615384616e-17
100.3 5.1125e-17
100.4 5.14615384615385e-17
100.5 5.1798076923077e-17
100.6 5.21346153846154e-17
100.7 5.24711538461539e-17
100.8 5.28076923076924e-17
100.9 5.31442307692308e-17
101 5.34807692307693e-17
101.1 5.38173076923077e-17
101.2 5.41538461538462e-17
101.3 5.44903846153847e-17
101.4 5.48269230769231e-17
101.5 5.51634615384616e-17
101.6 5.55e-17
101.7 5.54411764705882e-17
101.8 5.53823529411765e-17
101.9 5.53235294117647e-17
102 5.52647058823529e-17
102.1 5.52058823529412e-17
102.2 5.51470588235294e-17
102.3 5.50882352941176e-17
102.4 5.50294117647059e-17
102.5 5.49705882352941e-17
102.6 5.49117647058823e-17
102.7 5.48529411764706e-17
102.8 5.47941176470588e-17
102.9 5.4735294117647e-17
103 5.46764705882353e-17
103.1 5.46176470588235e-17
103.2 5.45588235294118e-17
103.3 5.45e-17
103.4 5.3546875e-17
103.5 5.259375e-17
103.6 5.1640625e-17
103.7 5.06875e-17
103.8 4.9734375e-17
103.9 4.878125e-17
104 4.7828125e-17
104.1 4.6875e-17
104.2 4.5921875e-17
104.3 4.496875e-17
104.4 4.4015625e-17
104.5 4.30625e-17
104.6 4.2109375e-17
104.7 4.115625e-17
104.8 4.02031249999999e-17
104.9 3.92499999999999e-17
105 3.82968749999999e-17
105.1 3.73437499999999e-17
105.2 3.63906249999999e-17
105.3 3.54374999999999e-17
105.4 3.44843749999999e-17
105.5 3.35312499999999e-17
105.6 3.25781249999999e-17
105.7 3.16249999999999e-17
105.8 3.06718749999999e-17
105.9 2.97187499999999e-17
106 2.87656249999999e-17
106.1 2.78124999999999e-17
106.2 2.68593749999999e-17
106.3 2.59062499999999e-17
106.4 2.49531249999999e-17
106.5 2.4e-17
106.6 2.42e-17
106.7 2.39526315789474e-17
106.8 2.37052631578947e-17
106.9 2.34578947368421e-17
107 2.32105263157895e-17
107.1 2.29631578947368e-17
107.2 2.27157894736842e-17
107.3 2.24684210526316e-17
107.4 2.22210526315789e-17
107.5 2.19736842105263e-17
107.6 2.17263157894737e-17
107.7 2.1478947368421e-17
107.8 2.12315789473684e-17
107.9 2.09842105263158e-17
108 2.07368421052631e-17
108.1 2.04894736842105e-17
108.2 2.02421052631579e-17
108.3 1.99947368421052e-17
108.4 1.97473684210526e-17
108.5 1.95e-17
108.6 1.93090909090909e-17
108.7 1.91181818181818e-17
108.8 1.89272727272727e-17
108.9 1.87363636363636e-17
109 1.85454545454545e-17
109.1 1.83545454545454e-17
109.2 1.81636363636363e-17
109.3 1.79727272727272e-17
109.4 1.77818181818182e-17
109.5 1.75909090909091e-17
109.6 1.74e-17
109.7 1.75333333333333e-17
109.8 1.76666666666667e-17
109.9 1.78e-17
110 1.79333333333333e-17
110.1 1.80666666666667e-17
110.2 1.82e-17
110.3 1.83333333333333e-17
110.4 1.84666666666667e-17
110.5 1.86e-17
110.6 1.857e-17
110.7 1.854e-17
110.8 1.851e-17
110.9 1.848e-17
111 1.845e-17
111.1 1.842e-17
111.2 1.839e-17
111.3 1.836e-17
111.4 1.833e-17
111.5 1.83e-17
111.6 1.81625e-17
111.7 1.8025e-17
111.8 1.78875e-17
111.9 1.775e-17
112 1.76125e-17
112.1 1.7475e-17
112.2 1.73375e-17
112.3 1.72e-17
112.4 1.6275e-17
112.5 1.535e-17
112.6 1.44249999999999e-17
112.7 1.35e-17
112.8 1.35318181818182e-17
112.9 1.35636363636364e-17
113 1.35954545454545e-17
113.1 1.36272727272727e-17
113.2 1.36590909090909e-17
113.3 1.36909090909091e-17
113.4 1.37227272727273e-17
113.5 1.37545454545455e-17
113.6 1.37863636363636e-17
113.7 1.38181818181818e-17
113.8 1.385e-17
113.9 1.38818181818182e-17
114 1.39136363636364e-17
114.1 1.39454545454545e-17
114.2 1.39772727272727e-17
114.3 1.40090909090909e-17
114.4 1.40409090909091e-17
114.5 1.40727272727273e-17
114.6 1.41045454545455e-17
114.7 1.41363636363636e-17
114.8 1.41681818181818e-17
114.9 1.42e-17
115 1.52e-17
115.1 1.52964285714286e-17
115.2 1.53928571428571e-17
115.3 1.54892857142857e-17
115.4 1.55857142857143e-17
115.5 1.56821428571429e-17
115.6 1.57785714285714e-17
115.7 1.5875e-17
115.8 1.59714285714286e-17
115.9 1.60678571428571e-17
116 1.61642857142857e-17
116.1 1.62607142857143e-17
116.2 1.63571428571429e-17
116.3 1.64535714285714e-17
116.4 1.655e-17
116.5 1.66464285714286e-17
116.6 1.67428571428571e-17
116.7 1.68392857142857e-17
116.8 1.69357142857143e-17
116.9 1.70321428571429e-17
117 1.71285714285714e-17
117.1 1.7225e-17
117.2 1.73214285714286e-17
117.3 1.74178571428571e-17
117.4 1.75142857142857e-17
117.5 1.76107142857143e-17
117.6 1.77071428571429e-17
117.7 1.78035714285714e-17
117.8 1.79e-17
117.9 1.83e-17
118 1.87e-17
118.1 1.90666666666667e-17
118.2 1.94333333333334e-17
118.3 1.98e-17
118.4 2.01666666666667e-17
118.5 2.05333333333334e-17
118.6 2.09e-17
118.7 2.064e-17
118.8 2.038e-17
118.9 2.012e-17
119 1.986e-17
119.1 1.96e-17
119.2 1.985e-17
119.3 2.01e-17
119.4 2.035e-17
119.5 2.06e-17
119.6 2.085e-17
119.7 2.11e-17
119.8 2.135e-17
119.9 2.16e-17
120 2.185e-17
120.1 2.21e-17
120.2 2.13e-17
120.3 2.05e-17
120.4 2.134e-17
120.5 2.218e-17
120.6 2.30200000000001e-17
120.7 2.38600000000001e-17
120.8 2.47e-17
120.9 2.396e-17
121 2.322e-17
121.1 2.24799999999999e-17
121.2 2.17399999999999e-17
121.3 2.1e-17
121.4 2.18e-17
121.5 2.26e-17
121.6 2.34e-17
121.7 2.42e-17
121.8 2.5e-17
121.9 2.58000000000001e-17
122 2.66e-17
122.1 2.74000000000001e-17
122.2 2.82e-17
122.3 2.8e-17
122.4 2.78e-17
122.5 2.85e-17
122.6 2.92e-17
122.7 2.985e-17
122.8 3.05e-17
122.9 2.82999999999999e-17
123 2.60999999999998e-17
123.1 2.39e-17
123.2 2.456e-17
123.3 2.522e-17
123.4 2.588e-17
123.5 2.654e-17
123.6 2.72000000000001e-17
123.7 2.78600000000001e-17
123.8 2.85200000000001e-17
123.9 2.91800000000001e-17
124 2.98400000000001e-17
124.1 3.05e-17
124.2 2.94e-17
124.3 2.82999999999999e-17
124.4 2.72e-17
124.5 2.91e-17
124.6 3.10000000000001e-17
124.7 3.29000000000002e-17
124.8 3.48e-17
124.9 3.19999999999998e-17
125 2.91999999999998e-17
125.1 2.64e-17
125.2 2.60666666666667e-17
125.3 2.57333333333333e-17
125.4 2.54e-17
125.5 2.62e-17
125.6 2.7e-17
125.7 2.70142857142857e-17
125.8 2.70285714285714e-17
125.9 2.70428571428571e-17
126 2.70571428571429e-17
126.1 2.70714285714286e-17
126.2 2.70857142857143e-17
126.3 2.71e-17
126.4 2.8e-17
126.5 2.79857142857143e-17
126.6 2.79714285714286e-17
126.7 2.79571428571429e-17
126.8 2.79428571428571e-17
126.9 2.79285714285714e-17
127 2.79142857142857e-17
127.1 2.79e-17
127.2 2.65999999999999e-17
127.3 2.53e-17
127.4 2.66333333333334e-17
127.5 2.79666666666668e-17
127.6 2.93e-17
127.7 2.9025e-17
127.8 2.875e-17
127.9 2.8475e-17
128 2.82e-17
128.1 2.9375e-17
128.2 3.05500000000001e-17
128.3 3.17250000000001e-17
128.4 3.29e-17
128.5 3.121e-17
128.6 2.952e-17
128.7 2.783e-17
128.8 2.61399999999999e-17
128.9 2.44499999999999e-17
129 2.276e-17
129.1 2.107e-17
129.2 1.93799999999999e-17
129.3 1.76899999999999e-17
129.4 1.6e-17
129.5 1.555e-17
129.6 1.51e-17
129.7 1.465e-17
129.8 1.42e-17
129.9 1.47e-17
130 1.52e-17
130.1 1.57000000000001e-17
130.2 1.62e-17
130.3 1.578e-17
130.4 1.536e-17
130.5 1.494e-17
130.6 1.452e-17
130.7 1.41e-17
130.8 1.36799999999999e-17
130.9 1.32599999999999e-17
131 1.28399999999999e-17
131.1 1.24199999999999e-17
131.2 1.2e-17
131.3 1.272e-17
131.4 1.34400000000001e-17
131.5 1.41600000000001e-17
131.6 1.48800000000001e-17
131.7 1.56e-17
131.8 1.55e-17
131.9 1.54e-17
132 1.53e-17
132.1 1.52e-17
132.2 1.51e-17
132.3 1.5e-17
132.4 1.52285714285714e-17
132.5 1.54571428571429e-17
132.6 1.56857142857143e-17
132.7 1.59142857142857e-17
132.8 1.61428571428572e-17
132.9 1.63714285714286e-17
133 1.66e-17
133.1 1.738e-17
133.2 1.816e-17
133.3 1.89400000000001e-17
133.4 1.97200000000001e-17
133.5 2.05e-17
133.6 2.01666666666667e-17
133.7 1.98333333333333e-17
133.8 1.95e-17
133.9 2.0125e-17
134 2.07500000000001e-17
134.1 2.13750000000001e-17
134.2 2.2e-17
134.3 2.09e-17
134.4 1.97999999999999e-17
134.5 1.86999999999999e-17
134.6 1.75999999999999e-17
134.7 1.64999999999999e-17
134.8 1.53999999999998e-17
134.9 1.42999999999998e-17
135 1.31999999999998e-17
135.1 1.20999999999998e-17
135.2 1.1e-17
135.3 1.57250000000003e-17
135.4 2.04500000000004e-17
135.5 2.51750000000005e-17
135.6 2.99e-17
135.7 2.9575e-17
135.8 2.925e-17
135.9 2.8925e-17
136 2.86e-17
136.1 2.895e-17
136.2 2.93e-17
136.3 2.965e-17
136.4 3e-17
136.5 2.71499999999998e-17
136.6 2.43e-17
136.7 2.4625e-17
136.8 2.495e-17
136.9 2.5275e-17
137 2.56e-17
137.1 2.23816666666666e-17
137.2 1.91633333333331e-17
137.3 1.59449999999997e-17
137.4 1.27266666666663e-17
137.5 9.50833333333294e-18
137.6 6.29e-18
137.7 1.05057142857144e-17
137.8 1.47214285714287e-17
137.9 1.89371428571429e-17
138 2.31528571428571e-17
138.1 2.73685714285713e-17
138.2 3.15842857142859e-17
138.3 3.58e-17
138.4 3.33e-17
138.5 3.08e-17
138.6 2.83000000000001e-17
138.7 2.57999999999999e-17
138.8 2.33e-17
138.9 2.74000000000002e-17
139 3.15e-17
139.1 2.648e-17
139.2 2.14599999999997e-17
139.3 1.64399999999995e-17
139.4 1.14199999999995e-17
139.5 6.4e-18
139.6 6.38833333333333e-18
139.7 6.37666666666667e-18
139.8 6.365e-18
139.9 6.35333333333333e-18
140 6.34166666666667e-18
140.1 6.33e-18
140.2 5.06e-18
140.3 5.005e-18
140.4 4.95e-18
140.5 4.895e-18
140.6 4.84e-18
140.7 4.785e-18
140.8 4.73e-18
140.9 5.42500000000001e-18
141 6.12000000000001e-18
141.1 6.81499999999999e-18
141.2 7.51000000000004e-18
141.3 8.20500000000006e-18
141.4 8.9e-18
141.5 8.52142857142857e-18
141.6 8.14285714285713e-18
141.7 7.76428571428568e-18
141.8 7.38571428571424e-18
141.9 7.00714285714281e-18
142 6.62857142857138e-18
142.1 6.25e-18
142.2 6.78571428571429e-18
142.3 7.32142857142858e-18
142.4 7.85714285714287e-18
142.5 8.39285714285714e-18
142.6 8.92857142857141e-18
142.7 9.46428571428574e-18
142.8 1e-17
142.9 9.646e-18
143 9.29200000000001e-18
143.1 8.93800000000002e-18
143.2 8.58399999999999e-18
143.3 8.23e-18
143.4 8.62666666666668e-18
143.5 9.02333333333335e-18
143.6 9.42000000000002e-18
143.7 9.81666666666671e-18
143.8 1.02133333333334e-17
143.9 1.06100000000001e-17
144 1.10066666666667e-17
144.1 1.14033333333334e-17
144.2 1.18e-17
144.3 1.11666666666666e-17
144.4 1.05333333333333e-17
144.5 9.9e-18
144.6 1.02428571428571e-17
144.7 1.05857142857143e-17
144.8 1.09285714285715e-17
144.9 1.12714285714286e-17
145 1.16142857142858e-17
145.1 1.19571428571429e-17
145.2 1.23e-17
145.3 1.23375e-17
145.4 1.2375e-17
145.5 1.24125e-17
145.6 1.245e-17
145.7 1.24875e-17
145.8 1.2525e-17
145.9 1.25625e-17
146 1.26e-17
146.1 1.27846153846154e-17
146.2 1.29692307692308e-17
146.3 1.31538461538462e-17
146.4 1.33384615384615e-17
146.5 1.35230769230769e-17
146.6 1.37076923076923e-17
146.7 1.38923076923077e-17
146.8 1.40769230769231e-17
146.9 1.42615384615385e-17
147 1.44461538461538e-17
147.1 1.46307692307692e-17
147.2 1.48153846153846e-17
147.3 1.5e-17
147.4 1.49e-17
147.5 1.48e-17
147.6 1.47e-17
147.7 1.49909090909091e-17
147.8 1.52818181818182e-17
147.9 1.55727272727273e-17
148 1.58636363636364e-17
148.1 1.61545454545455e-17
148.2 1.64454545454546e-17
148.3 1.67363636363637e-17
148.4 1.70272727272728e-17
148.5 1.73181818181819e-17
148.6 1.76090909090909e-17
148.7 1.79e-17
148.8 1.78375e-17
148.9 1.7775e-17
149 1.77125e-17
149.1 1.765e-17
149.2 1.75875e-17
149.3 1.7525e-17
149.4 1.74625e-17
149.5 1.74e-17
149.6 1.772e-17
149.7 1.804e-17
149.8 1.836e-17
149.9 1.868e-17
150 1.9e-17
150.1 1.89e-17
150.2 1.88e-17
150.3 1.87e-17
150.4 1.86e-17
150.5 1.85e-17
150.6 1.84e-17
150.7 1.83e-17
150.8 1.82e-17
150.9 1.81e-17
151 1.83583333333333e-17
151.1 1.86166666666667e-17
151.2 1.8875e-17
151.3 1.91333333333333e-17
151.4 1.93916666666667e-17
151.5 1.965e-17
151.6 1.99083333333334e-17
151.7 2.01666666666667e-17
151.8 2.0425e-17
151.9 2.06833333333334e-17
152 2.09416666666667e-17
152.1 2.12e-17
152.2 2.098e-17
152.3 2.076e-17
152.4 2.054e-17
152.5 2.032e-17
152.6 2.01e-17
152.7 2.03857142857143e-17
152.8 2.06714285714286e-17
152.9 2.09571428571429e-17
153 2.12428571428571e-17
153.1 2.15285714285714e-17
153.2 2.18142857142857e-17
153.3 2.21e-17
153.4 2.19e-17
153.5 2.17e-17
153.6 2.15e-17
153.7 2.16833333333333e-17
153.8 2.18666666666667e-17
153.9 2.205e-17
154 2.22333333333333e-17
154.1 2.24166666666667e-17
154.2 2.26e-17
154.3 2.27833333333333e-17
154.4 2.29666666666667e-17
154.5 2.315e-17
154.6 2.33333333333333e-17
154.7 2.35166666666667e-17
154.8 2.37e-17
154.9 2.38833333333333e-17
155 2.40666666666667e-17
155.1 2.425e-17
155.2 2.44333333333334e-17
155.3 2.46166666666667e-17
155.4 2.48e-17
155.5 2.436e-17
155.6 2.392e-17
155.7 2.348e-17
155.8 2.304e-17
155.9 2.26e-17
156 2.31125e-17
156.1 2.3625e-17
156.2 2.41375000000001e-17
156.3 2.46500000000001e-17
156.4 2.51625000000001e-17
156.5 2.56750000000001e-17
156.6 2.61875000000001e-17
156.7 2.67e-17
156.8 2.62e-17
156.9 2.57e-17
157 2.52e-17
157.1 2.47e-17
157.2 2.41999999999999e-17
157.3 2.36999999999999e-17
157.4 2.31999999999999e-17
157.5 2.27e-17
157.6 2.33090909090909e-17
157.7 2.39181818181819e-17
157.8 2.45272727272728e-17
157.9 2.51363636363637e-17
158 2.57454545454546e-17
158.1 2.63545454545455e-17
158.2 2.69636363636365e-17
158.3 2.75727272727274e-17
158.4 2.81818181818183e-17
158.5 2.87909090909092e-17
158.6 2.94e-17
158.7 2.895e-17
158.8 2.85e-17
158.9 2.80499999999999e-17
159 2.75999999999999e-17
159.1 2.71499999999999e-17
159.2 2.67e-17
159.3 2.74e-17
159.4 2.81e-17
159.5 2.88e-17
159.6 2.95000000000001e-17
159.7 3.02000000000001e-17
159.8 3.09000000000001e-17
159.9 3.16000000000001e-17
160 3.23e-17
160.1 3.17e-17
160.2 3.11e-17
160.3 3.05e-17
160.4 2.99e-17
160.5 2.93e-17
160.6 2.86999999999999e-17
160.7 2.80999999999999e-17
160.8 2.74999999999999e-17
160.9 2.69e-17
161 2.81666666666667e-17
161.1 2.94333333333334e-17
161.2 3.07e-17
161.3 3.19666666666667e-17
161.4 3.32333333333334e-17
161.5 3.45e-17
161.6 3.57666666666667e-17
161.7 3.70333333333334e-17
161.8 3.83e-17
161.9 3.73125e-17
162 3.6325e-17
162.1 3.53374999999999e-17
162.2 3.43499999999999e-17
162.3 3.33624999999999e-17
162.4 3.23749999999998e-17
162.5 3.13874999999999e-17
162.6 3.04e-17
162.7 3.14625e-17
162.8 3.2525e-17
162.9 3.35875e-17
163 3.465e-17
163.1 3.57125000000001e-17
163.2 3.67750000000001e-17
163.3 3.78375000000001e-17
163.4 3.89e-17
163.5 3.777e-17
163.6 3.664e-17
163.7 3.551e-17
163.8 3.43799999999999e-17
163.9 3.32499999999999e-17
164 3.212e-17
164.1 3.09899999999999e-17
164.2 2.98599999999999e-17
164.3 2.87299999999999e-17
164.4 2.76e-17
164.5 2.96111111111111e-17
164.6 3.16222222222223e-17
164.7 3.36333333333334e-17
164.8 3.56444444444445e-17
164.9 3.76555555555556e-17
165 3.96666666666667e-17
165.1 4.16777777777779e-17
165.2 4.36888888888891e-17
165.3 4.57e-17
165.4 4.33571428571428e-17
165.5 4.10142857142857e-17
165.6 3.86714285714284e-17
165.7 3.63285714285712e-17
165.8 3.3985714285714e-17
165.9 3.16428571428569e-17
166 2.93e-17
166.1 3.18500000000002e-17
166.2 3.44000000000003e-17
166.3 3.69500000000003e-17
166.4 3.95000000000004e-17
166.5 4.20500000000003e-17
166.6 4.46e-17
166.7 4.23999999999999e-17
166.8 4.01999999999999e-17
166.9 3.79999999999999e-17
167 3.57999999999998e-17
167.1 3.35999999999997e-17
167.2 3.13999999999997e-17
167.3 2.91999999999996e-17
167.4 2.69999999999996e-17
167.5 2.47999999999997e-17
167.6 2.26e-17
167.7 2.22428571428571e-17
167.8 2.18857142857143e-17
167.9 2.15285714285714e-17
168 2.11714285714286e-17
168.1 2.08142857142857e-17
168.2 2.04571428571428e-17
168.3 2.01e-17
168.4 2.38375000000001e-17
168.5 2.75750000000001e-17
168.6 3.13125000000003e-17
168.7 3.50500000000005e-17
168.8 3.87875000000006e-17
168.9 4.25250000000006e-17
169 4.62625000000005e-17
169.1 5e-17
169.2 4.65285714285714e-17
169.3 4.30571428571428e-17
169.4 3.95857142857142e-17
169.5 3.61142857142857e-17
169.6 3.26428571428569e-17
169.7 2.91714285714283e-17
169.8 2.57e-17
169.9 3.08333333333334e-17
170 3.59666666666667e-17
170.1 4.11000000000003e-17
170.2 4.62333333333338e-17
170.3 5.13666666666672e-17
170.4 5.65e-17
170.5 5.12571428571428e-17
170.6 4.60142857142853e-17
170.7 4.0771428571428e-17
170.8 3.55285714285707e-17
170.9 3.02857142857135e-17
171 2.50428571428565e-17
171.1 1.98e-17
171.2 1.89818181818182e-17
171.3 1.81636363636363e-17
171.4 1.73454545454545e-17
171.5 1.65272727272727e-17
171.6 1.57090909090908e-17
171.7 1.4890909090909e-17
171.8 1.40727272727271e-17
171.9 1.32545454545453e-17
172 1.24363636363635e-17
172.1 1.16181818181816e-17
172.2 1.08e-17
172.3 1.37600000000001e-17
172.4 1.67200000000002e-17
172.5 1.96800000000002e-17
172.6 2.26400000000003e-17
172.7 2.56000000000004e-17
172.8 2.85600000000005e-17
172.9 3.15200000000006e-17
173 3.44800000000005e-17
173.1 3.74400000000009e-17
173.2 4.04e-17
173.3 3.63e-17
173.4 3.22e-17
173.5 2.81e-17
173.6 2.39999999999998e-17
173.7 1.98999999999997e-17
173.8 1.58e-17
173.9 2.18166666666667e-17
174 2.78333333333334e-17
174.1 3.38500000000004e-17
174.2 3.98666666666673e-17
174.3 4.5883333333334e-17
174.4 5.19e-17
174.5 4.65012499999999e-17
174.6 4.11024999999996e-17
174.7 3.57037499999994e-17
174.8 3.03049999999992e-17
174.9 2.49062499999991e-17
175 1.95074999999991e-17
175.1 1.41087499999985e-17
175.2 8.71e-18
175.3 8.37833333333333e-18
175.4 8.04666666666666e-18
175.5 7.71499999999999e-18
175.6 7.38333333333332e-18
175.7 7.05166666666665e-18
175.8 6.71999999999998e-18
175.9 6.38833333333331e-18
176 6.05666666666665e-18
176.1 5.72499999999997e-18
176.2 5.3933333333333e-18
176.3 5.06166666666663e-18
176.4 4.72999999999996e-18
176.5 4.3983333333333e-18
176.6 4.06666666666662e-18
176.7 3.73499999999995e-18
176.8 3.40333333333328e-18
176.9 3.07166666666662e-18
177 2.74e-18
177.1 2.81555555555556e-18
177.2 2.89111111111111e-18
177.3 2.96666666666667e-18
177.4 3.04222222222223e-18
177.5 3.11777777777778e-18
177.6 3.19333333333334e-18
177.7 3.2688888888889e-18
177.8 3.34444444444445e-18
177.9 3.42e-18
178 3.28785714285714e-18
178.1 3.15571428571428e-18
178.2 3.02357142857143e-18
178.3 2.89142857142857e-18
178.4 2.75928571428571e-18
178.5 2.62714285714286e-18
178.6 2.495e-18
178.7 2.36285714285714e-18
178.8 2.23071428571428e-18
178.9 2.09857142857142e-18
179 1.96642857142857e-18
179.1 1.83428571428571e-18
179.2 1.70214285714285e-18
179.3 1.57e-18
179.4 1.57666666666667e-18
179.5 1.58333333333333e-18
179.6 1.59e-18
179.7 1.59666666666667e-18
179.8 1.60333333333333e-18
179.9 1.61e-18
180 1.61666666666667e-18
180.1 1.62333333333334e-18
180.2 1.63e-18
180.3 1.567875e-18
180.4 1.50575e-18
180.5 1.443625e-18
180.6 1.3815e-18
180.7 1.319375e-18
180.8 1.25725e-18
180.9 1.195125e-18
181 1.133e-18
181.1 1.070875e-18
181.2 1.00875e-18
181.3 9.46624999999997e-19
181.4 8.84499999999998e-19
181.5 8.22374999999999e-19
181.6 7.60249999999996e-19
181.7 6.98124999999994e-19
181.8 6.36e-19
181.9 6.64555555555556e-19
182 6.93111111111112e-19
182.1 7.21666666666669e-19
182.2 7.50222222222226e-19
182.3 7.78777777777782e-19
182.4 8.07333333333338e-19
182.5 8.35888888888894e-19
182.6 8.64444444444453e-19
182.7 8.93e-19
182.8 8.6045e-19
182.9 8.27899999999999e-19
183 7.95349999999999e-19
183.1 7.62799999999998e-19
183.2 7.30249999999998e-19
183.3 6.97699999999997e-19
183.4 6.65149999999997e-19
183.5 6.32599999999997e-19
183.6 6.00049999999996e-19
183.7 5.67499999999995e-19
183.8 5.34949999999995e-19
183.9 5.02399999999994e-19
184 4.69849999999994e-19
184.1 4.37299999999993e-19
184.2 4.04749999999993e-19
184.3 3.72199999999992e-19
184.4 3.39649999999992e-19
184.5 3.07099999999993e-19
184.6 2.7454999999999e-19
184.7 2.42e-19
184.8 2.6375e-19
184.9 2.85500000000001e-19
185 3.07250000000001e-19
185.1 3.29000000000002e-19
185.2 3.50750000000003e-19
185.3 3.72500000000003e-19
185.4 3.94250000000003e-19
185.5 4.16e-19
185.6 3.99722222222222e-19
185.7 3.83444444444444e-19
185.8 3.67166666666666e-19
185.9 3.50888888888889e-19
186 3.34611111111111e-19
186.1 3.18333333333333e-19
186.2 3.02055555555555e-19
186.3 2.85777777777777e-19
186.4 2.69499999999999e-19
186.5 2.53222222222222e-19
186.6 2.36944444444444e-19
186.7 2.20666666666666e-19
186.8 2.04388888888888e-19
186.9 1.8811111111111e-19
187 1.71833333333333e-19
187.1 1.55555555555554e-19
187.2 1.39277777777776e-19
187.3 1.23e-19
187.4 1.2625e-19
187.5 1.295e-19
187.6 1.3275e-19
187.7 1.36e-19
187.8 1.3925e-19
187.9 1.42500000000001e-19
188 1.4575e-19
188.1 1.49e-19
188.2 1.41673333333333e-19
188.3 1.34346666666666e-19
188.4 1.2702e-19
188.5 1.19693333333333e-19
188.6 1.12366666666666e-19
188.7 1.05039999999999e-19
188.8 9.77133333333325e-20
188.9 9.03866666666658e-20
189 8.30599999999991e-20
189.1 7.57333333333322e-20
189.2 6.84066666666653e-20
189.3 6.10799999999986e-20
189.4 5.3753333333332e-20
189.5 4.64266666666656e-20
189.6 3.91e-20
189.7 4.03545454545455e-20
189.8 4.1609090909091e-20
189.9 4.28636363636365e-20
190 4.41181818181819e-20
190.1 4.53727272727274e-20
190.2 4.66272727272729e-20
190.3 4.78818181818184e-20
190.4 4.91363636363639e-20
190.5 5.03909090909093e-20
190.6 5.16454545454549e-20
190.7 5.29e-20
190.8 5.10863636363636e-20
190.9 4.92727272727273e-20
191 4.74590909090909e-20
191.1 4.56454545454545e-20
191.2 4.38318181818181e-20
191.3 4.20181818181818e-20
191.4 4.02045454545454e-20
191.5 3.8390909090909e-20
191.6 3.65772727272726e-20
191.7 3.47636363636363e-20
191.8 3.29499999999999e-20
191.9 3.11363636363635e-20
192 2.93227272727272e-20
192.1 2.75090909090908e-20
192.2 2.56954545454544e-20
192.3 2.3881818181818e-20
192.4 2.20681818181817e-20
192.5 2.02545454545453e-20
192.6 1.84409090909089e-20
192.7 1.66272727272725e-20
192.8 1.48136363636361e-20
192.9 1.3e-20
193 1.408e-20
193.1 1.516e-20
193.2 1.624e-20
193.3 1.73200000000001e-20
193.4 1.84000000000001e-20
193.5 1.948e-20
193.6 2.05600000000001e-20
193.7 2.16400000000001e-20
193.8 2.27200000000001e-20
193.9 2.38e-20
194 2.54947368421053e-20
194.1 2.71894736842105e-20
194.2 2.88842105263158e-20
194.3 3.05789473684211e-20
194.4 3.22736842105263e-20
194.5 3.39684210526316e-20
194.6 3.56631578947369e-20
194.7 3.73578947368422e-20
194.8 3.90526315789474e-20
194.9 4.07473684210527e-20
195 4.24421052631579e-20
195.1 4.41368421052632e-20
195.2 4.58315789473685e-20
195.3 4.75263157894738e-20
195.4 4.9221052631579e-20
195.5 5.09157894736842e-20
195.6 5.26105263157896e-20
195.7 5.43052631578949e-20
195.8 5.6e-20
195.9 5.8e-20
196 6e-20
196.1 6.2e-20
196.2 6.40000000000001e-20
196.3 6.60000000000001e-20
196.4 6.80000000000001e-20
196.5 7e-20
196.6 7.20000000000001e-20
196.7 7.40000000000001e-20
196.8 7.60000000000001e-20
196.9 7.80000000000001e-20
