18 2.09e-19
18.1 2.09e-19
18.2 2.09e-19
18.3 2.12666666666667e-19
18.4 2.16333333333333e-19
18.5 2.2e-19
18.6 2.23666666666667e-19
18.7 2.27333333333333e-19
18.8 2.31e-19
18.9 2.345e-19
19 2.38e-19
19.1 2.415e-19
19.2 2.45e-19
19.3 2.485e-19
19.4 2.52e-19
19.5 2.52e-19
19.6 2.52e-19
19.7 2.52e-19
19.8 2.52e-19
19.9 2.52e-19
20 2.52e-19
20.1 2.53571428571429e-19
20.2 2.55142857142857e-19
20.3 2.56714285714286e-19
20.4 2.58285714285714e-19
20.5 2.59857142857143e-19
20.6 2.61428571428571e-19
20.7 2.63e-19
20.8 2.77142857142857e-19
20.9 2.91285714285714e-19
21 3.05428571428571e-19
21.1 3.19571428571429e-19
21.2 3.33714285714286e-19
21.3 3.47857142857143e-19
21.4 3.62e-19
21.5 3.60428571428571e-19
21.6 3.58857142857143e-19
21.7 3.57285714285714e-19
21.8 3.55714285714286e-19
21.9 3.54142857142857e-19
22 3.52571428571429e-19
22.1 3.51e-19
22.2 3.59555555555556e-19
22.3 3.68111111111111e-19
22.4 3.76666666666667e-19
22.5 3.85222222222222e-19
22.6 3.93777777777778e-19
22.7 4.02333333333333e-19
22.8 4.10888888888889e-19
22.9 4.19444444444444e-19
23 4.28e-19
23.1 4.3075e-19
23.2 4.335e-19
23.3 4.3625e-19
23.4 4.39e-19
23.5 4.4175e-19
23.6 4.445e-19
23.7 4.4725e-19
23.8 4.5e-19
23.9 4.577e-19
24 4.654e-19
24.1 4.731e-19
24.2 4.808e-19
24.3 4.885e-19
24.4 4.962e-19
24.5 5.039e-19
24.6 5.116e-19
24.7 5.193e-19
24.8 5.27e-19
24.9 5.413e-19
25 5.556e-19
25.1 5.699e-19
25.2 5.842e-19
25.3 5.985e-19
25.4 6.128e-19
25.5 6.271e-19
25.6 6.414e-19
25.7 6.557e-19
25.8 6.7e-19
25.9 6.73583333333333e-19
26 6.77166666666667e-19
26.1 6.8075e-19
26.2 6.84333333333333e-19
26.3 6.87916666666667e-19
26.4 6.915e-19
26.5 6.95083333333333e-19
26.6 6.98666666666667e-19
26.7 7.0225e-19
26.8 7.05833333333333e-19
26.9 7.09416666666667e-19
27 7.13e-19
27.1 7.185e-19
27.2 7.24e-19
27.3 7.295e-19
27.4 7.35e-19
27.5 7.405e-19
27.6 7.46e-19
27.7 7.515e-19
27.8 7.57e-19
27.9 7.625e-19
28 7.68e-19
28.1 7.735e-19
28.2 7.79e-19
28.3 7.9e-19
28.4 8.01e-19
28.5 8.12e-19
28.6 8.23e-19
28.7 8.34e-19
28.8 8.45e-19
28.9 8.56e-19
29 8.67e-19
29.1 8.78e-19
29.2 8.89e-19
29.3 9e-19
29.4 9.11e-19
29.5 9.22e-19
29.6 9.332e-19
29.7 9.444e-19
29.8 9.556e-19
29.9 9.668e-19
30 9.78e-19
30.1 9.892e-19
30.2 1.0004e-18
30.3 1.0116e-18
30.4 1.0228e-18
30.5 1.034e-18
30.6 1.0452e-18
30.7 1.0564e-18
30.8 1.0676e-18
30.9 1.0788e-18
31 1.09e-18
31.1 1.105e-18
31.2 1.12e-18
31.3 1.135e-18
31.4 1.15e-18
31.5 1.165e-18
31.6 1.18e-18
31.7 1.195e-18
31.8 1.21e-18
31.9 1.23625e-18
32 1.2625e-18
32.1 1.28875e-18
32.2 1.315e-18
32.3 1.34125e-18
32.4 1.3675e-18
32.5 1.39375e-18
32.6 1.42e-18
32.7 1.42222222222222e-18
32.8 1.42444444444444e-18
32.9 1.42666666666667e-18
33 1.42888888888889e-18
33.1 1.43111111111111e-18
33.2 1.43333333333333e-18
33.3 1.43555555555556e-18
33.4 1.43777777777778e-18
33.5 1.44e-18
33.6 1.45e-18
33.7 1.46e-18
33.8 1.47e-18
33.9 1.48e-18
34 1.49e-18
34.1 1.5e-18
34.2 1.51e-18
34.3 1.52e-18
34.4 1.53e-18
34.5 1.547e-18
34.6 1.564e-18
34.7 1.581e-18
34.8 1.598e-18
34.9 1.615e-18
35 1.632e-18
35.1 1.649e-18
35.2 1.666e-18
35.3 1.683e-18
35.4 1.7e-18
35.5 1.71727272727273e-18
35.6 1.73454545454545e-18
35.7 1.75181818181818e-18
35.8 1.76909090909091e-18
35.9 1.78636363636364e-18
36 1.80363636363636e-18
36.1 1.82090909090909e-18
36.2 1.83818181818182e-18
36.3 1.85545454545455e-18
36.4 1.87272727272727e-18
36.5 1.89e-18
36.6 1.90818181818182e-18
36.7 1.92636363636364e-18
36.8 1.94454545454545e-18
36.9 1.96272727272727e-18
37 1.98090909090909e-18
37.1 1.99909090909091e-18
37.2 2.01727272727273e-18
37.3 2.03545454545455e-18
37.4 2.05363636363636e-18
37.5 2.07181818181818e-18
37.6 2.09e-18
37.7 2.10545454545455e-18
37.8 2.12090909090909e-18
37.9 2.13636363636364e-18
38 2.15181818181818e-18
38.1 2.16727272727273e-18
38.2 2.18272727272727e-18
38.3 2.19818181818182e-18
38.4 2.21363636363636e-18
38.5 2.22909090909091e-18
38.6 2.24454545454545e-18
38.7 2.26e-18
38.8 2.27769230769231e-18
38.9 2.29538461538462e-18
39 2.31307692307692e-18
39.1 2.33076923076923e-18
39.2 2.34846153846154e-18
39.3 2.36615384615385e-18
39.4 2.38384615384615e-18
39.5 2.40153846153846e-18
39.6 2.41923076923077e-18
39.7 2.43692307692308e-18
39.8 2.45461538461538e-18
39.9 2.47230769230769e-18
40 2.49e-18
40.1 2.50615384615385e-18
40.2 2.52230769230769e-18
40.3 2.53846153846154e-18
40.4 2.55461538461538e-18
40.5 2.57076923076923e-18
40.6 2.58692307692308e-18
40.7 2.60307692307692e-18
40.8 2.61923076923077e-18
40.9 2.63538461538462e-18
41 2.65153846153846e-18
41.1 2.66769230769231e-18
41.2 2.68384615384615e-18
41.3 2.7e-18
41.4 2.716e-18
41.5 2.732e-18
41.6 2.748e-18
41.7 2.764e-18
41.8 2.78e-18
41.9 2.796e-18
42 2.812e-18
42.1 2.828e-18
42.2 2.844e-18
42.3 2.86e-18
42.4 2.876e-18
42.5 2.892e-18
42.6 2.908e-18
42.7 2.924e-18
42.8 2.94e-18
42.9 2.95533333333333e-18
43 2.97066666666667e-18
43.1 2.986e-18
43.2 3.00133333333333e-18
43.3 3.01666666666667e-18
43.4 3.032e-18
43.5 3.04733333333333e-18
43.6 3.06266666666667e-18
43.7 3.078e-18
43.8 3.09333333333333e-18
43.9 3.10866666666667e-18
44 3.124e-18
44.1 3.13933333333333e-18
44.2 3.15466666666667e-18
44.3 3.17e-18
44.4 3.194375e-18
44.5 3.21875e-18
44.6 3.243125e-18
44.7 3.2675e-18
44.8 3.291875e-18
44.9 3.31625e-18
45 3.340625e-18
45.1 3.365e-18
45.2 3.389375e-18
45.3 3.41375e-18
45.4 3.438125e-18
45.5 3.4625e-18
45.6 3.486875e-18
45.7 3.51125e-18
45.8 3.535625e-18
45.9 3.56e-18
46 3.575e-18
46.1 3.59e-18
46.2 3.605e-18
46.3 3.62e-18
46.4 3.635e-18
46.5 3.65e-18
46.6 3.665e-18
46.7 3.68e-18
46.8 3.695e-18
46.9 3.71e-18
47 3.725e-18
47.1 3.74e-18
47.2 3.755e-18
47.3 3.77e-18
47.4 3.785e-18
47.5 3.8e-18
47.6 3.815e-18
47.7 3.83e-18
47.8 3.85473684210526e-18
47.9 3.87947368421053e-18
48 3.90421052631579e-18
48.1 3.92894736842105e-18
48.2 3.95368421052632e-18
48.3 3.97842105263158e-18
48.4 4.00315789473684e-18
48.5 4.0278947368421e-18
48.6 4.05263157894737e-18
48.7 4.07736842105263e-18
48.8 4.10210526315789e-18
48.9 4.12684210526316e-18
49 4.15157894736842e-18
49.1 4.17631578947368e-18
49.2 4.20105263157895e-18
49.3 4.22578947368421e-18
49.4 4.25052631578947e-18
49.5 4.27526315789474e-18
49.6 4.3e-18
49.7 4.32428571428571e-18
49.8 4.34857142857143e-18
49.9 4.37285714285714e-18
50 4.39714285714286e-18
50.1 4.42142857142857e-18
50.2 4.44571428571428e-18
50.3 4.47e-18
50.4 4.49428571428571e-18
50.5 4.51857142857143e-18
50.6 4.54285714285714e-18
50.7 4.56714285714286e-18
50.8 4.59142857142857e-18
50.9 4.61571428571428e-18
51 4.64e-18
51.1 4.66428571428571e-18
51.2 4.68857142857143e-18
51.3 4.71285714285714e-18
51.4 4.73714285714286e-18
51.5 4.76142857142857e-18
51.6 4.78571428571428e-18
51.7 4.81e-18
51.8 4.83681818181818e-18
51.9 4.86363636363636e-18
52 4.89045454545454e-18
52.1 4.91727272727273e-18
52.2 4.94409090909091e-18
52.3 4.97090909090909e-18
52.4 4.99772727272727e-18
52.5 5.02454545454545e-18
52.6 5.05136363636363e-18
52.7 5.07818181818182e-18
52.8 5.105e-18
52.9 5.13181818181818e-18
53 5.15863636363636e-18
53.1 5.18545454545454e-18
53.2 5.21227272727273e-18
53.3 5.23909090909091e-18
53.4 5.26590909090909e-18
53.5 5.29272727272727e-18
53.6 5.31954545454545e-18
53.7 5.34636363636364e-18
53.8 5.37318181818182e-18
53.9 5.4e-18
54 5.426e-18
54.1 5.452e-18
54.2 5.478e-18
54.3 5.504e-18
54.4 5.53e-18
54.5 5.556e-18
54.6 5.582e-18
54.7 5.608e-18
54.8 5.634e-18
54.9 5.66e-18
55 5.686e-18
55.1 5.712e-18
55.2 5.738e-18
55.3 5.764e-18
55.4 5.79e-18
55.5 5.816e-18
55.6 5.842e-18
55.7 5.868e-18
55.8 5.894e-18
55.9 5.92e-18
56 5.946e-18
56.1 5.972e-18
56.2 5.998e-18
56.3 6.024e-18
56.4 6.05e-18
56.5 6.03884615384615e-18
56.6 6.02769230769231e-18
56.7 6.01653846153846e-18
56.8 6.00538461538461e-18
56.9 5.99423076923077e-18
57 5.98307692307692e-18
57.1 5.97192307692308e-18
57.2 5.96076923076923e-18
57.3 5.94961538461538e-18
57.4 5.93846153846154e-18
57.5 5.92730769230769e-18
57.6 5.91615384615385e-18
57.7 5.905e-18
57.8 5.89384615384615e-18
57.9 5.88269230769231e-18
58 5.87153846153846e-18
58.1 5.86038461538462e-18
58.2 5.84923076923077e-18
58.3 5.83807692307692e-18
58.4 5.82692307692308e-18
58.5 5.81576923076923e-18
58.6 5.80461538461538e-18
58.7 5.79346153846154e-18
58.8 5.78230769230769e-18
58.9 5.77115384615385e-18
59 5.76e-18
59.1 5.82233333333333e-18
59.2 5.88466666666667e-18
59.3 5.947e-18
59.4 6.00933333333333e-18
59.5 6.07166666666667e-18
59.6 6.134e-18
59.7 6.19633333333333e-18
59.8 6.25866666666667e-18
59.9 6.321e-18
60 6.38333333333334e-18
60.1 6.44566666666667e-18
60.2 6.508e-18
60.3 6.57033333333334e-18
60.4 6.63266666666667e-18
60.5 6.695e-18
60.6 6.75733333333334e-18
60.7 6.81966666666667e-18
60.8 6.882e-18
60.9 6.94433333333334e-18
61 7.00666666666667e-18
61.1 7.069e-18
61.2 7.13133333333334e-18
61.3 7.19366666666667e-18
61.4 7.256e-18
61.5 7.31833333333334e-18
61.6 7.38066666666667e-18
61.7 7.443e-18
61.8 7.50533333333334e-18
61.9 7.56766666666667e-18
62 7.63e-18
62.1 7.650625e-18
62.2 7.67125e-18
62.3 7.691875e-18
62.4 7.7125e-18
62.5 7.733125e-18
62.6 7.75375e-18
62.7 7.774375e-18
62.8 7.795e-18
62.9 7.815625e-18
63 7.83625e-18
63.1 7.856875e-18
63.2 7.8775e-18
63.3 7.898125e-18
63.4 7.91875e-18
63.5 7.939375e-18
63.6 7.96e-18
63.7 7.99882352941177e-18
63.8 8.03764705882353e-18
63.9 8.0764705882353e-18
64 8.11529411764706e-18
64.1 8.15411764705882e-18
64.2 8.19294117647059e-18
64.3 8.23176470588236e-18
64.4 8.27058823529412e-18
64.5 8.30941176470589e-18
64.6 8.34823529411765e-18
64.7 8.38705882352942e-18
64.8 8.42588235294118e-18
64.9 8.46470588235295e-18
65 8.50352941176471e-18
65.1 8.54235294117647e-18
65.2 8.58117647058824e-18
65.3 8.62e-18
65.4 8.64529411764706e-18
65.5 8.67058823529412e-18
65.6 8.69588235294118e-18
65.7 8.72117647058823e-18
65.8 8.74647058823529e-18
65.9 8.77176470588235e-18
66 8.79705882352941e-18
66.1 8.82235294117647e-18
66.2 8.84764705882353e-18
66.3 8.87294117647059e-18
66.4 8.89823529411765e-18
66.5 8.9235294117647e-18
66.6 8.94882352941176e-18
66.7 8.97411764705882e-18
66.8 8.99941176470588e-18
66.9 9.02470588235294e-18
67 9.05e-18
67.1 9.08368421052631e-18
67.2 9.11736842105263e-18
67.3 9.15105263157895e-18
67.4 9.18473684210526e-18
67.5 9.21842105263158e-18
67.6 9.25210526315789e-18
67.7 9.28578947368421e-18
67.8 9.31947368421053e-18
67.9 9.35315789473684e-18
68 9.38684210526316e-18
68.1 9.42052631578947e-18
68.2 9.45421052631579e-18
68.3 9.48789473684211e-18
68.4 9.52157894736842e-18
68.5 9.55526315789474e-18
68.6 9.58894736842105e-18
68.7 9.62263157894737e-18
68.8 9.65631578947369e-18
68.9 9.69e-18
69 9.72890013962022e-18
69.1 9.76780027924044e-18
69.2 9.80670041886066e-18
69.3 9.84560055848088e-18
69.4 9.8845006981011e-18
69.5 9.92340083772132e-18
69.6 9.96230097734154e-18
69.7 1.00012011169618e-17
69.8 1.0040101256582e-17
69.9 1.00790013962022e-17
70 1.01177619948627e-17
70.1 1.01173193234902e-17
70.2 1.01167290688413e-17
70.3 1.01161440594109e-17
70.4 1.01155689015325e-17
70.5 1.01149944551937e-17
70.6 1.01144198909856e-17
70.7 1.01634073453843e-17
70.8 1.03645177542549e-17
70.9 1.0584483522144e-17
71 1.07110391508474e-17
71.1 1.07761277331052e-17
71.2 1.08201932353905e-17
71.3 1.07686801243993e-17
71.4 1.06883773295955e-17
71.5 1.06672891022212e-17
71.6 1.06057749701513e-17
71.7 1.05422525577829e-17
71.8 1.05139132398588e-17
71.9 1.05764411240726e-17
72 1.07753374874911e-17
72.1 1.10015928715889e-17
72.2 1.11175760973298e-17
72.3 1.08963510062077e-17
72.4 1.09569128366264e-17
72.5 1.1070655338476e-17
72.6 1.1109548183584e-17
72.7 1.11155142759011e-17
72.8 1.09474550619136e-17
72.9 1.09483305019015e-17
73 1.10276175324307e-17
73.1 1.11993707938368e-17
73.2 1.12708439671752e-17
73.3 1.10475748188777e-17
73.4 1.13909552756555e-17
73.5 1.09564638977269e-17
73.6 1.07997913210856e-17
73.7 1.10428184974602e-17
73.8 1.22821351219719e-17
73.9 1.20569014408251e-17
74 1.12058184997898e-17
74.1 1.14481102340168e-17
74.2 1.06591631560045e-17
74.3 1.0524195066663e-17
74.4 1.1415535158247e-17
74.5 1.25378941598835e-17
74.6 1.17394564445776e-17
74.7 1.09002569758086e-17
74.8 1.0166542705679e-17
74.9 1.14399741523704e-17
75 1.21632125245346e-17
75.1 1.16674993414285e-17
75.2 1.33376336796292e-17
75.3 1.21736484914459e-17
75.4 1.17648595724699e-17
75.5 1.23587907570441e-17
75.6 1.02376916055669e-17
75.7 1.21030156735022e-17
75.8 1.26490220679416e-17
75.9 1.16274218859416e-17
76 1.22860022548791e-17
76.1 1.36244334475961e-17
76.2 1.1196430328874e-17
76.3 1.21495924337963e-17
76.4 1.12293115324256e-17
76.5 1.35955405627265e-17
76.6 1.54238051834499e-17
76.7 1.20156778661543e-17
76.8 1.02242984574296e-17
76.9 1.34102888897812e-17
77 1.25248838000033e-17
77.1 1.04384509895967e-17
77.2 1.31858777380993e-17
77.3 1.51508071192408e-17
77.4 2.18383181122787e-17
77.5 1.24779075904225e-17
77.6 9.48497692070307e-18
77.7 7.13388392593123e-18
77.8 9.02440802344413e-18
77.9 1.67894575189586e-17
78 2.07575020615955e-17
78.1 9.87534757927502e-18
78.2 8.01050456695857e-18
78.3 1.12033729626285e-17
78.4 2.85953865137963e-17
78.5 1.41653991792929e-17
78.6 1.50365166449395e-17
78.7 1.44659160075301e-17
78.8 1.23382541677125e-17
78.9 6.35738614959305e-18
79 4.46827181608519e-18
79.1 1.16644524684199e-17
79.2 1.46388743187258e-17
79.3 7.20312034920488e-18
79.4 2.06761877012258e-17
79.5 4.18961925365259e-17
79.6 1.84948554609077e-17
79.7 1.13487258529395e-17
79.8 7.82698623906428e-18
79.9 4.83249064097224e-18
80 2.80821267433562e-18
80.1 5.35750804276509e-18
80.2 3.11222251203176e-18
80.3 4.33396732249717e-18
80.4 2.3242781556962e-17
80.5 2.35511546305971e-17
80.6 3.60701301167773e-17
80.7 1.6915255631834e-17
80.8 9.98028254884572e-18
80.9 6.74528046737033e-18
81 4.82829434404489e-18
81.1 5.13804896332383e-18
81.2 9.98867109423112e-19
81.3 1.86026868771553e-18
81.4 1.08487238862559e-17
81.5 3.98006626148311e-17
81.6 1.45393714729302e-17
81.7 7.17956607918461e-18
81.8 6.56359881036395e-18
81.9 3.52129340707825e-17
82 1.51790387038441e-17
82.1 5.36329110025025e-18
82.2 1.98445139929461e-18
82.3 2.94763176084048e-18
82.4 1.5015675447957e-18
82.5 3.38875074888324e-18
82.6 2.79833342828438e-17
82.7 3.56747323967617e-17
82.8 2.11286987223885e-17
82.9 5.11911895046793e-18
83 7.38845430269861e-19
83.1 8.34220788947553e-19
83.2 1.63058825624805e-18
83.3 2.01151917497715e-17
83.4 1.25445578595043e-17
83.5 7.52220486284462e-18
83.6 4.04611875475707e-18
83.7 1.41420783838609e-18
83.8 7.89375652851755e-20
83.9 4.13882931954522e-17
84 3.99578983421362e-17
84.1 3.03769065789895e-17
84.2 7.72894843438302e-18
84.3 1.85755862870544e-18
84.4 8.22116832943409e-19
84.5 2.2362139481507e-18
84.6 4.05868350104448e-18
84.7 1.98386889654004e-18
84.8 1.64448643618047e-17
84.9 1.78689348694297e-17
85 6.26642256590499e-18
85.1 4.50499782587586e-18
85.2 1.94114159611888e-18
85.3 9.4922014481145e-17
85.4 5.54896397977163e-17
85.5 6.19518147974794e-17
85.6 3.20732726339585e-17
85.7 1.14517170415511e-17
85.8 8.99945130854896e-18
85.9 1.70436712638366e-18
86 6.44038136948518e-18
86.1 9.26117496680461e-18
86.2 3.82635313315998e-18
86.3 3.04659023513929e-18
86.4 2.05671745156919e-18
86.5 2.51155617800816e-17
86.6 1.45571407840331e-17
86.7 6.39265428923085e-18
86.8 9.95612205379796e-17
86.9 7.71165603146032e-17
87 3.38786487102828e-17
87.1 1.15877173300563e-17
87.2 6.71011124673259e-18
87.3 3.9412878779807e-18
87.4 4.43918110434139e-18
87.5 1.26371048103862e-18
87.6 1.59848078190619e-17
87.7 2.54917415457368e-17
87.8 2.85726029260447e-17
87.9 2.69998914395753e-17
88 8.07820055666022e-18
88.1 4.21925815158696e-18
88.2 1.52877752868411e-18
88.3 4.20617123455068e-18
88.4 5.17970914148866e-18
88.5 5.16570710025731e-17
88.6 3.67441687181363e-17
88.7 1.67197248887759e-17
88.8 5.52368356511458e-18
88.9 4.54263931691156e-17
89 5.44998354193218e-17
89.1 2.73049741324608e-17
89.2 6.74210053866503e-18
89.3 7.86728208881574e-18
89.4 8.18252292180776e-18
89.5 3.94677250031109e-18
89.6 1.69065897171263e-18
89.7 1.1611268251495e-19
89.8 7.10378578554093e-19
89.9 4.50532235026465e-18
90 6.64164623135985e-18
90.1 5.72156800731394e-17
90.2 4.05361085695978e-17
90.3 1.45142551857624e-17
90.4 6.60540285298389e-18
90.5 3.11003396269789e-17
90.6 1.08988379682915e-17
90.7 6.06055911401481e-18
90.8 3.90594300052416e-18
90.9 1.3983844040049e-18
91 1.08333884411906e-18
91.1 1.53003187218791e-17
91.2 4.48955700247122e-18
91.3 3.49806348512516e-18
91.4 4.90334944992519e-17
91.5 9.5970010638133e-17
91.6 8.48523158922895e-19
91.7 4.36788426414483e-17
91.8 2.56671308622265e-17
91.9 7.92945723117308e-18
92 5.08593161074073e-18
92.1 8.51672059463542e-19
92.2 2.22645927587282e-18
92.3 7.46252408729608e-19
92.4 1.20720307566069e-17
92.5 2.05565370605738e-17
92.6 6.73385004623596e-18
92.7 4.16710718686935e-18
92.8 1.5412345607515e-18
92.9 4.15693434052712e-20
93 1.42631182624994e-16
93.1 8.62158663082416e-17
93.2 7.37390178597888e-17
93.3 2.12990543420068e-17
93.4 1.39649472906197e-17
93.5 3.35328280464355e-18
93.6 4.46650459941009e-18
93.7 9.90037836407228e-19
93.8 1.96253225202544e-17
93.9 2.29162750716599e-17
94 1.01003480337131e-17
94.1 1.11460672963787e-17
94.2 6.2196435707085e-18
94.3 2.79417778838467e-18
94.4 1.70025635765442e-18
94.5 1.43159033419222e-20
94.6 1.74097823847848e-16
94.7 1.88446964530697e-16
94.8 4.29460632256047e-17
94.9 6.88889208913813e-17
95 1.59902709722514e-17
95.1 5.34075696441709e-18
95.2 6.5510800223718e-18
95.3 1.95759078253453e-18
95.4 3.09874713989014e-17
95.5 3.49026105716649e-17
95.6 1.52167331203909e-17
95.7 1.75398222705816e-17
95.8 9.31102311361378e-18
95.9 4.46653074119448e-18
96 2.47273230716282e-18
96.1 7.91228093468477e-22
96.2 6.15251387595051e-19
96.3 2.77918103328863e-17
96.4 4.38938925264344e-17
96.5 2.74522136602907e-16
96.6 2.01651166540889e-16
96.7 7.20473554497206e-17
96.8 2.56296942325214e-17
96.9 2.28588752316836e-17
97 1.69015216249083e-21
97.1 8.67870273097011e-18
97.2 4.31232736902538e-17
97.3 7.45658400813602e-17
97.4 2.61812075922e-17
97.5 1.32327682821692e-17
97.6 1.98111497004835e-21
97.7 6.77743890401678e-18
97.8 3.49493251373974e-18
97.9 4.73265719927196e-22
98 9.34165791772491e-19
98.1 4.53785503657133e-17
98.2 5.14553869981479e-17
98.3 2.54673378328537e-17
98.4 2.33742178380981e-17
98.5 1.65206512957222e-17
98.6 3.33903954568024e-16
98.7 1.50997162213055e-16
98.8 7.88914751826439e-17
98.9 1.65767022877493e-17
99 2.16408916155858e-17
99.1 6.49052458920529e-17
99.2 7.299790629279e-17
99.3 2.94946096115301e-17
99.4 3.6056303030572e-17
99.5 1.80510327339886e-17
99.6 9.02646386495928e-18
99.7 5.35142788523872e-22
99.8 4.80885289792249e-18
99.9 1.2467523189852e-18
100 6.01761261426702e-22
100.1 9.58447789845851e-21
100.2 1.32727170967129e-16
100.3 3.3112904763036e-17
100.4 3.48551282946874e-17
100.5 2.08462833848026e-17
100.6 8.66597483152114e-18
100.7 2.41772665555582e-21
100.8 8.26639902537257e-17
100.9 1.38905045416963e-16
101 1.02620576229645e-16
101.1 5.06383947657223e-17
101.2 1.36688481658619e-17
101.3 1.64084572540296e-16
101.4 3.68269229710353e-17
101.5 4.62023889307318e-17
101.6 2.1995657865419e-17
101.7 1.11426015222641e-17
101.8 1.49042117906346e-19
101.9 3.67019797205453e-18
102 2.22445172494599e-18
102.1 1.49960853361327e-18
102.2 4.58608135693675e-22
102.3 8.32808746580907e-19
102.4 6.8637402317718e-17
102.5 7.97124887761226e-17
102.6 3.70646319897377e-17
102.7 3.94021703360801e-17
102.8 2.34469328038601e-17
102.9 9.95667806157716e-18
103 5.78314988463716e-21
103.1 6.388789274535e-18
103.2 1.37558929144542e-18
103.3 3.81163490279897e-22
103.4 3.48920398838265e-21
103.5 9.10689076252891e-19
103.6 1.94883960386989e-20
103.7 1.41234586210948e-16
103.8 3.61279288827916e-17
103.9 3.7072605166848e-17
104 2.30969041658294e-17
104.1 9.29107436011025e-18
104.2 5.68506723196726e-21
104.3 2.99297767129861e-18
104.4 3.34806736341201e-18
104.5 1.27399500085697e-18
104.6 3.69443041179576e-21
104.7 6.18905778495704e-22
104.8 9.10245378106079e-19
104.9 5.82535496142828e-17
105 6.63455951831757e-17
105.1 6.370361498568e-17
105.2 1.1881526389565e-18
105.3 2.08291326383081e-17
105.4 8.03430306704923e-18
105.5 4.67724235484719e-22
105.6 5.76527616796346e-18
105.7 1.09338740674113e-18
105.8 3.7486320129288e-21
105.9 2.07517226008456e-22
106 3.93600128162671e-22
106.1 8.30655173163496e-19
106.2 8.63544832211493e-20
106.3 9.81725346085324e-17
106.4 2.18839381540458e-20
106.5 5.11898081615109e-17
106.6 6.83127580360178e-20
106.7 2.29830859543767e-17
106.8 4.1240083012951e-21
106.9 3.02799758662794e-22
107 4.66835329377897e-18
107.1 8.35470930344293e-19
107.2 1.7516787091446e-22
107.3 1.45139335889092e-22
107.4 6.73754439743759e-19
107.5 6.41641833302086e-20
107.6 7.97360656010358e-22
107.7 3.08281645772383e-17
107.8 3.46003847637186e-17
107.9 3.42501692525973e-17
108 4.30970159566177e-21
108.1 1.14409736680474e-17
108.2 4.0263572004509e-18
108.3 2.34623992439229e-22
108.4 9.60911520407755e-22
108.5 3.72347160141878e-18
108.6 1.18195134343553e-22
108.7 8.24578099769263e-23
108.8 9.93991372425304e-23
108.9 4.60350675896398e-19
109 4.06283438349924e-20
109.1 4.08870793658223e-22
109.2 1.57108892030589e-17
109.3 1.74790828221306e-17
109.4 1.74147578807908e-17
109.5 2.68877869368003e-21
109.6 5.92402424015928e-18
109.7 1.98904060637091e-18
109.8 1.38653020459102e-22
109.9 1.4874096646823e-22
110 1.91406048366179e-18
110.1 7.07016978459026e-23
110.2 4.05986722785001e-23
110.3 3.83597190182709e-23
110.4 2.3850241517327e-19
110.5 1.94644371695381e-20
110.6 5.94465232414765e-23
110.7 1.55433213182944e-22
110.8 4.65777261970504e-18
110.9 5.14168456216255e-18
111 5.12829625849534e-18
111.1 2.34041485065088e-22
111.2 1.71490870728377e-18
111.3 6.32821138557074e-19
111.4 4.66107709610965e-23
111.5 9.37662318831096e-22
111.6 5.70016217132948e-19
111.7 2.49608259856858e-23
111.8 1.37746760641588e-23
111.9 1.16569405021738e-23
112 7.68972937561358e-20
112.1 1.32545560357957e-23
112.2 7.6549102491198e-24
112.3 6.71690398467873e-24
112.4 6.14434686422649e-24
112.5 8.29319921637176e-24
112.6 5.94341755672847e-21
112.7 4.75055456098406e-24
112.8 4.41951804722434e-24
112.9 4.144041305619e-24
113 3.91916645955968e-24
113.1 3.73522805338505e-24
113.2 2.6848697955877e-22
113.3 3.37748647914913e-24
113.4 3.22721097819652e-24
113.5 3.09080870624141e-24
113.6 2.96475328153207e-24
113.7 2.73795130937443e-24
113.8 2.55323677942798e-24
113.9 2.38999085667232e-24
114 2.28816449678749e-24
114.1 2.17606920810601e-24
114.2 2.09085738531112e-24
114.3 2.01793375001323e-24
114.4 1.94136858039135e-24
114.5 1.87525129209123e-24
114.6 1.81414274239907e-24
114.7 1.75638961100434e-24
114.8 1.7005727506435e-24
114.9 1.63786632383718e-24
115 1.47319211923019e-24
115.1 1.36762349344563e-24
115.2 1.26069708690884e-24
115.3 1.21655232652617e-24
115.4 1.15312110356883e-24
115.5 1.11436489314755e-24
115.6 1.08204713575562e-24
115.7 1.04368421368048e-24
115.8 1.01328867621076e-24
115.9 9.85471126363959e-25
116 9.58848775333627e-25
116.1 9.32300385761554e-25
116.2 9.07696794060333e-25
116.3 8.39505919411005e-25
116.4 7.20611729013441e-25
116.5 6.48930774642142e-25
116.6 6.10076863730479e-25
116.7 5.79086698325048e-25
116.8 5.45671763210365e-25
116.9 5.31620300033217e-25
117 5.1562386948258e-25
117.1 4.97610332367303e-25
117.2 4.84792674433356e-25
117.3 4.72925244085932e-25
117.4 4.61311096391562e-25
117.5 4.49481613949461e-25
117.6 4.38823042797446e-25
117.7 4.10757541263093e-25
117.8 3.26244758553646e-25
117.9 2.84304168980316e-25
118 2.46875065710348e-25
118.1 2.36610541485643e-25
118.2 2.12087864359e-25
118.3 2.05734778513732e-25
118.4 2.0090098662524e-25
118.5 1.91114058197781e-25
118.6 1.85874611708615e-25
118.7 1.81641448250594e-25
118.8 1.77551286112287e-25
118.9 1.7307512405949e-25
119 1.68987741301283e-25
119.1 1.65307382934138e-25
119.2 1.53320988949842e-25
119.3 1.07888240522316e-25
119.4 8.76862049730783e-26
119.5 6.64453349171678e-26
119.6 6.42994451776004e-26
119.7 5.05024623891298e-26
119.8 4.86122921430595e-26
119.9 4.75363099213907e-26
