8 2.5e-19
8.1 2.66e-19
8.2 2.82e-19
8.3 2.98e-19
8.4 3.14e-19
8.5 3.3e-19
8.6 3.46e-19
8.7 3.62e-19
8.8 3.78e-19
8.9 3.94e-19
9 4.1e-19
9.1 4.27e-19
9.2 4.44e-19
9.3 4.61e-19
9.4 4.78e-19
9.5 4.95e-19
9.6 5.12e-19
9.7 5.29e-19
9.8 5.46e-19
9.9 5.63e-19
10 5.8e-19
10.1 5.98e-19
10.2 6.16e-19
10.3 6.34e-19
10.4 6.52e-19
10.5 6.7e-19
10.6 6.88e-19
10.7 7.06e-19
10.8 7.24e-19
10.9 7.42e-19
11 7.6e-19
11.1 7.8e-19
11.2 8e-19
11.3 8.2e-19
11.4 8.4e-19
11.5 8.6e-19
11.6 8.8e-19
11.7 9e-19
11.8 9.2e-19
11.9 9.4e-19
12 9.6e-19
12.1 9.79e-19
12.2 9.98e-19
12.3 1.017e-18
12.4 1.036e-18
12.5 1.055e-18
12.6 1.074e-18
12.7 1.093e-18
12.8 1.112e-18
12.9 1.131e-18
13 1.15e-18
13.1 1.17e-18
13.2 1.19e-18
13.3 1.21e-18
13.4 1.23e-18
13.5 1.25e-18
13.6 1.27e-18
13.7 1.29e-18
13.8 1.31e-18
13.9 1.33e-18
14 1.35e-18
14.1 1.372e-18
14.2 1.394e-18
14.3 1.416e-18
14.4 1.438e-18
14.5 1.46e-18
14.6 1.482e-18
14.7 1.504e-18
14.8 1.526e-18
14.9 1.548e-18
15 1.57e-18
15.1 1.598e-18
15.2 1.626e-18
15.3 1.654e-18
15.4 1.682e-18
15.5 1.71e-18
15.6 1.738e-18
15.7 1.766e-18
15.8 1.794e-18
15.9 1.822e-18
16 1.85e-18
16.1 1.88e-18
16.2 1.91e-18
16.3 1.94e-18
16.4 1.97e-18
16.5 2e-18
16.6 2.03e-18
16.7 2.06e-18
16.8 2.09e-18
16.9 2.12e-18
17 2.15e-18
17.1 2.182e-18
17.2 2.214e-18
17.3 2.246e-18
17.4 2.278e-18
17.5 2.31e-18
17.6 2.342e-18
17.7 2.374e-18
17.8 2.406e-18
17.9 2.438e-18
18 2.47e-18
18.1 2.505e-18
18.2 2.54e-18
18.3 2.575e-18
18.4 2.61e-18
18.5 2.645e-18
18.6 2.68e-18
18.7 2.715e-18
18.8 2.75e-18
18.9 2.785e-18
19 2.82e-18
19.1 2.856e-18
19.2 2.892e-18
19.3 2.928e-18
19.4 2.964e-18
19.5 3e-18
19.6 3.036e-18
19.7 3.072e-18
19.8 3.108e-18
19.9 3.144e-18
20 3.18e-18
20.1 3.22e-18
20.2 3.26e-18
20.3 3.3e-18
20.4 3.34e-18
20.5 3.38e-18
20.6 3.42e-18
20.7 3.46e-18
20.8 3.5e-18
20.9 3.54e-18
21 3.58e-18
21.1 3.622e-18
21.2 3.664e-18
21.3 3.706e-18
21.4 3.748e-18
21.5 3.79e-18
21.6 3.832e-18
21.7 3.874e-18
21.8 3.916e-18
21.9 3.958e-18
22 4e-18
22.1 4.042e-18
22.2 4.084e-18
22.3 4.126e-18
22.4 4.168e-18
22.5 4.21e-18
22.6 4.252e-18
22.7 4.294e-18
22.8 4.336e-18
22.9 4.378e-18
23 4.42e-18
23.1 4.468e-18
23.2 4.516e-18
23.3 4.564e-18
23.4 4.612e-18
23.5 4.66e-18
23.6 4.708e-18
23.7 4.756e-18
23.8 4.804e-18
23.9 4.852e-18
24 4.9e-18
24.1 4.948e-18
24.2 4.996e-18
24.3 5.044e-18
24.4 5.092e-18
24.5 5.14e-18
24.6 5.188e-18
24.7 5.236e-18
24.8 5.284e-18
24.9 5.332e-18
25 5.38e-18
25.1 5.43e-18
25.2 5.48e-18
25.3 5.53e-18
25.4 5.58e-18
25.5 5.63e-18
25.6 5.68e-18
25.7 5.73e-18
25.8 5.78e-18
25.9 5.83e-18
26 5.88e-18
26.1 5.934e-18
26.2 5.988e-18
26.3 6.042e-18
26.4 6.096e-18
26.5 6.15e-18
26.6 6.204e-18
26.7 6.258e-18
26.8 6.312e-18
26.9 6.366e-18
27 6.42e-18
27.1 6.473e-18
27.2 6.526e-18
27.3 6.579e-18
27.4 6.632e-18
27.5 6.685e-18
27.6 6.738e-18
27.7 6.791e-18
27.8 6.844e-18
27.9 6.897e-18
28 6.95e-18
28.1 7.005e-18
28.2 7.06e-18
28.3 7.115e-18
28.4 7.17e-18
28.5 7.225e-18
28.6 7.28e-18
28.7 7.335e-18
28.8 7.39e-18
28.9 7.445e-18
29 7.5e-18
29.1 7.56e-18
29.2 7.62e-18
29.3 7.68e-18
29.4 7.74e-18
29.5 7.8e-18
29.6 7.86e-18
29.7 7.92e-18
29.8 7.98e-18
29.9 8.04e-18
30 8.1e-18
30.1 8.16e-18
30.2 8.22e-18
30.3 8.28e-18
30.4 8.34e-18
30.5 8.4e-18
30.6 8.46e-18
30.7 8.52e-18
30.8 8.58e-18
30.9 8.64e-18
31 8.7e-18
31.1 8.76e-18
31.2 8.82e-18
31.3 8.88e-18
31.4 8.94e-18
31.5 9e-18
31.6 9.06e-18
31.7 9.12e-18
31.8 9.18e-18
31.9 9.24e-18
32 9.3e-18
32.1 9.36e-18
32.2 9.42e-18
32.3 9.48e-18
32.4 9.54e-18
32.5 9.6e-18
32.6 9.66e-18
32.7 9.72e-18
32.8 9.78e-18
32.9 9.84e-18
33 9.9e-18
33.1 9.96e-18
33.2 1.002e-17
33.3 1.008e-17
33.4 1.014e-17
33.5 1.02e-17
33.6 1.026e-17
33.7 1.032e-17
33.8 1.038e-17
33.9 1.044e-17
34 1.05e-17
34.1 1.057e-17
34.2 1.064e-17
34.3 1.071e-17
34.4 1.078e-17
34.5 1.085e-17
34.6 1.092e-17
34.7 1.099e-17
34.8 1.106e-17
34.9 1.113e-17
35 1.12e-17
35.1 1.128e-17
35.2 1.136e-17
35.3 1.144e-17
35.4 1.152e-17
35.5 1.16e-17
35.6 1.168e-17
35.7 1.176e-17
35.8 1.184e-17
35.9 1.192e-17
36 1.2e-17
36.1 1.207e-17
36.2 1.214e-17
36.3 1.221e-17
36.4 1.228e-17
36.5 1.235e-17
36.6 1.242e-17
36.7 1.249e-17
36.8 1.256e-17
36.9 1.263e-17
37 1.27e-17
37.1 1.278e-17
37.2 1.286e-17
37.3 1.294e-17
37.4 1.302e-17
37.5 1.31e-17
37.6 1.318e-17
37.7 1.326e-17
37.8 1.334e-17
37.9 1.342e-17
38 1.35e-17
38.1 1.358e-17
38.2 1.366e-17
38.3 1.374e-17
38.4 1.382e-17
38.5 1.39e-17
38.6 1.398e-17
38.7 1.406e-17
38.8 1.414e-17
38.9 1.422e-17
39 1.43e-17
39.1 1.438e-17
39.2 1.446e-17
39.3 1.454e-17
39.4 1.462e-17
39.5 1.47e-17
39.6 1.478e-17
39.7 1.486e-17
39.8 1.494e-17
39.9 1.502e-17
40 1.51e-17
40.1 1.517e-17
40.2 1.524e-17
40.3 1.531e-17
40.4 1.538e-17
40.5 1.545e-17
40.6 1.552e-17
40.7 1.559e-17
40.8 1.566e-17
40.9 1.573e-17
41 1.58e-17
41.1 1.587e-17
41.2 1.594e-17
41.3 1.601e-17
41.4 1.608e-17
41.5 1.615e-17
41.6 1.622e-17
41.7 1.629e-17
41.8 1.636e-17
41.9 1.643e-17
42 1.65e-17
42.1 1.657e-17
42.2 1.664e-17
42.3 1.671e-17
42.4 1.678e-17
42.5 1.685e-17
42.6 1.692e-17
42.7 1.699e-17
42.8 1.706e-17
42.9 1.713e-17
43 1.72e-17
43.1 1.727e-17
43.2 1.734e-17
43.3 1.741e-17
43.4 1.748e-17
43.5 1.755e-17
43.6 1.762e-17
43.7 1.769e-17
43.8 1.776e-17
43.9 1.783e-17
44 1.79e-17
44.1 1.795e-17
44.2 1.8e-17
44.3 1.805e-17
44.4 1.81e-17
44.5 1.815e-17
44.6 1.82e-17
44.7 1.825e-17
44.8 1.83e-17
44.9 1.835e-17
45 1.84e-17
45.1 1.844e-17
45.2 1.848e-17
45.3 1.852e-17
45.4 1.856e-17
45.5 1.86e-17
45.6 1.864e-17
45.7 1.868e-17
45.8 1.872e-17
45.9 1.876e-17
46 1.88e-17
46.1 1.888e-17
46.2 1.896e-17
46.3 1.904e-17
46.4 1.912e-17
46.5 1.92e-17
46.6 1.928e-17
46.7 1.936e-17
46.8 1.944e-17
46.9 1.952e-17
47 1.96e-17
47.1 1.969e-17
47.2 1.978e-17
47.3 1.987e-17
47.4 1.996e-17
47.5 2.005e-17
47.6 2.014e-17
47.7 2.023e-17
47.8 2.032e-17
47.9 2.041e-17
48 2.05e-17
48.1 2.055e-17
48.2 2.06e-17
48.3 2.065e-17
48.4 2.07e-17
48.5 2.075e-17
48.6 2.08e-17
48.7 2.085e-17
48.8 2.09e-17
48.9 2.095e-17
49 2.1e-17
49.1 2.107e-17
49.2 2.114e-17
49.3 2.121e-17
49.4 2.128e-17
49.5 2.135e-17
49.6 2.142e-17
49.7 2.149e-17
49.8 2.156e-17
49.9 2.163e-17
50 2.17e-17
50.1 2.178e-17
50.2 2.186e-17
50.3 2.194e-17
50.4 2.202e-17
50.5 2.21e-17
50.6 2.218e-17
50.7 2.226e-17
50.8 2.234e-17
50.9 2.242e-17
51 2.25e-17
51.1 2.258e-17
51.2 2.266e-17
51.3 2.274e-17
51.4 2.282e-17
51.5 2.29e-17
51.6 2.298e-17
51.7 2.306e-17
51.8 2.314e-17
51.9 2.322e-17
52 2.33e-17
52.1 2.338e-17
52.2 2.346e-17
52.3 2.354e-17
52.4 2.362e-17
52.5 2.37e-17
52.6 2.378e-17
52.7 2.386e-17
52.8 2.394e-17
52.9 2.402e-17
53 2.41e-17
53.1 2.416e-17
53.2 2.422e-17
53.3 2.428e-17
53.4 2.434e-17
53.5 2.44e-17
53.6 2.446e-17
53.7 2.452e-17
53.8 2.458e-17
53.9 2.464e-17
54 2.47e-17
54.1 2.474e-17
54.2 2.478e-17
54.3 2.482e-17
54.4 2.486e-17
54.5 2.49e-17
54.6 2.494e-17
54.7 2.498e-17
54.8 2.502e-17
54.9 2.506e-17
55 2.51e-17
55.1 2.515e-17
55.2 2.52e-17
55.3 2.525e-17
55.4 2.53e-17
55.5 2.535e-17
55.6 2.54e-17
55.7 2.545e-17
55.8 2.55e-17
55.9 2.555e-17
56 2.56e-17
56.1 2.565e-17
56.2 2.57e-17
56.3 2.575e-17
56.4 2.58e-17
56.5 2.585e-17
56.6 2.59e-17
56.7 2.595e-17
56.8 2.6e-17
56.9 2.605e-17
57 2.61e-17
57.1 2.616e-17
57.2 2.622e-17
57.3 2.628e-17
57.4 2.634e-17
57.5 2.64e-17
57.6 2.646e-17
57.7 2.652e-17
57.8 2.658e-17
57.9 2.664e-17
58 2.67e-17
58.1 2.676e-17
58.2 2.682e-17
58.3 2.688e-17
58.4 2.694e-17
58.5 2.7e-17
58.6 2.706e-17
58.7 2.712e-17
58.8 2.718e-17
58.9 2.724e-17
59 2.73e-17
59.1 2.736e-17
59.2 2.742e-17
59.3 2.748e-17
59.4 2.754e-17
59.5 2.76e-17
59.6 2.766e-17
59.7 2.772e-17
59.8 2.778e-17
59.9 2.784e-17
60 2.79e-17
60.1 2.795e-17
60.2 2.8e-17
60.3 2.805e-17
60.4 2.81e-17
60.5 2.815e-17
60.6 2.82e-17
60.7 2.825e-17
60.8 2.83e-17
60.9 2.835e-17
61 2.84e-17
61.1 2.844e-17
61.2 2.848e-17
61.3 2.852e-17
61.4 2.856e-17
61.5 2.86e-17
61.6 2.864e-17
61.7 2.868e-17
61.8 2.872e-17
61.9 2.876e-17
62 2.88e-17
62.1 2.885e-17
62.2 2.89e-17
62.3 2.895e-17
62.4 2.9e-17
62.5 2.905e-17
62.6 2.91e-17
62.7 2.915e-17
62.8 2.92e-17
62.9 2.925e-17
63 2.93e-17
63.1 2.933e-17
63.2 2.936e-17
63.3 2.939e-17
63.4 2.942e-17
63.5 2.945e-17
63.6 2.948e-17
63.7 2.951e-17
63.8 2.954e-17
63.9 2.957e-17
64 2.96e-17
64.1 2.964e-17
64.2 2.968e-17
64.3 2.972e-17
64.4 2.976e-17
64.5 2.98e-17
64.6 2.984e-17
64.7 2.988e-17
64.8 2.992e-17
64.9 2.996e-17
65 3e-17
65.1 3.003e-17
65.2 3.006e-17
65.3 3.009e-17
65.4 3.012e-17
65.5 3.015e-17
65.6 3.018e-17
65.7 3.021e-17
65.8 3.024e-17
65.9 3.027e-17
66 3.03e-17
66.1 3.033e-17
66.2 3.036e-17
66.3 3.039e-17
66.4 3.042e-17
66.5 3.045e-17
66.6 3.048e-17
66.7 3.051e-17
66.8 3.054e-17
66.9 3.057e-17
67 3.06e-17
67.1 3.062e-17
67.2 3.064e-17
67.3 3.066e-17
67.4 3.068e-17
67.5 3.07e-17
67.6 3.072e-17
67.7 3.074e-17
67.8 3.076e-17
67.9 3.078e-17
68 3.08e-17
68.1 3.083e-17
68.2 3.086e-17
68.3 3.089e-17
68.4 3.092e-17
68.5 3.095e-17
68.6 3.098e-17
68.7 3.101e-17
68.8 3.104e-17
68.9 3.107e-17
69 3.11e-17
69.1 3.113e-17
69.2 3.116e-17
69.3 3.119e-17
69.4 3.122e-17
69.5 3.125e-17
69.6 3.128e-17
69.7 3.131e-17
69.8 3.134e-17
69.9 3.137e-17
70 3.14e-17
70.1 3.146e-17
70.2 3.152e-17
70.3 3.158e-17
70.4 3.164e-17
70.5 3.17e-17
70.6 3.176e-17
70.7 3.182e-17
70.8 3.188e-17
70.9 3.194e-17
71 3.2e-17
71.1 3.205e-17
71.2 3.21e-17
71.3 3.215e-17
71.4 3.22e-17
71.5 3.225e-17
71.6 3.23e-17
71.7 3.235e-17
71.8 3.24e-17
71.9 3.245e-17
72 3.25e-17
72.1 3.253e-17
72.2 3.256e-17
72.3 3.259e-17
72.4 3.262e-17
72.5 3.265e-17
72.6 3.268e-17
72.7 3.271e-17
72.8 3.274e-17
72.9 3.277e-17
73 3.28e-17
73.1 3.28333333333333e-17
73.2 3.28666666666667e-17
73.3 3.29e-17
73.4 3.29333333333333e-17
73.5 3.29666666666667e-17
73.6 3.3e-17
73.7 3.3e-17
73.8 3.3e-17
73.9 3.3e-17
74 3.3e-17
74.1 3.3025e-17
74.2 3.305e-17
74.3 3.3075e-17
74.4 3.31e-17
74.5 3.31166666666667e-17
74.6 3.31333333333333e-17
74.7 3.315e-17
74.8 3.31666666666667e-17
74.9 3.31833333333333e-17
75 3.32e-17
75.1 3.32e-17
75.2 3.32e-17
75.3 3.32e-17
75.4 3.32e-17
75.5 3.32e-17
75.6 3.32e-17
75.7 3.32e-17
75.8 3.32e-17
75.9 3.32e-17
76 3.32e-17
76.1 3.319e-17
76.2 3.318e-17
76.3 3.317e-17
76.4 3.316e-17
76.5 3.315e-17
76.6 3.314e-17
76.7 3.313e-17
76.8 3.312e-17
76.9 3.311e-17
77 3.31e-17
77.1 3.308e-17
77.2 3.306e-17
77.3 3.304e-17
77.4 3.302e-17
77.5 3.3e-17
77.6 3.298e-17
77.7 3.296e-17
77.8 3.294e-17
77.9 3.292e-17
78 3.29e-17
78.1 3.286e-17
78.2 3.282e-17
78.3 3.278e-17
78.4 3.274e-17
78.5 3.27e-17
78.6 3.266e-17
78.7 3.262e-17
78.8 3.258e-17
78.9 3.254e-17
79 3.25e-17
79.1 3.246e-17
79.2 3.242e-17
79.3 3.238e-17
79.4 3.234e-17
79.5 3.23e-17
79.6 3.226e-17
79.7 3.222e-17
79.8 3.218e-17
79.9 3.214e-17
80 3.21e-17
80.1 3.203e-17
80.2 3.196e-17
80.3 3.189e-17
80.4 3.182e-17
80.5 3.175e-17
80.6 3.168e-17
80.7 3.161e-17
80.8 3.154e-17
80.9 3.147e-17
81 3.14e-17
81.1 3.131e-17
81.2 3.122e-17
81.3 3.113e-17
81.4 3.104e-17
81.5 3.095e-17
81.6 3.086e-17
81.7 3.077e-17
81.8 3.068e-17
81.9 3.059e-17
82 3.05e-17
82.1 3.038e-17
82.2 3.026e-17
82.3 3.014e-17
82.4 3.002e-17
82.5 2.99e-17
82.6 2.978e-17
82.7 2.966e-17
82.8 2.954e-17
82.9 2.942e-17
83 2.93e-17
83.1 2.919e-17
83.2 2.908e-17
83.3 2.897e-17
83.4 2.886e-17
83.5 2.875e-17
83.6 2.864e-17
83.7 2.853e-17
83.8 2.842e-17
83.9 2.831e-17
84 2.82e-17
84.1 2.808e-17
84.2 2.796e-17
84.3 2.784e-17
84.4 2.772e-17
84.5 2.76e-17
84.6 2.748e-17
84.7 2.736e-17
84.8 2.724e-17
84.9 2.712e-17
85 2.7e-17
85.1 2.69e-17
85.2 2.68e-17
85.3 2.67e-17
85.4 2.66e-17
85.5 2.65e-17
85.6 2.64e-17
85.7 2.63e-17
85.8 2.62e-17
85.9 2.61e-17
86 2.6e-17
86.1 2.589e-17
86.2 2.578e-17
86.3 2.567e-17
86.4 2.556e-17
86.5 2.545e-17
86.6 2.534e-17
86.7 2.523e-17
86.8 2.512e-17
86.9 2.501e-17
87 2.49e-17
87.1 2.479e-17
87.2 2.468e-17
87.3 2.457e-17
87.4 2.446e-17
87.5 2.435e-17
87.6 2.424e-17
87.7 2.413e-17
87.8 2.402e-17
87.9 2.391e-17
88 2.38e-17
88.1 2.367e-17
88.2 2.354e-17
88.3 2.341e-17
88.4 2.328e-17
88.5 2.315e-17
88.6 2.302e-17
88.7 2.289e-17
88.8 2.276e-17
88.9 2.263e-17
89 2.25e-17
89.1 2.237e-17
89.2 2.224e-17
89.3 2.211e-17
89.4 2.198e-17
89.5 2.185e-17
89.6 2.172e-17
89.7 2.159e-17
89.8 2.146e-17
89.9 2.133e-17
90 2.12e-17
90.1 2.104e-17
90.2 2.088e-17
90.3 2.072e-17
90.4 2.056e-17
90.5 2.04e-17
90.6 2.024e-17
90.7 2.008e-17
90.8 1.992e-17
90.9 1.976e-17
91 1.96e-17
91.1 1.942e-17
91.2 1.924e-17
91.3 1.906e-17
91.4 1.888e-17
91.5 1.87e-17
91.6 1.852e-17
91.7 1.834e-17
91.8 1.816e-17
91.9 1.798e-17
92 1.78e-17
92.1 1.766e-17
92.2 1.752e-17
92.3 1.738e-17
92.4 1.724e-17
92.5 1.71e-17
92.6 1.696e-17
92.7 1.682e-17
92.8 1.668e-17
92.9 1.654e-17
93 1.64e-17
93.1 1.633e-17
93.2 1.626e-17
93.3 1.619e-17
93.4 1.612e-17
93.5 1.605e-17
93.6 1.598e-17
93.7 1.591e-17
93.8 1.584e-17
93.9 1.577e-17
94 1.57e-17
94.1 1.575e-17
94.2 1.58e-17
94.3 1.585e-17
94.4 1.59e-17
94.5 1.595e-17
94.6 1.6e-17
94.7 1.605e-17
94.8 1.61e-17
94.9 1.615e-17
95 1.62e-17
95.1 1.628e-17
95.2 1.636e-17
95.3 1.644e-17
95.4 1.652e-17
95.5 1.66e-17
95.6 1.668e-17
95.7 1.676e-17
95.8 1.684e-17
95.9 1.692e-17
96 1.7e-17
96.1 1.709e-17
96.2 1.718e-17
96.3 1.727e-17
96.4 1.736e-17
96.5 1.745e-17
96.6 1.754e-17
96.7 1.763e-17
96.8 1.772e-17
96.9 1.781e-17
97 1.79e-17
97.1 1.801e-17
97.2 1.812e-17
97.3 1.823e-17
97.4 1.834e-17
97.5 1.845e-17
97.6 1.856e-17
97.7 1.867e-17
97.8 1.878e-17
97.9 1.889e-17
98 1.9e-17
98.1 1.91e-17
98.2 1.92e-17
98.3 1.93e-17
98.4 1.94e-17
98.5 1.95e-17
98.6 1.96e-17
98.7 1.97e-17
98.8 1.98e-17
98.9 1.99e-17
99 2e-17
99.1 2.009e-17
99.2 2.018e-17
99.3 2.027e-17
99.4 2.036e-17
99.5 2.045e-17
99.6 2.054e-17
99.7 2.063e-17
99.8 2.072e-17
99.9 2.081e-17
100 2.09e-17
100.1 2.098e-17
100.2 2.106e-17
100.3 2.114e-17
100.4 2.122e-17
100.5 2.13e-17
100.6 2.138e-17
100.7 2.146e-17
100.8 2.154e-17
100.9 2.162e-17
101 2.17e-17
101.1 2.176e-17
101.2 2.182e-17
101.3 2.188e-17
101.4 2.194e-17
101.5 2.2e-17
101.6 2.206e-17
101.7 2.212e-17
101.8 2.218e-17
101.9 2.224e-17
102 2.23e-17
102.1 2.237e-17
102.2 2.244e-17
102.3 2.251e-17
102.4 2.258e-17
102.5 2.265e-17
102.6 2.272e-17
102.7 2.279e-17
102.8 2.286e-17
102.9 2.293e-17
103 2.3e-17
103.1 2.314e-17
103.2 2.328e-17
103.3 2.342e-17
103.4 2.356e-17
103.5 2.37e-17
103.6 2.384e-17
103.7 2.398e-17
103.8 2.412e-17
103.9 2.426e-17
104 2.44e-17
104.1 2.436e-17
104.2 2.432e-17
104.3 2.428e-17
104.4 2.424e-17
104.5 2.42e-17
104.6 2.416e-17
104.7 2.412e-17
104.8 2.408e-17
104.9 2.404e-17
105 2.4e-17
105.1 2.41e-17
105.2 2.42e-17
105.3 2.43e-17
105.4 2.44e-17
105.5 2.45e-17
105.6 2.46e-17
105.7 2.47e-17
105.8 2.48e-17
105.9 2.49e-17
106 2.5e-17
106.1 2.588360375e-17
106.2 2.53951775e-17
106.3 2.53312781578947e-17
106.4 2.527376875e-17
106.5 2.52709145833333e-17
106.6 2.52694875e-17
106.7 2.543829625e-17
106.8 2.58717374264706e-17
106.9 2.617514625e-17
107 2.531950125e-17
107.1 2.55618045394737e-17
107.2 2.57798775e-17
107.3 2.516720875e-17
107.4 2.51681539880952e-17
107.5 2.516919375e-17
107.6 2.4836862867647e-17
107.7 2.460423125e-17
107.8 2.463749875e-17
107.9 2.48502711184211e-17
108 2.504176625e-17
108.1 2.514566625e-17
108.2 2.532315875e-17
108.3 2.536385625e-17
108.4 2.53241555147059e-17
108.5 2.5296365e-17
108.6 2.506464625e-17
108.7 2.49427304605263e-17
108.8 2.483300625e-17
108.9 2.419891125e-17
109 2.43170689880952e-17
109.1 2.44470425e-17
109.2 2.42222961764706e-17
109.3 2.406497375e-17
109.4 2.531900375e-17
109.5 2.49058616447368e-17
109.6 2.453403375e-17
109.7 2.4556148266129e-17
109.8 2.45782627822581e-17
109.9 2.460258875e-17
110 2.44889630147059e-17
110.1 2.4409425e-17
110.2 2.450018875e-17
110.3 2.38935505921052e-17
110.4 2.334757625e-17
110.5 2.36628454166667e-17
110.6 2.382048e-17
110.7 2.428420125e-17
110.8 2.42660446323529e-17
110.9 2.4253335e-17
111 2.461326125e-17
111.1 2.43047073026316e-17
111.2 2.402700875e-17
111.3 2.3988705e-17
111.4 2.31428901190475e-17
111.5 2.221249375e-17
111.6 2.21119231617647e-17
111.7 2.204152375e-17
111.8 2.286989125e-17
111.9 2.24255899342105e-17
112 2.202571875e-17
112.1 2.2554879233871e-17
112.2 2.2723665e-17
112.3 2.366611625e-17
112.4 2.36642713970588e-17
112.5 2.366298e-17
112.6 2.268411875e-17
112.7 2.18570404605262e-17
112.8 2.111267e-17
112.9 2.061511875e-17
113 2.07201366071429e-17
113.1 2.083565625e-17
113.2 2.08865305147059e-17
113.3 2.09221425e-17
113.4 2.064673375e-17
113.5 2.1031573881579e-17
113.6 2.137793e-17
113.7 2.13959473387097e-17
113.8 2.14139646774194e-17
113.9 2.143378375e-17
114 2.05466918382352e-17
114.1 1.99257275e-17
114.2 1.860179375e-17
114.3 1.82051516447368e-17
114.4 1.784817375e-17
114.5 1.852012125e-17
114.6 1.8856095e-17
114.7 1.7460315e-17
114.8 1.85015885294118e-17
114.9 1.923048e-17
115 2.043061e-17
115.1 2.03311178947368e-17
115.2 2.0241575e-17
115.3 1.9640255e-17
115.4 1.82099799999999e-17
115.5 1.66366775e-17
115.6 1.62526104545454e-17
115.7 1.60383750000001e-17
115.8 1.57432499999999e-17
115.9 1.7017158e-17
116 1.56007840000002e-17
116.1 1.52002159999999e-17
116.2 1.59708880000001e-17
116.3 1.8092144e-17
116.4 1.9334336e-17
116.5 1.77211620000002e-17
116.6 1.95091320000005e-17
116.7 1.7322218e-17
116.8 1.71036059999998e-17
116.9 1.3925932e-17
117 1.283183e-17
117.1 1.1951656e-17
117.2 1.40883780000001e-17
117.3 1.46072139999997e-17
117.4 1.32694399999999e-17
117.5 1.24042760000001e-17
117.6 1.18526559999999e-17
117.7 1.58996000000002e-17
117.8 1.84239800000005e-17
117.9 1.58754280000002e-17
118 1.76047620000002e-17
118.1 1.71578040000001e-17
118.2 1.5453334e-17
118.3 1.3530962e-17
118.4 1.10868100000001e-17
118.5 1.01489760000001e-17
118.6 1.1520442e-17
118.7 1.50732299999998e-17
118.8 1.35492499999999e-17
118.9 1.103252e-17
119 1.08953940000001e-17
119.1 1.1198502e-17
119.2 1.72702820000002e-17
119.3 1.87528519999995e-17
119.4 1.50667659999997e-17
119.5 1.55168380000002e-17
119.6 1.56081339999999e-17
119.7 1.3669646e-17
119.8 1.04409519999997e-17
119.9 8.04517400000009e-18
120 8.17397999999994e-18
120.1 1.08690520000002e-17
120.2 1.4820802e-17
120.3 1.1670642e-17
120.4 9.46555200000004e-18
120.5 1.0028544e-17
120.6 1.12493259999998e-17
120.7 2.15830479999987e-17
120.8 1.41317379999998e-17
120.9 1.39485060000001e-17
121 1.2016608e-17
121.1 1.5089616e-17
121.2 1.18707939999999e-17
121.3 7.58370799999993e-18
121.4 5.98715400000011e-18
121.5 7.92939000000002e-18
121.6 9.01629600000011e-18
121.7 1.2260528e-17
121.8 1.60274399999998e-17
121.9 9.87445000000009e-18
122 8.72238799999995e-18
122.1 1.36648999999999e-17
122.2 1.91217600000004e-17
122.3 1.70277679999998e-17
122.4 1.07019879999999e-17
122.5 1.13006059999999e-17
122.6 1.3409224e-17
122.7 1.03017379999998e-17
122.8 6.01507999999994e-18
122.9 4.73815399999995e-18
123 5.43503199999992e-18
123.1 6.50906400000021e-18
123.2 7.84842800000019e-18
123.3 1.76863400000007e-17
123.4 1.51394360000003e-17
123.5 9.72402600000017e-18
123.6 1.13868920000002e-17
123.7 1.1932262e-17
123.8 2.187544e-17
123.9 1.46726140000001e-17
124 1.13663040000002e-17
124.1 1.21941060000001e-17
124.2 9.3874619999999e-18
124.3 5.1628159999998e-18
124.4 3.16472200000002e-18
124.5 3.84861600000004e-18
124.6 4.54807600000009e-18
124.7 5.81528800000018e-18
124.8 8.15116000000009e-18
124.9 2.16447520000001e-17
125 1.71906060000003e-17
125.1 9.19773000000001e-18
125.2 7.18206400000026e-18
125.3 1.20962740000001e-17
125.4 2.33991420000003e-17
125.5 1.82824900000003e-17
125.6 1.3685618e-17
125.7 1.06508220000001e-17
125.8 5.43354999999992e-18
125.9 3.07449199999998e-18
126 2.85903400000001e-18
126.1 3.29252600000004e-18
126.2 3.42195800000007e-18
126.3 4.89804200000015e-18
126.4 8.67798399999985e-18
126.5 2.19339939999993e-17
126.6 1.41494679999997e-17
126.7 9.93730599999987e-18
126.8 1.09020800000005e-17
126.9 1.0805132e-17
127 1.71109739999997e-17
127.1 2.0761876e-17
127.2 2.10614659999998e-17
127.3 1.17655819999999e-17
127.4 5.99883400000006e-18
127.5 4.22325799999996e-18
127.6 3.31847599999996e-18
127.7 2.66974200000002e-18
127.8 3.21171400000009e-18
127.9 4.1477979999999e-18
128 7.12701600000019e-18
128.1 1.78891959999989e-17
128.2 1.35537040000001e-17
128.3 1.12959020000002e-17
128.4 1.46407899999997e-17
128.5 1.06246279999999e-17
128.6 1.38808539999993e-17
128.7 1.01480099999999e-17
128.8 1.65712000000004e-17
128.9 2.6404577999999e-17
129 1.61895199999995e-17
129.1 8.90261999999988e-18
129.2 4.85022400000017e-18
129.3 3.97856200000001e-18
129.4 3.49538400000018e-18
129.5 3.62436200000036e-18
129.6 5.39234599999999e-18
129.7 1.06091580000004e-17
129.8 9.41752400000026e-18
129.9 1.22847780000002e-17
130 1.2675822e-17
130.1 1.0877798e-17
130.2 1.30522640000001e-17
130.3 1.11496420000001e-17
130.4 9.39545199999984e-18
130.5 1.00461740000002e-17
130.6 2.91223719999996e-17
130.7 2.91489500000008e-17
130.8 1.56684860000002e-17
130.9 8.44736199999946e-18
131 5.47870199999987e-18
131.1 5.070268e-18
131.2 3.9499720000003e-18
131.3 5.77839799999983e-18
131.4 6.62950200000084e-18
131.5 6.60536599999986e-18
131.6 6.96579799999993e-18
131.7 8.88665799999985e-18
131.8 1.10777059999999e-17
131.9 1.1996636e-17
132 1.32545420000002e-17
132.1 1.11013659999999e-17
132.2 8.23410800000009e-18
132.3 1.10176800000004e-17
132.4 3.77374320000034e-17
132.5 3.29434839999988e-17
132.6 1.71945399999999e-17
132.7 9.52011200000013e-18
132.8 5.710256e-18
132.9 4.50592200000012e-18
133 4.31833399999952e-18
133.1 3.76536799999995e-18
133.2 3.76863800000003e-18
133.3 4.21328200000003e-18
133.4 5.81260000000025e-18
133.5 7.92738599999995e-18
133.6 1.12018119999999e-17
133.7 1.25139920000001e-17
133.8 1.39114019999996e-17
133.9 1.07256379999996e-17
134 7.81967799999996e-18
134.1 9.15328000000062e-18
134.2 3.87584939999997e-17
134.3 3.88659599999997e-17
134.4 1.90082119999986e-17
134.5 9.88980999999953e-18
134.6 6.2884820000001e-18
134.7 4.48895400000011e-18
134.8 3.96357599999988e-18
134.9 3.2286999999998e-18
135 3.05567400000007e-18
135.1 3.619346e-18
135.2 4.71955999999986e-18
135.3 6.47575199999989e-18
135.4 1.11164100000003e-17
135.5 1.15136640000001e-17
135.6 1.29580380000001e-17
135.7 1.06147240000002e-17
135.8 6.9866500000002e-18
135.9 6.77133800000026e-18
136 2.98100420000023e-17
136.1 4.55404339999994e-17
136.2 2.10650940000007e-17
136.3 1.0774764e-17
136.4 6.62594599999969e-18
136.5 5.30081599999998e-18
136.6 3.95780200000015e-18
136.7 2.73004800000001e-18
136.8 2.70075200000001e-18
136.9 3.27496800000011e-18
137 4.20788399999998e-18
137.1 4.5806760000001e-18
137.2 7.64487999999983e-18
137.3 9.08654599999999e-18
137.4 1.14315280000001e-17
137.5 9.46756599999963e-18
137.6 5.69103400000001e-18
137.7 4.8173240000001e-18
137.8 1.28328280000004e-17
137.9 4.05351479999993e-17
138 2.3938683999999e-17
138.1 1.1889488e-17
138.2 9.24954000000008e-18
138.3 6.15374199999995e-18
138.4 4.33034599999997e-18
138.5 3.00537199999998e-18
138.6 2.37174800000001e-18
138.7 2.60390600000002e-18
138.8 2.90518000000013e-18
138.9 3.53542199999983e-18
139 4.88638600000012e-18
139.1 6.93321200000005e-18
139.2 9.26675599999985e-18
139.3 7.49819000000008e-18
139.4 4.97159199999979e-18
139.5 3.83807200000007e-18
139.6 5.4678300000003e-18
139.7 2.77699959999993e-17
139.8 1.77733620000004e-17
139.9 1.15029579999996e-17
140 8.10928199999993e-18
140.1 5.81554399999995e-18
140.2 4.39007000000008e-18
140.3 3.56934999999999e-18
140.4 4.25027200000026e-18
140.5 3.48337400000007e-18
140.6 2.86508199999997e-18
140.7 2.31168800000017e-18
140.8 2.19589200000007e-18
140.9 3.40937000000016e-18
141 4.40827600000009e-18
141.1 5.30961799999984e-18
141.2 3.59033400000013e-18
141.3 2.74221999999995e-18
141.4 2.11825000000002e-18
141.5 4.93914600000036e-18
141.6 1.54493799999992e-17
141.7 7.75274400000035e-18
141.8 3.67575000000003e-18
141.9 3.26794800000015e-18
142 3.66759399999993e-18
142.1 2.79512199999997e-18
142.2 2.61409800000005e-18
142.3 2.25473600000001e-18
142.4 2.02459000000004e-18
142.5 3.69850600000025e-18
142.6 4.07521799999983e-18
142.7 2.92259600000015e-18
142.8 2.80765400000013e-18
142.9 2.61976999999995e-18
143 1.67867399999996e-18
143.1 1.63623599999999e-18
143.2 1.51029800000002e-18
143.3 2.85766400000001e-18
143.4 4.90645799999975e-18
143.5 2.92078999999995e-18
143.6 1.91582799999994e-18
143.7 1.18823600000001e-18
143.8 1.47923800000004e-18
143.9 2.0168760000001e-18
144 1.88086199999992e-18
144.1 1.622402e-18
144.2 1.46472400000001e-18
144.3 1.35590400000002e-18
144.4 1.22470799999999e-18
144.5 1.170414e-18
144.6 1.25237200000001e-18
144.7 4.57502399999892e-18
144.8 3.64899999999984e-18
144.9 2.88996599999981e-18
145 1.8056759999998e-18
145.1 1.388412e-18
145.2 1.15528000000006e-18
145.3 1.42467999999997e-18
145.4 1.05441199999997e-18
145.5 6.7104999999999e-19
145.6 4.60884000000019e-19
145.7 4.36615999999983e-19
145.8 9.21942000000025e-19
145.9 1.238244e-18
146 1.16669200000004e-18
146.1 1.07323800000007e-18
146.2 1.10152200000003e-18
146.3 1.01320999999999e-18
146.4 8.69277999999975e-19
146.5 6.63983999999988e-19
146.6 5.74110000000017e-19
146.7 4.63898000000019e-19
146.8 6.84941999999983e-19
146.9 3.76137200000059e-18
147 5.64569199999947e-18
147.1 3.49909800000001e-18
147.2 2.54038800000007e-18
147.3 1.606118e-18
147.4 7.65183999999923e-19
147.5 6.22906000000028e-19
147.6 4.80241999999982e-19
147.7 3.57529999999997e-19
147.8 3.10744000000003e-19
147.9 3.48782000000035e-19
148 1.02335000000006e-18
148.1 9.90925999999957e-19
148.2 8.6496399999998e-19
148.3 7.64358000000042e-19
148.4 7.86579999999979e-19
148.5 6.3981199999999e-19
148.6 4.80801999999951e-19
148.7 3.24310000000012e-19
148.8 1.91014000000002e-19
148.9 2.47019999999998e-19
149 3.17067999999992e-19
149.1 7.88944000000034e-19
149.2 5.80407799999951e-18
149.3 5.44214400000014e-18
149.4 3.74124599999936e-18
149.5 2.65225199999988e-18
149.6 1.22449999999988e-18
149.7 8.65167999999949e-19
149.8 4.44864000000041e-19
149.9 2.66882000000024e-19
150 2.27575999999989e-19
150.1 8.4161599999999e-19
150.2 5.74845999999905e-19
150.3 8.07151999999985e-19
150.4 7.4361e-19
150.5 5.30455999999955e-19
150.6 4.57012000000002e-19
150.7 4.06356000000076e-19
150.8 2.81688000000007e-19
150.9 2.40783999999992e-19
151 1.35035999999994e-19
151.1 7.15840000000011e-20
151.2 1.19018000000009e-19
151.3 1.32879999999999e-19
151.4 4.89584000000084e-19
151.5 3.42207600000055e-18
151.6 8.08059400000025e-18
151.7 5.30961999999973e-18
151.8 2.58956799999996e-18
151.9 2.12244800000004e-18
152 9.14761999999779e-19
152.1 6.29318000000064e-19
152.2 3.07550000000016e-19
152.3 1.10474199999974e-18
152.4 3.40294000000023e-19
152.5 6.74153999999914e-19
152.6 6.50273999999958e-19
152.7 4.06472000000041e-19
152.8 3.04331999999948e-19
152.9 3.0760999999999e-19
153 2.71493999999979e-19
153.1 1.98434000000003e-19
153.2 1.72337999999985e-19
153.3 7.10039999999912e-20
153.4 2.9257999999995e-20
153.5 4.3314000000004e-20
153.6 4.14959999999919e-20
153.7 1.18842000000008e-19
153.8 7.4999399999994e-19
153.9 6.56048800000172e-18
154 6.77251400000034e-18
154.1 4.66224399999959e-18
154.2 3.15371600000008e-18
154.3 1.5744360000001e-18
154.4 9.0028000000007e-19
154.5 1.3080820000002e-18
154.6 3.52357999999983e-19
154.7 7.26111999999921e-19
154.8 5.12310000000018e-19
154.9 5.52446000000009e-19
155 3.28061999999908e-19
155.1 2.39250000000016e-19
155.2 1.81379999999981e-19
155.3 2.83877999999994e-19
155.4 1.84040000000014e-19
155.5 1.85930000000032e-19
155.6 8.35219999999761e-20
155.7 7.21099999999945e-20
155.8 3.82759999999991e-20
155.9 4.99720000000107e-20
156 6.20660000000141e-20
156.1 1.5052400000002e-19
156.2 5.5708600000002e-19
156.3 3.86153599999977e-18
156.4 8.13711399999949e-18
156.5 4.65210599999943e-18
156.6 3.42757400000019e-18
156.7 2.16006999999961e-18
156.8 9.62050000000042e-19
156.9 8.25210000000077e-19
157 6.87956000000063e-19
157.1 4.95760000000006e-19
157.2 3.51499999999915e-19
157.3 2.39044000000016e-19
157.4 1.30162000000015e-19
157.5 1.63557999999992e-19
157.6 1.87382000000016e-19
157.7 1.53923999999997e-19
157.8 1.08021999999983e-19
157.9 1.15309999999984e-19
158 8.81620000000056e-20
158.1 7.91479999999912e-20
158.2 7.8736000000007e-20
158.3 1.11245999999988e-19
158.4 9.82700000000039e-20
158.5 1.95212000000021e-19
158.6 3.68407999999957e-19
158.7 1.26865599999947e-18
158.8 6.02068800000036e-18
158.9 4.90521800000011e-18
159 3.64646200000011e-18
159.1 2.40257000000007e-18
159.2 1.37656199999983e-18
159.3 8.80623999999953e-19
159.4 6.26333999999938e-19
159.5 4.32926000000003e-19
159.6 3.25846000000011e-19
159.7 3.00192000000024e-19
159.8 2.11732000000022e-19
159.9 2.26926000000031e-19
160 2.43651999999996e-19
160.1 2.0272e-19
160.2 2.06562000000024e-19
160.3 2.39930000000019e-19
160.4 2.16137999999985e-19
160.5 2.57926000000013e-19
160.6 3.01609999999984e-19
160.7 2.82843999999982e-19
160.8 3.23896000000003e-19
160.9 3.55106000000016e-19
161 4.81275999999998e-19
161.1 5.75412000000004e-19
161.2 1.68961000000001e-18
161.3 4.09032000000009e-18
161.4 3.62515000000021e-18
161.5 2.82334800000015e-18
161.6 1.6644299999996e-18
161.7 1.1190520000001e-18
161.8 7.57282000000002e-19
161.9 5.66229999999969e-19
162 4.90172e-19
162.1 4.12050000000012e-19
162.2 4.15723999999997e-19
162.3 4.31031999999998e-19
162.4 4.44600000000006e-19
162.5 4.53052e-19
162.6 3.78968000000005e-19
162.7 4.12011999999995e-19
162.8 4.31230000000004e-19
162.9 4.63013999999996e-19
163 4.93966000000007e-19
163.1 4.84086000000004e-19
163.2 5.19343999999994e-19
163.3 5.78572000000004e-19
163.4 6.02246e-19
163.5 6.8258600000001e-19
163.6 8.43672000000007e-19
163.7 1.43362599999989e-18
163.8 2.76802200000004e-18
163.9 2.46386799999962e-18
164 1.72572599999981e-18
164.1 1.45867600000002e-18
164.2 9.32948000000007e-19
164.3 7.33757999999998e-19
164.4 6.10835999999995e-19
164.5 5.75412000000002e-19
164.6 5.15445999999997e-19
164.7 4.85803999999996e-19
164.8 4.73444000000004e-19
164.9 4.65861999999994e-19
165 4.74302000000001e-19
165.1 4.96103999999998e-19
165.2 4.73207999999994e-19
165.3 5.62867999999999e-19
165.4 5.84526000000005e-19
165.5 6.16946000000001e-19
165.6 6.68214000000003e-19
165.7 7.06103999999995e-19
165.8 8.02068000000002e-19
165.9 8.79740000000008e-19
166 9.8254200000001e-19
166.1 1.06801599999999e-18
166.2 1.35953800000005e-18
166.3 1.658844e-18
166.4 1.80744799999992e-18
166.5 1.53727399999998e-18
166.6 1.356958e-18
166.7 1.11057600000001e-18
166.8 9.93229999999993e-19
166.9 8.65097999999989e-19
167 7.96775999999998e-19
167.1 7.70858000000001e-19
167.2 7.15642000000005e-19
167.3 6.99819999999997e-19
167.4 6.88464000000002e-19
167.5 7.17452000000001e-19
167.6 6.68229999999997e-19
167.7 7.05792000000004e-19
167.8 7.51906000000004e-19
167.9 7.76227999999997e-19
168 8.08756000000001e-19
168.1 8.69444000000001e-19
168.2 9.71599999999994e-19
168.3 1.080274e-18
168.4 1.17582600000001e-18
168.5 1.24938e-18
168.6 1.37417e-18
168.7 1.54890999999999e-18
168.8 1.748378e-18
168.9 1.91085400000002e-18
169 1.986288e-18
169.1 1.946378e-18
169.2 1.90585800000001e-18
169.3 1.806366e-18
169.4 1.69032199999999e-18
169.5 1.56815199999999e-18
169.6 1.43668800000001e-18
169.7 1.353962e-18
169.8 1.24624e-18
169.9 1.204552e-18
170 1.129606e-18
170.1 1.10900799999999e-18
170.2 1.068224e-18
170.3 1.059508e-18
170.4 1.09118e-18
170.5 1.084732e-18
170.6 1.105446e-18
170.7 1.208968e-18
170.8 1.296146e-18
170.9 1.39388200000001e-18
171 1.52713600000001e-18
171.1 1.652588e-18
171.2 1.85903199999999e-18
171.3 2.013408e-18
171.4 2.19058200000003e-18
171.5 2.46393800000002e-18
171.6 2.719898e-18
171.7 2.91342399999999e-18
171.8 3.09492999999999e-18
171.9 3.17508800000001e-18
172 3.08972799999999e-18
172.1 2.99210599999999e-18
172.2 2.81235400000001e-18
172.3 2.596532e-18
172.4 2.35946999999998e-18
172.5 2.17645399999999e-18
172.6 2.027938e-18
172.7 1.89881200000001e-18
172.8 1.765122e-18
172.9 1.68013999999999e-18
173 1.654806e-18
173.1 1.58344e-18
173.2 1.59149799999999e-18
173.3 1.65988199999999e-18
173.4 1.65302400000001e-18
173.5 1.78693600000001e-18
173.6 1.88040999999999e-18
173.7 2.036776e-18
173.8 2.18819999999999e-18
173.9 2.39970400000002e-18
174 2.59636400000001e-18
174.1 2.88337200000001e-18
174.2 3.16307599999998e-18
174.3 3.554122e-18
174.4 3.95436600000004e-18
174.5 4.29690000000002e-18
174.6 4.69428200000001e-18
174.7 5.00484599999999e-18
174.8 5.11765e-18
174.9 5.01807999999998e-18
175 4.74500599999998e-18
175.1 4.40994200000001e-18
175.2 4.07353600000003e-18
175.3 3.720292e-18
175.4 3.39090799999995e-18
175.5 3.10823999999998e-18
175.6 2.872244e-18
175.7 2.64197000000002e-18
175.8 2.47567200000001e-18
175.9 2.40539799999998e-18
176 2.317896e-18
176.1 2.321372e-18
176.2 2.276626e-18
176.3 2.286446e-18
176.4 2.43698200000002e-18
176.5 2.58773200000001e-18
176.6 2.794116e-18
176.7 3.01395199999998e-18
176.8 3.288834e-18
176.9 3.55407000000004e-18
177 3.91015200000002e-18
177.1 4.37024800000001e-18
177.2 4.89237999999997e-18
177.3 5.416186e-18
177.4 5.97994400000006e-18
177.5 6.62575000000005e-18
177.6 7.152682e-18
177.7 7.54545799999999e-18
177.8 7.71574799999999e-18
177.9 7.51448399999997e-18
178 7.06376199999997e-18
178.1 6.53255599999999e-18
178.2 5.89986600000003e-18
178.3 5.30639200000001e-18
178.4 4.82626799999994e-18
178.5 4.33314799999997e-18
178.6 3.89248000000001e-18
178.7 3.57836800000002e-18
178.8 3.295856e-18
178.9 3.14762599999998e-18
179 2.99139999999999e-18
179.1 2.91498000000001e-18
179.2 2.89667599999999e-18
179.3 2.976828e-18
179.4 3.06359400000001e-18
179.5 3.194228e-18
179.6 3.434078e-18
179.7 3.75375799999998e-18
179.8 4.10352200000001e-18
179.9 4.51821200000005e-18
180 4.99893800000003e-18
180.1 5.58466200000003e-18
180.2 6.20792399999998e-18
180.3 6.95862200000002e-18
180.4 7.84560400000013e-18
180.5 8.77281000000005e-18
180.6 9.70829000000001e-18
180.7 1.04246e-17
180.8 1.093692e-17
180.9 1.102214e-17
181 1.061384e-17
181.1 9.96950800000001e-18
181.2 9.14020800000006e-18
181.3 8.24847e-18
181.4 7.35661199999989e-18
181.5 6.55330399999999e-18
181.6 5.83726600000001e-18
181.7 5.29537400000005e-18
181.8 4.81705400000001e-18
181.9 4.45201999999998e-18
182 4.14254399999999e-18
182.1 3.92079200000003e-18
182.2 3.83567400000001e-18
182.3 3.79476800000002e-18
182.4 3.81761799999999e-18
182.5 3.89578799999999e-18
182.6 4.058104e-18
182.7 4.26191799999997e-18
182.8 4.625624e-18
182.9 4.99869800000004e-18
183 5.53004400000002e-18
183.1 6.05116000000003e-18
183.2 6.82905199999996e-18
183.3 7.57668000000001e-18
183.4 8.48157200000011e-18
183.5 9.60698600000007e-18
183.6 1.080324e-17
183.7 1.20442199999999e-17
183.8 1.3064e-17
183.9 1.38076400000001e-17
184 1.416316e-17
184.1 1.391368e-17
184.2 1.32746600000001e-17
184.3 1.232964e-17
184.4 1.11612199999999e-17
184.5 1.00237239999999e-17
184.6 8.95288999999999e-18
184.7 7.99645200000003e-18
184.8 7.09168000000002e-18
184.9 6.40405199999987e-18
185 5.677108e-18
185.1 5.30432800000002e-18
185.2 4.91298800000004e-18
185.3 4.64504200000003e-18
185.4 4.32099999999997e-18
185.5 4.36128199999996e-18
185.6 4.25062799999998e-18
185.7 4.32942200000004e-18
185.8 4.46717799999998e-18
185.9 4.75232800000004e-18
186 5.07191000000004e-18
186.1 5.33796399999996e-18
186.2 6.04335599999995e-18
186.3 6.58844400000001e-18
186.4 7.42417600000007e-18
186.5 8.42775200000009e-18
186.6 9.64870000000002e-18
186.7 1.10040599999999e-17
186.8 1.264748e-17
186.9 1.42252200000002e-17
187 1.58178200000001e-17
187.1 1.694304e-17
187.2 1.75320799999999e-17
187.3 1.743778e-17
187.4 1.67200199999999e-17
187.5 1.56227799999999e-17
187.6 1.42551e-17
187.7 1.28996400000001e-17
187.8 1.145036e-17
187.9 1.01193439999999e-17
188 8.84861799999994e-18
188.1 7.73553799999999e-18
188.2 6.97331200000008e-18
188.3 6.15605399999997e-18
188.4 5.70574999999993e-18
188.5 5.12348200000002e-18
188.6 4.87016599999995e-18
188.7 4.67202399999999e-18
188.8 4.42784399999998e-18
188.9 4.36669000000001e-18
189 4.35620000000001e-18
189.1 4.49295200000001e-18
189.2 4.69274400000003e-18
189.3 4.91827800000004e-18
189.4 5.23986800000012e-18
189.5 5.83304400000006e-18
189.6 6.50754999999999e-18
189.7 7.41684799999993e-18
189.8 8.579222e-18
189.9 1.00240560000002e-17
190 1.17538200000001e-17
190.1 1.370504e-17
190.2 1.57998199999999e-17
190.3 1.788794e-17
190.4 1.94198000000001e-17
190.5 2.031364e-17
190.6 2.025906e-17
190.7 1.965582e-17
190.8 1.837686e-17
190.9 1.69251199999999e-17
191 1.53481799999999e-17
191.1 1.366536e-17
191.2 1.20620000000001e-17
191.3 1.06017e-17
191.4 9.28934599999983e-18
191.5 8.12655399999999e-18
191.6 7.17408000000003e-18
191.7 6.50548200000003e-18
191.8 5.75850399999999e-18
191.9 5.38726199999993e-18
192 4.91420199999996e-18
192.1 4.63868600000006e-18
192.2 4.39666000000002e-18
192.3 4.39565599999999e-18
192.4 4.26058800000004e-18
192.5 4.25996799999997e-18
192.6 4.45497199999998e-18
192.7 4.61140599999995e-18
192.8 4.84661e-18
192.9 5.28532600000003e-18
193 5.86357200000002e-18
193.1 6.61554599999995e-18
193.2 7.80505399999994e-18
193.3 9.33723200000002e-18
193.4 1.12355000000002e-17
193.5 1.34735200000001e-17
193.6 1.610074e-17
193.7 1.84377999999999e-17
193.8 2.059952e-17
193.9 2.15957600000001e-17
194 2.174404e-17
194.1 2.111622e-17
194.2 1.98539400000001e-17
194.3 1.834022e-17
194.4 1.65541799999998e-17
194.5 1.46451799999999e-17
194.6 1.290142e-17
194.7 1.12540400000001e-17
194.8 9.79491599999999e-18
194.9 8.5167419999999e-18
195 7.49096999999993e-18
195.1 6.61913400000001e-18
195.2 5.83357000000004e-18
195.3 5.202356e-18
195.4 4.70731599999994e-18
195.5 4.39022599999998e-18
195.6 4.020114e-18
195.7 3.81643200000001e-18
195.8 3.643262e-18
195.9 3.589468e-18
196 3.58811799999999e-18
196.1 3.64924000000001e-18
196.2 3.81968399999999e-18
196.3 3.968092e-18
196.4 4.24586000000004e-18
196.5 4.63009800000003e-18
196.6 5.25937199999999e-18
196.7 6.04616399999995e-18
196.8 7.214306e-18
196.9 8.96022000000022e-18
197 1.14668000000001e-17
197.1 1.453928e-17
197.2 1.74793799999998e-17
197.3 1.983566e-17
197.4 2.11282800000001e-17
197.5 2.15267800000001e-17
197.6 2.096828e-17
197.7 1.973338e-17
197.8 1.77209399999999e-17
197.9 1.56914999999998e-17
198 1.38006599999999e-17
198.1 1.213642e-17
198.2 1.04995180000001e-17
198.3 8.98634000000003e-18
198.4 7.74684999999992e-18
198.5 6.61029199999996e-18
198.6 5.68472599999997e-18
198.7 4.91198400000002e-18
198.8 4.22904200000003e-18
198.9 3.72477799999997e-18
199 3.29925399999992e-18
199.1 2.942928e-18
199.2 2.682386e-18
199.3 2.56073800000002e-18
199.4 2.39981999999996e-18
199.5 2.33996400000002e-18
199.6 2.28621599999999e-18
199.7 2.31922000000001e-18
199.8 2.37499399999999e-18
199.9 2.50495000000002e-18
200 2.68805200000003e-18
200.1 2.87806399999999e-18
200.2 3.16065e-18
200.3 3.66749800000002e-18
200.4 4.60023000000013e-18
200.5 5.84432000000011e-18
200.6 7.89581999999997e-18
200.7 1.07143299999998e-17
200.8 1.373768e-17
200.9 1.62873200000002e-17
201 1.77639800000001e-17
201.1 1.843956e-17
201.2 1.82371600000001e-17
201.3 1.70383e-17
201.4 1.54461399999999e-17
201.5 1.36009799999999e-17
201.6 1.176388e-17
201.7 1.00783720000001e-17
201.8 8.560666e-18
201.9 7.19145999999988e-18
202 6.00615799999994e-18
202.1 5.12471599999998e-18
202.2 4.33365800000005e-18
202.3 3.74417399999999e-18
202.4 3.20548999999994e-18
202.5 2.70659999999998e-18
202.6 2.442388e-18
202.7 2.21616800000001e-18
202.8 2.02155600000002e-18
202.9 1.82154199999998e-18
203 1.65052999999999e-18
203.1 1.572786e-18
203.2 1.4915e-18
203.3 1.482152e-18
203.4 1.55228e-18
203.5 1.64365400000001e-18
203.6 1.73625e-18
203.7 1.773688e-18
203.8 1.88976399999999e-18
203.9 2.02490000000002e-18
204 2.21987000000002e-18
204.1 2.57935599999999e-18
204.2 3.15212199999991e-18
204.3 4.34206199999999e-18
204.4 6.5297700000003e-18
204.5 9.55012200000021e-18
204.6 1.201902e-17
204.7 1.261318e-17
204.8 1.280118e-17
204.9 1.343068e-17
205 1.31585e-17
205.1 1.191998e-17
205.2 1.04225620000001e-17
205.3 8.83671799999999e-18
205.4 7.27339599999982e-18
205.5 5.97796799999995e-18
205.6 4.96918999999995e-18
205.7 4.03505000000003e-18
205.8 3.228026e-18
205.9 2.68236199999994e-18
206 2.24616600000001e-18
206.1 1.962556e-18
206.2 1.65793800000003e-18
206.3 1.40428999999999e-18
206.4 1.22693399999998e-18
206.5 1.05615999999998e-18
206.6 9.14391999999997e-19
206.7 8.17742000000003e-19
206.8 7.34072000000001e-19
206.9 6.83579999999997e-19
207 6.56524e-19
207.1 6.56100000000001e-19
207.2 6.63764e-19
207.3 6.73987999999997e-19
207.4 6.99794000000003e-19
207.5 7.32307999999998e-19
207.6 7.80971999999999e-19
207.7 8.30841999999998e-19
207.8 9.16078000000001e-19
207.9 1.07289800000002e-18
208 1.32484800000003e-18
208.1 1.90287400000001e-18
208.2 3.0595479999999e-18
208.3 5.77251000000002e-18
208.4 9.4030160000002e-18
208.5 8.32991199999984e-18
208.6 6.41981600000009e-18
208.7 8.16021599999989e-18
208.8 9.16878999999999e-18
208.9 8.60035199999991e-18
209 7.35526599999991e-18
209.1 5.998388e-18
209.2 5.17144200000003e-18
209.3 4.00216200000001e-18
209.4 3.11714399999991e-18
209.5 2.55619199999998e-18
209.6 1.94057e-18
209.7 1.50624200000002e-18
209.8 1.166328e-18
209.9 9.33689999999976e-19
210 7.11605999999986e-19
210.1 5.64264000000007e-19
210.2 4.52470000000004e-19
210.3 3.61524000000003e-19
210.4 3.06446e-19
210.5 2.54277999999995e-19
210.6 2.3492e-19
210.7 2.27374000000001e-19
210.8 2.11886000000001e-19
210.9 2.14979999999997e-19
211 2.10518000000001e-19
211.1 2.10336e-19
211.2 2.19993999999998e-19
211.3 2.30948000000001e-19
211.4 2.39524e-19
211.5 2.36556e-19
211.6 2.68263999999999e-19
211.7 3.06371999999997e-19
211.8 3.83694000000001e-19
211.9 5.16148000000017e-19
212 7.40402000000025e-19
212.1 1.26765200000002e-18
212.2 2.5676739999999e-18
212.3 4.08854199999996e-18
212.4 3.66981999999985e-18
212.5 2.42945999999996e-18
212.6 2.49768000000003e-18
212.7 4.04791999999996e-18
212.8 4.30133799999999e-18
212.9 3.77791999999991e-18
213 3.06922799999996e-18
213.1 2.567864e-18
213.2 2.06651400000003e-18
213.3 1.63178999999998e-18
213.4 1.18212999999997e-18
213.5 9.28912000000003e-19
213.6 6.69801999999997e-19
213.7 4.91088000000007e-19
213.8 3.67777999999998e-19
213.9 2.7684799999999e-19
214 2.14497999999998e-19
214.1 1.75270000000001e-19
214.2 1.39546000000002e-19
214.3 1.17550000000001e-19
214.4 9.8955999999998e-20
214.5 8.86979999999988e-20
214.6 7.96719999999991e-20
214.7 7.72760000000013e-20
214.8 7.52060000000001e-20
214.9 7.35919999999998e-20
215 7.69500000000001e-20
215.1 7.64019999999991e-20
215.2 8.08139999999998e-20
215.3 8.48840000000007e-20
215.4 9.11740000000004e-20
215.5 1.02070000000002e-19
215.6 1.1756e-19
215.7 1.41389999999997e-19
215.8 1.86458000000001e-19
215.9 2.58112000000011e-19
216 3.72694000000008e-19
216.1 5.35384000000001e-19
216.2 7.14527999999993e-19
216.3 8.23363999999997e-19
216.4 7.64373999999981e-19
216.5 6.49393999999996e-19
216.6 6.54132000000005e-19
216.7 9.62721999999979e-19
216.8 1.17025999999999e-18
216.9 1.00373399999999e-18
217 8.87895999999993e-19
217.1 7.95226e-19
217.2 7.52720000000005e-19
217.3 6.2536e-19
217.4 4.75301999999985e-19
217.5 3.70811999999996e-19
217.6 2.84349999999999e-19
217.7 2.15228000000003e-19
217.8 1.59805999999999e-19
217.9 1.18115999999997e-19
218 9.11319999999998e-20
218.1 7.20760000000016e-20
218.2 5.42660000000011e-20
218.3 4.56779999999997e-20
218.4 3.44999999999989e-20
218.5 2.93839999999999e-20
218.6 2.50859999999997e-20
218.7 1.89020000000002e-20
218.8 1.767e-20
218.9 1.5474e-20
219 1.36739999999998e-20
219.1 1.29399999999999e-20
219.2 1.24900000000001e-20
219.3 1.2404e-20
219.4 1.25059999999998e-20
219.5 1.24819999999999e-20
219.6 1.2744e-20
219.7 1.3352e-20
219.8 1.43019999999999e-20
219.9 1.54840000000003e-20
220 1.72520000000002e-20
220.1 2.09959999999998e-20
220.2 2.57519999999997e-20
220.3 3.39980000000001e-20
220.4 4.92640000000023e-20
220.5 7.08440000000012e-20
220.6 9.92859999999998e-20
220.7 1.18493999999999e-19
220.8 1.1723e-19
220.9 9.64759999999982e-20
221 8.39139999999996e-20
221.1 9.57360000000005e-20
221.2 1.46027999999999e-19
221.3 1.4808e-19
221.4 1.31039999999998e-19
221.5 1.10153999999999e-19
221.6 9.15979999999999e-20
221.7 8.0120000000001e-20
221.8 6.06619999999999e-20
221.9 4.69639999999985e-20
222 3.56679999999994e-20
222.1 2.80499999999999e-20
222.2 2.24360000000003e-20
222.3 1.85840000000002e-20
222.4 1.54899999999995e-20
222.5 1.21859999999998e-20
222.6 1.03799999999999e-20
222.7 7.51600000000007e-21
222.8 6.28199999999999e-21
222.9 5.04999999999981e-21
223 4.15799999999997e-21
223.1 3.63799999999999e-21
223.2 3.46800000000001e-21
223.3 3.48400000000002e-21
223.4 3.74000000000009e-21
223.5 4.67600000000021e-21
223.6 6.00799999999993e-21
223.7 7.56999999999984e-21
223.8 9.73999999999992e-21
223.9 1.27080000000004e-20
224 1.47440000000001e-20
224.1 1.3738e-20
224.2 1.08900000000002e-20
224.3 8.76199999999999e-21
224.4 9.76600000000044e-21
224.5 1.60840000000003e-20
224.6 1.727e-20
224.7 1.51220000000001e-20
224.8 1.2704e-20
224.9 1.04359999999998e-20
225 9.11000000000003e-21
225.1 7.52400000000007e-21
225.2 6.15600000000009e-21
225.3 5.09800000000001e-21
225.4 4.28199999999991e-21
225.5 3.61399999999997e-21
225.6 3.012e-21
225.7 2.35800000000004e-21
225.8 1.9e-21
225.9 1.51399999999996e-21
