6 1.76e-19
6.1 1.76e-19
6.2 1.76e-19
6.3 1.76e-19
6.4 1.87e-19
6.5 1.705e-19
6.6 1.87e-19
6.7 1.98e-19
6.8 1.98e-19
6.9 2.09e-19
7 2.2e-19
7.1 2.145e-19
7.2 2.31e-19
7.3 2.42e-19
7.4 2.42e-19
7.5 2.42e-19
7.6 2.63e-19
7.7 2.52e-19
7.8 2.63e-19
7.9 2.718e-19
8 2.96e-19
8.1 2.85e-19
8.2 2.96e-19
8.3 3.07e-19
8.4 3.18e-19
8.5 3.4e-19
8.6 3.4e-19
8.7 3.51e-19
8.8 3.57875e-19
8.9 3.62e-19
9 3.84e-19
9.1 3.95e-19
9.2 4.10172413793103e-19
9.3 4.06e-19
9.4 4.39e-19
9.5 4.5e-19
9.6 4.55789473684211e-19
9.7 4.61e-19
9.8 4.83e-19
9.9 4.885e-19
10 4.94e-19
10.1 5.05e-19
10.2 5.16e-19
10.3 5.6e-19
10.4 5.655e-19
10.5 5.71e-19
10.6 5.82e-19
10.7 5.93e-19
10.8 6.15e-19
10.9 6.37e-19
11 6.48e-19
11.1 6.59e-19
11.2 6.7e-19
11.3 6.81e-19
11.4 7.08e-19
11.5 7.35e-19
11.6 7.46e-19
11.7 7.57e-19
11.8 7.79e-19
11.9 8.01e-19
12 8.15666666666667e-19
12.1 8.30333333333334e-19
12.2 8.45e-19
12.3 8.67e-19
12.4 8.89e-19
12.5 9.03666666666667e-19
12.6 9.18333333333333e-19
12.7 9.33e-19
12.8 9.605e-19
12.9 9.88e-19
13 1.00866666666667e-18
13.1 1.02933333333333e-18
13.2 1.05e-18
13.3 1.07e-18
13.4 1.09e-18
13.5 1.11e-18
13.6 1.13e-18
13.7 1.15e-18
13.8 1.17e-18
13.9 1.2e-18
14 1.23e-18
14.1 1.26e-18
14.2 1.28333333333333e-18
14.3 1.30666666666667e-18
14.4 1.33e-18
14.5 1.355e-18
14.6 1.38e-18
14.7 1.405e-18
14.8 1.43e-18
14.9 1.46e-18
15 1.49e-18
15.1 1.52e-18
15.2 1.55e-18
15.3 1.58e-18
15.4 1.61e-18
15.5 1.64e-18
15.6 1.66e-18
15.7 1.68e-18
15.8 1.7e-18
15.9 1.72e-18
16 1.7575e-18
16.1 1.795e-18
16.2 1.8325e-18
16.3 1.87e-18
16.4 1.898e-18
16.5 1.926e-18
16.6 1.954e-18
16.7 1.982e-18
16.8 2.01e-18
16.9 2.0475e-18
17 2.085e-18
17.1 2.1225e-18
17.2 2.16e-18
17.3 2.208e-18
17.4 2.256e-18
17.5 2.304e-18
17.6 2.352e-18
17.7 2.4e-18
17.8 2.42333333333333e-18
17.9 2.44666666666667e-18
18 2.47e-18
18.1 2.52e-18
18.2 2.57e-18
18.3 2.6e-18
18.4 2.63e-18
18.5 2.66e-18
18.6 2.67333333333333e-18
18.7 2.68666666666667e-18
18.8 2.7e-18
18.9 2.77333333333333e-18
19 2.84666666666667e-18
19.1 2.92e-18
19.2 2.99333333333333e-18
19.3 3.06666666666667e-18
19.4 3.14e-18
19.5 3.14e-18
19.6 3.14e-18
19.7 3.14e-18
19.8 3.19666666666667e-18
19.9 3.25333333333333e-18
20 3.31e-18
20.1 3.38333333333333e-18
20.2 3.45666666666667e-18
20.3 3.53e-18
20.4 3.565e-18
20.5 3.6e-18
20.6 3.635e-18
20.7 3.67e-18
20.8 3.72666666666667e-18
20.9 3.78333333333333e-18
21 3.84e-18
21.1 3.875e-18
21.2 3.91e-18
21.3 3.945e-18
21.4 3.98e-18
21.5 4.0475e-18
21.6 4.115e-18
21.7 4.1825e-18
21.8 4.25e-18
21.9 4.29333333333333e-18
22 4.33666666666667e-18
22.1 4.38e-18
22.2 4.47e-18
22.3 4.56e-18
22.4 4.65e-18
22.5 4.74e-18
22.6 4.776e-18
22.7 4.812e-18
22.8 4.848e-18
22.9 4.884e-18
23 4.92e-18
23.1 4.995e-18
23.2 5.07e-18
23.3 5.145e-18
23.4 5.22e-18
23.5 5.29e-18
23.6 5.36e-18
23.7 5.43e-18
23.8 5.5e-18
23.9 5.544e-18
24 5.588e-18
24.1 5.632e-18
24.2 5.676e-18
24.3 5.72e-18
24.4 5.778e-18
24.5 5.836e-18
24.6 5.894e-18
24.7 5.952e-18
24.8 6.01e-18
24.9 6.084e-18
25 6.158e-18
25.1 6.232e-18
25.2 6.306e-18
25.3 6.38e-18
25.4 6.436e-18
25.5 6.492e-18
25.6 6.548e-18
25.7 6.604e-18
25.8 6.66e-18
25.9 6.7e-18
26 6.74e-18
26.1 6.78e-18
26.2 6.82e-18
26.3 6.86e-18
26.4 6.9e-18
26.5 6.97e-18
26.6 7.04e-18
26.7 7.11e-18
26.8 7.18e-18
26.9 7.25e-18
27 7.32e-18
27.1 7.38666666666667e-18
27.2 7.45333333333333e-18
27.3 7.52e-18
27.4 7.58666666666667e-18
27.5 7.65333333333333e-18
27.6 7.72e-18
27.7 7.77833333333333e-18
27.8 7.83666666666667e-18
27.9 7.895e-18
28 7.95333333333333e-18
28.1 8.01166666666667e-18
28.2 8.07e-18
28.3 8.12e-18
28.4 8.17e-18
28.5 8.22e-18
28.6 8.27e-18
28.7 8.32e-18
28.8 8.37e-18
28.9 8.44142857142857e-18
29 8.51285714285714e-18
29.1 8.58428571428571e-18
29.2 8.65571428571429e-18
29.3 8.72714285714286e-18
29.4 8.79857142857143e-18
29.5 8.87e-18
29.6 8.93142857142857e-18
29.7 8.99285714285714e-18
29.8 9.05428571428572e-18
29.9 9.11571428571429e-18
30 9.17714285714286e-18
30.1 9.23857142857143e-18
30.2 9.3e-18
30.3 9.3575e-18
30.4 9.415e-18
30.5 9.4725e-18
30.6 9.53e-18
30.7 9.5875e-18
30.8 9.645e-18
30.9 9.7025e-18
31 9.76e-18
31.1 9.815e-18
31.2 9.87e-18
31.3 9.925e-18
31.4 9.98e-18
31.5 1.0035e-17
31.6 1.009e-17
31.7 1.0145e-17
31.8 1.02e-17
31.9 1.025e-17
32 1.03e-17
32.1 1.035e-17
32.2 1.04e-17
32.3 1.045e-17
32.4 1.05e-17
32.5 1.055e-17
32.6 1.06e-17
32.7 1.06744444444444e-17
32.8 1.07488888888889e-17
32.9 1.08233333333333e-17
33 1.08977777777778e-17
33.1 1.09722222222222e-17
33.2 1.10466666666667e-17
33.3 1.11211111111111e-17
33.4 1.11955555555556e-17
33.5 1.127e-17
33.6 1.13366666666667e-17
33.7 1.14033333333333e-17
33.8 1.147e-17
33.9 1.15366666666667e-17
34 1.16033333333333e-17
34.1 1.167e-17
34.2 1.17366666666667e-17
34.3 1.18033333333333e-17
34.4 1.187e-17
34.5 1.1924e-17
34.6 1.1978e-17
34.7 1.2032e-17
34.8 1.2086e-17
34.9 1.214e-17
35 1.2194e-17
35.1 1.2248e-17
35.2 1.2302e-17
35.3 1.2356e-17
35.4 1.241e-17
35.5 1.24690909090909e-17
35.6 1.25281818181818e-17
35.7 1.25872727272727e-17
35.8 1.26463636363636e-17
35.9 1.27054545454545e-17
36 1.27645454545455e-17
36.1 1.28236363636364e-17
36.2 1.28827272727273e-17
36.3 1.29418181818182e-17
36.4 1.30009090909091e-17
36.5 1.306e-17
36.6 1.31445454545455e-17
36.7 1.32290909090909e-17
36.8 1.33136363636364e-17
36.9 1.33981818181818e-17
37 1.34827272727273e-17
37.1 1.35672727272727e-17
37.2 1.36518181818182e-17
37.3 1.37363636363636e-17
37.4 1.38209090909091e-17
37.5 1.39054545454545e-17
37.6 1.399e-17
37.7 1.40463636363636e-17
37.8 1.41027272727273e-17
37.9 1.41590909090909e-17
38 1.42154545454545e-17
38.1 1.42718181818182e-17
38.2 1.43281818181818e-17
38.3 1.43845454545455e-17
38.4 1.44409090909091e-17
38.5 1.44972727272727e-17
38.6 1.45536363636364e-17
38.7 1.461e-17
38.8 1.468e-17
38.9 1.475e-17
39 1.482e-17
39.1 1.489e-17
39.2 1.496e-17
39.3 1.503e-17
39.4 1.51e-17
39.5 1.517e-17
39.6 1.524e-17
39.7 1.531e-17
39.8 1.538e-17
39.9 1.545e-17
40 1.552e-17
40.1 1.56130769230769e-17
40.2 1.57061538461538e-17
40.3 1.57992307692308e-17
40.4 1.58923076923077e-17
40.5 1.59853846153846e-17
40.6 1.60784615384615e-17
40.7 1.61715384615385e-17
40.8 1.62646153846154e-17
40.9 1.63576923076923e-17
41 1.64507692307692e-17
41.1 1.65438461538462e-17
41.2 1.66369230769231e-17
41.3 1.673e-17
41.4 1.68157142857143e-17
41.5 1.69014285714286e-17
41.6 1.69871428571429e-17
41.7 1.70728571428571e-17
41.8 1.71585714285714e-17
41.9 1.72442857142857e-17
42 1.733e-17
42.1 1.740875e-17
42.2 1.74875e-17
42.3 1.756625e-17
42.4 1.7645e-17
42.5 1.772375e-17
42.6 1.78025e-17
42.7 1.788125e-17
42.8 1.796e-17
42.9 1.805e-17
43 1.814e-17
43.1 1.823e-17
43.2 1.832e-17
43.3 1.841e-17
43.4 1.85e-17
43.5 1.859e-17
43.6 1.866125e-17
43.7 1.87325e-17
43.8 1.880375e-17
43.9 1.8875e-17
44 1.894625e-17
44.1 1.90175e-17
44.2 1.908875e-17
44.3 1.916e-17
44.4 1.926125e-17
44.5 1.93625e-17
44.6 1.946375e-17
44.7 1.9565e-17
44.8 1.966625e-17
44.9 1.97675e-17
45 1.986875e-17
45.1 1.997e-17
45.2 2.00625e-17
45.3 2.0155e-17
45.4 2.02475e-17
45.5 2.034e-17
45.6 2.04325e-17
45.7 2.0525e-17
45.8 2.06175e-17
45.9 2.071e-17
46 2.07877777777778e-17
46.1 2.08655555555556e-17
46.2 2.09433333333333e-17
46.3 2.10211111111111e-17
46.4 2.10988888888889e-17
46.5 2.11766666666667e-17
46.6 2.12544444444444e-17
46.7 2.13322222222222e-17
46.8 2.141e-17
46.9 2.14822222222222e-17
47 2.15544444444444e-17
47.1 2.16266666666667e-17
47.2 2.16988888888889e-17
47.3 2.17711111111111e-17
47.4 2.18433333333333e-17
47.5 2.19155555555556e-17
47.6 2.19877777777778e-17
47.7 2.206e-17
47.8 2.21622222222222e-17
47.9 2.22644444444444e-17
48 2.23666666666667e-17
48.1 2.24688888888889e-17
48.2 2.25711111111111e-17
48.3 2.26733333333333e-17
48.4 2.27755555555556e-17
48.5 2.28777777777778e-17
48.6 2.298e-17
48.7 2.3124e-17
48.8 2.3268e-17
48.9 2.3412e-17
49 2.3556e-17
49.1 2.37e-17
49.2 2.3844e-17
49.3 2.3988e-17
49.4 2.4132e-17
49.5 2.4276e-17
49.6 2.442e-17
49.7 2.4451e-17
49.8 2.4482e-17
49.9 2.4513e-17
50 2.4544e-17
50.1 2.4575e-17
50.2 2.4606e-17
50.3 2.4637e-17
50.4 2.4668e-17
50.5 2.4699e-17
50.6 2.473e-17
50.7 2.48272727272727e-17
50.8 2.49245454545455e-17
50.9 2.50218181818182e-17
51 2.51190909090909e-17
51.1 2.52163636363636e-17
51.2 2.53136363636364e-17
51.3 2.54109090909091e-17
51.4 2.55081818181818e-17
51.5 2.56054545454545e-17
51.6 2.57027272727273e-17
51.7 2.58e-17
51.8 2.59309090909091e-17
51.9 2.60618181818182e-17
52 2.61927272727273e-17
52.1 2.63236363636364e-17
52.2 2.64545454545455e-17
52.3 2.65854545454546e-17
52.4 2.67163636363636e-17
52.5 2.68472727272727e-17
52.6 2.69781818181818e-17
52.7 2.71090909090909e-17
52.8 2.724e-17
52.9 2.73554545454545e-17
53 2.74709090909091e-17
53.1 2.75863636363636e-17
53.2 2.77018181818182e-17
53.3 2.78172727272727e-17
53.4 2.79327272727273e-17
53.5 2.80481818181818e-17
53.6 2.81636363636364e-17
53.7 2.82790909090909e-17
53.8 2.83945454545455e-17
53.9 2.851e-17
54 2.86183333333333e-17
54.1 2.87266666666667e-17
54.2 2.8835e-17
54.3 2.89433333333333e-17
54.4 2.90516666666667e-17
54.5 2.916e-17
54.6 2.92683333333333e-17
54.7 2.93766666666667e-17
54.8 2.9485e-17
54.9 2.95933333333333e-17
55 2.97016666666667e-17
55.1 2.981e-17
55.2 2.98915384615385e-17
55.3 2.99730769230769e-17
55.4 3.00546153846154e-17
55.5 3.01361538461538e-17
55.6 3.02176923076923e-17
55.7 3.02992307692308e-17
55.8 3.03807692307692e-17
55.9 3.04623076923077e-17
56 3.05438461538462e-17
56.1 3.06253846153846e-17
56.2 3.07069230769231e-17
56.3 3.07884615384615e-17
56.4 3.087e-17
56.5 3.09907692307692e-17
56.6 3.11115384615385e-17
56.7 3.12323076923077e-17
56.8 3.13530769230769e-17
56.9 3.14738461538462e-17
57 3.15946153846154e-17
57.1 3.17153846153846e-17
57.2 3.18361538461539e-17
57.3 3.19569230769231e-17
57.4 3.20776923076923e-17
57.5 3.21984615384615e-17
57.6 3.23192307692308e-17
57.7 3.244e-17
57.8 3.24892307692308e-17
57.9 3.25384615384615e-17
58 3.25876923076923e-17
58.1 3.26369230769231e-17
58.2 3.26861538461538e-17
58.3 3.27353846153846e-17
58.4 3.27846153846154e-17
58.5 3.28338461538462e-17
58.6 3.28830769230769e-17
58.7 3.29323076923077e-17
58.8 3.29815384615385e-17
58.9 3.30307692307692e-17
59 3.308e-17
59.1 3.31486666666667e-17
59.2 3.32173333333333e-17
59.3 3.3286e-17
59.4 3.33546666666667e-17
59.5 3.34233333333333e-17
59.6 3.3492e-17
59.7 3.35606666666667e-17
59.8 3.36293333333333e-17
59.9 3.3698e-17
60 3.37666666666667e-17
60.1 3.38353333333333e-17
60.2 3.3904e-17
60.3 3.39726666666667e-17
60.4 3.40413333333333e-17
60.5 3.411e-17
60.6 3.42106666666667e-17
60.7 3.43113333333333e-17
60.8 3.4412e-17
60.9 3.45126666666667e-17
61 3.46133333333333e-17
61.1 3.4714e-17
61.2 3.48146666666667e-17
61.3 3.49153333333333e-17
61.4 3.5016e-17
61.5 3.51166666666667e-17
61.6 3.52173333333333e-17
61.7 3.5318e-17
61.8 3.54186666666667e-17
61.9 3.55193333333333e-17
62 3.562e-17
62.1 3.5758125e-17
62.2 3.589625e-17
62.3 3.6034375e-17
62.4 3.61725e-17
62.5 3.6310625e-17
62.6 3.644875e-17
62.7 3.6586875e-17
62.8 3.6725e-17
62.9 3.6863125e-17
63 3.700125e-17
63.1 3.7139375e-17
63.2 3.72775e-17
63.3 3.7415625e-17
63.4 3.755375e-17
63.5 3.7691875e-17
63.6 3.783e-17
63.7 3.78888235294118e-17
63.8 3.79476470588235e-17
63.9 3.80064705882353e-17
64 3.80652941176471e-17
64.1 3.81241176470588e-17
64.2 3.81829411764706e-17
64.3 3.82417647058824e-17
64.4 3.83005882352941e-17
64.5 3.83594117647059e-17
64.6 3.84182352941177e-17
64.7 3.84770588235294e-17
64.8 3.85358823529412e-17
64.9 3.8594705882353e-17
65 3.86535294117647e-17
65.1 3.87123529411765e-17
65.2 3.87711764705882e-17
65.3 3.883e-17
65.4 3.89776470588235e-17
65.5 3.91252941176471e-17
65.6 3.92729411764706e-17
65.7 3.94205882352941e-17
65.8 3.95682352941176e-17
65.9 3.97158823529412e-17
66 3.98635294117647e-17
66.1 4.00111764705882e-17
66.2 4.01588235294118e-17
66.3 4.03064705882353e-17
66.4 4.04541176470588e-17
66.5 4.06017647058824e-17
66.6 4.07494117647059e-17
66.7 4.08970588235294e-17
66.8 4.1044705882353e-17
66.9 4.11923529411765e-17
67 4.134e-17
67.1 4.13968421052632e-17
67.2 4.14536842105263e-17
67.3 4.15105263157895e-17
67.4 4.15673684210526e-17
67.5 4.16242105263158e-17
67.6 4.16810526315789e-17
67.7 4.17378947368421e-17
67.8 4.17947368421053e-17
67.9 4.18515789473684e-17
68 4.19084210526316e-17
68.1 4.19652631578947e-17
68.2 4.20221052631579e-17
68.3 4.2078947368421e-17
68.4 4.21357894736842e-17
68.5 4.21926315789474e-17
68.6 4.22494736842105e-17
68.7 4.23063157894737e-17
68.8 4.23631578947368e-17
68.9 4.242e-17
69 4.24821052631579e-17
69.1 4.25442105263158e-17
69.2 4.26063157894737e-17
69.3 4.26684210526316e-17
69.4 4.27305263157895e-17
69.5 4.27926315789474e-17
69.6 4.28547368421053e-17
69.7 4.29168421052632e-17
69.8 4.29789473684211e-17
69.9 4.30410526315789e-17
70 4.31031578947368e-17
70.1 4.31652631578947e-17
70.2 4.32273684210526e-17
70.3 4.32894736842105e-17
70.4 4.33515789473684e-17
70.5 4.34136842105263e-17
70.6 4.34757894736842e-17
70.7 4.35378947368421e-17
70.8 4.36e-17
70.9 4.36957142857143e-17
71 4.37914285714286e-17
71.1 4.38871428571429e-17
71.2 4.39828571428572e-17
71.3 4.40785714285714e-17
71.4 4.41742857142857e-17
71.5 4.427e-17
71.6 4.43657142857143e-17
71.7 4.44614285714286e-17
71.8 4.45571428571429e-17
71.9 4.46528571428572e-17
72 4.47485714285714e-17
72.1 4.48442857142857e-17
72.2 4.494e-17
72.3 4.50357142857143e-17
72.4 4.51314285714286e-17
72.5 4.52271428571429e-17
72.6 4.53228571428572e-17
72.7 4.54185714285714e-17
72.8 4.55142857142857e-17
72.9 4.561e-17
73 4.57913636363636e-17
73.1 4.59727272727273e-17
73.2 4.61540909090909e-17
73.3 4.63354545454545e-17
73.4 4.65168181818182e-17
73.5 4.66981818181818e-17
73.6 4.68795454545455e-17
73.7 4.70609090909091e-17
73.8 4.72422727272727e-17
73.9 4.74236363636364e-17
74 4.7605e-17
74.1 4.77863636363636e-17
74.2 4.79677272727273e-17
74.3 4.81490909090909e-17
74.4 4.83304545454546e-17
74.5 4.85118181818182e-17
74.6 4.86931818181818e-17
74.7 4.88745454545455e-17
74.8 4.90559090909091e-17
74.9 4.92372727272727e-17
75 4.94186363636364e-17
75.1 4.96e-17
75.2 4.97675e-17
75.3 4.9935e-17
75.4 5.01025e-17
75.5 5.027e-17
75.6 5.04375e-17
75.7 5.0605e-17
75.8 5.07725e-17
75.9 5.094e-17
76 5.11075e-17
76.1 5.1275e-17
76.2 5.14425e-17
76.3 5.161e-17
76.4 5.17775e-17
76.5 5.1945e-17
76.6 5.21125e-17
76.7 5.228e-17
76.8 5.24475e-17
76.9 5.2615e-17
77 5.27825e-17
77.1 5.295e-17
77.2 5.31175e-17
77.3 5.3285e-17
77.4 5.34525e-17
77.5 5.362e-17
77.6 5.37272e-17
77.7 5.38344e-17
77.8 5.39416e-17
77.9 5.40488e-17
78 5.4156e-17
78.1 5.42632e-17
78.2 5.43704e-17
78.3 5.44776e-17
78.4 5.45848e-17
78.5 5.4692e-17
78.6 5.47992e-17
78.7 5.49064e-17
78.8 5.50136e-17
78.9 5.51208e-17
79 5.5228e-17
79.1 5.53352e-17
79.2 5.54424e-17
79.3 5.55496e-17
79.4 5.56568e-17
79.5 5.5764e-17
79.6 5.58712e-17
79.7 5.59784e-17
79.8 5.60856e-17
79.9 5.61928e-17
80 5.63e-17
80.1 5.61377777777778e-17
80.2 5.59755555555555e-17
80.3 5.58133333333333e-17
80.4 5.56511111111111e-17
80.5 5.54888888888889e-17
80.6 5.53266666666667e-17
80.7 5.51644444444444e-17
80.8 5.50022222222222e-17
80.9 5.484e-17
81 5.46777777777778e-17
81.1 5.45155555555555e-17
81.2 5.43533333333333e-17
81.3 5.41911111111111e-17
81.4 5.40288888888889e-17
81.5 5.38666666666667e-17
81.6 5.37044444444444e-17
81.7 5.35422222222222e-17
81.8 5.338e-17
81.9 5.32177777777778e-17
82 5.30555555555555e-17
82.1 5.28933333333333e-17
82.2 5.27311111111111e-17
82.3 5.25688888888889e-17
82.4 5.24066666666667e-17
82.5 5.22444444444444e-17
82.6 5.20822222222222e-17
82.7 5.192e-17
82.8 5.15846428571429e-17
82.9 5.12492857142857e-17
83 5.09139285714286e-17
83.1 5.05785714285714e-17
83.2 5.02432142857143e-17
83.3 4.99078571428571e-17
83.4 4.95725e-17
83.5 4.92371428571429e-17
83.6 4.89017857142857e-17
83.7 4.85664285714286e-17
83.8 4.82310714285714e-17
83.9 4.78957142857143e-17
84 4.75603571428571e-17
84.1 4.7225e-17
84.2 4.68896428571428e-17
84.3 4.65542857142857e-17
84.4 4.62189285714285e-17
84.5 4.58835714285714e-17
84.6 4.55482142857143e-17
84.7 4.52128571428571e-17
84.8 4.48775e-17
84.9 4.45421428571428e-17
85 4.42067857142857e-17
85.1 4.38714285714285e-17
85.2 4.35360714285714e-17
85.3 4.32007142857142e-17
85.4 4.28653571428571e-17
85.5 4.253e-17
85.6 4.24409677419355e-17
85.7 4.2351935483871e-17
85.8 4.22629032258065e-17
85.9 4.21738709677419e-17
86 4.20848387096774e-17
86.1 4.19958064516129e-17
86.2 4.19067741935484e-17
86.3 4.18177419354839e-17
86.4 4.17287096774194e-17
86.5 4.16396774193549e-17
86.6 4.15506451612903e-17
86.7 4.14616129032258e-17
86.8 4.13725806451613e-17
86.9 4.12835483870968e-17
87 4.11945161290323e-17
87.1 4.11054838709677e-17
87.2 4.10164516129032e-17
87.3 4.09274193548387e-17
87.4 4.08383870967742e-17
87.5 4.07493548387097e-17
87.6 4.06603225806452e-17
87.7 4.05712903225806e-17
87.8 4.04822580645161e-17
87.9 4.03932258064516e-17
88 4.03041935483871e-17
88.1 4.02151612903226e-17
88.2 4.01261290322581e-17
88.3 4.00370967741935e-17
88.4 3.9948064516129e-17
88.5 3.98590322580645e-17
88.6 3.977e-17
88.7 3.9879375e-17
88.8 3.998875e-17
88.9 4.0098125e-17
89 4.02075e-17
89.1 4.0316875e-17
89.2 4.042625e-17
89.3 4.0535625e-17
89.4 4.0645e-17
89.5 4.0754375e-17
89.6 4.086375e-17
89.7 4.0973125e-17
89.8 4.10825e-17
89.9 4.1191875e-17
90 4.130125e-17
90.1 4.1410625e-17
90.2 4.152e-17
90.3 4.1629375e-17
90.4 4.173875e-17
90.5 4.1848125e-17
90.6 4.19575e-17
90.7 4.2066875e-17
90.8 4.217625e-17
90.9 4.2285625e-17
91 4.2395e-17
91.1 4.2504375e-17
91.2 4.261375e-17
91.3 4.2723125e-17
91.4 4.28325e-17
91.5 4.2941875e-17
91.6 4.305125e-17
91.7 4.3160625e-17
91.8 4.327e-17
91.9 4.31919444444444e-17
92 4.31138888888889e-17
92.1 4.30358333333333e-17
92.2 4.29577777777778e-17
92.3 4.28797222222222e-17
92.4 4.28016666666667e-17
92.5 4.27236111111111e-17
92.6 4.26455555555556e-17
92.7 4.25675e-17
92.8 4.24894444444444e-17
92.9 4.24113888888889e-17
93 4.23333333333333e-17
93.1 4.22552777777778e-17
93.2 4.21772222222222e-17
93.3 4.20991666666667e-17
93.4 4.20211111111111e-17
93.5 4.19430555555555e-17
93.6 4.1865e-17
93.7 4.17869444444444e-17
93.8 4.17088888888889e-17
93.9 4.16308333333333e-17
94 4.15527777777778e-17
94.1 4.14747222222222e-17
94.2 4.13966666666667e-17
94.3 4.13186111111111e-17
94.4 4.12405555555555e-17
94.5 4.11625e-17
94.6 4.10844444444444e-17
94.7 4.10063888888889e-17
94.8 4.09283333333333e-17
94.9 4.08502777777778e-17
95 4.07722222222222e-17
95.1 4.06941666666667e-17
95.2 4.06161111111111e-17
95.3 4.05380555555556e-17
95.4 4.046e-17
95.5 4.03081578947368e-17
95.6 4.01563157894737e-17
95.7 4.00044736842105e-17
95.8 3.98526315789474e-17
95.9 3.97007894736842e-17
96 3.95489473684211e-17
96.1 3.93971052631579e-17
96.2 3.92452631578948e-17
96.3 3.90934210526316e-17
96.4 3.89415789473684e-17
96.5 3.87897368421053e-17
96.6 3.86378947368421e-17
96.7 3.8486052631579e-17
96.8 3.83342105263158e-17
96.9 3.81823684210526e-17
97 3.80305263157895e-17
97.1 3.78786842105263e-17
97.2 3.77268421052632e-17
97.3 3.7575e-17
97.4 3.74231578947369e-17
97.5 3.72713157894737e-17
97.6 3.71194736842105e-17
97.7 3.69676315789474e-17
97.8 3.68157894736842e-17
97.9 3.66639473684211e-17
98 3.65121052631579e-17
98.1 3.63602631578947e-17
98.2 3.62084210526316e-17
98.3 3.60565789473684e-17
98.4 3.59047368421053e-17
98.5 3.57528947368421e-17
98.6 3.56010526315789e-17
98.7 3.54492105263158e-17
98.8 3.52973684210526e-17
98.9 3.51455263157895e-17
99 3.49936842105263e-17
99.1 3.48418421052631e-17
99.2 3.469e-17
99.3 3.46176315789474e-17
99.4 3.45452631578947e-17
99.5 3.44728947368421e-17
99.6 3.44005263157895e-17
99.7 3.43281578947368e-17
99.8 3.42557894736842e-17
99.9 3.41834210526316e-17
100 3.4111052631579e-17
100.1 3.40386842105263e-17
100.2 3.39663157894737e-17
100.3 3.38939473684211e-17
100.4 3.38215789473684e-17
100.5 3.37492105263158e-17
100.6 3.36768421052632e-17
100.7 3.36044736842105e-17
100.8 3.35321052631579e-17
100.9 3.34597368421053e-17
101 3.33873684210526e-17
101.1 3.3315e-17
101.2 3.32426315789474e-17
101.3 3.31702631578947e-17
101.4 3.30978947368421e-17
101.5 3.30255263157895e-17
101.6 3.29531578947368e-17
101.7 3.28807894736842e-17
101.8 3.28084210526316e-17
101.9 3.2736052631579e-17
102 3.26636842105263e-17
102.1 3.25913157894737e-17
102.2 3.25189473684211e-17
102.3 3.24465789473684e-17
102.4 3.23742105263158e-17
102.5 3.23018421052632e-17
102.6 3.22294736842105e-17
102.7 3.21571052631579e-17
102.8 3.20847368421053e-17
102.9 3.20123684210526e-17
103 3.194e-17
103.1 3.17940016572754e-17
103.2 3.16480033145509e-17
103.3 3.15020049718263e-17
103.4 3.13560066291018e-17
103.5 3.12100082863772e-17
103.6 3.10640099436526e-17
103.7 3.09180116009281e-17
103.8 3.07720132582035e-17
103.9 3.06260149154789e-17
104 3.04800165727544e-17
104.1 3.03340182300298e-17
104.2 3.01880198873053e-17
104.3 3.00420215445807e-17
104.4 2.98960232018561e-17
104.5 2.97500248591316e-17
104.6 2.9604026516407e-17
104.7 2.94580281736825e-17
104.8 2.93120298309579e-17
104.9 2.91660314882333e-17
105 2.90200331455088e-17
105.1 2.88740348027842e-17
105.2 2.87280364600596e-17
105.3 2.85820381173351e-17
105.4 2.84360397746105e-17
105.5 2.8290041431886e-17
105.6 2.81440430891614e-17
105.7 2.79980447464368e-17
105.8 2.78520464037123e-17
105.9 2.77060480609877e-17
106 2.75544702683179e-17
106.1 2.77635190026123e-17
106.2 2.8433509736846e-17
106.3 2.69457516533658e-17
106.4 2.67519477869172e-17
106.5 2.9392401837535e-17
106.6 2.88228357602744e-17
106.7 2.8646010709969e-17
106.8 2.6783484129865e-17
106.9 2.54730683048045e-17
107 2.72892553711611e-17
107.1 2.77756309253177e-17
107.2 2.69066395672543e-17
107.3 2.77082488624476e-17
107.4 2.99024194247509e-17
107.5 2.93489641970123e-17
107.6 2.64125835477569e-17
107.7 2.56675546398899e-17
107.8 2.51838750713014e-17
107.9 2.82478122431077e-17
108 2.81087430396162e-17
108.1 2.60159428089888e-17
108.2 2.76191312142343e-17
108.3 3.15967097037036e-17
108.4 2.50382403686635e-17
108.5 2.6601610779725e-17
108.6 3.66266876398977e-17
108.7 2.95893548377805e-17
108.8 3.01368014230759e-17
108.9 2.81509645601829e-17
109 2.14227893400039e-17
109.1 2.65140993196968e-17
109.2 2.99033496883797e-17
109.3 2.48375286224354e-17
109.4 2.46211876366123e-17
109.5 2.87499109981295e-17
109.6 4.02707241698892e-17
109.7 2.77078128339464e-17
109.8 2.62491882813852e-17
109.9 1.65078598308078e-17
110 2.87e-18
110.1 6.60199999999936e-18
110.2 3.09679999999941e-17
110.3 1.22199999999996e-17
110.4 1.22479999999996e-17
110.5 1.03879999999985e-17
110.6 1.86139999999981e-17
110.7 6.57039999999978e-18
110.8 4.9280000000003e-17
110.9 2.17740000000012e-17
111 9.56600000000054e-18
111.1 1.95200000000031e-17
111.2 1.43220000000013e-17
111.3 1.65600000000013e-17
111.4 2.25939999999991e-17
111.5 1.3250000000002e-17
111.6 1.3051999999999e-17
111.7 6.70400000000092e-18
111.8 5.96400000000001e-17
111.9 2.01800000000008e-17
112 9.25199999999965e-18
112.1 1.29760000000015e-17
112.2 9.12999999999955e-18
112.3 9.52600000000163e-18
112.4 3.01119999999968e-17
112.5 1.42760000000002e-17
112.6 1.14959999999999e-17
112.7 5.00000000000009e-18
112.8 6.08839999999916e-18
112.9 2.37000000000004e-17
113 2.7420000000001e-17
113.1 1.45100000000006e-16
113.2 2.84400000000041e-17
113.3 1.07299999999987e-17
113.4 9.71799999999943e-18
113.5 1.48079999999981e-17
113.6 1.66220000000002e-17
113.7 1.17240000000002e-17
113.8 7.44399999999973e-18
113.9 1.26399999999985e-17
114 8.17799999999975e-18
114.1 8.24680000000035e-17
114.2 7.61520000000193e-18
114.3 6.64600000000197e-18
114.4 7.98799999999908e-18
114.5 1.01255999999986e-17
114.6 1.97259999999981e-17
114.7 9.33000000000012e-18
114.8 7.23399999999963e-18
114.9 5.40600000000039e-17
115 6.62200000000018e-18
115.1 8.68199999999936e-18
115.2 5.00839999999901e-18
115.3 2.10040000000003e-17
115.4 1.22839999999995e-16
115.5 1.50620000000003e-16
115.6 2.04720000000005e-17
115.7 2.90800000000036e-18
115.8 1.97919999999985e-18
115.9 4.94579999999937e-18
116 7.210000000001e-18
116.1 5.45360000000049e-18
116.2 6.43799999999978e-18
116.3 7.17400000000181e-18
116.4 2.6119999999997e-18
116.5 1.86416000000006e-18
116.6 9.97139999999871e-18
116.7 6.7899999999999e-18
116.8 4.43780000000042e-18
116.9 6.00599999999981e-18
117 1.85719999999973e-17
117.1 7.75199999999963e-17
117.2 8.56800000000159e-18
117.3 1.22086000000012e-16
117.4 6.7960000000001e-17
117.5 7.80000000000137e-18
117.6 6.09659999999919e-18
117.7 8.20600000000041e-17
117.8 1.15659999999997e-16
117.9 6.5980000000003e-17
118 7.58200000000081e-18
118.1 3.98119999999954e-18
118.2 3.28740000000051e-18
118.3 5.41600000000156e-18
118.4 4.76399999999967e-18
118.5 5.52399999999996e-18
118.6 4.28799999999961e-18
118.7 4.87599999999954e-18
118.8 3.39979999999984e-18
118.9 4.44619999999979e-18
119 2.37619999999996e-17
119.1 3.30199999999995e-17
119.2 7.83000000000005e-18
119.3 6.986000000001e-18
119.4 2.62399999999981e-17
119.5 1.24800000000004e-17
119.6 5.24800000000133e-18
119.7 1.49480000000033e-18
119.8 5.27999999999981e-18
119.9 3.49097999999951e-18
120 9.67459999999834e-18
120.1 1.10119999999989e-17
120.2 6.44200000000079e-17
120.3 3.62400000000006e-16
120.4 1.55060000000007e-16
120.5 2.514e-17
120.6 1.76200000000001e-17
120.7 6.12400000000025e-18
120.8 4.45133999999937e-18
120.9 3.66019999999982e-18
121 3.87431999999966e-18
121.1 2.47099999999966e-18
121.2 5.35319999999983e-18
121.3 6.01599999999968e-18
121.4 5.40000000000036e-18
121.5 2.79079999999983e-17
121.6 5.48800000000001e-17
121.7 2.34559999999991e-17
121.8 1.54999999999999e-17
121.9 6.61000000000047e-18
122 3.93399999999936e-17
122.1 8.91599999999958e-17
122.2 5.43240000000108e-18
122.3 2.28659999999985e-18
122.4 7.11399999999937e-18
122.5 2.41480000000003e-18
122.6 2.29720000000047e-18
122.7 5.44599999999998e-18
122.8 3.59180000000002e-18
122.9 5.47599999999939e-18
123 5.06099999999955e-18
123.1 4.82639999999938e-18
123.2 4.56259999999977e-18
123.3 2.35399999999982e-18
123.4 2.78715999999994e-18
123.5 3.10959999999974e-18
123.6 2.67840000000027e-18
123.7 3.25399999999972e-18
123.8 2.44799999999995e-18
123.9 4.35799999999965e-18
124 6.74399999999935e-18
124.1 9.07399999999939e-18
124.2 4.90400000000009e-17
124.3 1.26860000000002e-16
124.4 1.17840000000005e-16
124.5 3.37600000000025e-17
124.6 1.956e-17
124.7 1.34360000000014e-17
124.8 2.75040000000028e-16
124.9 1.00200000000003e-16
125 8.09400000000026e-18
125.1 4.1059999999997e-18
125.2 4.28400000000002e-18
125.3 6.38400000000002e-18
125.4 1.17080000000003e-17
125.5 2.07399999999994e-17
125.6 1.22819999999997e-17
125.7 3.3160000000002e-18
125.8 4.97399999999954e-18
125.9 4.23819999999942e-18
126 3.76000000000044e-18
126.1 3.30059999999991e-18
126.2 4.22580000000022e-18
126.3 4.84300000000066e-18
126.4 8.7960000000003e-18
126.5 2.66128000000036e-18
126.6 3.75600000000018e-18
126.7 3.83400000000043e-18
126.8 4.13799999999978e-18
126.9 2.3427019999997e-18
127 2.59320000000011e-18
127.1 4.11999999999988e-18
127.2 8.25199999999995e-18
127.3 7.26000000000045e-18
127.4 9.73200000000004e-18
127.5 1.14619999999991e-17
127.6 1.55999999999998e-17
127.7 3.33000000000011e-17
127.8 6.36600000000009e-17
127.9 3.73000000000006e-17
128 3.81600000000002e-17
128.1 6.22000000000012e-17
128.2 9.89000000000002e-17
128.3 6.55599999999991e-17
128.4 2.73999999999978e-17
128.5 1.90199999999999e-17
128.6 1.38299999999989e-17
128.7 8.22799999999722e-18
128.8 3.37200000000002e-17
128.9 1.92599999999989e-17
129 1.53199999999995e-17
129.1 1.34700000000017e-17
129.2 2.35000000000012e-17
129.3 1.20760000000007e-17
129.4 1.76000000000018e-17
129.5 1.84399999999989e-17
129.6 9.06600000000035e-18
129.7 3.07399999999991e-17
129.8 3.52199999999979e-17
129.9 2.95199999999973e-17
130 2.34399999999985e-17
130.1 2.38600000000001e-17
130.2 2.888e-17
130.3 3.18000000000001e-17
130.4 4.26800000000009e-17
130.5 6.47400000000022e-17
130.6 1.3496e-16
130.7 3.08399999999994e-16
130.8 2.19800000000003e-16
130.9 9.66999999999992e-17
131 1.30200000000004e-16
131.1 2.09799999999996e-16
131.2 1.11100000000005e-16
131.3 4.12800000000008e-17
131.4 5.46199999999992e-17
131.5 2.64199999999988e-17
131.6 1.35000000000007e-17
131.7 5.44800000000041e-18
131.8 4.40199999999972e-17
131.9 4.70599999999957e-17
132 2.61600000000002e-17
132.1 1.91399999999993e-17
132.2 1.8519999999999e-17
132.3 3.5259999999999e-17
132.4 3.0759999999998e-17
132.5 2.27600000000004e-17
132.6 1.20740000000005e-17
132.7 6.73600000000052e-18
132.8 1.71000000000003e-17
132.9 4.55399999999997e-17
133 2.49399999999986e-17
133.1 1.90600000000008e-17
133.2 2.13200000000009e-17
133.3 3.008e-17
133.4 2.70199999999995e-17
133.5 3.48200000000018e-17
133.6 7.7300000000002e-17
133.7 3.28399999999951e-16
133.8 5.94999999999996e-16
133.9 1.31859999999975e-16
134 6.32799999999999e-17
134.1 3.79800000000015e-17
134.2 1.25259999999995e-16
134.3 1.2108e-16
134.4 3.92199999999944e-17
134.5 1.21560000000001e-17
134.6 1.97659999999964e-18
134.7 3.61400000000057e-18
134.8 3.55527999999954e-18
134.9 1.6049400000004e-18
135 1.77580000000002e-17
135.1 2.84600000000002e-17
135.2 4.05644000000115e-18
135.3 2.31340000000055e-18
135.4 2.65599999999938e-18
135.5 2.89600000000086e-18
135.6 3.57080000000129e-18
135.7 4.30799999999935e-18
135.8 5.88800000000043e-18
135.9 3.2740000000005e-18
136 3.64300000000027e-18
136.1 2.67059999999955e-18
136.2 1.46583999999979e-17
136.3 7.96700000000067e-18
136.4 2.515600000001e-18
136.5 3.59400000000035e-18
136.6 2.0151999999992e-18
136.7 3.87799999999934e-18
136.8 3.41199999999963e-18
136.9 5.9760000000001e-18
137 5.15400000000093e-18
137.1 3.43040000000029e-18
137.2 4.80400000000071e-18
137.3 3.54200000000062e-18
137.4 2.19489999999893e-18
137.5 2.96220000000032e-18
137.6 1.9320000000003e-18
137.7 2.08480000000013e-18
137.8 1.50620000000022e-18
137.9 1.01279999999968e-18
138 1.4994000000001e-18
138.1 1.4958000000006e-18
138.2 3.65279999999922e-18
138.3 2.74139999999957e-18
138.4 2.2840000000001e-18
138.5 1.66799999999976e-18
138.6 2.5408000000003e-18
138.7 5.1400000000013e-18
138.8 4.27199999999984e-18
138.9 5.38800000000032e-18
139 5.50399999999969e-18
139.1 4.27800000000046e-18
139.2 4.35199999999996e-18
139.3 5.35800000000033e-18
139.4 3.72399999999989e-18
139.5 3.47399999999987e-18
139.6 4.05199999999975e-18
139.7 6.28599999999953e-18
139.8 8.31400000000081e-18
139.9 7.20200000000054e-18
140 5.96200000000072e-18
140.1 6.23999999999883e-18
140.2 7.43600000000091e-18
140.3 9.65399999999959e-18
140.4 7.47999999999998e-18
140.5 9.47999999999952e-18
140.6 8.95599999999925e-18
140.7 5.69999999999999e-18
140.8 4.93200000000013e-18
140.9 4.3080000000004e-18
141 6.21800000000107e-18
141.1 6.70399999999891e-18
141.2 4.11799999999919e-18
141.3 5.03199999999991e-18
141.4 2.29159999999965e-18
141.5 3.95000000000087e-18
141.6 4.36599999999931e-18
141.7 3.57399999999981e-18
141.8 5.32199999999976e-18
141.9 6.97199999999975e-18
142 5.23560000000144e-18
142.1 4.54599999999994e-18
142.2 1.67039999999931e-18
142.3 2.28759999999936e-18
142.4 1.90740000000004e-18
142.5 2.3219999999998e-18
142.6 2.58199999999985e-18
142.7 4.58260000000019e-18
142.8 3.68600000000089e-18
142.9 2.74999999999987e-18
143 2.18519999999977e-18
143.1 1.73540000000027e-18
143.2 2.43599999999997e-18
143.3 2.85199999999997e-18
143.4 4.01200000000001e-18
143.5 3.95400000000033e-18
143.6 9.10999999999961e-18
143.7 1.40599999999989e-17
143.8 2.01999999999994e-17
143.9 2.35399999999999e-17
144 2.04200000000009e-17
144.1 1.44800000000001e-17
144.2 1.15400000000008e-17
144.3 6.55399999999931e-18
144.4 3.14599999999929e-18
144.5 2.09120000000101e-18
144.6 3.74599999999994e-18
144.7 5.11399999999969e-18
144.8 5.97199999999991e-18
144.9 4.75400000000022e-18
145 3.67000000000092e-18
145.1 4.17740000000057e-18
145.2 4.19979999999998e-18
145.3 3.38200000000026e-18
145.4 3.75800000000021e-18
145.5 4.77400000000012e-18
145.6 1.91180000000026e-18
145.7 3.58199999999949e-18
145.8 2.25460000000042e-18
145.9 1.42080000000029e-18
146 2.84599999999961e-18
146.1 3.33600000000071e-18
146.2 3.18560000000037e-18
146.3 3.3299999999999e-18
146.4 2.00380000000082e-18
146.5 9.42379999999518e-19
146.6 2.41199999999969e-18
146.7 1.03819999999983e-18
146.8 1.52340000000007e-18
146.9 2.01140000000033e-18
147 2.35040000000084e-18
147.1 6.45799999999927e-18
147.2 1.12999999999999e-17
147.3 1.61799999999992e-17
147.4 2.39800000000004e-17
147.5 3.36400000000008e-17
147.6 4.45199999999997e-17
147.7 5.40599999999998e-17
147.8 5.922e-17
147.9 5.79999999999997e-17
148 5.18800000000001e-17
148.1 4.28999999999996e-17
148.2 3.65999999999993e-17
148.3 3.51600000000005e-17
148.4 2.50399999999999e-17
148.5 1.75599999999992e-17
148.6 1.09160000000008e-17
148.7 7.06199999999972e-18
148.8 4.02400000000007e-18
148.9 8.81999999999932e-19
149 5.98640000000087e-19
149.1 1.38920000000014e-18
149.2 1.64779999999969e-18
149.3 2.04359999999971e-18
149.4 1.28510000000032e-18
149.5 2.21819999999955e-18
149.6 1.49769999999999e-18
149.7 1.72339999999993e-18
149.8 1.13800000000011e-18
149.9 2.53640000000093e-18
150 1.67684400000038e-18
150.1 1.45240000000005e-18
150.2 2.4226000000005e-18
150.3 1.58160000000015e-18
150.4 1.43520000000002e-18
150.5 2.57080000000011e-18
150.6 1.70820000000033e-18
150.7 2.15539999999968e-18
150.8 4.42999999999974e-18
150.9 4.60599999999988e-18
151 7.46400000000008e-18
151.1 1.18759999999994e-17
151.2 1.73799999999994e-17
151.3 2.44400000000002e-17
151.4 3.0120000000001e-17
151.5 4.02800000000002e-17
151.6 5.91400000000005e-17
151.7 1.05739999999996e-16
151.8 2.25400000000002e-16
151.9 4.60600000000024e-16
152 4.10999999999987e-16
152.1 1.82000000000002e-16
152.2 7.82400000000033e-17
152.3 4.02999999999999e-17
152.4 2.22799999999992e-17
152.5 1.13379999999994e-17
152.6 7.33600000000065e-18
152.7 3.08419999999981e-18
152.8 1.86600000000023e-18
152.9 7.07500000000092e-19
153 1.71880000000048e-18
153.1 6.80999999999939e-19
153.2 1.57039999999969e-18
153.3 9.91040000000158e-19
153.4 9.33980000000255e-19
153.5 1.15781999999976e-18
153.6 2.28640000000019e-18
153.7 1.22339999999974e-18
153.8 6.23984000000083e-19
153.9 1.34800000000025e-18
154 9.71962222222155e-19
154.1 8.79711764705896e-19
154.2 7.941e-19
154.3 7.33529411764706e-19
154.4 6.97452941176471e-19
154.5 6.63452941176471e-19
154.6 6.154875e-19
154.7 5.78476470588235e-19
154.8 5.47711764705882e-19
154.9 5.63047058823523e-19
155 5.65794117647059e-19
155.1 5.34805882352941e-19
155.2 5.09735294117647e-19
155.3 5.151e-19
155.4 5.26864705882353e-19
155.5 5.30875e-19
155.6 5.23141176470588e-19
155.7 5.30723529411765e-19
155.8 5.26135294117647e-19
155.9 5.21035294117647e-19
156 4.99752941176471e-19
156.1 4.70525e-19
156.2 4.51764705882353e-19
156.3 4.60064705882353e-19
156.4 4.63970588235294e-19
156.5 4.50535294117647e-19
156.6 4.31535294117647e-19
156.7 4.26935294117647e-19
156.8 4.39747058823529e-19
156.9 4.65811764705882e-19
157 5.0125625e-19
157.1 5.43152941176468e-19
157.2 5.67935294117647e-19
157.3 5.78464705882353e-19
157.4 5.69623529411765e-19
157.5 5.56594117647059e-19
157.6 5.7441875e-19
157.7 5.99882352941176e-19
157.8 5.80917647058824e-19
157.9 5.34194117647055e-19
158 5.08170588235294e-19
158.1 4.71294117647059e-19
158.2 4.66952941176471e-19
158.3 4.96511764705882e-19
158.4 5.24535294117647e-19
158.5 5.338375e-19
158.6 5.49335294117645e-19
158.7 5.75788235294118e-19
158.8 6.26688235294118e-19
158.9 6.66223529411765e-19
159 7.07652941176471e-19
159.1 7.0518125e-19
159.2 6.973e-19
159.3 6.88941176470588e-19
159.4 6.75905882352943e-19
159.5 6.47188235294118e-19
159.6 6.01152941176471e-19
159.7 5.77117647058824e-19
159.8 5.523e-19
159.9 5.46141176470588e-19
160 5.5210625e-19
160.1 5.5819411764706e-19
160.2 5.54305882352941e-19
160.3 5.41347058823529e-19
160.4 5.83511764705882e-19
160.5 6.34870588235294e-19
160.6 6.75447058823529e-19
160.7 7.68470588235294e-19
160.8 8.564e-19
160.9 8.71682352941172e-19
161 8.41476470588235e-19
161.1 8.33635294117647e-19
161.2 7.54470588235294e-19
161.3 6.89370588235294e-19
161.4 6.95829411764706e-19
161.5 7.0986875e-19
161.6 6.92052941176474e-19
161.7 6.67447058823529e-19
161.8 6.57535294117647e-19
161.9 6.73117647058823e-19
162 6.72182352941176e-19
162.1 6.68452941176471e-19
162.2 7.11376470588235e-19
162.3 7.99235294117647e-19
162.4 8.43405882352943e-19
162.5 8.46576470588235e-19
162.6 8.71952941176471e-19
162.7 9.16588235294118e-19
162.8 9.72941176470588e-19
162.9 1.05629411764706e-18
163 9.98375e-19
163.1 9.8902352941176e-19
163.2 1.05564705882353e-18
163.3 9.68e-19
163.4 8.36411764705882e-19
163.5 7.09864705882353e-19
163.6 6.46017647058824e-19
163.7 6.51905882352941e-19
163.8 6.69552941176471e-19
163.9 6.96682352941177e-19
164 7.42029411764706e-19
164.1 8.08664705882353e-19
164.2 8.43635294117647e-19
164.3 9.14982352941177e-19
164.4 9.83994117647059e-19
164.5 9.743125e-19
164.6 1.04736470588234e-18
164.7 1.13458823529412e-18
164.8 1.13164705882353e-18
164.9 1.13282352941176e-18
165 1.17858823529412e-18
165.1 1.20211764705882e-18
165.2 1.13905882352941e-18
165.3 9.42511764705882e-19
165.4 7.88370588235288e-19
165.5 7.68011764705882e-19
165.6 7.76570588235294e-19
165.7 7.67094117647059e-19
165.8 7.57623529411765e-19
165.9 7.46576470588235e-19
166 7.2285e-19
166.1 8.08552941176463e-19
166.2 9.354e-19
166.3 1.02418823529412e-18
166.4 1.00772941176471e-18
166.5 1.18211764705882e-18
166.6 1.50964705882353e-18
166.7 1.68558823529412e-18
166.8 1.60394117647059e-18
166.9 1.41223529411763e-18
167 1.26894117647059e-18
167.1 1.17070588235294e-18
167.2 1.09223529411765e-18
167.3 1.03715294117647e-18
167.4 9.55594117647059e-19
167.5 8.7409375e-19
167.6 8.079e-19
167.7 8.41570588235294e-19
167.8 8.82552941176471e-19
167.9 8.53241176470588e-19
168 8.436e-19
168.1 8.82329411764706e-19
168.2 9.07552941176471e-19
168.3 9.49070588235294e-19
168.4 1.05482352941177e-18
168.5 1.21841176470588e-18
168.6 1.55158823529412e-18
168.7 1.83247058823529e-18
168.8 1.77335294117647e-18
168.9 1.46976470588235e-18
169 1.448625e-18
169.1 1.42470588235295e-18
169.2 1.16452941176471e-18
169.3 9.73905882352941e-19
169.4 8.37352941176471e-19
169.5 7.57994117647059e-19
169.6 7.48764705882353e-19
169.7 7.93982352941177e-19
169.8 8.41852941176471e-19
169.9 8.24594117647055e-19
170 7.57711764705882e-19
170.1 7.72158823529412e-19
170.2 8.52958823529412e-19
170.3 1.04698823529412e-18
170.4 1.27517647058824e-18
170.5 1.495125e-18
170.6 1.62882352941177e-18
170.7 1.55705882352941e-18
170.8 1.58635294117647e-18
170.9 1.68835294117647e-18
171 1.61352941176471e-18
171.1 1.39529411764706e-18
171.2 1.16082352941176e-18
171.3 1.10447058823529e-18
171.4 1.14011764705883e-18
171.5 1.25047058823529e-18
171.6 1.34847058823529e-18
171.7 1.20011764705882e-18
171.8 9.67676470588235e-19
171.9 7.92341176470588e-19
172 6.64575e-19
172.1 6.58258823529404e-19
172.2 7.39705882352941e-19
172.3 8.49741176470588e-19
172.4 9.898e-19
172.5 1.13794117647059e-18
172.6 1.22405882352941e-18
172.7 1.37858823529412e-18
172.8 1.61852941176471e-18
172.9 1.80017647058824e-18
173 1.67805882352941e-18
173.1 1.51917647058824e-18
173.2 1.28976470588235e-18
173.3 1.22035294117647e-18
173.4 1.29270588235294e-18
173.5 1.3354375e-18
173.6 1.29182352941177e-18
173.7 1.08944705882353e-18
173.8 7.669e-19
173.9 7.31911764705882e-19
174 6.38964705882353e-19
174.1 5.93476470588235e-19
174.2 6.36058823529412e-19
174.3 7.89552941176471e-19
174.4 9.26317647058823e-19
174.5 8.97270588235294e-19
174.6 8.55752941176471e-19
174.7 9.34029411764706e-19
174.8 1.12742352941176e-18
174.9 1.16752941176471e-18
175 1.0989375e-18
175.1 1.14476470588235e-18
175.2 1.17435294117647e-18
175.3 1.32017647058824e-18
175.4 1.35547058823529e-18
175.5 1.48282352941176e-18
175.6 1.70023529411765e-18
175.7 1.41611764705882e-18
175.8 1.289e-18
175.9 1.09164705882351e-18
176 9.46823529411765e-19
176.1 8.96723529411765e-19
176.2 7.83023529411765e-19
176.3 7.456e-19
176.4 6.01452941176471e-19
176.5 6.246875e-19
176.6 5.68117647058824e-19
176.7 6.13847058823529e-19
176.8 6.23623529411765e-19
176.9 6.42370588235294e-19
177 7.63241176470588e-19
177.1 1.04814117647059e-18
177.2 1.13188235294118e-18
177.3 1.07794117647059e-18
177.4 1.14564705882353e-18
177.5 1.32223529411765e-18
177.6 1.53e-18
177.7 1.49229411764706e-18
177.8 1.28241176470588e-18
177.9 1.22764705882353e-18
178 9.727625e-19
178.1 7.82835294117664e-19
178.2 6.30158823529412e-19
178.3 6.93982352941176e-19
178.4 6.02011764705882e-19
178.5 5.67141176470588e-19
178.6 5.30382352941176e-19
178.7 5.58035294117647e-19
178.8 5.79305882352941e-19
178.9 6.73600000000002e-19
179 6.149e-19
179.1 6.12035294117647e-19
179.2 6.13235294117647e-19
179.3 4.78311764705882e-19
179.4 4.90417647058824e-19
179.5 5.154625e-19
179.6 5.9453529411764e-19
179.7 6.63311764705882e-19
179.8 7.13870588235294e-19
179.9 8.64411764705882e-19
180 1.09005882352941e-18
180.1 1.11276470588235e-18
180.2 1.09964705882353e-18
180.3 1.09488235294118e-18
180.4 1.0601705882353e-18
180.5 7.88105882352941e-19
180.6 5.97405882352941e-19
180.7 5.14735294117647e-19
180.8 4.14511764705882e-19
180.9 3.47647058823529e-19
181 3.0130625e-19
181.1 2.64923529411764e-19
181.2 4.13270588235294e-19
181.3 3.57147058823529e-19
181.4 3.50494117647059e-19
181.5 3.38623529411765e-19
181.6 3.83476470588235e-19
181.7 4.68464705882353e-19
181.8 6.19829411764706e-19
181.9 5.74023529411769e-19
182 5.54117647058823e-19
182.1 5.53417647058824e-19
182.2 6.00558823529412e-19
182.3 7.98576470588235e-19
182.4 7.06447058823529e-19
182.5 7.188625e-19
182.6 5.54635294117664e-19
182.7 5.31970588235294e-19
182.8 4.24347058823529e-19
182.9 3.03858823529412e-19
183 3.59182352941176e-19
183.1 4.18088235294118e-19
183.2 4.64094117647059e-19
183.3 4.34547058823529e-19
183.4 4.07041176470592e-19
183.5 4.66552941176471e-19
183.6 5.12011764705882e-19
183.7 3.08482352941176e-19
183.8 2.29152941176471e-19
183.9 1.83523529411765e-19
184 2.166875e-19
184.1 2.52047058823529e-19
184.2 2.44935294117647e-19
184.3 2.58252941176471e-19
184.4 2.19235294117647e-19
184.5 2.09882352941176e-19
184.6 2.02082352941176e-19
184.7 3.79994117647059e-19
184.8 7.79664705882353e-19
184.9 5.93552941176456e-19
185 4.695e-19
185.1 3.70517647058824e-19
185.2 3.16405882352941e-19
185.3 2.48852941176471e-19
185.4 1.48517647058824e-19
185.5 1.4750625e-19
185.6 2.31658823529403e-19
185.7 2.61005882352941e-19
185.8 1.88852941176471e-19
185.9 2.07335294117647e-19
186 1.99517647058824e-19
186.1 1.86570588235294e-19
186.2 2.35041176470588e-19
186.3 2.86029411764706e-19
186.4 4.08029411764722e-19
186.5 4.71147058823529e-19
186.6 2.81282352941176e-19
186.7 1.42776470588235e-19
186.8 9.98076470588235e-20
186.9 7.21682352941176e-20
187 6.6261875e-20
187.1 8.31264705882331e-20
187.2 7.71711764705882e-20
187.3 1.43407058823529e-19
187.4 1.55947058823529e-19
187.5 1.30147058823529e-19
187.6 1.14423529411765e-19
187.7 1.75588235294118e-19
187.8 2.28541176470588e-19
187.9 1.64064705882347e-19
188 2.44217647058823e-19
188.1 2.37423529411765e-19
188.2 2.31429411764706e-19
188.3 2.30423529411765e-19
188.4 1.42978235294118e-19
188.5 7.683875e-20
188.6 5.91317647058829e-20
188.7 8.10770588235294e-20
188.8 1.14185294117647e-19
188.9 2.17582352941176e-19
189 1.64723529411765e-19
189.1 1.22511764705882e-19
189.2 1.07417058823529e-19
189.3 9.05217647058823e-20
189.4 1.64023529411777e-19
189.5 3.49352941176471e-19
189.6 3.63176470588235e-19
189.7 2.10370588235294e-19
189.8 1.24661764705882e-19
189.9 6.60035294117647e-20
190 5.2395625e-20
190.1 5.06052941176473e-20
190.2 5.35064705882353e-20
190.3 7.407e-20
190.4 1.11662941176471e-19
190.5 8.99911764705882e-20
190.6 9.02705882352941e-20
190.7 1.0996e-19
190.8 9.668e-20
190.9 9.84170588235284e-20
191 9.33282352941176e-20
191.1 1.32794117647059e-19
191.2 2.99152941176471e-19
191.3 3.66605882352941e-19
191.4 2.83064705882353e-19
191.5 1.6145e-19
191.6 9.71641176470631e-20
191.7 5.22347058823529e-20
191.8 3.51076470588235e-20
191.9 4.27647058823529e-20
192 4.868e-20
192.1 7.81082352941177e-20
192.2 1.38464705882353e-19
192.3 1.03444705882353e-19
192.4 7.42017647058831e-20
192.5 6.73023529411765e-20
192.6 1.47117058823529e-19
192.7 1.72464705882353e-19
192.8 1.83182352941176e-19
192.9 2.06376470588235e-19
193 1.475875e-19
193.1 1.3343529411765e-19
193.2 1.05951176470588e-19
193.3 1.05766470588235e-19
193.4 7.89452941176471e-20
193.5 4.67441176470588e-20
193.6 3.58870588235294e-20
193.7 4.27988235294118e-20
193.8 9.98241176470588e-20
193.9 1.7114705882353e-19
194 1.20424705882353e-19
194.1 7.83270588235294e-20
194.2 6.66794117647059e-20
194.3 5.68570588235294e-20
194.4 8.22458823529412e-20
194.5 2.145375e-19
194.6 3.47647058823535e-19
194.7 2.609e-19
194.8 1.13623529411765e-19
194.9 6.99641176470588e-20
195 7.28764705882353e-20
195.1 4.40405882352941e-20
195.2 4.99135294117647e-20
195.3 5.46405882352941e-20
195.4 7.53729411764733e-20
195.5 7.99435294117647e-20
195.6 4.57335294117647e-20
195.7 4.99958823529412e-20
195.8 6.99505882352941e-20
195.9 8.60729411764706e-20
196 7.9525e-20
196.1 7.52758823529422e-20
196.2 1.34810588235294e-19
196.3 2.00382352941176e-19
196.4 1.25647058823529e-19
196.5 1.04651176470588e-19
196.6 1.24376470588235e-19
196.7 1.18444705882353e-19
196.8 7.67870588235294e-20
196.9 4.00199999999967e-20
197 2.72588235294118e-20
197.1 2.45029411764706e-20
197.2 4.29952941176471e-20
197.3 7.89947058823529e-20
197.4 1.02625294117647e-19
197.5 6.959625e-20
197.6 4.04564705882373e-20
197.7 3.49335294117647e-20
197.8 8.21011764705882e-20
197.9 1.16149411764706e-19
198 1.58029411764706e-19
198.1 1.34158823529412e-19
198.2 1.25741176470588e-19
198.3 1.06758235294118e-19
198.4 8.16235294117614e-20
198.5 5.60370588235294e-20
198.6 3.95894117647059e-20
198.7 4.70570588235294e-20
198.8 3.66817647058823e-20
198.9 2.52482352941177e-20
199 2.596e-20
199.1 3.79264705882357e-20
199.2 5.26647058823529e-20
199.3 6.70594117647059e-20
199.4 4.91952941176471e-20
199.5 3.49017647058824e-20
199.6 3.46541176470588e-20
199.7 4.94876470588235e-20
199.8 9.10617647058823e-20
199.9 1.18448235294119e-19
200 1.51436470588235e-19
200.1 1.31334705882353e-19
200.2 6.526e-20
200.3 3.82047058823529e-20
200.4 2.85776470588235e-20
200.5 2.594e-20
200.6 2.46394117647061e-20
200.7 3.04917647058824e-20
200.8 3.91505882352941e-20
200.9 3.68652941176471e-20
201 2.25376470588235e-20
201.1 1.98552941176471e-20
201.2 2.06011764705882e-20
201.3 3.82317647058824e-20
201.4 5.43752941176498e-20
201.5 3.71664705882353e-20
201.6 9.33005882352941e-20
201.7 9.35635294117647e-20
201.8 6.06264705882353e-20
201.9 6.23441176470588e-20
202 6.1965625e-20
202.1 4.75017647058843e-20
202.2 2.77152941176471e-20
202.3 3.48223529411765e-20
202.4 3.33311764705882e-20
202.5 2.12094117647059e-20
202.6 1.22882941176471e-20
202.7 1.0228e-20
202.8 1.73082352941176e-20
202.9 4.06288235294178e-20
203 4.81758823529412e-20
203.1 2.06841176470588e-20
203.2 1.17906470588235e-20
203.3 1.79429411764706e-20
203.4 3.22970588235294e-20
203.5 3.63075e-20
203.6 5.21882352941146e-20
203.7 8.99188235294118e-20
203.8 6.74517647058823e-20
203.9 5.53105882352941e-20
204 4.098e-20
204.1 2.14435294117647e-20
204.2 2.51011764705882e-20
204.3 1.78264705882353e-20
204.4 1.34623529411763e-20
204.5 1.14970588235294e-20
204.6 1.89329411764706e-20
204.7 1.74511764705882e-20
204.8 1.42241176470588e-20
204.9 1.40276470588235e-20
205 1.7608125e-20
205.1 1.51658823529418e-20
205.2 1.59476470588235e-20
205.3 2.03576470588235e-20
205.4 2.03429411764706e-20
205.5 2.42358823529412e-20
205.6 4.93394117647059e-20
205.7 5.38458823529412e-20
205.8 4.28752941176471e-20
205.9 2.91264705882351e-20
206 1.72488235294118e-20
206.1 1.42835294117647e-20
206.2 1.14302941176471e-20
206.3 8.93305882352941e-21
206.4 7.47135294117647e-21
206.5 9.202e-21
206.6 2.28923529411755e-20
206.7 2.10994117647059e-20
206.8 1.17142352941176e-20
206.9 8.90152941176471e-21
207 8.44052941176471e-21
207.1 1.24008823529412e-20
207.2 1.70076470588235e-20
207.3 3.57123529411765e-20
207.4 4.15758823529386e-20
207.5 2.02205882352941e-20
207.6 1.59605882352941e-20
207.7 2.69782352941176e-20
207.8 3.74735294117647e-20
207.9 2.46705882352941e-20
208 1.7851875e-20
208.1 2.4010588235294e-20
208.2 2.53641176470588e-20
208.3 2.24358823529412e-20
208.4 1.40341176470588e-20
208.5 8.62123529411765e-21
208.6 7.32629411764706e-21
208.7 6.93247058823529e-21
208.8 7.15111764705882e-21
208.9 7.00999999999989e-21
209 6.93670588235294e-21
209.1 6.65988235294118e-21
209.2 6.82505882352941e-21
209.3 8.61958823529412e-21
209.4 1.00655294117647e-20
209.5 9.3448125e-21
209.6 8.13200000000012e-21
209.7 2.02557058823529e-20
209.8 3.46323529411765e-20
209.9 2.56711764705882e-20
210 1.15636832061069e-20
210.1 1.13117014854962e-20
210.2 1.10597197648855e-20
210.3 1.08077380442748e-20
210.4 1.05557563236641e-20
210.5 1.03037746030534e-20
210.6 1.00517928824427e-20
210.7 9.79981116183203e-21
210.8 9.54782944122134e-21
210.9 9.29584772061065e-21
211 9.043866e-21
211.1 7.2350927999999e-21
211.2 5.42631959999982e-21
211.3 3.61754639999978e-21
211.4 1.80877319999978e-21
211.5 0
211.6 2.80206000000016e-21
211.7 5.60412000000028e-21
211.8 8.40618000000035e-21
211.9 1.12082400000003e-20
212 1.40103e-20
212.1 1.12082399999998e-20
212.2 8.40617999999972e-21
212.3 5.60411999999965e-21
212.4 2.80205999999967e-21
212.5 0
212.6 4.20358400000024e-21
212.7 8.40716800000042e-21
212.8 1.26107520000005e-20
212.9 1.68143360000005e-20
213 2.101792e-20
213.1 1.68143359999998e-20
213.2 1.26107519999996e-20
213.3 8.40716799999948e-21
213.4 4.2035839999995e-21
213.5 0
213.6 0
213.7 0
213.8 0
213.9 0
214 0
214.1 1.8088224000001e-21
214.2 3.61764480000018e-21
214.3 5.42646720000022e-21
214.4 7.23528960000022e-21
214.5 9.044112e-21
214.6 1.28199456000002e-20
214.7 1.65957792000004e-20
214.8 2.03716128000005e-20
214.9 2.41474464000004e-20
215 2.792328e-20
215.1 2.23984745599997e-20
215.2 1.68736691199995e-20
215.3 1.13488636799993e-20
215.4 5.82405823999935e-21
215.5 2.992528e-22
215.6 4.41070824000023e-21
215.7 8.52216368000041e-21
215.8 1.26336191200005e-20
215.9 1.67450745600005e-20
216 2.085653e-20
216.1 1.66852239999998e-20
216.2 1.25139179999996e-20
216.3 8.34261199999949e-21
216.4 4.17130599999951e-21
216.5 0
216.6 9.69805800000055e-22
216.7 1.9396116000001e-21
216.8 2.90941740000012e-21
216.9 3.87922320000012e-21
217 4.849029e-21
217.1 7.11223720000013e-21
217.2 9.37544540000023e-21
217.3 1.16386536000003e-20
217.4 1.39018618000003e-20
217.5 1.616507e-20
217.6 1.48824105999999e-20
217.7 1.35997511999999e-20
217.8 1.23170917999998e-20
217.9 1.10344323999998e-20
218 9.751773e-21
218.1 8.21941139999991e-21
218.2 6.68704979999985e-21
218.3 5.15468819999981e-21
218.4 3.62232659999982e-21
218.5 2.089965e-21
218.6 1.67197199999998e-21
218.7 1.25397899999996e-21
218.8 8.35985999999948e-22
218.9 4.1799299999995e-22
219 0
219.1 0
219.2 0
219.3 0
219.4 0
219.5 0
219.6 1.22064100000007e-21
219.7 2.44128200000012e-21
219.8 3.66192300000015e-21
219.9 4.88256400000014e-21
220 6.103205e-21
220.1 4.88256399999993e-21
220.2 3.66192299999988e-21
220.3 2.44128199999985e-21
220.4 1.22064099999985e-21
220.5 0
220.6 3.63316800000021e-21
220.7 7.26633600000036e-21
220.8 1.08995040000004e-20
220.9 1.45326720000004e-20
221 1.816584e-20
221.1 1.761489e-20
221.2 1.70639399999999e-20
221.3 1.65129899999999e-20
221.4 1.59620399999999e-20
221.5 1.541109e-20
221.6 1.4662304e-20
221.7 1.39135179999999e-20
221.8 1.31647319999999e-20
221.9 1.24159459999999e-20
222 1.166716e-20
222.1 9.72456759999989e-21
222.2 7.78197519999981e-21
222.3 5.83938279999976e-21
222.4 3.89679039999977e-21
222.5 1.954198e-21
222.6 2.55570980000003e-21
222.7 3.15722160000006e-21
222.8 3.75873340000007e-21
222.9 4.36024520000007e-21
223 4.961757e-21
223.1 6.48909160000009e-21
223.2 8.01642620000015e-21
223.3 9.54376080000019e-21
223.4 1.10710954000002e-20
223.5 1.259843e-20
223.6 1.19617574e-20
223.7 1.13250847999999e-20
223.8 1.06884121999999e-20
223.9 1.00517395999999e-20
224 9.415067e-21
224.1 1.03772336000001e-20
224.2 1.13394002000001e-20
224.3 1.23015668000001e-20
224.4 1.32637334000001e-20
224.5 1.42259e-20
224.6 1.19594889999999e-20
224.7 9.69307799999978e-21
224.8 7.42666699999972e-21
224.9 5.16025599999973e-21
225 2.893845e-21
225.1 2.56305299999998e-21
225.2 2.23226099999997e-21
225.3 1.90146899999996e-21
225.4 1.57067699999996e-21
225.5 1.239885e-21
225.6 3.14224000000011e-21
225.7 5.04459500000019e-21
225.8 6.94695000000024e-21
225.9 8.84930500000023e-21
226 1.075166e-20
226.1 9.90599139999995e-21
226.2 9.06032279999991e-21
226.3 8.2146541999999e-21
226.4 7.3689855999999e-21
226.5 6.523317e-21
226.6 6.20314479999998e-21
226.7 5.88297259999997e-21
226.8 5.56280039999996e-21
226.9 5.24262819999996e-21
227 4.922456e-21
227.1 6.57074880000009e-21
227.2 8.21904160000016e-21
227.3 9.8673344000002e-21
227.4 1.15156272000002e-20
227.5 1.316392e-20
227.6 1.42633560000001e-20
227.7 1.53627920000001e-20
227.8 1.64622280000001e-20
227.9 1.75616640000001e-20
228 1.86611e-20
228.1 1.67901855999999e-20
228.2 1.49192711999998e-20
228.3 1.30483567999998e-20
228.4 1.11774423999998e-20
228.5 9.306528e-21
228.6 9.06850559999999e-21
228.7 8.83048319999998e-21
228.8 8.59246079999997e-21
228.9 8.35443839999997e-21
229 8.116416e-21
229.1 9.18677680000006e-21
229.2 1.02571376000001e-20
229.3 1.13274984000001e-20
229.4 1.23978592000001e-20
229.5 1.346822e-20
229.6 1.3681356e-20
229.7 1.3894492e-20
229.8 1.4107628e-20
229.9 1.4320764e-20
230 1.45339e-20
230.1 1.21653315999999e-20
230.2 9.79676319999976e-21
230.3 7.42819479999971e-21
230.4 5.05962639999972e-21
230.5 2.691058e-21
230.6 3.72869760000006e-21
230.7 4.7663372000001e-21
230.8 5.80397680000013e-21
230.9 6.84161640000012e-21
231 7.879256e-21
231.1 7.62913539999999e-21
231.2 7.37901479999998e-21
231.3 7.12889419999997e-21
231.4 6.87877359999997e-21
231.5 6.628653e-21
231.6 7.55014040000005e-21
231.7 8.47162780000009e-21
231.8 9.39311520000011e-21
231.9 1.03146026000001e-20
232 1.123609e-20
232.1 9.34859139999989e-21
232.2 7.46109279999981e-21
232.3 5.57359419999977e-21
232.4 3.68609559999978e-21
232.5 1.798597e-21
232.6 1.822547e-21
232.7 1.846497e-21
232.8 1.870447e-21
232.9 1.894397e-21
233 1.918347e-21
233.1 1.82720359999999e-21
233.2 1.73606019999999e-21
233.3 1.64491679999999e-21
233.4 1.55377339999999e-21
233.5 1.46263e-21
233.6 2.18012220000004e-21
233.7 2.89761440000007e-21
233.8 3.61510660000009e-21
233.9 4.33259880000009e-21
234 5.050091e-21
234.1 4.9759e-21
234.2 4.90170899999999e-21
234.3 4.82751799999999e-21
234.4 4.75332699999999e-21
234.5 4.679136e-21
234.6 4.53050759999999e-21
234.7 4.38187919999999e-21
234.8 4.23325079999998e-21
234.9 4.08462239999998e-21
235 3.935994e-21
235.1 3.14879519999996e-21
235.2 2.36159639999992e-21
235.3 1.5743975999999e-21
235.4 7.87198799999907e-22
235.5 0
235.6 5.3138620000003e-22
235.7 1.06277240000005e-21
235.8 1.59415860000007e-21
235.9 2.12554480000006e-21
236 2.656931e-21
236.1 2.14716319999997e-21
236.2 1.63739539999995e-21
236.3 1.12762759999994e-21
236.4 6.17859799999939e-22
236.5 1.08092e-22
236.6 1.43815000000008e-21
236.7 2.76820800000013e-21
236.8 4.09826600000016e-21
236.9 5.42832400000016e-21
237 6.758382e-21
237.1 6.04350179999996e-21
237.2 5.32862159999993e-21
237.3 4.61374139999991e-21
237.4 3.89886119999991e-21
237.5 3.183981e-21
237.6 4.74379080000009e-21
237.7 6.30360060000015e-21
237.8 7.86341040000019e-21
237.9 9.42322020000018e-21
238 1.098303e-20
238.1 1.03396556e-20
238.2 9.69628119999993e-21
238.3 9.05290679999992e-21
238.4 8.40953239999992e-21
238.5 7.766158e-21
238.6 8.17922300000002e-21
238.7 8.59228800000004e-21
238.8 9.00535300000005e-21
238.9 9.41841800000005e-21
239 9.831483e-21
239.1 8.88853479999995e-21
239.2 7.94558659999991e-21
239.3 7.00263839999988e-21
239.4 6.05969019999989e-21
239.5 5.116742e-21
239.6 4.39779619999996e-21
239.7 3.67885039999993e-21
239.8 2.95990459999991e-21
239.9 2.24095879999991e-21
240 1.522013e-21
240.1 1.4868516e-21
240.2 1.4516902e-21
240.3 1.4165288e-21
240.4 1.3813674e-21
240.5 1.346206e-21
240.6 1.3075114e-21
240.7 1.2688168e-21
240.8 1.2301222e-21
240.9 1.1914276e-21
241 1.152733e-21
241.1 9.22186399999987e-22
241.2 6.91639799999977e-22
241.3 4.61093199999972e-22
241.4 2.30546599999973e-22
241.5 0
241.6 5.85347800000033e-22
241.7 1.17069560000006e-21
241.8 1.75604340000007e-21
241.9 2.34139120000007e-21
242 2.926739e-21
242.1 3.82903120000005e-21
242.2 4.73132340000009e-21
242.3 5.63361560000011e-21
242.4 6.53590780000011e-21
242.5 7.4382e-21
242.6 6.39582939999994e-21
242.7 5.3534587999999e-21
242.8 4.31108819999987e-21
242.9 3.26871759999988e-21
243 2.226347e-21
243.1 3.35170520000006e-21
243.2 4.47706340000011e-21
243.3 5.60242160000014e-21
243.4 6.72777980000013e-21
243.5 7.853138e-21
243.6 7.60617119999999e-21
243.7 7.35920439999998e-21
243.8 7.11223759999997e-21
243.9 6.86527079999997e-21
244 6.618304e-21
244.1 5.65059259999995e-21
244.2 4.6828811999999e-21
244.3 3.71516979999988e-21
244.4 2.74745839999989e-21
244.5 1.779747e-21
244.6 2.45902260000004e-21
244.7 3.13829820000007e-21
244.8 3.81757380000008e-21
244.9 4.49684940000008e-21
245 5.176125e-21
245.1 4.88032179999998e-21
245.2 4.58451859999997e-21
245.3 4.28871539999996e-21
245.4 3.99291219999997e-21
245.5 3.697109e-21
245.6 3.7160078e-21
245.7 3.7349066e-21
245.8 3.7538054e-21
245.9 3.7727042e-21
246 3.791603e-21
246.1 3.23594139999997e-21
246.2 2.68027979999994e-21
246.3 2.12461819999993e-21
246.4 1.56895659999993e-21
246.5 1.013295e-21
246.6 8.10635999999988e-22
246.7 6.0797699999998e-22
246.8 4.05317999999975e-22
246.9 2.02658999999976e-22
247 0
247.1 9.06973800000052e-22
247.2 1.81394760000009e-21
247.3 2.72092140000011e-21
247.4 3.62789520000011e-21
247.5 4.534869e-21
247.6 4.67763320000001e-21
247.7 4.82039740000001e-21
247.8 4.96316160000002e-21
247.9 5.10592580000002e-21
248 5.24869e-21
248.1 4.88694999999998e-21
248.2 4.52520999999996e-21
248.3 4.16346999999996e-21
248.4 3.80172999999996e-21
248.5 3.43999e-21
248.6 3.00888859999998e-21
248.7 2.57778719999996e-21
248.8 2.14668579999995e-21
248.9 1.71558439999995e-21
249 1.284483e-21
249.1 1.74855280000003e-21
249.2 2.21262260000005e-21
249.3 2.67669240000006e-21
249.4 3.14076220000006e-21
249.5 3.604832e-21
249.6 3.98519960000002e-21
249.7 4.36556720000004e-21
249.8 4.74593480000005e-21
249.9 5.12630240000005e-21
250 5.50667e-21
250.1 5.20512579999998e-21
250.2 4.90358159999997e-21
250.3 4.60203739999996e-21
250.4 4.30049319999996e-21
250.5 3.998949e-21
250.6 4.55889300000003e-21
250.7 5.11883700000006e-21
250.8 5.67878100000007e-21
250.9 6.23872500000007e-21
251 6.798669e-21
251.1 7.43930920000004e-21
251.2 8.07994940000006e-21
251.3 8.72058960000008e-21
251.4 9.36122980000008e-21
251.5 1.000187e-20
251.6 8.1951787199999e-21
251.7 6.38848743999982e-21
251.8 4.58179615999978e-21
251.9 2.77510487999979e-21
252 9.684136e-22
252.1 1.44235168000003e-21
252.2 1.91628976000005e-21
252.3 2.39022784000006e-21
252.4 2.86416592000006e-21
252.5 3.338104e-21
252.6 3.21086299999999e-21
252.7 3.08362199999999e-21
252.8 2.95638099999998e-21
252.9 2.82913999999999e-21
253 2.701899e-21
253.1 3.01908980000002e-21
253.2 3.33628060000003e-21
253.3 3.65347140000004e-21
253.4 3.97066220000004e-21
253.5 4.287853e-21
253.6 3.43028239999995e-21
253.7 2.57271179999991e-21
253.8 1.71514119999989e-21
253.9 8.57570599999898e-22
254 0
254.1 1.89528420000011e-22
254.2 3.79056840000019e-22
254.3 5.68585260000023e-22
254.4 7.58113680000022e-22
254.5 9.476421e-22
254.6 1.23455268000002e-21
254.7 1.52146326000003e-21
254.8 1.80837384000004e-21
254.9 2.09528442000003e-21
255 2.382195e-21
255.1 3.05989360000004e-21
255.2 3.73759220000007e-21
255.3 4.41529080000008e-21
255.4 5.09298940000008e-21
255.5 5.770688e-21
255.6 5.7717722e-21
255.7 5.7728564e-21
255.8 5.7739406e-21
255.9 5.7750248e-21
256 5.776109e-21
256.1 5.1313788e-21
256.2 4.48664859999996e-21
256.3 3.8419184e-21
256.4 3.19718820000015e-21
256.5 2.552458e-21
256.6 3.5933994e-21
256.7 4.63434080000006e-21
256.8 5.6752822e-21
256.9 6.71622359999976e-21
257 7.757165e-21
257.1 6.205732e-21
257.2 4.65429899999991e-21
257.3 3.102866e-21
257.4 1.55143300000035e-21
257.5 0
257.6 1.4823424e-22
257.7 2.96468480000008e-22
257.8 4.4470272e-22
257.9 5.92936959999966e-22
258 7.411712e-22
258.1 1.74177696e-21
258.2 2.74238272000006e-21
258.3 3.74298848e-21
258.4 4.74359423999977e-21
258.5 5.7442e-21
258.6 5.236271e-21
258.7 4.72834199999997e-21
258.8 4.220413e-21
258.9 3.71248400000012e-21
259 3.204555e-21
259.1 3.4989044e-21
259.2 3.79325380000002e-21
259.3 4.0876032e-21
259.4 4.38195259999993e-21
259.5 4.676302e-21
259.6 4.222926e-21
259.7 3.76954999999997e-21
259.8 3.316174e-21
259.9 2.8627980000001e-21
260 2.409422e-21
260.1 2.858289e-21
260.2 3.30715600000003e-21
260.3 3.756023e-21
260.4 4.2048899999999e-21
260.5 4.653757e-21
260.6 3.76669232e-21
260.7 2.87962763999995e-21
260.8 1.99256296e-21
260.9 1.1054982800002e-21
261 2.184336e-22
261.1 3.7318758e-22
261.2 5.27941560000009e-22
261.3 6.8269554e-22
261.4 8.37449519999965e-22
261.5 9.922035e-22
261.6 2.2764256e-21
261.7 3.56064770000007e-21
261.8 4.8448698e-21
261.9 6.12909189999971e-21
262 7.413314e-21
262.1 5.9306512e-21
262.2 4.44798840000013e-21
262.3 2.96532560000014e-21
262.4 1.48266279999999e-21
262.5 0
262.6 4.125968e-22
262.7 8.25193599999965e-22
262.8 1.23779039999996e-21
262.9 1.6503872e-21
263 2.062984e-21
263.1 1.6503872e-21
263.2 1.23779040000004e-21
263.3 8.25193600000039e-22
263.4 4.12596799999996e-22
263.5 0
263.6 1.6113082e-21
263.7 3.22261639999986e-21
263.8 4.83392459999985e-21
263.9 6.44523280000002e-21
264 8.056541e-21
264.1 7.5682748e-21
264.2 7.08000860000004e-21
264.3 6.59174240000005e-21
264.4 6.1034762e-21
264.5 5.61521e-21
264.6 5.0061584e-21
264.7 4.39710680000005e-21
264.8 3.78805520000006e-21
264.9 3.17900359999999e-21
265 2.569952e-21
265.1 2.0559616e-21
265.2 1.54197120000004e-21
265.3 1.02798080000005e-21
265.4 5.13990399999995e-22
265.5 0
265.6 2.536196e-22
265.7 5.07239199999978e-22
265.8 7.60858799999976e-22
265.9 1.0144784e-21
266 1.268098e-21
266.1 1.07399386e-21
266.2 8.79889720000017e-22
266.3 6.85785580000018e-22
266.4 4.91681439999998e-22
266.5 2.975773e-22
266.6 3.5082188e-22
266.7 4.04066459999995e-22
266.8 4.57311039999995e-22
266.9 5.1055562e-22
267 5.638002e-22
267.1 4.5104016e-22
267.2 3.3828012000001e-22
267.3 2.25520080000011e-22
267.4 1.12760039999999e-22
267.5 0
267.6 0
267.7 0
267.8 0
267.9 0
268 0
268.1 3.09922e-22
268.2 6.19843999999974e-22
268.3 9.29765999999971e-22
268.4 1.239688e-21
268.5 1.54961e-21
268.6 1.239688e-21
268.7 9.29766000000026e-22
268.8 6.19844000000029e-22
268.9 3.09921999999997e-22
269 0
269.1 0
269.2 0
269.3 0
269.4 0
269.5 0
269.6 6.801626e-22
269.7 1.36032519999994e-21
269.8 2.04048779999994e-21
269.9 2.72065040000001e-21
270 3.400813e-21
270.1 2.7206504e-21
270.2 2.04048780000006e-21
270.3 1.36032520000006e-21
270.4 6.80162599999993e-22
270.5 0
270.6 3.635386e-22
270.7 7.27077199999969e-22
270.8 1.09061579999997e-21
270.9 1.4541544e-21
271 1.817693e-21
271.1 2.965227e-21
271.2 4.1127609999999e-21
271.3 5.26029499999989e-21
271.4 6.40782900000001e-21
271.5 7.555363e-21
271.6 7.5049004e-21
271.7 7.4544378e-21
271.8 7.4039752e-21
271.9 7.3535126e-21
272 7.30305e-21
272.1 6.5192516e-21
272.2 5.73545320000007e-21
272.3 4.95165480000007e-21
272.4 4.16785639999999e-21
272.5 3.384058e-21
272.6 2.7072464e-21
272.7 2.03043480000006e-21
272.8 1.35362320000006e-21
272.9 6.76811599999994e-22
273 0
273.1 6.268908e-22
273.2 1.25378159999995e-21
273.3 1.88067239999994e-21
273.4 2.50756320000001e-21
273.5 3.134454e-21
273.6 2.5075632e-21
273.7 1.88067240000005e-21
273.8 1.25378160000006e-21
273.9 6.26890799999994e-22
274 0
274.1 9.997434e-22
274.2 1.99948679999992e-21
274.3 2.99923019999991e-21
274.4 3.99897360000001e-21
274.5 4.998717e-21
274.6 4.4483826e-21
274.7 3.89804820000005e-21
274.8 3.34771380000005e-21
274.9 2.79737939999999e-21
275 2.247045e-21
275.1 1.797636e-21
275.2 1.34822700000004e-21
275.3 8.98818000000042e-22
275.4 4.49408999999996e-22
275.5 0
275.6 6.614854e-22
275.7 1.32297079999994e-21
275.8 1.98445619999994e-21
275.9 2.64594160000001e-21
276 3.307427e-21
276.1 3.5039556e-21
276.2 3.70048419999998e-21
276.3 3.89701279999998e-21
276.4 4.0935414e-21
276.5 4.29007e-21
276.6 3.9159116e-21
276.7 3.54175320000003e-21
276.8 3.16759480000004e-21
276.9 2.7934364e-21
277 2.419278e-21
277.1 1.9354224e-21
277.2 1.45156680000004e-21
277.3 9.67711200000046e-22
277.4 4.83855599999995e-22
277.5 0
277.6 2.5564e-22
277.7 5.11279999999978e-22
277.8 7.66919999999976e-22
277.9 1.02256e-21
278 1.2782e-21
278.1 1.9652372e-21
278.2 2.65227439999994e-21
278.3 3.33931159999993e-21
278.4 4.02634880000001e-21
278.5 4.713386e-21
278.6 4.0944044e-21
278.7 3.47542280000005e-21
278.8 2.85644120000006e-21
278.9 2.23745959999999e-21
279 1.618478e-21
279.1 1.46655276e-21
279.2 1.31462752000001e-21
279.3 1.16270228000001e-21
279.4 1.01077704e-21
279.5 8.588518e-22
279.6 1.23529684e-21
279.7 1.61174187999997e-21
279.8 1.98818691999996e-21
279.9 2.36463196e-21
280 2.741077e-21
280.1 2.1928616e-21
280.2 1.64464620000005e-21
280.3 1.09643080000005e-21
280.4 5.48215399999995e-22
280.5 0
280.6 0
280.7 0
280.8 0
280.9 0
281 0
281.1 0
281.2 0
281.3 0
281.4 0
281.5 0
281.6 6.03606e-22
281.7 1.20721199999995e-21
281.8 1.81081799999994e-21
281.9 2.41442400000001e-21
282 3.01803e-21
282.1 2.8761776e-21
282.2 2.73432520000001e-21
282.3 2.59247280000001e-21
282.4 2.4506204e-21
282.5 2.308768e-21
282.6 1.92465012e-21
282.7 1.54053224000003e-21
282.8 1.15641436000004e-21
282.9 7.72296479999996e-22
283 3.881786e-22
283.1 8.4720208e-22
283.2 1.30622555999996e-21
283.3 1.76524903999996e-21
283.4 2.22427252e-21
283.5 2.683296e-21
283.6 2.4710716e-21
283.7 2.25884720000002e-21
283.8 2.04662280000002e-21
283.9 1.8343984e-21
284 1.622174e-21
284.1 1.41559724e-21
284.2 1.20902048000002e-21
284.3 1.00244372000002e-21
284.4 7.95866959999998e-22
284.5 5.892902e-22
284.6 1.31944236e-21
284.7 2.04959451999994e-21
284.8 2.77974667999993e-21
284.9 3.50989884000001e-21
285 4.240051e-21
285.1 3.51415418e-21
285.2 2.78825736000006e-21
285.3 2.06236054000007e-21
285.4 1.33646371999999e-21
285.5 6.105669e-22
285.6 5.3108564e-22
285.7 4.51604380000007e-22
285.8 3.72123120000007e-22
285.9 2.92641859999999e-22
286 2.131606e-22
286.1 1.7052848e-22
286.2 1.27896360000004e-22
286.3 8.5264240000004e-23
286.4 4.26321199999996e-23
286.5 0
286.6 0
286.7 0
286.8 0
286.9 0
287 0
287.1 0
287.2 0
287.3 0
287.4 0
287.5 0
287.6 1.5741756e-22
287.7 3.14835119999987e-22
287.8 4.72252679999985e-22
287.9 6.29670240000002e-22
288 7.870878e-22
288.1 1.21112504e-21
288.2 1.63516227999996e-21
288.3 2.05919951999996e-21
288.4 2.48323676e-21
288.5 2.907274e-21
288.6 2.3258192e-21
288.7 1.74436440000005e-21
288.8 1.16290960000005e-21
288.9 5.81454799999994e-22
289 0
289.1 0
289.2 0
289.3 0
289.4 0
289.5 0
289.6 2.72272e-22
289.7 5.44543999999977e-22
289.8 8.16815999999974e-22
289.9 1.089088e-21
290 1.36136e-21
290.1 1.13585472e-21
290.2 9.10349440000019e-22
290.3 6.84844160000021e-22
290.4 4.59338879999998e-22
290.5 2.338336e-22
290.6 1.8706688e-22
290.7 1.40300160000004e-22
290.8 9.35334400000044e-23
290.9 4.67667199999996e-23
291 0
291.1 0
291.2 0
291.3 0
291.4 0
291.5 0
291.6 4.571952e-23
291.7 9.14390399999961e-23
291.8 1.37158559999996e-22
291.9 1.8287808e-22
292 2.285976e-22
292.1 1.8287808e-22
292.2 1.37158560000004e-22
292.3 9.14390400000043e-23
292.4 4.57195199999996e-23
292.5 0
292.6 0
292.7 0
292.8 0
292.9 0
293 0
293.1 0
293.2 0
293.3 0
293.4 0
293.5 0
293.6 0
293.7 0
293.8 0
293.9 0
294 0
294.1 0
294.2 0
294.3 0
294.4 0
294.5 0
294.6 0
294.7 0
294.8 0
294.9 0
295 0
295.1 0
295.2 0
295.3 0
295.4 0
295.5 0
295.6 0
295.7 0
295.8 0
295.9 0
296 0
296.1 1.41133e-22
296.2 2.82265999999988e-22
296.3 4.23398999999987e-22
296.4 5.64532000000001e-22
296.5 7.05665e-22
296.6 5.64532e-22
296.7 4.23399000000012e-22
296.8 2.82266000000013e-22
296.9 1.41132999999999e-22
297 0
297.1 2.55369e-22
297.2 5.10737999999978e-22
297.3 7.66106999999976e-22
297.4 1.021476e-21
297.5 1.276845e-21
297.6 1.021476e-21
297.7 7.66107000000022e-22
297.8 5.10738000000024e-22
297.9 2.55368999999998e-22
298 0
298.1 2.567734e-23
298.2 5.13546799999978e-23
298.3 7.70320199999976e-23
298.4 1.0270936e-22
298.5 1.283867e-22
298.6 1.0270936e-22
298.7 7.70320200000022e-23
298.8 5.13546800000024e-23
298.9 2.56773399999998e-23
299 0
299.1 0
299.2 0
299.3 0
299.4 0
299.5 0
299.6 0
299.7 0
299.8 0
299.9 0
