6 1.317e-19
6.1 1.37245454545455e-19
6.2 1.427e-19
6.3 1.427e-19
6.4 1.427e-19
6.5 1.48320437956204e-19
6.6 1.537e-19
6.7 1.537e-19
6.8 1.537e-19
6.9 1.646e-19
7 1.646e-19
7.1 1.646e-19
7.2 1.646e-19
7.3 1.756e-19
7.4 1.756e-19
7.5 1.756e-19
7.6 1.866e-19
7.7 1.92156701030928e-19
7.8 1.976e-19
7.9 2.085e-19
8 2.085e-19
8.1 2.085e-19
8.2 2.085e-19
8.3 2.195e-19
8.4 2.195e-19
8.5 2.195e-19
8.6 2.305e-19
8.7 2.415e-19
8.8 2.415e-19
8.9 2.415e-19
9 2.524e-19
9.1 2.524e-19
9.2 2.6677908496732e-19
9.3 2.744e-19
9.4 2.854e-19
9.5 2.854e-19
9.6 2.91260215053763e-19
9.7 2.963e-19
9.8 3.073e-19
9.9 3.1835527638191e-19
10 3.293e-19
10.1 3.293e-19
10.2 3.293e-19
10.3 3.402e-19
10.4 3.5067619047619e-19
10.5 3.622e-19
10.6 3.67989473684211e-19
10.7 3.732e-19
10.8 3.79255555555556e-19
10.9 3.841e-19
11 3.90570588235294e-19
11.1 3.951e-19
11.2 4.08041176470588e-19
11.3 4.171e-19
11.4 4.29266666666667e-19
11.5 4.39e-19
11.6 4.5e-19
11.7 4.61e-19
11.8 4.65954545454545e-19
11.9 4.719e-19
12 4.84592307692308e-19
12.1 4.97284615384615e-19
12.2 5.049e-19
12.3 5.1035e-19
12.4 5.158e-19
12.5 5.268e-19
12.6 5.378e-19
12.7 5.488e-19
12.8 5.5975e-19
12.9 5.707e-19
13 5.85333333333333e-19
13.1 5.99966666666667e-19
13.2 6.146e-19
13.3 6.219e-19
13.4 6.292e-19
13.5 6.365e-19
13.6 6.51166666666667e-19
13.7 6.65833333333333e-19
13.8 6.805e-19
13.9 6.95133333333333e-19
14 7.09766666666667e-19
14.1 7.244e-19
14.2 7.39e-19
14.3 7.536e-19
14.4 7.682e-19
14.5 7.792e-19
14.6 7.902e-19
14.7 8.012e-19
14.8 8.122e-19
14.9 8.378e-19
15 8.634e-19
15.1 8.89e-19
15.2 8.99975e-19
15.3 9.1095e-19
15.4 9.21925e-19
15.5 9.329e-19
15.6 9.5485e-19
15.7 9.768e-19
15.8 9.934e-19
15.9 1.01e-18
16 1.021e-18
16.1 1.032e-18
16.2 1.054e-18
16.3 1.076e-18
16.4 1.092e-18
16.5 1.108e-18
16.6 1.12633333333333e-18
16.7 1.14466666666667e-18
16.8 1.163e-18
16.9 1.1795e-18
17 1.196e-18
17.1 1.2235e-18
17.2 1.251e-18
17.3 1.29133333333333e-18
17.4 1.33166666666667e-18
17.5 1.372e-18
17.6 1.3775e-18
17.7 1.383e-18
17.8 1.394e-18
17.9 1.405e-18
18 1.416e-18
18.1 1.427e-18
18.2 1.438e-18
18.3 1.47433333333333e-18
18.4 1.51066666666667e-18
18.5 1.547e-18
18.6 1.569e-18
18.7 1.591e-18
18.8 1.613e-18
18.9 1.62033333333333e-18
19 1.62766666666667e-18
19.1 1.635e-18
19.2 1.67166666666667e-18
19.3 1.70833333333333e-18
19.4 1.745e-18
19.5 1.78166666666667e-18
19.6 1.81833333333333e-18
19.7 1.855e-18
19.8 1.87333333333333e-18
19.9 1.89166666666667e-18
20 1.91e-18
20.1 1.94266666666667e-18
20.2 1.97533333333333e-18
20.3 2.008e-18
20.4 2.0135e-18
20.5 2.019e-18
20.6 2.0245e-18
20.7 2.03e-18
20.8 2.074e-18
20.9 2.118e-18
21 2.162e-18
21.1 2.19775e-18
21.2 2.2335e-18
21.3 2.26925e-18
21.4 2.305e-18
21.5 2.327e-18
21.6 2.349e-18
21.7 2.371e-18
21.8 2.393e-18
21.9 2.422e-18
22 2.451e-18
22.1 2.48e-18
22.2 2.524e-18
22.3 2.568e-18
22.4 2.612e-18
22.5 2.656e-18
22.6 2.6998e-18
22.7 2.7436e-18
22.8 2.7874e-18
22.9 2.8312e-18
23 2.875e-18
23.1 2.9025e-18
23.2 2.93e-18
23.3 2.9575e-18
23.4 2.985e-18
23.5 3.029e-18
23.6 3.073e-18
23.7 3.117e-18
23.8 3.161e-18
23.9 3.1916e-18
24 3.2222e-18
24.1 3.2528e-18
24.2 3.2834e-18
24.3 3.314e-18
24.4 3.3492e-18
24.5 3.3844e-18
24.6 3.4196e-18
24.7 3.4548e-18
24.8 3.49e-18
24.9 3.5536e-18
25 3.6172e-18
25.1 3.6808e-18
25.2 3.7444e-18
25.3 3.808e-18
25.4 3.8278e-18
25.5 3.8476e-18
25.6 3.8674e-18
25.7 3.8872e-18
25.8 3.907e-18
25.9 3.94733333333333e-18
26 3.98766666666667e-18
26.1 4.028e-18
26.2 4.06833333333333e-18
26.3 4.10866666666667e-18
26.4 4.149e-18
26.5 4.18366666666667e-18
26.6 4.21833333333333e-18
26.7 4.253e-18
26.8 4.28766666666667e-18
26.9 4.32233333333333e-18
27 4.357e-18
27.1 4.40816666666667e-18
27.2 4.45933333333333e-18
27.3 4.5105e-18
27.4 4.56166666666667e-18
27.5 4.61283333333333e-18
27.6 4.664e-18
27.7 4.7025e-18
27.8 4.741e-18
27.9 4.7795e-18
28 4.818e-18
28.1 4.8565e-18
28.2 4.895e-18
28.3 4.94616666666667e-18
28.4 4.99733333333333e-18
28.5 5.0485e-18
28.6 5.09966666666667e-18
28.7 5.15083333333333e-18
28.8 5.202e-18
28.9 5.271e-18
29 5.34e-18
29.1 5.409e-18
29.2 5.478e-18
29.3 5.547e-18
29.4 5.616e-18
29.5 5.685e-18
29.6 5.73357142857143e-18
29.7 5.78214285714286e-18
29.8 5.83071428571429e-18
29.9 5.87928571428571e-18
30 5.92785714285714e-18
30.1 5.97642857142857e-18
30.2 6.025e-18
30.3 6.073e-18
30.4 6.121e-18
30.5 6.169e-18
30.6 6.217e-18
30.7 6.265e-18
30.8 6.313e-18
30.9 6.361e-18
31 6.409e-18
31.1 6.46675e-18
31.2 6.5245e-18
31.3 6.58225e-18
31.4 6.64e-18
31.5 6.725e-18
31.6 6.81e-18
31.7 6.895e-18
31.8 6.98e-18
31.9 6.97175e-18
32 6.9635e-18
32.1 6.95525e-18
32.2 6.947e-18
32.3 7.06225e-18
32.4 7.1775e-18
32.5 7.29275e-18
32.6 7.408e-18
32.7 7.4586e-18
32.8 7.5092e-18
32.9 7.5598e-18
33 7.6104e-18
33.1 7.661e-18
33.2 7.724e-18
33.3 7.787e-18
33.4 7.85e-18
33.5 7.913e-18
33.6 7.9568e-18
33.7 8.0006e-18
33.8 8.0444e-18
33.9 8.0882e-18
34 8.132e-18
34.1 8.209e-18
34.2 8.286e-18
34.3 8.363e-18
34.4 8.44e-18
34.5 8.5278e-18
34.6 8.6156e-18
34.7 8.7034e-18
34.8 8.7912e-18
34.9 8.879e-18
35 8.9162e-18
35.1 8.9534e-18
35.2 8.9906e-18
35.3 9.0278e-18
35.4 9.065e-18
35.5 9.1594e-18
35.6 9.2538e-18
35.7 9.3482e-18
35.8 9.4426e-18
35.9 9.537e-18
36 9.6225e-18
36.1 9.708e-18
36.2 9.7935e-18
36.3 9.879e-18
36.4 9.9645e-18
36.5 1.005e-17
36.6 1.0096e-17
36.7 1.0142e-17
36.8 1.0188e-17
36.9 1.0234e-17
37 1.028e-17
37.1 1.0355e-17
37.2 1.043e-17
37.3 1.0505e-17
37.4 1.058e-17
37.5 1.0655e-17
37.6 1.073e-17
37.7 1.0764e-17
37.8 1.0798e-17
37.9 1.0832e-17
38 1.0866e-17
38.1 1.09e-17
38.2 1.09833333333333e-17
38.3 1.10666666666667e-17
38.4 1.115e-17
38.5 1.12333333333333e-17
38.6 1.13166666666667e-17
38.7 1.14e-17
38.8 1.15185714285714e-17
38.9 1.16371428571429e-17
39 1.17557142857143e-17
39.1 1.18742857142857e-17
39.2 1.19928571428571e-17
39.3 1.21114285714286e-17
39.4 1.223e-17
39.5 1.24e-17
39.6 1.257e-17
39.7 1.274e-17
39.8 1.291e-17
39.9 1.308e-17
40 1.325e-17
40.1 1.33057142857143e-17
40.2 1.33614285714286e-17
40.3 1.34171428571429e-17
40.4 1.34728571428571e-17
40.5 1.35285714285714e-17
40.6 1.35842857142857e-17
40.7 1.364e-17
40.8 1.37483333333333e-17
40.9 1.38566666666667e-17
41 1.3965e-17
41.1 1.40733333333333e-17
41.2 1.41816666666667e-17
41.3 1.429e-17
41.4 1.43814285714286e-17
41.5 1.44728571428571e-17
41.6 1.45642857142857e-17
41.7 1.46557142857143e-17
41.8 1.47471428571429e-17
41.9 1.48385714285714e-17
42 1.493e-17
42.1 1.499e-17
42.2 1.505e-17
42.3 1.511e-17
42.4 1.517e-17
42.5 1.523e-17
42.6 1.529e-17
42.7 1.535e-17
42.8 1.541e-17
42.9 1.548e-17
43 1.555e-17
43.1 1.562e-17
43.2 1.569e-17
43.3 1.576e-17
43.4 1.583e-17
43.5 1.59e-17
43.6 1.60225e-17
43.7 1.6145e-17
43.8 1.62675e-17
43.9 1.639e-17
44 1.65125e-17
44.1 1.6635e-17
44.2 1.67575e-17
44.3 1.688e-17
44.4 1.69825e-17
44.5 1.7085e-17
44.6 1.71875e-17
44.7 1.729e-17
44.8 1.73925e-17
44.9 1.7495e-17
45 1.75975e-17
45.1 1.77e-17
45.2 1.780625e-17
45.3 1.79125e-17
45.4 1.801875e-17
45.5 1.8125e-17
45.6 1.823125e-17
45.7 1.83375e-17
45.8 1.844375e-17
45.9 1.855e-17
46 1.86233333333333e-17
46.1 1.86966666666667e-17
46.2 1.877e-17
46.3 1.88433333333333e-17
46.4 1.89166666666667e-17
46.5 1.899e-17
46.6 1.90633333333333e-17
46.7 1.91366666666667e-17
46.8 1.921e-17
46.9 1.93266666666667e-17
47 1.94433333333333e-17
47.1 1.956e-17
47.2 1.96766666666667e-17
47.3 1.97933333333333e-17
47.4 1.991e-17
47.5 2.00266666666667e-17
47.6 2.01433333333333e-17
47.7 2.026e-17
47.8 2.04155555555556e-17
47.9 2.05711111111111e-17
48 2.07266666666667e-17
48.1 2.08822222222222e-17
48.2 2.10377777777778e-17
48.3 2.11933333333333e-17
48.4 2.13488888888889e-17
48.5 2.15044444444444e-17
48.6 2.166e-17
48.7 2.1703e-17
48.8 2.1746e-17
48.9 2.1789e-17
49 2.1832e-17
49.1 2.1875e-17
49.2 2.1918e-17
49.3 2.1961e-17
49.4 2.2004e-17
49.5 2.2047e-17
49.6 2.209e-17
49.7 2.2191e-17
49.8 2.2292e-17
49.9 2.2393e-17
50 2.2494e-17
50.1 2.2595e-17
50.2 2.2696e-17
50.3 2.2797e-17
50.4 2.2898e-17
50.5 2.2999e-17
50.6 2.31e-17
50.7 2.31639990166182e-17
50.8 2.32279980332364e-17
50.9 2.32919970498547e-17
51 2.33559960664729e-17
51.1 2.34199950830911e-17
51.2 2.34839940997093e-17
51.3 2.35479931163275e-17
51.4 2.36119921329457e-17
51.5 2.3675991149564e-17
51.6 2.37516e-17
51.7 2.38957312632435e-17
51.8 2.4056e-17
51.9 2.41790576476448e-17
52 2.43094e-17
52.1 2.32281584158416e-17
52.2 2.3356985e-17
52.3 2.346063e-17
52.4 2.35654554455446e-17
52.5 2.365557e-17
52.6 2.376007e-17
52.7 2.38605198019802e-17
52.8 2.39571e-17
52.9 2.4049535e-17
53 2.4160875e-17
53.1 2.4250365e-17
53.2 2.435743e-17
53.3 2.446212e-17
53.4 2.45595693069307e-17
53.5 2.465915e-17
53.6 2.47589e-17
53.7 2.485409e-17
53.8 2.49564059405941e-17
53.9 2.5044185e-17
54 2.516531e-17
54.1 2.5277125e-17
54.2 2.5362625e-17
54.3 2.5470925e-17
54.4 2.5561555e-17
54.5 2.5646675e-17
54.6 2.5781765e-17
54.7 2.59010445544554e-17
54.8 2.59797722772277e-17
54.9 2.60914141414141e-17
55 2.61699603960396e-17
55.1 2.6239e-17
55.2 2.64230742574257e-17
55.3 2.655744e-17
55.4 2.659772e-17
55.5 2.670982e-17
55.6 2.679741e-17
55.7 2.681869e-17
55.8 2.70142376237624e-17
55.9 2.7243435e-17
56 2.7265e-17
56.1 2.729084e-17
56.2 2.743828e-17
56.3 2.7462125e-17
56.4 2.7533375e-17
56.5 2.78566336633663e-17
56.6 2.7956125e-17
56.7 2.7941875e-17
56.8 2.802234e-17
56.9 2.811753e-17
57 2.81748366336634e-17
57.1 2.83613e-17
57.2 2.859766e-17
57.3 2.859253e-17
57.4 2.8609535e-17
57.5 2.87046732673267e-17
57.6 2.878975e-17
57.7 2.888019e-17
57.8 2.914638e-17
57.9 2.927197e-17
58 2.926266e-17
58.1 2.92670050505051e-17
58.2 2.932821e-17
58.3 2.941428e-17
58.4 2.9461685e-17
58.5 2.97236e-17
58.6 2.989878e-17
58.7 2.988719e-17
58.8 2.988453e-17
58.9 2.991056e-17
59 2.99860303030303e-17
59.1 3.0089825e-17
59.2 3.0199645e-17
59.3 3.0278115e-17
59.4 3.0318965e-17
59.5 3.033806e-17
59.6 3.03733811881188e-17
59.7 3.047277e-17
59.8 3.06207574257426e-17
59.9 3.0778195e-17
60 3.090388e-17
60.1 3.0967601010101e-17
60.2 3.09843910891089e-17
60.3 3.101275e-17
60.4 3.110813e-17
60.5 3.12512e-17
60.6 3.14619848484848e-17
60.7 3.1692e-17
60.8 3.18393910891089e-17
60.9 3.18915e-17
61 3.1917435e-17
61.1 3.19790693069307e-17
61.2 3.20815e-17
61.3 3.2231125e-17
61.4 3.246625e-17
61.5 3.276075e-17
61.6 3.29935e-17
61.7 3.3062375e-17
61.8 3.3069405e-17
61.9 3.3109685e-17
62 3.3161745e-17
62.1 3.3237745e-17
62.2 3.3372645e-17
62.3 3.36136336633663e-17
62.4 3.38637e-17
62.5 3.398416e-17
62.6 3.400069e-17
62.7 3.400278e-17
62.8 3.400981e-17
62.9 3.40338939393939e-17
63 3.406491e-17
63.1 3.412419e-17
63.2 3.4169196969697e-17
63.3 3.423287e-17
63.4 3.4292435e-17
63.5 3.435409e-17
63.6 3.4430375e-17
63.7 3.449906e-17
63.8 3.4570215e-17
63.9 3.4648875e-17
64 3.4724875e-17
64.1 3.4796125e-17
64.2 3.48748838383838e-17
64.3 3.494575e-17
64.4 3.50215101010101e-17
64.5 3.5099555e-17
64.6 3.51787821782178e-17
64.7 3.52617929292929e-17
64.8 3.53378366336634e-17
64.9 3.54046e-17
65 3.54850909090909e-17
65.1 3.5575125e-17
65.2 3.5646755e-17
65.3 3.5720095959596e-17
65.4 3.580284e-17
65.5 3.5874375e-17
65.6 3.5952655e-17
65.7 3.603122e-17
65.8 3.6109215e-17
65.9 3.61874e-17
66 3.62516161616162e-17
66.1 3.632515e-17
66.2 3.640837e-17
66.3 3.649406e-17
66.4 3.6569585e-17
66.5 3.664796e-17
66.6 3.6712085e-17
66.7 3.678571e-17
66.8 3.6871495e-17
66.9 3.6955e-17
67 3.7031e-17
67.1 3.7102155e-17
67.2 3.717331e-17
67.3 3.725387e-17
67.4 3.733975e-17
67.5 3.7410904040404e-17
67.6 3.747484e-17
67.7 3.75610247524753e-17
67.8 3.763216e-17
67.9 3.7717755e-17
68 3.77865858585859e-17
68.1 3.78647425742574e-17
68.2 3.79432908163265e-17
68.3 3.80095e-17
68.4 3.8092435e-17
68.5 3.8161025e-17
68.6 3.8242535e-17
68.7 3.832319e-17
68.8 3.83892121212121e-17
68.9 3.84701060606061e-17
69 3.853124e-17
69.1 3.8607715e-17
69.2 3.8683525e-17
69.3 3.8767125e-17
69.4 3.88357121212121e-17
69.5 3.8912e-17
69.6 3.8969095e-17
69.7 3.9049465e-17
69.8 3.9132685e-17
69.9 3.9197095e-17
70 3.927832e-17
70.1 3.93446818181818e-17
70.2 3.9408755e-17
70.3 3.9480005e-17
70.4 3.9569685e-17
70.5 3.96219090909091e-17
70.6 3.9707435e-17
70.7 3.9764625e-17
70.8 3.98450151515151e-17
70.9 3.9886605e-17
71 3.99777871287129e-17
71.1 4.00390454545454e-17
71.2 4.012116e-17
71.3 4.017531e-17
71.4 4.028057e-17
71.5 4.031287e-17
71.6 4.039153e-17
71.7 4.04440909090909e-17
71.8 4.052681e-17
71.9 4.058609e-17
72 4.064024e-17
72.1 4.071966e-17
72.2 4.07855151515151e-17
72.3 4.087109e-17
72.4 4.09386666666667e-17
72.5 4.10042070707071e-17
72.6 4.1059e-17
72.7 4.11228131313131e-17
72.8 4.1192095e-17
72.9 4.12590066666667e-17
73 4.1344e-17
73.1 4.1391125e-17
73.2 4.14651056910569e-17
73.3 4.154103e-17
73.4 4.160012e-17
73.5 4.1637455e-17
73.6 4.16803e-17
73.7 4.17689090909091e-17
73.8 4.181368e-17
73.9 4.191419e-17
74 4.195865e-17
74.1 4.20035303030303e-17
74.2 4.2079775e-17
74.3 4.2113215e-17
74.4 4.21687727272727e-17
74.5 4.222959e-17
74.6 4.22775909090909e-17
74.7 4.234378e-17
74.8 4.238957e-17
74.9 4.2425955e-17
75 4.248913e-17
75.1 4.267609e-17
75.2 4.272853e-17
75.3 4.2788e-17
75.4 4.2842625e-17
75.5 4.2899625e-17
75.6 4.2957005e-17
75.7 4.30236e-17
75.8 4.308478e-17
75.9 4.313988e-17
76 4.31921818181818e-17
76.1 4.327022e-17
76.2 4.3303755e-17
76.3 4.3358475e-17
76.4 4.342507e-17
76.5 4.34818838383838e-17
76.6 4.353413e-17
76.7 4.360519e-17
76.8 4.365725e-17
76.9 4.37194797979798e-17
77 4.376935e-17
77.1 4.382616e-17
77.2 4.38804059405941e-17
77.3 4.39304949494949e-17
77.4 4.39875909090909e-17
77.5 4.40375792079208e-17
77.6 4.40850858585859e-17
77.7 4.414175e-17
77.8 4.41989898989899e-17
77.9 4.4253375e-17
78 4.4296125e-17
78.1 4.435094e-17
78.2 4.44005765306122e-17
78.3 4.446456e-17
78.4 4.450503e-17
78.5 4.455918e-17
78.6 4.46165101010101e-17
78.7 4.466178e-17
78.8 4.471365e-17
78.9 4.47635202020202e-17
79 4.4809125e-17
79.1 4.4856625e-17
79.2 4.4904196969697e-17
79.3 4.49635e-17
79.4 4.50270252525253e-17
79.5 4.504919e-17
79.6 4.5105905e-17
79.7 4.513621e-17
79.8 4.51882373737374e-17
79.9 4.524128e-17
80 4.527662e-17
80.1 4.5319465e-17
80.2 4.53723838383838e-17
80.3 4.5398125e-17
80.4 4.54480940594059e-17
80.5 4.5498065e-17
80.6 4.5533595959596e-17
80.7 4.559354e-17
80.8 4.561197e-17
80.9 4.56645808080808e-17
81 4.56974949494949e-17
81.1 4.57427821782178e-17
81.2 4.579057e-17
81.3 4.5825696969697e-17
81.4 4.5835125e-17
81.5 4.586125e-17
81.6 4.5911125e-17
81.7 4.5944303030303e-17
81.8 4.59705e-17
81.9 4.5996815e-17
82 4.6044125e-17
82.1 4.6094e-17
82.2 4.611357e-17
82.3 4.6141595e-17
82.4 4.6181875e-17
82.5 4.6246475e-17
82.6 4.6284095959596e-17
82.7 4.62962277227723e-17
82.8 4.63367777777778e-17
82.9 4.6391445e-17
83 4.6436e-17
83.1 4.63982878787879e-17
83.2 4.64362821782178e-17
83.3 4.65004848484848e-17
83.4 4.6526155e-17
83.5 4.65301363636364e-17
83.6 4.650687e-17
83.7 4.656919e-17
83.8 4.6597595959596e-17
83.9 4.66374e-17
84 4.6597405e-17
84.1 4.6645095959596e-17
84.2 4.67580594059406e-17
84.3 4.68188787878788e-17
84.4 4.681904e-17
84.5 4.68428686868687e-17
84.6 4.6873e-17
84.7 4.691575e-17
84.8 4.69538939393939e-17
84.9 4.6974745e-17
85 4.69937171717172e-17
85.1 4.7079625e-17
85.2 4.70695252525253e-17
85.3 4.704096e-17
85.4 4.692088e-17
85.5 4.692544e-17
85.6 4.6975695e-17
85.7 4.699175e-17
85.8 4.70084949494949e-17
85.9 4.6994125e-17
86 4.7045599009901e-17
86.1 4.70428484848485e-17
86.2 4.6999635e-17
86.3 4.69831616161616e-17
86.4 4.70703888888889e-17
86.5 4.715667e-17
86.6 4.7293375e-17
86.7 4.7437775e-17
86.8 4.7490595959596e-17
86.9 4.74594603960396e-17
87 4.73496313131313e-17
87.1 4.73195e-17
87.2 4.73838366336634e-17
87.3 4.74411767676768e-17
87.4 4.75449090909091e-17
87.5 4.7544365e-17
87.6 4.76579494949495e-17
87.7 4.765124e-17
87.8 4.75542171717172e-17
87.9 4.735655e-17
88 4.7232765e-17
88.1 4.71597272727273e-17
88.2 4.719334e-17
88.3 4.7326625e-17
88.4 4.7471404040404e-17
88.5 4.755358e-17
88.6 4.747245e-17
88.7 4.74779292929293e-17
88.8 4.749734e-17
88.9 4.73547171717172e-17
89 4.717282e-17
89.1 4.72321e-17
89.2 4.74054797979798e-17
89.3 4.77286717171717e-17
89.4 4.77974158415842e-17
89.5 4.79392295918367e-17
89.6 4.801775e-17
89.7 4.82244949494949e-17
89.8 4.83455e-17
89.9 4.82920466666667e-17
90 4.81411089108911e-17
90.1 4.81068484848485e-17
90.2 4.834873e-17
90.3 4.8778415e-17
90.4 4.9051825e-17
90.5 4.913875e-17
90.6 4.91949343434343e-17
90.7 4.91519444444444e-17
90.8 4.9022945e-17
90.9 4.903881e-17
91 4.88814343434343e-17
91.1 4.86622920792079e-17
91.2 4.89192806122449e-17
91.3 4.933179e-17
91.4 4.95539e-17
91.5 4.96929646464646e-17
91.6 4.9622395e-17
91.7 4.9927535e-17
91.8 4.9864075e-17
91.9 4.9841797979798e-17
92 4.9848875e-17
92.1 4.981287e-17
92.2 4.95995e-17
92.3 4.9744375e-17
92.4 4.96468080808081e-17
92.5 4.9654125e-17
92.6 4.9663696969697e-17
92.7 4.959779e-17
92.8 4.93268217821782e-17
92.9 4.92004030612245e-17
93 4.90445495049505e-17
93.1 4.84782121212121e-17
93.2 4.80717272727273e-17
93.3 4.78057272727273e-17
93.4 4.7507885e-17
93.5 4.75361767676768e-17
93.6 4.779678e-17
93.7 4.74743787878788e-17
93.8 4.73578838383838e-17
93.9 4.71593434343434e-17
94 4.6479795e-17
94.1 4.649718e-17
94.2 4.63299646464646e-17
94.3 4.6444645e-17
94.4 4.61315153061225e-17
94.5 4.56037623762377e-17
94.6 4.55640151515151e-17
94.7 4.5540696969697e-17
94.8 4.576473e-17
94.9 4.546719e-17
95 4.50640656565657e-17
95.1 4.48040151515152e-17
95.2 4.45780303030303e-17
95.3 4.467337e-17
95.4 4.48142580645161e-17
95.5 4.49367733333333e-17
95.6 4.50691287128713e-17
95.7 4.43185555555555e-17
95.8 4.446817e-17
95.9 4.46195808080808e-17
96 4.467071e-17
96.1 4.40553383838384e-17
96.2 4.3535935e-17
96.3 4.30818282828283e-17
96.4 4.30510549999999e-17
96.5 4.3094303030303e-17
96.6 4.364053e-17
96.7 4.35560606060606e-17
96.8 4.3732965e-17
96.9 4.31380606060606e-17
97 4.24992575757576e-17
97.1 4.2131455e-17
97.2 4.223548e-17
97.3 4.21120606060606e-17
97.4 4.19591010101011e-17
97.5 4.193699e-17
97.6 4.14374646464646e-17
97.7 4.090225e-17
97.8 4.03092676767677e-17
97.9 4.06258775510204e-17
98 4.1721055e-17
98.1 4.2450797979798e-17
98.2 4.194592e-17
98.3 4.06458939393939e-17
98.4 3.97304393939394e-17
98.5 3.92255e-17
98.6 3.88827244897959e-17
98.7 3.91995396039604e-17
98.8 3.94009141414141e-17
98.9 3.95804545454545e-17
99 3.97525101010101e-17
99.1 3.95502272727273e-17
99.2 3.877653e-17
99.3 3.76791111111111e-17
99.4 3.74999545454545e-17
99.5 3.786301e-17
99.6 3.7662702020202e-17
99.7 3.7535184e-17
99.8 3.6873205e-17
99.9 3.62463775510204e-17
100 3.60909797979798e-17
100.1 3.59195e-17
100.2 3.54394141414141e-17
100.3 3.50847474747475e-17
100.4 3.520358e-17
100.5 3.57451414141415e-17
100.6 3.6007945e-17
100.7 3.56179949494949e-17
100.8 3.51879040404041e-17
100.9 3.440634e-17
101 3.35684898989899e-17
101.1 3.308679e-17
101.2 3.30803434343434e-17
101.3 3.310712e-17
101.4 3.28655408163265e-17
101.5 3.2862875e-17
101.6 3.3475435e-17
101.7 3.34462373737374e-17
101.8 3.29014747474748e-17
101.9 3.23895849999999e-17
102 3.23053737373737e-17
102.1 3.25444795918367e-17
102.2 3.21757475247525e-17
102.3 3.16154183673469e-17
102.4 3.14968181818182e-17
102.5 3.16479545454545e-17
102.6 3.187649e-17
102.7 3.195743e-17
102.8 3.14234795918367e-17
102.9 3.153335e-17
103 3.07164747474748e-17
103.1 3.059513e-17
103.2 3.14336767676768e-17
103.3 3.21852991803279e-17
103.4 3.19493636363636e-17
103.5 3.12873487986744e-17
103.6 3.11515364565245e-17
103.7 3.10157241143746e-17
103.8 3.08799117722247e-17
103.9 3.07440994300748e-17
104 3.06082870879249e-17
104.1 3.0472474745775e-17
104.2 3.03366624036251e-17
104.3 3.02008500614751e-17
104.4 3.00650377193252e-17
104.5 2.99292253771753e-17
104.6 2.97934130350254e-17
104.7 3.00073333333333e-17
104.8 3.05653e-17
104.9 3.055314e-17
105 3.02314949494949e-17
105.1 3.00458826530612e-17
105.2 3.0318395e-17
105.3 3.094283e-17
105.4 3.1205101010101e-17
105.5 3.11225757575757e-17
105.6 3.05988282828283e-17
105.7 2.99097033898305e-17
105.8 2.96785757575758e-17
105.9 2.99171313131313e-17
106 3.04453888888889e-17
106.1 3.043382e-17
106.2 3.03277424242424e-17
106.3 3.01048214285714e-17
106.4 3.007111e-17
106.5 3.0029404040404e-17
106.6 2.97611969696969e-17
106.7 2.9383595959596e-17
106.8 2.908273e-17
106.9 2.89971666666667e-17
107 2.91606818181818e-17
107.1 2.93625612244898e-17
107.2 2.9416465e-17
107.3 2.91832323232323e-17
107.4 2.89306666666667e-17
107.5 2.90164545454545e-17
107.6 2.91152929292929e-17
107.7 2.877303e-17
107.8 2.835484e-17
107.9 2.74870505050505e-17
108 2.67057881355932e-17
108.1 2.65366020408163e-17
108.2 2.73351464646465e-17
108.3 2.80763383838384e-17
108.4 2.82172070707071e-17
108.5 2.784849e-17
108.6 2.72638484848484e-17
108.7 2.6885e-17
108.8 2.66409081632653e-17
108.9 2.64958838383839e-17
109 2.62203838383838e-17
109.1 2.58759848484848e-17
109.2 2.48479696969697e-17
109.3 2.35136632653062e-17
109.4 2.2776297979798e-17
109.5 2.28669797979798e-17
109.6 2.3609898989899e-17
109.7 2.42608625e-17
109.8 2.43020555555556e-17
109.9 2.37134393939394e-17
110 2.32775909090909e-17
110.1 2.28679540816326e-17
110.2 2.2557702020202e-17
110.3 2.2346398989899e-17
110.4 2.19709090909091e-17
110.5 2.12067828282828e-17
110.6 2.04628080808081e-17
110.7 1.98888737373737e-17
110.8 1.95740303030303e-17
110.9 1.9453696969697e-17
111 1.93573535353535e-17
111.1 1.94326818181818e-17
111.2 1.95672171717172e-17
111.3 1.96176919191919e-17
111.4 1.95339191919192e-17
111.5 1.92662878787879e-17
111.6 1.88725882352941e-17
111.7 1.84361414141414e-17
111.8 1.81522929292929e-17
111.9 1.78357653061225e-17
112 1.7588585e-17
112.1 1.74216428571429e-17
112.2 1.73301111111111e-17
112.3 1.72554545454546e-17
112.4 1.71245656565657e-17
112.5 1.69939489795918e-17
112.6 1.69758282828283e-17
112.7 1.70143080808081e-17
112.8 1.71044591836735e-17
112.9 1.713211e-17
113 1.71629132653061e-17
113.1 1.7142797979798e-17
113.2 1.70813838383838e-17
113.3 1.6989325e-17
113.4 1.68931737288136e-17
113.5 1.69326464646465e-17
113.6 1.69326836734694e-17
113.7 1.69802424242424e-17
113.8 1.70868535353535e-17
113.9 1.71422653061224e-17
114 1.71026868686869e-17
114.1 1.71152575757576e-17
114.2 1.72691767676768e-17
114.3 1.74541868686869e-17
114.4 1.75666515151515e-17
114.5 1.76125153061224e-17
114.6 1.76186616161616e-17
114.7 1.7622404040404e-17
114.8 1.77277676767677e-17
114.9 1.77804494949495e-17
115 1.78605683760684e-17
115.1 1.79537525252525e-17
115.2 1.79961666666667e-17
115.3 1.80098888888889e-17
115.4 1.80615357142857e-17
115.5 1.81294545454545e-17
115.6 1.82585202020202e-17
115.7 1.8425915e-17
115.8 1.85756020408163e-17
115.9 1.86143383838384e-17
116 1.86200969387755e-17
116.1 1.8703315e-17
116.2 1.87395255102041e-17
116.3 1.87308333333333e-17
116.4 1.8677095959596e-17
116.5 1.87490255102041e-17
116.6 1.8861015e-17
116.7 1.88555808080808e-17
116.8 1.8862297979798e-17
116.9 1.89606428571429e-17
117 1.9095e-17
117.1 1.91988282828283e-17
117.2 1.92871326530612e-17
117.3 1.93967929292929e-17
117.4 1.95498484848485e-17
117.5 1.96404744897959e-17
117.6 1.96533673469388e-17
117.7 1.96669191919192e-17
117.8 1.96285353535354e-17
117.9 1.95480618556701e-17
118 1.94223966942149e-17
118.1 1.93798041237113e-17
118.2 1.94414141414141e-17
118.3 1.95062828282828e-17
118.4 1.96082908163265e-17
118.5 1.96279595959596e-17
118.6 1.96129898989899e-17
118.7 1.96484484536082e-17
118.8 1.96292070707071e-17
118.9 1.963954e-17
119 1.97537319587629e-17
119.1 1.98909848484849e-17
119.2 1.99652575757576e-17
119.3 1.99563979591837e-17
119.4 1.99171818181818e-17
119.5 1.97738034188034e-17
119.6 1.95874646464647e-17
119.7 1.9427887755102e-17
119.8 1.93472777777778e-17
119.9 1.9330885e-17
120 1.93159484536082e-17
120.1 1.9335255e-17
120.2 1.94883775510204e-17
120.3 1.94234285714286e-17
120.4 1.92632171717172e-17
120.5 1.90810858585859e-17
120.6 1.9045196969697e-17
120.7 1.90461288659794e-17
120.8 1.90033585858586e-17
120.9 1.89164387755102e-17
121 1.87899444444445e-17
121.1 1.86172171717172e-17
121.2 1.84624744897959e-17
121.3 1.82844292929293e-17
121.4 1.81265757575758e-17
121.5 1.80634343434343e-17
121.6 1.80092577319588e-17
121.7 1.80016363636364e-17
121.8 1.80187857142857e-17
121.9 1.80482727272727e-17
122 1.80666734693878e-17
122.1 1.81223535353535e-17
122.2 1.80820867346939e-17
122.3 1.80404030612245e-17
122.4 1.80397244897959e-17
122.5 1.80009646464646e-17
122.6 1.79728367346939e-17
122.7 1.79653636363636e-17
122.8 1.80155867346939e-17
122.9 1.80182373737374e-17
123 1.8003381443299e-17
123.1 1.79979898989899e-17
123.2 1.80238265306122e-17
123.3 1.80601386554622e-17
123.4 1.80717828282828e-17
123.5 1.80761734693878e-17
123.6 1.8080898989899e-17
123.7 1.81653571428571e-17
123.8 1.82417448979592e-17
123.9 1.82510510204082e-17
124 1.8204185e-17
124.1 1.81868195876289e-17
124.2 1.82341464646465e-17
124.3 1.82703232323232e-17
124.4 1.8239806122449e-17
124.5 1.82958367346939e-17
124.6 1.83501564989855e-17
124.7 1.83878507915683e-17
124.8 1.8425545084151e-17
124.9 1.84632393767338e-17
125 1.85009336693166e-17
125.1 1.8532e-17
125.2 1.85591150217844e-17
125.3 1.85862300435689e-17
125.4 1.86133450653533e-17
125.5 1.86404600871378e-17
125.6 1.86675751089222e-17
125.7 1.86946901307067e-17
125.8 1.87218051524911e-17
125.9 1.87489201742755e-17
126 1.877603519606e-17
126.1 1.88031502178444e-17
126.2 1.88364e-17
126.3 1.8821171633351e-17
126.4 1.88059432667021e-17
126.5 1.87907149000531e-17
126.6 1.87754865334041e-17
126.7 1.87602581667552e-17
126.8 1.87450298001062e-17
126.9 1.87298014334572e-17
127 1.87145730668083e-17
127.1 1.86993447001593e-17
127.2 1.86841163335103e-17
127.3 1.86688879668614e-17
127.4 1.86536596002124e-17
127.5 1.86309e-17
127.6 1.85850782268102e-17
127.7 1.85392564536204e-17
127.8 1.84934346804305e-17
127.9 1.84476129072407e-17
128 1.84017911340509e-17
128.1 1.83559693608611e-17
128.2 1.83101475876712e-17
128.3 1.82643258144814e-17
128.4 1.82221e-17
128.5 1.81306665398005e-17
128.6 1.8039233079601e-17
128.7 1.79477996194015e-17
128.8 1.78563661592019e-17
128.9 1.77628e-17
129 1.7673888901241e-17
129.1 1.75849778024821e-17
129.2 1.74960667037231e-17
129.3 1.74071556049642e-17
129.4 1.73035e-17
129.5 1.72386958914042e-17
129.6 1.71738917828084e-17
129.7 1.71090876742127e-17
129.8 1.70442835656169e-17
129.9 1.69794794570211e-17
130 1.69146753484253e-17
130.1 1.68439e-17
130.2 1.67042642256189e-17
130.3 1.65646284512378e-17
130.4 1.64249926768567e-17
130.5 1.62853569024756e-17
130.6 1.61457211280945e-17
130.7 1.60060853537134e-17
130.8 1.58664495793323e-17
130.9 1.57268138049512e-17
131 1.55871780305701e-17
131.1 1.5447542256189e-17
131.2 1.53646e-17
131.3 1.51535129427333e-17
131.4 1.49424258854665e-17
131.5 1.47313388281998e-17
131.6 1.45202517709331e-17
131.7 1.43091647136664e-17
131.8 1.40980776563996e-17
131.9 1.38869905991329e-17
132 1.35797e-17
132.1 1.33648610024222e-17
132.2 1.31500220048444e-17
132.3 1.29351830072665e-17
132.4 1.27203440096887e-17
132.5 1.25055050121109e-17
132.6 1.2290666014533e-17
132.7 1.20758270169552e-17
132.8 1.18609880193774e-17
132.9 1.16461490217996e-17
133 1.14313100242218e-17
133.1 1.12164710266439e-17
133.2 1.10016320290661e-17
133.3 1.07751e-17
133.4 1.05898247384619e-17
133.5 1.04045494769238e-17
133.6 1.02192742153856e-17
133.7 1.00339989538475e-17
133.8 9.84872369230942e-18
133.9 9.6634484307713e-18
134 9.47817316923319e-18
134.1 9.29289790769507e-18
134.2 9.10762264615695e-18
134.3 8.92234738461883e-18
134.4 8.73707212308072e-18
134.5 8.5517968615426e-18
134.6 8.36652160000449e-18
134.7 8.18124633846637e-18
134.8 7.99597107692825e-18
134.9 7.81069581539013e-18
135 7.62542055385202e-18
135.1 7.44014529231391e-18
135.2 7.25487003077578e-18
135.3 7.00117e-18
135.4 6.77095423513963e-18
135.5 6.54073847027926e-18
135.6 6.3105227054189e-18
135.7 6.08030694055853e-18
135.8 5.85009117569816e-18
135.9 5.61987541083779e-18
136 5.38965964597742e-18
136.1 5.15944388111705e-18
136.2 4.92922811625668e-18
136.3 4.69901235139631e-18
136.4 4.46879658653594e-18
136.5 4.23858082167558e-18
136.6 4.00836505681521e-18
136.7 3.77814929195483e-18
136.8 3.54793352709446e-18
136.9 3.43176e-18
137 3.33549281235032e-18
137.1 3.23922562470065e-18
137.2 3.14295843705096e-18
137.3 3.04669124940128e-18
137.4 2.92147e-18
137.5 2.81181912309218e-18
137.6 2.70216824618436e-18
137.7 2.59251736927653e-18
137.8 2.46235e-18
137.9 2.33775391594614e-18
138 2.21315783189228e-18
138.1 2.08856174783842e-18
138.2 1.95226e-18
138.3 1.87580317641531e-18
138.4 1.79934635283062e-18
138.5 1.72288952924593e-18
138.6 1.64643270566124e-18
138.7 1.56997588207655e-18
138.8 1.49294e-18
138.9 1.43533938007122e-18
139 1.37773876014244e-18
139.1 1.32013814021366e-18
139.2 1.26253752028487e-18
139.3 1.20493690035609e-18
139.4 1.14733628042731e-18
139.5 1.08973566049853e-18
139.6 1.03341e-18
139.7 9.76267522315097e-19
139.8 9.19125044630194e-19
139.9 8.61982566945292e-19
140 8.0484008926039e-19
140.1 7.4769761157549e-19
140.2 6.90555133890585e-19
140.3 6.33412656205682e-19
140.4 5.73881e-19
140.5 5.39007365134797e-19
140.6 5.04133730269595e-19
140.7 4.69260095404392e-19
140.8 4.34386460539189e-19
140.9 3.99512825673986e-19
141 3.64639190808784e-19
141.1 3.29765555943582e-19
141.2 2.94891921078377e-19
141.3 2.60018286213174e-19
141.4 2.16086e-19
141.5 2.05289728687531e-19
141.6 1.94493457375061e-19
141.7 1.83697186062592e-19
141.8 1.72900914750122e-19
141.9 1.62104643437653e-19
142 1.51308372125183e-19
142.1 1.40512100812714e-19
142.2 1.29715829500244e-19
142.3 1.18919558187775e-19
142.4 1.08123286875305e-19
142.5 9.73270155628357e-20
142.6 8.65307442503664e-20
142.7 7.57344729378967e-20
142.8 6.49382016254271e-20
142.9 5.41419303129576e-20
143 4.33456590004883e-20
143.1 3.25493876880192e-20
143.2 2.17531163755489e-20
143.3 1.03809e-20
143.4 9.84464801868512e-21
143.5 9.30839603737024e-21
143.6 8.77214405605536e-21
143.7 8.23589207474048e-21
143.8 7.69964009342559e-21
143.9 7.16338811211071e-21
144 6.62713613079584e-21
144.1 6.09088414948096e-21
144.2 5.55463216816607e-21
144.3 5.01838018685119e-21
144.4 4.48212820553631e-21
144.5 3.94587622422143e-21
144.6 3.40962424290656e-21
144.7 2.87337226159167e-21
144.8 2.33712028027678e-21
144.9 1.8008682989619e-21
145 1.26461631764703e-21
145.1 7.28364336332172e-22
145.2 0
145.3 0
145.4 0
145.5 0
145.6 0
145.7 0
145.8 0
145.9 0
146 0
146.1 0
146.2 0
146.3 0
146.4 0
146.5 0
146.6 0
146.7 0
146.8 0
146.9 0
147 0
147.1 0
147.2 0
147.3 0
147.4 0
147.5 0
147.6 0
147.7 0
147.8 0
147.9 0
148 0
148.1 0
148.2 0
148.3 0
148.4 0
148.5 0
148.6 0
148.7 0
148.8 0
148.9 0
149 0
149.1 0
149.2 0
149.3 0
149.4 0
149.5 0
149.6 0
149.7 0
149.8 0
149.9 0
150 0
150.1 0
150.2 0
150.3 0
150.4 0
150.5 0
150.6 0
150.7 0
150.8 0
150.9 0
151 0
151.1 0
151.2 0
151.3 0
151.4 0
151.5 0
151.6 0
151.7 0
151.8 0
151.9 0
152 0
152.1 0
152.2 0
152.3 0
152.4 0
152.5 0
152.6 0
152.7 0
152.8 0
152.9 0
153 0
153.1 0
153.2 0
153.3 0
153.4 0
153.5 0
153.6 0
153.7 0
153.8 0
153.9 0
