6 5.059e-19
6.1 5.059e-19
6.2 5.059e-19
6.3 5.03817829457364e-19
6.4 5.191e-19
6.5 5.34272262773723e-19
6.6 5.564e-19
6.7 5.61945205479452e-19
6.8 5.872e-19
6.9 5.992e-19
7 6.35470186335404e-19
7.1 6.453e-19
7.2 6.859e-19
7.3 6.772e-19
7.4 7.046e-19
7.5 7.222e-19
7.6 7.32e-19
7.7 7.67727835051546e-19
7.8 7.858e-19
7.9 1.062e-18
8 9.26304635761589e-19
8.1 8.571e-19
8.2 8.637e-19
8.3 8.999e-19
8.4 9.153e-19
8.5 9.526e-19
8.6 9.735e-19
8.7 9.976e-19
8.8 1.03952307692308e-18
8.9 1.063e-18
9 1.088e-18
9.1 1.108e-18
9.2 1.13675816993464e-18
9.3 1.152e-18
9.4 1.207e-18
9.5 1.229e-18
9.6 1.26448387096774e-18
9.7 1.295e-18
9.8 1.317e-18
9.9 1.35e-18
10 1.383e-18
10.1 1.4105e-18
10.2 1.427e-18
10.3 1.482e-18
10.4 1.50771428571429e-18
10.5 1.536e-18
10.6 1.57073684210526e-18
10.7 1.602e-18
10.8 1.63255555555556e-18
10.9 1.657e-18
11 1.70229411764706e-18
11.1 1.734e-18
11.2 1.77929411764706e-18
11.3 1.811e-18
11.4 1.85377777777778e-18
11.5 1.888e-18
11.6 1.9155e-18
11.7 1.943e-18
11.8 1.99754545454545e-18
11.9 2.063e-18
12 2.10530769230769e-18
12.1 2.14761538461538e-18
12.2 2.173e-18
12.3 2.239e-18
12.4 2.305e-18
12.5 2.32333333333333e-18
12.6 2.34166666666667e-18
12.7 2.36e-18
12.8 2.431e-18
12.9 2.502e-18
13 2.52766666666667e-18
13.1 2.55333333333333e-18
13.2 2.579e-18
13.3 2.601e-18
13.4 2.678e-18
13.5 2.755e-18
13.6 2.7e-18
13.7 2.766e-18
13.8 2.832e-18
13.9 2.886e-18
14 2.952e-18
14.1 3.018e-18
14.2 3.04e-18
14.3 3.062e-18
14.4 3.095e-18
14.5 3.1115e-18
14.6 3.128e-18
14.7 3.2265e-18
14.8 3.325e-18
14.9 3.347e-18
15 3.391e-18
15.1 3.435e-18
15.2 3.512e-18
15.3 3.589e-18
15.4 3.6275e-18
15.5 3.666e-18
15.6 3.6825e-18
15.7 3.699e-18
15.8 3.748e-18
15.9 3.797e-18
16 3.907e-18
16.1 4.017e-18
16.2 4.0445e-18
16.3 4.072e-18
16.4 4.1265e-18
16.5 4.181e-18
16.6 4.214e-18
16.7 4.247e-18
16.8 4.28e-18
16.9 4.3515e-18
17 4.423e-18
17.1 4.4615e-18
17.2 4.5e-18
17.3 4.55466666666667e-18
17.4 4.60933333333333e-18
17.5 4.664e-18
17.6 4.719e-18
17.7 4.774e-18
17.8 4.84366666666667e-18
17.9 4.91333333333333e-18
18 4.983e-18
18.1 5.032e-18
18.2 5.081e-18
18.3 5.12866666666667e-18
18.4 5.17633333333333e-18
18.5 5.224e-18
18.6 5.26433333333333e-18
18.7 5.30466666666667e-18
18.8 5.345e-18
18.9 5.43633333333333e-18
19 5.52766666666666e-18
19.1 5.619e-18
19.2 5.707e-18
19.3 5.795e-18
19.4 5.883e-18
19.5 5.93766666666667e-18
19.6 5.99233333333333e-18
19.7 6.047e-18
19.8 6.113e-18
19.9 6.179e-18
20 6.245e-18
20.1 6.31433333333333e-18
20.2 6.38366666666667e-18
20.3 6.453e-18
20.4 6.50525e-18
20.5 6.5575e-18
20.6 6.60975e-18
20.7 6.662e-18
20.8 6.78266666666667e-18
20.9 6.90333333333333e-18
21 7.024e-18
21.1 7.068e-18
21.2 7.112e-18
21.3 7.156e-18
21.4 7.2e-18
21.5 7.2795e-18
21.6 7.359e-18
21.7 7.4385e-18
21.8 7.518e-18
21.9 7.57266666666666e-18
22 7.62733333333333e-18
22.1 7.682e-18
22.2 7.77e-18
22.3 7.858e-18
22.4 7.946e-18
22.5 8.034e-18
22.6 8.0866e-18
22.7 8.1392e-18
22.8 8.1918e-18
22.9 8.2444e-18
23 8.297e-18
23.1 8.34925e-18
23.2 8.4015e-18
23.3 8.45375e-18
23.4 8.506e-18
23.5 8.62125e-18
23.6 8.7365e-18
23.7 8.85175e-18
23.8 8.967e-18
23.9 9.0218e-18
24 9.0766e-18
24.1 9.1314e-18
24.2 9.1862e-18
24.3 9.241e-18
24.4 9.287e-18
24.5 9.333e-18
24.6 9.379e-18
24.7 9.425e-18
24.8 9.471e-18
24.9 9.5865e-18
25 9.702e-18
25.1 9.764e-18
25.2 9.826e-18
25.3 9.888e-18
25.4 9.86266666666667e-18
25.5 9.83733333333333e-18
25.6 9.812e-18
25.7 9.916e-18
25.8 1.002e-17
25.9 9.976e-18
26 9.932e-18
26.1 9.888e-18
26.2 9.972e-18
26.3 1.0056e-17
26.4 1.014e-17
26.5 1.01666666666667e-17
26.6 1.01933333333333e-17
26.7 1.022e-17
26.8 1.025e-17
26.9 1.028e-17
27 1.031e-17
27.1 1.0545e-17
27.2 1.078e-17
27.3 1.0725e-17
27.4 1.067e-17
27.5 1.0615e-17
27.6 1.056e-17
27.7 1.06533333333333e-17
27.8 1.07466666666667e-17
27.9 1.084e-17
28 1.08233333333333e-17
28.1 1.08066666666667e-17
28.2 1.079e-17
28.3 1.08066666666667e-17
28.4 1.08233333333333e-17
28.5 1.084e-17
28.6 1.10066666666667e-17
28.7 1.11733333333333e-17
28.8 1.134e-17
28.9 1.128e-17
29 1.122e-17
29.1 1.116e-17
29.2 1.11e-17
29.3 1.11733333333333e-17
29.4 1.12466666666667e-17
29.5 1.132e-17
29.6 1.141e-17
29.7 1.15e-17
29.8 1.159e-17
29.9 1.168e-17
30 1.20633333333333e-17
30.1 1.24466666666667e-17
30.2 1.283e-17
30.3 1.2615e-17
30.4 1.24e-17
30.5 1.2185e-17
30.6 1.197e-17
30.7 1.19975e-17
30.8 1.2025e-17
30.9 1.20525e-17
31 1.208e-17
31.1 1.20925e-17
31.2 1.2105e-17
31.3 1.21175e-17
31.4 1.213e-17
31.5 1.21875e-17
31.6 1.2245e-17
31.7 1.23025e-17
31.8 1.236e-17
31.9 1.23775e-17
32 1.2395e-17
32.1 1.24125e-17
32.2 1.243e-17
32.3 1.25625e-17
32.4 1.2695e-17
32.5 1.28275e-17
32.6 1.296e-17
32.7 1.2966e-17
32.8 1.2972e-17
32.9 1.2978e-17
33 1.2984e-17
33.1 1.299e-17
33.2 1.30425e-17
33.3 1.3095e-17
33.4 1.31475e-17
33.5 1.32e-17
33.6 1.3298e-17
33.7 1.3396e-17
33.8 1.3494e-17
33.9 1.3592e-17
34 1.369e-17
34.1 1.374e-17
34.2 1.379e-17
34.3 1.384e-17
34.4 1.389e-17
34.5 1.3922e-17
34.6 1.3954e-17
34.7 1.3986e-17
34.8 1.4018e-17
34.9 1.405e-17
35 1.405e-17
35.1 1.405e-17
35.2 1.405e-17
35.3 1.405e-17
35.4 1.405e-17
35.5 1.4154e-17
35.6 1.4258e-17
35.7 1.4362e-17
35.8 1.4466e-17
35.9 1.457e-17
36 1.46016666666667e-17
36.1 1.46333333333333e-17
36.2 1.4665e-17
36.3 1.46966666666667e-17
36.4 1.47283333333333e-17
36.5 1.476e-17
36.6 1.4796e-17
36.7 1.4832e-17
36.8 1.4868e-17
36.9 1.4904e-17
37 1.494e-17
37.1 1.49283333333333e-17
37.2 1.49166666666667e-17
37.3 1.4905e-17
37.4 1.48933333333333e-17
37.5 1.48816666666667e-17
37.6 1.487e-17
37.7 1.4976e-17
37.8 1.5082e-17
37.9 1.5188e-17
38 1.5294e-17
38.1 1.54e-17
38.2 1.5485e-17
38.3 1.557e-17
38.4 1.5655e-17
38.5 1.574e-17
38.6 1.5825e-17
38.7 1.591e-17
38.8 1.60028571428571e-17
38.9 1.60957142857143e-17
39 1.61885714285714e-17
39.1 1.62814285714286e-17
39.2 1.63742857142857e-17
39.3 1.64671428571429e-17
39.4 1.656e-17
39.5 1.66316666666667e-17
39.6 1.67033333333333e-17
39.7 1.6775e-17
39.8 1.68466666666667e-17
39.9 1.69183333333333e-17
40 1.699e-17
40.1 1.70342857142857e-17
40.2 1.70785714285714e-17
40.3 1.71228571428571e-17
40.4 1.71671428571429e-17
40.5 1.72114285714286e-17
40.6 1.72557142857143e-17
40.7 1.73e-17
40.8 1.738e-17
40.9 1.746e-17
41 1.754e-17
41.1 1.762e-17
41.2 1.77e-17
41.3 1.778e-17
41.4 1.78885714285714e-17
41.5 1.79971428571429e-17
41.6 1.81057142857143e-17
41.7 1.82142857142857e-17
41.8 1.83228571428571e-17
41.9 1.84314285714286e-17
42 1.854e-17
42.1 1.855e-17
42.2 1.856e-17
42.3 1.857e-17
42.4 1.858e-17
42.5 1.859e-17
42.6 1.86e-17
42.7 1.861e-17
42.8 1.862e-17
42.9 1.873e-17
43 1.884e-17
43.1 1.895e-17
43.2 1.906e-17
43.3 1.917e-17
43.4 1.928e-17
43.5 1.939e-17
43.6 1.94525e-17
43.7 1.9515e-17
43.8 1.95775e-17
43.9 1.964e-17
44 1.97025e-17
44.1 1.9765e-17
44.2 1.98275e-17
44.3 1.989e-17
44.4 1.993125e-17
44.5 1.99725e-17
44.6 2.001375e-17
44.7 2.0055e-17
44.8 2.009625e-17
44.9 2.01375e-17
45 2.017875e-17
45.1 2.022e-17
45.2 2.026125e-17
45.3 2.03025e-17
45.4 2.034375e-17
45.5 2.0385e-17
45.6 2.042625e-17
45.7 2.04675e-17
45.8 2.050875e-17
45.9 2.055e-17
46 2.05955555555556e-17
46.1 2.06411111111111e-17
46.2 2.06866666666667e-17
46.3 2.07322222222222e-17
46.4 2.07777777777778e-17
46.5 2.08233333333333e-17
46.6 2.08688888888889e-17
46.7 2.09144444444444e-17
46.8 2.096e-17
46.9 2.09922222222222e-17
47 2.10244444444444e-17
47.1 2.10566666666667e-17
47.2 2.10888888888889e-17
47.3 2.11211111111111e-17
47.4 2.11533333333333e-17
47.5 2.11855555555556e-17
47.6 2.12177777777778e-17
47.7 2.125e-17
47.8 2.12144444444444e-17
47.9 2.11788888888889e-17
48 2.11433333333333e-17
48.1 2.11077777777778e-17
48.2 2.10722222222222e-17
48.3 2.10366666666667e-17
48.4 2.10011111111111e-17
48.5 2.09655555555556e-17
48.6 2.093e-17
48.7 2.0926e-17
48.8 2.0922e-17
48.9 2.0918e-17
49 2.0914e-17
49.1 2.091e-17
49.2 2.0906e-17
49.3 2.0902e-17
49.4 2.0898e-17
49.5 2.0894e-17
49.6 2.089e-17
49.7 2.0911e-17
49.8 2.0932e-17
49.9 2.0953e-17
50 2.0974e-17
50.1 2.0995e-17
50.2 2.1016e-17
50.3 2.1037e-17
50.4 2.1058e-17
50.5 2.1079e-17
50.6 2.11e-17
50.7 2.11254545454545e-17
50.8 2.11509090909091e-17
50.9 2.11763636363636e-17
51 2.12018181818182e-17
51.1 2.12272727272727e-17
51.2 2.12527272727273e-17
51.3 2.12781818181818e-17
51.4 2.13036363636364e-17
51.5 2.13290909090909e-17
51.6 2.13545454545455e-17
51.7 2.138e-17
51.8 2.13909090909091e-17
51.9 2.14018181818182e-17
52 2.14127272727273e-17
52.1 2.14236363636364e-17
52.2 2.14345454545455e-17
52.3 2.14454545454545e-17
52.4 2.14563636363636e-17
52.5 2.14672727272727e-17
52.6 2.14781818181818e-17
52.7 2.14890909090909e-17
52.8 2.15e-17
52.9 2.15209090909091e-17
53 2.15418181818182e-17
53.1 2.15627272727273e-17
53.2 2.15836363636364e-17
53.3 2.16045454545455e-17
53.4 2.16254545454546e-17
53.5 2.16463636363636e-17
53.6 2.16672727272727e-17
53.7 2.16881818181818e-17
53.8 2.17090909090909e-17
53.9 2.173e-17
54 2.17258333333333e-17
54.1 2.17216666666667e-17
54.2 2.17175e-17
54.3 2.17133333333333e-17
54.4 2.17091666666667e-17
54.5 2.1705e-17
54.6 2.17008333333333e-17
54.7 2.16966666666667e-17
54.8 2.16925e-17
54.9 2.16883333333333e-17
55 2.16841666666667e-17
55.1 2.168e-17
55.2 2.17192307692308e-17
55.3 2.17584615384615e-17
55.4 2.17976923076923e-17
55.5 2.18369230769231e-17
55.6 2.18761538461538e-17
55.7 2.19153846153846e-17
55.8 2.19546153846154e-17
55.9 2.19938461538462e-17
56 2.20330769230769e-17
56.1 2.20723076923077e-17
56.2 2.21115384615385e-17
56.3 2.21507692307692e-17
56.4 2.219e-17
56.5 2.21838461538462e-17
56.6 2.21776923076923e-17
56.7 2.21715384615385e-17
56.8 2.21653846153846e-17
56.9 2.21592307692308e-17
57 2.21530769230769e-17
57.1 2.21469230769231e-17
57.2 2.21407692307692e-17
57.3 2.21346153846154e-17
57.4 2.21284615384615e-17
57.5 2.21223076923077e-17
57.6 2.21161538461539e-17
57.7 2.211e-17
57.8 2.21130769230769e-17
57.9 2.21161538461538e-17
58 2.21192307692308e-17
58.1 2.21223076923077e-17
58.2 2.21253846153846e-17
58.3 2.21284615384615e-17
58.4 2.21315384615385e-17
58.5 2.21346153846154e-17
58.6 2.21376923076923e-17
58.7 2.21407692307692e-17
58.8 2.21438461538462e-17
58.9 2.21469230769231e-17
59 2.215e-17
59.1 2.21586666666667e-17
59.2 2.21673333333333e-17
59.3 2.2176e-17
59.4 2.21846666666667e-17
59.5 2.21933333333333e-17
59.6 2.2202e-17
59.7 2.22106666666667e-17
59.8 2.22193333333333e-17
59.9 2.2228e-17
60 2.22366666666667e-17
60.1 2.22453333333333e-17
60.2 2.2254e-17
60.3 2.22626666666667e-17
60.4 2.22713333333333e-17
60.5 2.228e-17
60.6 2.2256e-17
60.7 2.2232e-17
60.8 2.2208e-17
60.9 2.2184e-17
61 2.216e-17
61.1 2.2136e-17
61.2 2.2112e-17
61.3 2.2088e-17
61.4 2.2064e-17
61.5 2.204e-17
61.6 2.2016e-17
61.7 2.1992e-17
61.8 2.1968e-17
61.9 2.1944e-17
62 2.19577919750479e-17
62.1 2.19575276388168e-17
62.2 2.19573e-17
62.3 2.20553712255173e-17
62.4 2.21047e-17
62.5 2.19552e-17
62.6 2.18321919197784e-17
62.7 2.16573e-17
62.8 2.18500179078739e-17
62.9 2.21013e-17
63 2.17999484315614e-17
63.1 2.15069e-17
63.2 2.15775276035687e-17
63.3 2.1654e-17
63.4 2.15186350791899e-17
63.5 2.13561e-17
63.6 2.14253195267953e-17
63.7 2.15033e-17
63.8 2.13585642443052e-17
63.9 2.12055e-17
64 2.14263735244464e-17
64.1 2.16495e-17
64.2 2.14224058555114e-17
64.3 2.12033e-17
64.4 2.15470818350147e-17
64.5 2.17958e-17
64.6 2.18820617677613e-17
64.7 2.19431e-17
64.8 2.12003e-17
64.9 2.11397810922659e-17
65 2.10508e-17
65.1 2.13117775001963e-17
65.2 2.16433e-17
65.3 2.24209169781075e-17
65.4 2.32744e-17
65.5 2.17902e-17
65.6 2.10477e-17
65.7 2.1653480088984e-17
65.8 2.20855e-17
65.9 2.18335720837668e-17
66 2.16393e-17
66.1 2.19135143687848e-17
66.2 2.20834e-17
66.3 2.32698e-17
66.4 2.28238e-17
66.5 2.23864765797859e-17
66.6 2.19328e-17
66.7 2.1777255299252e-17
66.8 2.16351e-17
66.9 2.26729e-17
67 2.51947e-17
67.1 2.49281783222035e-17
67.2 2.46002e-17
67.3 2.3542766793926e-17
67.4 2.23737e-17
67.5 2.18723892483178e-17
67.6 2.14827e-17
67.7 2.05916e-17
67.8 2.0714713128916e-17
67.9 2.08874e-17
68 2.20563509044961e-17
68.1 2.34088e-17
68.2 2.36447309103116e-17
68.3 2.3853e-17
68.4 2.28137e-17
68.5 2.258200906788e-17
68.6 2.23503181357599e-17
68.7 2.22192e-17
68.8 2.26882993888039e-17
68.9 2.296e-17
69 2.39979e-17
69.1 2.41371667504541e-17
69.2 2.42936e-17
69.3 2.35630494636075e-17
69.4 2.3106e-17
69.5 2.32597436893482e-17
69.6 2.34016e-17
69.7 2.34607000923435e-17
69.8 2.35488e-17
69.9 2.3836532068761e-17
70 2.4124264137522e-17
70.1 2.42896e-17
70.2 2.43665583093758e-17
70.3 2.44369e-17
70.4 2.50251733663434e-17
70.5 2.54746e-17
70.6 2.57509587143851e-17
70.7 2.6067e-17
70.8 2.60665654249892e-17
70.9 2.60661308499783e-17
71 2.60659e-17
71.1 2.71038e-17
71.2 2.88838e-17
71.3 2.91799e-17
71.4 2.99213e-17
71.5 3.08932085392729e-17
71.6 3.14044e-17
71.7 3.14037e-17
71.8 3.11136658844875e-17
71.9 3.08094e-17
72 3.21441e-17
72.1 3.2355940588069e-17
72.2 3.25885e-17
72.3 3.27163700336351e-17
72.4 3.28842e-17
72.5 3.67415e-17
72.6 4.1934e-17
72.7 3.29302910452347e-17
72.8 3.62952e-17
72.9 2.47221e-17
73 2.36831e-17
73.1 2.42759e-17
73.2 2.56107e-17
73.3 2.66488e-17
73.4 2.55965112357979e-17
73.5 2.6873718843619e-17
73.6 2.57881441748218e-17
73.7 2.42733e-17
73.8 2.47473183046503e-17
73.9 2.50146e-17
74 2.73877e-17
74.1 2.82816334186042e-17
74.2 2.84371774155937e-17
74.3 2.57546e-17
74.4 2.33804e-17
74.5 2.40598440747154e-17
74.6 2.44182e-17
74.7 2.5753e-17
74.8 2.74681148173143e-17
74.9 2.84229e-17
75 2.60483e-17
75.1 2.72441304004803e-17
75.2 2.48991609136572e-17
75.3 2.27832e-17
75.4 2.35244e-17
75.5 2.48596e-17
75.6 2.82715e-17
75.7 2.9458e-17
75.8 2.90357930375696e-17
75.9 2.46995762539117e-17
76 2.01095e-17
76.1 1.92755295686623e-17
76.2 2.05351725401411e-17
76.3 2.53015e-17
76.4 2.7814914824063e-17
76.5 2.93065029904504e-17
76.6 2.66353e-17
76.7 2.41129e-17
76.8 2.09966e-17
76.9 1.77321e-17
77 1.87703e-17
77.1 2.14406e-17
77.2 2.42592e-17
77.3 2.7078e-17
77.4 2.82646e-17
77.5 2.79043487520898e-17
77.6 2.30709e-17
77.7 2.03999e-17
77.8 1.78772e-17
77.9 1.84703e-17
78 2.30029838650562e-17
78.1 2.82617e-17
78.2 2.97452e-17
78.3 2.86781824432751e-17
78.4 1.96915457564772e-17
78.5 1.79673122075062e-17
78.6 1.83666139149195e-17
78.7 2.08457833831814e-17
78.8 2.40895090156767e-17
78.9 3.13746e-17
79 3.12256e-17
79.1 2.53711953780324e-17
79.2 2.70709e-17
79.3 1.81375449616808e-17
79.4 1.93389249203686e-17
79.5 2.03931e-17
79.6 2.41021e-17
79.7 3.38519738541193e-17
79.8 3.55364645933536e-17
79.9 3.56432944694904e-17
80 2.72678929418613e-17
80.1 2.16345874835183e-17
80.2 1.84619e-17
80.3 1.68294e-17
80.4 2.06867e-17
80.5 2.55823e-17
80.6 3.04781e-17
80.7 3.58191e-17
80.8 3.95281e-17
80.9 3.37515427232287e-17
81 2.26132e-17
81.1 2.04003970932285e-17
81.2 1.97977120474935e-17
81.3 2.16000205348398e-17
81.4 2.55997932427859e-17
81.5 2.82494e-17
81.6 3.34730147402249e-17
81.7 3.42509385399583e-17
81.8 3.52217e-17
81.9 2.67643e-17
82 2.40378834085298e-17
82.1 2.11257e-17
82.2 1.91965e-17
82.3 2.07746093063767e-17
82.4 2.46459554960553e-17
82.5 2.62209236229764e-17
82.6 2.7059e-17
82.7 2.74152992615506e-17
82.8 2.73735998237878e-17
82.9 2.48324e-17
83 2.27549e-17
83.1 2.00839e-17
83.2 2.0334840486384e-17
83.3 2.06765e-17
83.4 2.20455042525957e-17
83.5 2.45135254511958e-17
83.6 2.58869923064188e-17
83.7 2.72604591616418e-17
83.8 2.80935e-17
83.9 2.08231e-17
84 2.02593612216185e-17
84.1 1.96354e-17
84.2 2.04498809651201e-17
84.3 2.09702e-17
84.4 2.23051e-17
84.5 2.364e-17
84.6 2.52896477777233e-17
84.7 2.74969e-17
84.8 2.90397051135273e-17
84.9 2.98704e-17
85 3.12051e-17
85.1 3.00929074588579e-17
85.2 2.89807149177158e-17
85.3 2.77918e-17
85.4 2.71092665892497e-17
85.5 2.64559e-17
85.6 2.6118648394871e-17
85.7 2.57813967897419e-17
85.8 2.55648e-17
85.9 2.64756147897915e-17
86 2.70479e-17
86.1 2.88279e-17
86.2 3.11036893135059e-17
86.3 3.33794786270119e-17
86.4 3.60969e-17
86.5 3.74319e-17
86.6 3.76427316735451e-17
86.7 3.78535633470902e-17
86.8 3.80246e-17
86.9 3.77951334858444e-17
87 3.75656669716887e-17
87.1 3.74303e-17
87.2 3.98038e-17
87.3 3.78539099654524e-17
87.4 3.13462e-17
87.5 2.83786e-17
87.6 2.85265e-17
87.7 3.01244713486824e-17
87.8 3.11967e-17
87.9 3.55156787829527e-17
88 4.24721e-17
88.1 4.63294e-17
88.2 4.95931e-17
88.3 4.4678103569048e-17
88.4 3.98002e-17
88.5 3.89096e-17
88.6 3.93627193098303e-17
88.7 4.15768047227902e-17
88.8 4.78107e-17
88.9 5.46355e-17
89 5.99764e-17
89.1 6.32401e-17
89.2 5.81399079475853e-17
89.3 5.00349e-17
89.4 4.31253730123069e-17
89.5 4.45446e-17
89.6 4.64486511286125e-17
89.7 4.8105e-17
89.8 5.10721e-17
89.9 4.48403e-17
90 3.56496728823149e-17
90.1 3.62472015131569e-17
90.2 3.6844730143999e-17
90.3 4.05518885751472e-17
90.4 5.83706908225446e-17
90.5 5.47792e-17
90.6 6.54616e-17
90.7 7.0951e-17
90.8 7.1099e-17
90.9 6.75379e-17
91 5.99406605015445e-17
91.1 5.10684e-17
91.2 4.69552873492292e-18
91.3 5.57958453553703e-17
91.4 1.74994428377779e-16
91.5 3.13283643001591e-19
91.6 6.92388190891756e-17
91.7 1.44598012762282e-16
91.8 1.29837793592601e-17
91.9 1.99874140948308e-17
92 1.99272001934101e-17
92.1 1.84387390936609e-19
92.2 6.0673359173519e-18
92.3 3.86470335470922e-17
92.4 1.26625031597109e-17
92.5 2.5591459479222e-17
92.6 1.37661452610597e-16
92.7 6.95578121260149e-19
92.8 9.51385049323339e-18
92.9 3.89228186881689e-17
93 4.59733650575942e-17
93.1 5.84419576980214e-17
93.2 8.07167908964396e-17
93.3 1.44409723817773e-16
93.4 3.64468599958825e-18
93.5 9.67988370119788e-18
93.6 1.87531905176589e-17
93.7 3.91637910276085e-19
93.8 5.34903607614766e-19
93.9 4.48121675752329e-18
94 1.49610712798078e-16
94.1 2.17235786477728e-16
94.2 1.04455700570947e-17
94.3 3.03839129005859e-19
94.4 1.91909517301459e-19
94.5 1.90868144181542e-19
94.6 4.9455821318766e-17
94.7 7.4344463773948e-18
94.8 1.88886074878483e-17
94.9 4.57801308972171e-18
95 1.59113154085479e-16
95.1 2.26013162280721e-18
95.2 4.09515599312209e-19
95.3 2.3160188399879e-19
95.4 2.35553622571056e-19
95.5 5.55229532094375e-19
95.6 1.06658389034806e-16
95.7 1.34781154471326e-17
95.8 3.00413004689851e-19
95.9 1.29095194030099e-19
96 8.05246153633312e-20
96.1 6.10805624626066e-20
96.2 5.53615595985321e-20
96.3 7.46592438689698e-20
96.4 1.4517801871139e-17
96.5 7.07259696922541e-18
96.6 7.62402746230313e-20
96.7 1.16603214669062e-19
96.8 1.05756601524598e-16
96.9 1.00226776334473e-16
97 1.92491344790775e-16
97.1 7.42793198932521e-17
97.2 3.86263283459208e-19
97.3 1.29907253264225e-16
97.4 1.18498983372154e-19
97.5 5.26201498187373e-20
97.6 5.71055876594728e-20
97.7 9.01842473338055e-18
97.8 5.23045548786491e-18
97.9 5.79332030522384e-20
98 5.13178445284839e-20
98.1 6.55171763445731e-20
98.2 1.91818587550334e-18
98.3 2.16614091228244e-18
98.4 4.72459794473605e-19
98.5 4.57077137444776e-17
98.6 7.59465947381644e-17
98.7 6.74195792764145e-19
98.8 1.98323919831624e-19
98.9 3.45965816934081e-19
99 3.54521084239165e-18
99.1 4.35485788632716e-20
99.2 3.13558782196681e-20
99.3 2.47192403557626e-20
99.4 2.06133690586953e-20
99.5 1.80718901587704e-20
99.6 1.67058617867991e-20
99.7 1.64774909162094e-20
99.8 1.77749421749279e-20
99.9 2.19741940583558e-20
100 3.41390093087643e-20
100.1 8.46528653614003e-20
100.2 3.12560484928177e-17
100.3 3.43279637368671e-17
100.4 1.12082931369216e-19
100.5 3.59418380995068e-20
100.6 1.95551998881316e-20
100.7 1.31286098229362e-20
100.8 9.86733970262014e-21
100.9 7.94084583284293e-21
101 6.68112802922237e-21
101.1 5.7952370180602e-21
101.2 5.13743062911368e-21
101.3 4.62788381255326e-21
101.4 4.21016027003691e-21
101.5 3.8736551920911e-21
101.6 3.59047304079696e-21
101.7 3.33759035058353e-21
101.8 3.0862779557562e-21
101.9 2.90472146437756e-21
102 2.74341407173399e-21
102.1 2.5998064832806e-21
102.2 2.47132417183384e-21
102.3 2.34762813334503e-21
102.4 2.23972342760665e-21
102.5 2.14074811215505e-21
102.6 2.01677794930932e-21
102.7 1.9167315621834e-21
102.8 1.84174098828455e-21
102.9 1.77110696275681e-21
103 1.70469106317764e-21
103.1 1.64107028298356e-21
103.2 1.56822763501059e-21
103.3 1.49051979023398e-21
103.4 1.41566373759423e-21
103.5 1.37021641670614e-21
103.6 1.32274470243914e-21
103.7 1.28204022635066e-21
103.8 1.24471835473525e-21
103.9 1.20978438913629e-21
104 1.10680067817265e-21
104.1 1.00667038459083e-21
104.2 9.46590134138842e-22
104.3 9.25085511974437e-22
104.4 9.07282208895893e-22
104.5 8.94346541444294e-22
104.6 8.87741637412442e-22
104.7 8.9234778496501e-22
104.8 9.30458419688451e-22
104.9 1.05191489192498e-21
105 1.49223764649185e-21
105.1 6.29660698830734e-18
105.2 2.67560359404569e-17
105.3 1.96535154893069e-21
105.4 9.49359517870916e-22
105.5 7.34784125173479e-22
105.6 6.35159735993982e-22
105.7 5.38674375943979e-22
105.8 5.14087926531463e-22
105.9 5.03414871337812e-22
106 5.09785098601999e-22
106.1 5.6403501650574e-22
106.2 1.14732244581013e-21
106.3 2.81430863636063e-17
106.4 1.95717617577002e-21
106.5 5.5175265467642e-22
106.6 4.79165307551951e-22
106.7 4.63287973950551e-22
106.8 4.66561392421788e-22
106.9 4.74103857637695e-22
107 5.08100007474422e-22
107.1 5.82119174508353e-22
107.2 7.3504855203957e-22
107.3 1.07656497626394e-21
107.4 2.14618815100244e-21
107.5 1.19756519836588e-20
107.6 6.5360674849419e-16
107.7 1.40277751094403e-20
107.8 2.2102248406803e-21
107.9 1.05977252668673e-21
108 8.19968361866573e-18
108.1 2.70253e-17
108.2 2.73179e-17
108.3 3.58149e-17
108.4 6.13239593434895e-17
108.5 8.92700769918229e-17
108.6 1.26694e-16
108.7 1.97682546145299e-16
108.8 1.92246343472745e-16
108.9 1.54436982131644e-16
109 1.00523244778244e-16
109.1 6.81149183382257e-17
109.2 4.27296883908127e-17
109.3 2.70956420211111e-17
109.4 1.43141651394278e-17
109.5 8.30172e-18
109.6 5.46649655690281e-18
109.7 2.79778e-18
109.8 1.87091e-18
109.9 1.66133800715411e-18
110 1.55214e-18
110.1 6.22002e-19
110.2 3.01593e-19
110.3 2.86868e-19
110.4 1.45513222440006e-19
110.5 3.35407e-20
110.6 4.82658e-20
110.7 6.46271e-20
110.8 7.45738283820523e-20
110.9 8.09884e-20
111 9.73497e-20
111.1 1.13711e-19
111.2 1.23369191574602e-19
111.3 1.28436e-19
111.4 1.44797e-19
111.5 1.59523e-19
111.6 1.75884e-19
111.7 1.85022202466763e-19
111.8 1.92245e-19
111.9 9.7077e-20
112 3.84763e-19
112.1 5.50623735348604e-19
112.2 6.72449e-19
112.3 1.26909e-18
112.4 1.56169e-18
112.5 1.5486e-18
112.6 6.26638e-19
112.7 2.18151e-21
112.8 1.41798e-20
112.9 2.16830665125345e-19
113 3.32952e-19
113.1 3.47678e-19
113.2 3.62403e-19
113.3 3.78764e-19
113.4 3.87370285240501e-19
113.5 3.93489e-19
113.6 4.08214e-19
113.7 1.20528e-19
113.8 1.29508639968598e-19
113.9 1.35253e-19
114 4.54026e-19
114.1 1.64704e-19
114.2 1.24619e-19
114.3 4.66822722296517e-19
114.4 7.17988e-19
114.5 2.2235e-18
114.6 3.73228e-18
114.7 5.85407e-18
114.8 8.81908585009044e-18
114.9 1.19072e-17
115 1.25006e-17
115.1 1.09689e-17
115.2 7.61618e-18
115.3 5.78045e-18
115.4 3.94634e-18
115.5 1.80983e-18
115.6 1.11883681783956e-18
115.7 5.691e-19
115.8 2.48692e-19
115.9 1.44969098981577e-19
116 7.1717e-20
116.1 3.9049e-19
116.2 4.06851e-19
116.3 4.15034810962574e-19
116.4 4.21576e-19
116.5 4.37937e-19
116.6 4.4731170981292e-19
116.7 4.54299e-19
116.8 4.7066e-19
116.9 2.85540700262782e-19
117 1.81338e-19
117.1 5.0011e-19
117.2 5.16472e-19
117.3 5.24948976155529e-19
117.4 5.31197e-19
117.5 1.27328638325603e-19
117.6 2.10319840764386e-19
117.7 2.58236e-19
117.8 1.2093370101033e-19
117.9 1.63613e-20
118 1.90313230977099e-19
118.1 8.74678295419961e-20
118.2 1.47252e-20
118.3 6.10178649585845e-20
118.4 1.04892e-19
118.5 6.98487499956267e-20
118.6 3.48054999912518e-20
118.7 5.44784e-21
118.8 6.40270608759286e-21
118.9 7.78262e-21
119 8.54462294077212e-21
119.1 9.30662588154426e-21
119.2 1.01174e-20
119.3 1.09872673227853e-20
119.4 1.18571346455706e-20
119.5 1.27116e-20
119.6 4.86075597013124e-20
119.7 8.45035194026238e-20
119.8 1.17345e-19
119.9 7.85682805735318e-20
120 3.97915611470651e-20
120.1 1.76406e-20
120.2 1.86654135692779e-20
120.3 1.96902271385558e-20
120.4 2.02348e-20
120.5 6.1985142158616e-20
120.6 1.03735484317234e-19
120.7 1.24868e-19
120.8 1.25907395024461e-19
120.9 1.27462e-19
121 9.91456196662273e-20
121.1 7.08292393324536e-20
121.2 4.25128589986809e-20
121.3 2.80174e-20
121.4 6.93528680610961e-20
121.5 1.10688336122191e-19
121.6 1.3265e-19
121.7 1.33680254305644e-19
121.8 1.34985e-19
121.9 1.04982950727064e-19
122 7.49809014541283e-20
122.1 3.55406e-20
122.2 3.63085909442716e-20
122.3 3.70765818885433e-20
122.4 3.81349e-20
122.5 3.88853434937121e-20
122.6 3.96357869874243e-20
122.7 4.07291e-20
122.8 4.14570961146103e-20
122.9 4.21850922292205e-20
123 4.29130883438308e-20
123.1 4.33233e-20
123.2 8.7653043968685e-20
123.3 1.47697e-19
123.4 1.19211292839995e-19
123.5 9.07255856799903e-20
123.6 4.82523e-20
123.7 4.89552234702085e-20
123.8 4.96581469404169e-20
123.9 5.0587e-20
124 5.13338861167996e-20
124.1 5.20807722335992e-20
124.2 5.31813e-20
124.3 5.12855411249117e-20
124.4 4.93897822498235e-20
124.5 4.74940233747353e-20
124.6 4.62634e-20
124.7 4.53494866118452e-20
124.8 4.44355732236903e-20
124.9 4.36692e-20
125 4.935247098236e-20
125.1 5.50357419647203e-20
125.2 6.09639e-20
125.3 6.17573333682163e-20
125.4 6.25507667364326e-20
125.5 6.32987e-20
125.6 5.47667014878164e-20
125.7 4.62347029756331e-20
125.8 3.6146e-20
125.9 6.5062611129492e-20
126 9.39792222589834e-20
126.1 1.35591e-19
126.2 1.62377258851227e-19
126.3 1.89163517702455e-19
126.4 2.15949776553682e-19
126.5 2.35035e-19
126.6 1.57646621935929e-19
126.7 8.02582438718609e-20
126.8 2.86228e-20
126.9 4.45892943930524e-20
127 6.05557887861044e-20
127.1 7.60103e-20
127.2 7.67991713084832e-20
127.3 7.75880426169665e-20
127.4 7.86045e-20
127.5 9.07911368243611e-20
127.6 1.02977773648723e-19
127.7 1.15164410473084e-19
127.8 1.22879e-19
127.9 2.37064784732013e-19
128 3.51250569464021e-19
128.1 4.26661e-19
128.2 4.00598983498646e-19
128.3 3.74536966997291e-19
128.4 3.48474950495936e-19
128.5 3.21249e-19
128.6 2.90802374483592e-19
128.7 2.60355748967189e-19
128.8 2.16616e-19
128.9 1.57674956275697e-19
129 9.87339125513957e-20
129.1 3.97928688270852e-20
129.2 1.02039e-20
129.3 4.86975142278339e-20
129.4 8.71911284556664e-20
129.5 1.09908e-19
129.6 2.22481558136663e-19
129.7 3.35055116273304e-19
129.8 4.1369e-19
129.9 7.9408361548861e-19
130 1.22818e-18
130.1 1.42661824060088e-18
130.2 1.53326e-18
130.3 1.42993e-18
130.4 1.2285741326926e-18
130.5 1.02721826538521e-18
130.6 8.15619e-19
130.7 6.41984965377744e-19
130.8 4.68350930755471e-19
130.9 2.94716896133206e-19
131 2.00792e-19
131.1 1.99945727854741e-19
131.2 1.99099455709482e-19
131.3 1.98197e-19
131.4 2.91260895942053e-19
131.5 3.84324791884104e-19
131.6 5.01979e-19
131.7 8.67797577616503e-19
131.8 1.23361615523305e-18
131.9 1.52055e-18
132 2.22160141858312e-18
132.1 2.64168e-18
132.2 3.4567e-18
132.3 3.24571922601032e-18
132.4 3.03473845202065e-18
132.5 2.84265e-18
132.6 2.22963e-18
132.7 1.76420722697435e-18
132.8 1.41203e-18
132.9 1.03726704032742e-18
133 6.96199e-19
133.1 5.70284047850224e-19
133.2 3.88266e-19
133.3 3.87675015777216e-19
133.4 3.87084031554432e-19
133.5 3.8671e-19
133.6 6.62868141294465e-19
133.7 8.95348e-19
133.8 1.24067345089431e-18
133.9 1.60806e-18
134 2.6275819510344e-18
134.1 3.64710390206877e-18
134.2 4.76919e-18
134.3 5.78906e-18
134.4 6.35975009237876e-18
134.5 6.9304401847575e-18
134.6 7.21579e-18
134.7 5.83791798714598e-18
134.8 4.35689e-18
134.9 3.52350920562924e-18
135 2.6901284112585e-18
135.1 1.5995e-18
135.2 1.31759261611162e-18
135.3 1.03568523222325e-18
135.4 8.83674e-19
135.5 6.54277089566372e-19
135.6 4.73962e-19
135.7 6.96023147786109e-19
135.8 9.18084295572212e-19
135.9 1.1859e-18
136 1.71145129400286e-18
136.1 2.23700258800571e-18
136.2 2.51085e-18
136.3 4.14269e-18
136.4 7.50919e-18
136.5 9.14578750271064e-18
136.6 1.07823850054213e-17
136.7 1.2418982508132e-17
136.8 1.46491e-17
136.9 1.37468479729389e-17
137 1.28445959458778e-17
137.1 1.23006e-17
137.2 8.42235e-18
137.3 6.32902956820136e-18
137.4 4.54332e-18
137.5 3.38101472791935e-18
137.6 2.09283e-18
137.7 1.68993893118234e-18
137.8 1.27523e-18
137.9 1.36088032653327e-18
138 1.44653065306653e-18
138.1 1.53218097959979e-18
138.2 1.61783130613307e-18
138.3 1.68027e-18
138.4 2.59758e-18
138.5 4.003071801007e-18
138.6 5.40856360201396e-18
138.7 6.81405540302112e-18
138.8 7.69745e-18
138.9 1.13783850010275e-17
139 1.43287e-17
139.1 2.07034159034618e-17
139.2 2.52458e-17
139.3 2.58649876822539e-17
139.4 2.65707e-17
139.5 2.3489136042599e-17
139.6 2.16718e-17
139.7 1.4324e-17
139.8 1.17480360302738e-17
139.9 9.17207206054778e-18
140 7.68966e-18
140.1 3.91319e-18
140.2 3.40973279808363e-18
140.3 2.90627559616727e-18
140.4 2.27849e-18
140.5 2.18992487664872e-18
140.6 2.10135975329744e-18
140.7 1.9703e-18
140.8 2.54064418341437e-18
140.9 3.19373e-18
141 4.30424301046778e-18
141.1 5.74369408233659e-18
141.2 7.27373e-18
141.3 1.0844e-17
141.4 1.57073286282473e-17
141.5 2.05706572564945e-17
141.6 2.54339858847417e-17
141.7 3.02973145129892e-17
141.8 3.51606431412366e-17
141.9 4.00239717694838e-17
142 4.41053e-17
142.1 4.33905e-17
142.2 3.42270692776005e-17
142.3 2.78074490093658e-17
142.4 2.01143269298748e-17
142.5 1.52782784781945e-17
142.6 1.08363e-17
142.7 9.9174e-18
142.8 7.2746261274272e-18
142.9 4.60982e-18
143 3.58891e-18
143.1 3.25129355523705e-18
143.2 2.91367711047405e-18
143.3 2.66875e-18
143.4 2.6680407193451e-18
143.5 2.66745e-18
143.6 3.32220574554416e-18
143.7 3.6868e-18
143.8 5.72654e-18
143.9 8.47749406778414e-18
144 1.05216e-17
144.1 1.50046133801818e-17
144.2 2.0316e-17
144.3 2.59694514393006e-17
144.4 3.1622902878601e-17
144.5 3.63348e-17
144.6 5.28646e-17
144.7 5.78145520059836e-17
144.8 6.42919e-17
144.9 5.90497937714632e-17
145 5.38076875429266e-17
145.1 4.93924e-17
145.2 3.10241e-17
145.3 2.58240102422048e-17
145.4 2.06239204844097e-17
145.5 1.57165e-17
145.6 1.14293037405655e-17
145.7 7.75616e-18
145.8 5.71509222516108e-18
145.9 3.9238400156704e-18
146 3.783300815764e-18
146.1 3.6427616158576e-18
146.2 3.50222241595118e-18
146.3 3.36168321604477e-18
146.4 3.2623e-18
146.5 4.07783e-18
146.6 4.92992056358122e-18
146.7 5.78201112716254e-18
146.8 6.83107e-18
146.9 9.6900279285106e-18
147 1.31564e-17
147.1 1.96142154893951e-17
147.2 2.60720309787906e-17
147.3 3.2529846468186e-17
147.4 3.89876619575812e-17
147.5 4.41742e-17
147.6 5.21270940044528e-17
147.7 6.14177e-17
147.8 7.2843844981843e-17
147.9 7.18246e-17
148 6.28490111156926e-17
148.1 5.38734222313854e-17
148.2 4.48978333470772e-17
148.3 3.5598e-17
148.4 2.89609784825572e-17
148.5 2.23239569651146e-17
148.6 1.56869354476721e-17
148.7 8.45279e-18
148.8 6.85699701042583e-18
148.9 4.88014e-18
149 4.11746820040015e-18
149.1 3.34852e-18
149.2 3.1986187566231e-18
149.3 3.0487175132462e-18
149.4 2.9388e-18
149.5 3.08734002590422e-18
149.6 3.23588005180844e-18
149.7 3.44692e-18
149.8 4.5013429132819e-18
149.9 5.55576582656378e-18
150 6.61018873984564e-18
150.1 7.66461165312748e-18
150.2 8.95443e-18
150.3 1.33459774563486e-17
150.4 1.73208e-17
150.5 2.55651267753075e-17
150.6 3.23198e-17
150.7 3.87583675328652e-17
150.8 4.51969350657302e-17
150.9 5.01753e-17
151 5.6982692223239e-17
151.1 6.48678e-17
151.2 5.91390467933272e-17
151.3 5.51731e-17
151.4 4.74158717063372e-17
151.5 3.53172338328446e-17
151.6 2.74070834489542e-17
151.7 2.15913817610065e-17
151.8 1.53576075020348e-17
151.9 1.28056737293659e-17
152 1.02537399566969e-17
152.1 7.70180618402805e-18
152.2 4.5556e-18
152.3 3.40198825415543e-18
152.4 2.71812e-18
152.5 2.41515286222592e-18
152.6 2.11218572445185e-18
152.7 1.69566e-18
152.8 1.76024703208907e-18
152.9 1.82483406417814e-18
153 1.88942109626721e-18
153.1 1.95400812835628e-18
153.2 1.99944e-18
153.3 2.42705910692413e-18
153.4 2.91649e-18
153.5 4.02443735010577e-18
153.6 5.13238470021151e-18
153.7 5.87432e-18
153.8 1.08737e-17
153.9 1.26590159857972e-17
154 1.50769270544862e-17
154.1 1.94146178636005e-17
154.2 2.37523086727154e-17
154.3 2.71976e-17
154.4 2.84754327380817e-17
154.5 2.95434e-17
154.6 2.65793221163585e-17
154.7 2.47356772532402e-17
154.8 1.94395e-17
154.9 1.67798473764036e-17
155 1.36920563751967e-17
155.1 9.79299321988688e-18
155.2 8.22492137607733e-18
155.3 5.96348847142005e-18
155.4 5.0132855178187e-18
155.5 4.06308256421736e-18
155.6 3.11287961061604e-18
155.7 2.16267665701458e-18
155.8 1.57754e-18
155.9 1.30010422056071e-18
156 1.02266844112143e-18
156.1 8.61709e-19
156.2 6.62097243449735e-19
156.3 4.62485486899476e-19
156.4 3.49959e-19
156.5 3.2440416088488e-19
156.6 2.98849321769761e-19
156.7 2.73294482654639e-19
156.8 2.45585e-19
156.9 2.25220249276744e-19
157 2.04855498553489e-19
157.1 1.84490747830234e-19
157.2 1.64125997106976e-19
157.3 1.40952e-19
157.4 1.4045585170291e-19
157.5 1.3995970340582e-19
157.6 1.3946355510873e-19
157.7 1.3896740681164e-19
157.8 1.38358e-19
157.9 1.23808962667741e-19
158 1.09259925335483e-19
158.1 9.47108880032248e-20
158.2 8.01618506709649e-20
158.3 6.80547e-20
158.4 6.85771336570352e-20
158.5 6.90995673140703e-20
158.6 6.96220009711055e-20
158.7 7.03895e-20
158.8 7.08443381625347e-20
158.9 7.12991763250693e-20
159 7.1754014487604e-20
159.1 7.22088526501386e-20
159.2 7.27243e-20
159.3 7.3209427644957e-20
159.4 7.36945552899139e-20
159.5 7.41796829348708e-20
159.6 7.46648105798278e-20
159.7 7.53185e-20
159.8 7.57820871061516e-20
159.9 7.62456742123033e-20
160 7.67092613184549e-20
160.1 7.71728484246066e-20
160.2 7.76364355307583e-20
160.3 7.79127e-20
160.4 7.84492349154032e-20
160.5 7.89857698308064e-20
160.6 7.95223047462097e-20
160.7 8.02475e-20
160.8 6.94808968237756e-20
160.9 5.87142936475513e-20
161 4.79476904713272e-20
161.1 3.71810872951021e-20
161.2 2.64144841188774e-20
161.3 1.91971e-20
161.4 3.24027575759352e-20
161.5 4.56084151518701e-20
161.6 5.88140727278061e-20
161.7 7.20197303037417e-20
161.8 8.54359e-20
161.9 8.59159992417539e-20
162 8.63960984835078e-20
162.1 8.68761977252617e-20
162.2 8.73562969670156e-20
162.3 8.80301e-20
162.4 7.35845295312357e-20
162.5 5.91389590624716e-20
162.6 4.46933885937065e-20
162.7 3.02478181249418e-20
162.8 1.16739e-20
162.9 1.12219447398054e-20
163 1.07699894796107e-20
163.1 1.03180342194161e-20
163.2 9.86607895922146e-21
163.3 9.41412369902683e-21
163.4 9.07973e-21
163.5 2.7517301640738e-20
163.6 4.59548732814771e-20
163.7 6.43924449222159e-20
163.8 8.2830016562954e-20
163.9 9.52939e-20
164 9.73857764340814e-20
164.1 9.9477652868163e-20
164.2 1.01569529302244e-19
164.3 1.03661405736326e-19
164.4 1.0619e-19
164.5 8.61506346566509e-20
164.6 6.61112693133006e-20
164.7 4.60719039699507e-20
164.8 2.60325386266013e-20
164.9 1.81595e-21
165 1.56855412656772e-21
165.1 1.32115825313543e-21
165.2 1.07376237970314e-21
165.3 8.26366506270864e-22
165.4 5.18842e-22
165.5 9.60413562930667e-22
165.6 1.40198512586135e-21
165.7 1.84355668879204e-21
165.8 2.28512825172271e-21
165.9 2.72669981465337e-21
166 3.11305e-21
166.1 0
166.2 0
166.3 0
166.4 0
166.5 0
166.6 0
166.7 0
166.8 0
166.9 0
