Lambda  Total   CH3CN+   CH2CN+H  CHCN+H2  CH2+HCN  CH2CN/H  CH3/CNB2 CH3/CNA2
   10.0 9.00E-20 9.00E-20 0.00E+00 0.00E+00 0.00E+00 0.00E+00 0.00E+00 0.00E+00
   20.0 5.88E-19 5.88E-19 0.00E+00 0.00E+00 0.00E+00 0.00E+00 0.00E+00 0.00E+00
   30.0 1.57E-18 1.57E-18 0.00E+00 0.00E+00 0.00E+00 0.00E+00 0.00E+00 0.00E+00
   40.0 1.80E-18 1.80E-18 0.00E+00 0.00E+00 0.00E+00 0.00E+00 0.00E+00 0.00E+00
   50.0 2.66E-19 2.66E-19 0.00E+00 0.00E+00 0.00E+00 0.00E+00 0.00E+00 0.00E+00
   60.0 4.14E-19 4.14E-19 0.00E+00 0.00E+00 0.00E+00 0.00E+00 0.00E+00 0.00E+00
   70.0 5.95E-19 5.95E-19 0.00E+00 0.00E+00 0.00E+00 0.00E+00 0.00E+00 0.00E+00
   80.0 8.12E-19 8.12E-19 0.00E+00 0.00E+00 0.00E+00 0.00E+00 0.00E+00 0.00E+00
   90.0 1.06E-18 1.06E-18 0.00E+00 0.00E+00 0.00E+00 0.00E+00 0.00E+00 0.00E+00
  100.0 1.35E-18 1.35E-18 0.00E+00 0.00E+00 0.00E+00 0.00E+00 0.00E+00 0.00E+00
  110.0 1.67E-18 1.67E-18 0.00E+00 0.00E+00 0.00E+00 0.00E+00 0.00E+00 0.00E+00
  120.0 2.02E-18 2.02E-18 0.00E+00 0.00E+00 0.00E+00 0.00E+00 0.00E+00 0.00E+00
  130.0 2.40E-18 2.40E-18 0.00E+00 0.00E+00 0.00E+00 0.00E+00 0.00E+00 0.00E+00
  140.0 2.82E-18 2.82E-18 0.00E+00 0.00E+00 0.00E+00 0.00E+00 0.00E+00 0.00E+00
  150.0 3.27E-18 3.27E-18 0.00E+00 0.00E+00 0.00E+00 0.00E+00 0.00E+00 0.00E+00
  160.0 3.74E-18 3.74E-18 0.00E+00 0.00E+00 0.00E+00 0.00E+00 0.00E+00 0.00E+00
  170.0 4.24E-18 4.24E-18 0.00E+00 0.00E+00 0.00E+00 0.00E+00 0.00E+00 0.00E+00
  180.0 4.78E-18 4.78E-18 0.00E+00 0.00E+00 0.00E+00 0.00E+00 0.00E+00 0.00E+00
  190.0 5.33E-18 5.33E-18 0.00E+00 0.00E+00 0.00E+00 0.00E+00 0.00E+00 0.00E+00
  200.0 5.92E-18 5.92E-18 0.00E+00 0.00E+00 0.00E+00 0.00E+00 0.00E+00 0.00E+00
  210.0 6.54E-18 6.54E-18 0.00E+00 0.00E+00 0.00E+00 0.00E+00 0.00E+00 0.00E+00
  220.0 7.17E-18 7.17E-18 0.00E+00 0.00E+00 0.00E+00 0.00E+00 0.00E+00 0.00E+00
  230.0 7.82E-18 7.82E-18 0.00E+00 0.00E+00 0.00E+00 0.00E+00 0.00E+00 0.00E+00
  240.0 8.49E-18 8.49E-18 0.00E+00 0.00E+00 0.00E+00 0.00E+00 0.00E+00 0.00E+00
  250.0 9.20E-18 9.20E-18 0.00E+00 0.00E+00 0.00E+00 0.00E+00 0.00E+00 0.00E+00
  260.0 1.00E-17 1.00E-17 0.00E+00 0.00E+00 0.00E+00 0.00E+00 0.00E+00 0.00E+00
  270.0 1.08E-17 1.08E-17 0.00E+00 0.00E+00 0.00E+00 0.00E+00 0.00E+00 0.00E+00
  280.0 1.16E-17 1.16E-17 0.00E+00 0.00E+00 0.00E+00 0.00E+00 0.00E+00 0.00E+00
  290.0 1.21E-17 1.21E-17 0.00E+00 0.00E+00 0.00E+00 0.00E+00 0.00E+00 0.00E+00
  300.0 1.29E-17 1.29E-17 0.00E+00 0.00E+00 0.00E+00 0.00E+00 0.00E+00 0.00E+00
  310.0 1.37E-17 1.37E-17 0.00E+00 0.00E+00 0.00E+00 0.00E+00 0.00E+00 0.00E+00
  320.0 1.47E-17 1.47E-17 0.00E+00 0.00E+00 0.00E+00 0.00E+00 0.00E+00 0.00E+00
  330.0 1.55E-17 1.55E-17 0.00E+00 0.00E+00 0.00E+00 0.00E+00 0.00E+00 0.00E+00
  340.0 1.62E-17 1.62E-17 0.00E+00 0.00E+00 0.00E+00 0.00E+00 0.00E+00 0.00E+00
  350.0 1.72E-17 1.72E-17 0.00E+00 0.00E+00 0.00E+00 0.00E+00 0.00E+00 0.00E+00
  360.0 1.80E-17 1.80E-17 0.00E+00 0.00E+00 0.00E+00 0.00E+00 0.00E+00 0.00E+00
  370.0 1.88E-17 1.88E-17 0.00E+00 0.00E+00 0.00E+00 0.00E+00 0.00E+00 0.00E+00
  380.0 1.89E-17 1.89E-17 0.00E+00 0.00E+00 0.00E+00 0.00E+00 0.00E+00 0.00E+00
  390.0 2.07E-17 2.07E-17 0.00E+00 0.00E+00 0.00E+00 0.00E+00 0.00E+00 0.00E+00
  400.0 2.15E-17 2.15E-17 0.00E+00 0.00E+00 0.00E+00 0.00E+00 0.00E+00 0.00E+00
  410.0 2.26E-17 2.26E-17 0.00E+00 0.00E+00 0.00E+00 0.00E+00 0.00E+00 0.00E+00
  420.0 2.36E-17 2.36E-17 0.00E+00 0.00E+00 0.00E+00 0.00E+00 0.00E+00 0.00E+00
  430.0 2.48E-17 2.48E-17 0.00E+00 0.00E+00 0.00E+00 0.00E+00 0.00E+00 0.00E+00
  440.0 2.56E-17 2.56E-17 0.00E+00 0.00E+00 0.00E+00 0.00E+00 0.00E+00 0.00E+00
  450.0 2.56E-17 2.56E-17 0.00E+00 0.00E+00 0.00E+00 0.00E+00 0.00E+00 0.00E+00
  460.0 2.35E-17 2.35E-17 0.00E+00 0.00E+00 0.00E+00 0.00E+00 0.00E+00 0.00E+00
  470.0 2.74E-17 2.74E-17 0.00E+00 0.00E+00 0.00E+00 0.00E+00 0.00E+00 0.00E+00
  480.0 2.93E-17 2.93E-17 0.00E+00 0.00E+00 0.00E+00 0.00E+00 0.00E+00 0.00E+00
  490.0 2.96E-17 2.96E-17 0.00E+00 0.00E+00 0.00E+00 0.00E+00 0.00E+00 0.00E+00
  500.0 3.04E-17 3.04E-17 0.00E+00 0.00E+00 0.00E+00 0.00E+00 0.00E+00 0.00E+00
  510.0 3.13E-17 3.13E-17 0.00E+00 0.00E+00 0.00E+00 0.00E+00 0.00E+00 0.00E+00
  520.0 3.20E-17 3.20E-17 0.00E+00 0.00E+00 0.00E+00 0.00E+00 0.00E+00 0.00E+00
  530.0 3.29E-17 3.29E-17 0.00E+00 0.00E+00 0.00E+00 0.00E+00 0.00E+00 0.00E+00
  540.0 3.37E-17 3.37E-17 0.00E+00 0.00E+00 0.00E+00 0.00E+00 0.00E+00 0.00E+00
  550.0 3.45E-17 3.45E-17 0.00E+00 0.00E+00 0.00E+00 0.00E+00 0.00E+00 0.00E+00
  560.0 3.52E-17 3.52E-17 0.00E+00 0.00E+00 0.00E+00 0.00E+00 0.00E+00 0.00E+00
  570.0 3.60E-17 3.60E-17 0.00E+00 0.00E+00 0.00E+00 0.00E+00 0.00E+00 0.00E+00
  580.0 3.69E-17 3.69E-17 0.00E+00 0.00E+00 0.00E+00 0.00E+00 0.00E+00 0.00E+00
  584.0 3.74E-17 3.74E-17 0.00E+00 0.00E+00 0.00E+00 0.00E+00 0.00E+00 0.00E+00
  590.0 3.78E-17 3.78E-17 0.00E+00 0.00E+00 0.00E+00 0.00E+00 0.00E+00 0.00E+00
  600.0 3.99E-17 3.99E-17 0.00E+00 0.00E+00 0.00E+00 0.00E+00 0.00E+00 0.00E+00
  604.2 5.30E-17 2.65E-17 2.17E-17 3.18E-18 1.33E-18 0.00E+00 0.00E+00 2.65E-19
  611.0 5.54E-17 2.75E-17 2.26E-17 3.31E-18 1.38E-18 3.18E-19 0.00E+00 2.58E-19
  616.0 5.68E-17 2.74E-17 2.25E-17 3.29E-18 1.37E-18 1.97E-18 0.00E+00 2.50E-19
  622.7 5.68E-17 2.65E-17 2.18E-17 3.19E-18 1.33E-18 3.73E-18 0.00E+00 2.78E-19
  631.1 5.82E-17 2.71E-17 2.22E-17 3.25E-18 1.36E-18 3.95E-18 0.00E+00 2.91E-19
  639.4 5.96E-17 2.74E-17 2.24E-17 3.28E-18 1.36E-18 4.89E-18 0.00E+00 2.92E-19
  644.5 6.00E-17 2.71E-17 2.23E-17 3.26E-18 1.36E-18 5.74E-18 0.00E+00 2.64E-19
  649.5 6.11E-17 2.76E-17 2.27E-17 3.32E-18 1.38E-18 5.82E-18 0.00E+00 2.99E-19
  654.5 6.07E-17 2.68E-17 2.20E-17 3.22E-18 1.34E-18 6.98E-18 0.00E+00 2.91E-19
  671.3 6.46E-17 2.86E-17 2.34E-17 3.43E-18 1.43E-18 7.36E-18 0.00E+00 3.10E-19
  677.9 6.28E-17 2.68E-17 2.20E-17 3.22E-18 1.34E-18 9.17E-18 0.00E+00 2.76E-19
  686.3 6.39E-17 2.75E-17 2.26E-17 3.30E-18 1.37E-18 8.82E-18 0.00E+00 3.07E-19
  696.3 6.46E-17 2.76E-17 2.26E-17 3.31E-18 1.38E-18 9.50E-18 0.00E+00 2.26E-19
  708.0 6.25E-17 2.53E-17 2.08E-17 3.04E-18 1.26E-18 1.19E-17 0.00E+00 2.00E-19
  749.6 5.26E-17 1.88E-17 1.55E-17 2.26E-18 9.42E-19 1.49E-17 0.00E+00 2.16E-19
  756.3 5.37E-17 1.93E-17 1.58E-17 2.32E-18 9.67E-19 1.50E-17 0.00E+00 2.04E-19
  774.7 5.16E-17 1.68E-17 1.38E-17 2.01E-18 8.41E-19 1.81E-17 0.00E+00 1.39E-19
  786.3 4.95E-17 1.52E-17 1.25E-17 1.83E-18 7.62E-19 1.90E-17 0.00E+00 1.29E-19
  791.4 4.91E-17 1.50E-17 1.23E-17 1.80E-18 7.51E-19 1.91E-17 0.00E+00 2.01E-19
  801.3 4.63E-17 1.38E-17 1.13E-17 1.65E-18 6.90E-19 1.87E-17 0.00E+00 1.57E-19
  806.3 4.56E-17 1.35E-17 1.11E-17 1.62E-18 6.75E-19 1.86E-17 0.00E+00 1.19E-19
  813.0 4.42E-17 1.31E-17 1.07E-17 1.57E-18 6.54E-19 1.80E-17 0.00E+00 1.19E-19
  821.7 4.42E-17 1.31E-17 1.07E-17 0.00E+00 6.54E-19 1.81E-17 0.00E+00 1.69E-18
  822.2 4.40E-17 1.34E-17 1.10E-17 0.00E+00 6.69E-19 1.82E-17 0.00E+00 8.27E-19
  822.7 4.40E-17 1.37E-17 1.13E-17 0.00E+00 6.91E-19 1.82E-17 0.00E+00 1.01E-19
  824.7 4.39E-17 1.37E-17 1.12E-17 0.00E+00 6.85E-19 1.84E-17 0.00E+00 1.76E-20
  828.0 4.28E-17 1.28E-17 1.05E-17 0.00E+00 6.42E-19 1.87E-17 0.00E+00 4.28E-20
  830.5 4.29E-17 1.29E-17 1.06E-17 0.00E+00 6.01E-19 1.87E-17 0.00E+00 1.29E-19
  831.0 4.28E-17 1.31E-17 1.07E-17 0.00E+00 0.00E+00 1.87E-17 0.00E+00 3.85E-19
  831.5 4.27E-17 1.32E-17 1.08E-17 0.00E+00 0.00E+00 1.87E-17 0.00E+00 8.54E-20
  833.0 4.32E-17 1.37E-17 1.12E-17 0.00E+00 0.00E+00 1.83E-17 0.00E+00 0.00E+00
  838.0 4.21E-17 1.29E-17 1.06E-17 0.00E+00 0.00E+00 1.85E-17 0.00E+00 8.42E-20
  844.7 4.14E-17 1.23E-17 1.01E-17 0.00E+00 0.00E+00 1.88E-17 0.00E+00 1.24E-19
  873.0 3.72E-17 1.06E-17 8.67E-18 0.00E+00 0.00E+00 1.78E-17 0.00E+00 1.86E-19
  879.7 3.58E-17 9.81E-18 8.05E-18 0.00E+00 0.00E+00 1.77E-17 0.00E+00 2.15E-19
  885.6 3.56E-17 9.93E-18 8.15E-18 0.00E+00 0.00E+00 1.73E-17 0.00E+00 2.14E-19
  886.1 3.52E-17 1.38E-17 0.00E+00 0.00E+00 0.00E+00 1.73E-17 0.00E+00 4.12E-18
  886.6 3.50E-17 1.77E-17 0.00E+00 0.00E+00 0.00E+00 1.73E-17 0.00E+00 0.00E+00
  894.7 3.23E-17 1.51E-17 0.00E+00 0.00E+00 0.00E+00 1.72E-17 0.00E+00 0.00E+00
  906.4 3.05E-17 1.40E-17 0.00E+00 0.00E+00 0.00E+00 1.65E-17 0.00E+00 0.00E+00
  919.7 2.95E-17 1.34E-17 0.00E+00 0.00E+00 0.00E+00 1.61E-17 0.00E+00 0.00E+00
  928.1 2.88E-17 1.31E-17 0.00E+00 0.00E+00 0.00E+00 1.57E-17 0.00E+00 0.00E+00
  934.7 2.74E-17 1.21E-17 0.00E+00 0.00E+00 0.00E+00 1.53E-17 0.00E+00 0.00E+00
  944.7 2.42E-17 9.39E-18 0.00E+00 0.00E+00 0.00E+00 1.46E-17 1.21E-19 4.79E-20
  949.6 2.04E-17 6.75E-18 0.00E+00 0.00E+00 0.00E+00 1.35E-17 1.12E-19 3.04E-20
  953.0 1.89E-17 5.69E-18 0.00E+00 0.00E+00 0.00E+00 1.31E-17 1.08E-19 2.48E-20
  959.6 1.75E-17 4.87E-18 0.00E+00 0.00E+00 0.00E+00 1.25E-17 1.05E-19 3.50E-20
  961.3 1.65E-17 4.14E-18 0.00E+00 0.00E+00 0.00E+00 1.22E-17 9.98E-20 3.22E-20
  964.7 1.89E-17 5.56E-18 0.00E+00 0.00E+00 0.00E+00 1.32E-17 1.17E-19 3.38E-20
  967.9 1.51E-17 3.53E-18 0.00E+00 0.00E+00 0.00E+00 1.14E-17 1.01E-19 3.53E-20
  969.7 2.18E-17 8.68E-18 0.00E+00 0.00E+00 0.00E+00 1.29E-17 1.40E-19 3.40E-20
  976.3 1.30E-17 2.63E-18 0.00E+00 0.00E+00 0.00E+00 1.02E-17 9.70E-20 3.30E-20
  979.6 1.40E-17 3.64E-18 0.00E+00 0.00E+00 0.00E+00 1.02E-17 9.97E-20 2.63E-20
  981.4 1.82E-17 6.06E-18 0.00E+00 0.00E+00 0.00E+00 1.20E-17 1.27E-19 3.68E-20
  986.3 1.19E-17 1.57E-18 0.00E+00 0.00E+00 0.00E+00 1.02E-17 8.95E-20 1.76E-20
  989.6 1.09E-17 1.79E-18 0.00E+00 0.00E+00 0.00E+00 8.98E-18 9.66E-20 3.42E-20
  991.2 9.12E-18 1.27E-18 0.00E+00 0.00E+00 0.00E+00 7.75E-18 7.98E-20 2.05E-20
 1001.2 6.67E-18 7.34E-19 0.00E+00 0.00E+00 0.00E+00 5.86E-18 6.02E-20 1.99E-20
 1007.9 5.61E-18 3.60E-19 0.00E+00 0.00E+00 0.00E+00 5.17E-18 5.36E-20 2.38E-20
 1011.2 3.51E-18 1.32E-19 0.00E+00 0.00E+00 0.00E+00 3.33E-18 3.65E-20 1.09E-20
 1016.2 1.40E-18 2.79E-20 0.00E+00 0.00E+00 0.00E+00 1.35E-18 1.69E-20 5.60E-21
 1017.8 7.02E-19 0.00E+00 0.00E+00 0.00E+00 0.00E+00 6.84E-19 8.49E-21 9.06E-21
 1018.0 7.02E-19 0.00E+00 0.00E+00 0.00E+00 0.00E+00 6.91E-19 8.49E-21 2.74E-21
 1029.0 7.02E-19 0.00E+00 0.00E+00 0.00E+00 0.00E+00 6.90E-19 9.06E-21 2.88E-21
 1031.2 7.02E-19 0.00E+00 0.00E+00 0.00E+00 0.00E+00 6.90E-19 9.06E-21 2.88E-21
 1034.5 7.02E-19 0.00E+00 0.00E+00 0.00E+00 0.00E+00 6.91E-19 8.78E-21 2.46E-21
 1036.7 1.05E-18 0.00E+00 0.00E+00 0.00E+00 0.00E+00 1.03E-18 1.31E-20 3.68E-21
 1040.1 3.51E-19 0.00E+00 0.00E+00 0.00E+00 0.00E+00 3.44E-19 4.39E-21 2.63E-21
 1060.0 8.50E-17 0.00E+00 0.00E+00 0.00E+00 0.00E+00 8.36E-17 1.11E-18 3.37E-19
 1066.0 7.80E-17 0.00E+00 0.00E+00 0.00E+00 0.00E+00 7.66E-17 1.08E-18 3.38E-19
 1070.0 8.50E-17 0.00E+00 0.00E+00 0.00E+00 0.00E+00 8.34E-17 1.21E-18 4.03E-19
 1076.0 6.00E-17 0.00E+00 0.00E+00 0.00E+00 0.00E+00 5.88E-17 9.58E-19 2.91E-19
 1080.0 7.70E-17 0.00E+00 0.00E+00 0.00E+00 0.00E+00 7.53E-17 1.26E-18 3.94E-19
 1083.0 8.50E-17 0.00E+00 0.00E+00 0.00E+00 0.00E+00 8.32E-17 1.36E-18 4.30E-19
 1090.0 5.90E-17 0.00E+00 0.00E+00 0.00E+00 0.00E+00 5.78E-17 9.28E-19 2.73E-19
 1098.0 6.30E-17 0.00E+00 0.00E+00 0.00E+00 0.00E+00 6.17E-17 9.87E-19 2.94E-19
 1108.0 1.10E-16 0.00E+00 0.00E+00 0.00E+00 0.00E+00 1.08E-16 1.78E-18 5.29E-19
 1118.0 5.00E-17 0.00E+00 0.00E+00 0.00E+00 0.00E+00 4.89E-17 8.02E-19 2.48E-19
 1120.0 3.00E-17 0.00E+00 0.00E+00 0.00E+00 0.00E+00 2.94E-17 4.80E-19 1.50E-19
 1125.0 3.00E-17 0.00E+00 0.00E+00 0.00E+00 0.00E+00 2.94E-17 4.83E-19 1.47E-19
 1128.0 4.60E-17 0.00E+00 0.00E+00 0.00E+00 0.00E+00 4.50E-17 7.33E-19 2.33E-19
 1130.0 3.10E-17 0.00E+00 0.00E+00 0.00E+00 0.00E+00 3.04E-17 4.77E-19 1.52E-19
 1139.0 4.00E-17 0.00E+00 0.00E+00 0.00E+00 0.00E+00 3.93E-17 5.43E-19 1.69E-19
 1143.0 3.00E-17 0.00E+00 0.00E+00 0.00E+00 0.00E+00 2.95E-17 4.09E-19 1.19E-19
 1148.0 3.50E-17 0.00E+00 0.00E+00 0.00E+00 0.00E+00 3.43E-17 5.21E-19 1.51E-19
 1156.0 1.03E-16 0.00E+00 0.00E+00 0.00E+00 0.00E+00 1.01E-16 1.62E-18 5.05E-19
 1165.0 3.40E-17 0.00E+00 0.00E+00 0.00E+00 0.00E+00 3.34E-17 5.08E-19 1.41E-19
 1170.0 3.00E-17 0.00E+00 0.00E+00 0.00E+00 0.00E+00 2.94E-17 4.43E-19 1.27E-19
 1184.0 2.90E-17 0.00E+00 0.00E+00 0.00E+00 0.00E+00 2.85E-17 3.77E-19 1.16E-19
 1186.0 2.60E-17 0.00E+00 0.00E+00 0.00E+00 0.00E+00 2.56E-17 3.36E-19 1.06E-19
 1192.0 2.60E-17 0.00E+00 0.00E+00 0.00E+00 0.00E+00 2.56E-17 3.34E-19 1.08E-19
 1200.0 2.50E-17 0.00E+00 0.00E+00 0.00E+00 0.00E+00 2.46E-17 3.08E-19 9.29E-20
 1203.0 3.00E-17 0.00E+00 0.00E+00 0.00E+00 0.00E+00 2.95E-17 3.61E-19 1.03E-19
 1205.0 2.00E-17 0.00E+00 0.00E+00 0.00E+00 0.00E+00 1.97E-17 2.37E-19 6.45E-20
 1210.0 2.00E-17 0.00E+00 0.00E+00 0.00E+00 0.00E+00 1.97E-17 2.37E-19 6.26E-20
 1220.0 3.00E-17 0.00E+00 0.00E+00 0.00E+00 0.00E+00 2.95E-17 3.72E-19 1.08E-19
 1221.0 2.00E-17 0.00E+00 0.00E+00 0.00E+00 0.00E+00 1.97E-17 2.47E-19 7.29E-20
 1222.0 2.00E-17 0.00E+00 0.00E+00 0.00E+00 0.00E+00 1.97E-17 2.46E-19 7.41E-20
 1230.0 2.90E-17 0.00E+00 0.00E+00 0.00E+00 0.00E+00 2.85E-17 3.65E-19 1.19E-19
 1235.0 3.10E-17 0.00E+00 0.00E+00 0.00E+00 0.00E+00 3.05E-17 3.94E-19 1.33E-19
 1236.0 2.90E-17 0.00E+00 0.00E+00 0.00E+00 0.00E+00 2.85E-17 3.68E-19 1.25E-19
 1240.0 2.50E-17 0.00E+00 0.00E+00 0.00E+00 0.00E+00 2.46E-17 3.23E-19 1.02E-19
 1242.0 3.00E-17 0.00E+00 0.00E+00 0.00E+00 0.00E+00 2.95E-17 4.01E-19 1.09E-19
 1248.0 3.00E-17 0.00E+00 0.00E+00 0.00E+00 0.00E+00 2.95E-17 3.89E-19 1.10E-19
 1250.0 3.70E-17 0.00E+00 0.00E+00 0.00E+00 0.00E+00 3.64E-17 4.70E-19 1.34E-19
 1253.0 3.70E-17 0.00E+00 0.00E+00 0.00E+00 0.00E+00 3.64E-17 4.56E-19 1.31E-19
 1260.0 4.60E-17 0.00E+00 0.00E+00 0.00E+00 0.00E+00 4.53E-17 5.46E-19 1.44E-19
 1264.0 3.30E-17 0.00E+00 0.00E+00 0.00E+00 0.00E+00 3.25E-17 3.88E-19 1.07E-19
 1270.0 3.30E-17 0.00E+00 0.00E+00 0.00E+00 0.00E+00 3.25E-17 3.84E-19 1.11E-19
 1272.0 3.80E-17 0.00E+00 0.00E+00 0.00E+00 0.00E+00 3.74E-17 4.41E-19 1.29E-19
 1273.0 3.20E-17 0.00E+00 0.00E+00 0.00E+00 0.00E+00 3.15E-17 3.70E-19 1.10E-19
 1275.0 3.90E-17 0.00E+00 0.00E+00 0.00E+00 0.00E+00 3.84E-17 4.50E-19 1.35E-19
 1280.0 4.00E-17 0.00E+00 0.00E+00 0.00E+00 0.00E+00 3.94E-17 4.44E-19 1.40E-19
 1282.0 2.70E-17 0.00E+00 0.00E+00 0.00E+00 0.00E+00 2.66E-17 2.91E-19 9.45E-20
 1284.0 1.90E-17 0.00E+00 0.00E+00 0.00E+00 0.00E+00 1.87E-17 2.00E-19 6.65E-20
 1287.0 3.00E-17 0.00E+00 0.00E+00 0.00E+00 0.00E+00 2.96E-17 3.15E-19 1.05E-19
 1291.0 1.01E-16 0.00E+00 0.00E+00 0.00E+00 0.00E+00 9.96E-17 1.06E-18 3.54E-19
 1298.0 2.70E-17 0.00E+00 0.00E+00 0.00E+00 0.00E+00 2.66E-17 2.76E-19 7.79E-20
 1300.0 1.90E-17 0.00E+00 0.00E+00 0.00E+00 0.00E+00 1.88E-17 1.92E-19 5.51E-20
 1310.0 1.12E-17 0.00E+00 0.00E+00 0.00E+00 0.00E+00 1.11E-17 1.11E-19 3.44E-20
 1320.0 9.10E-18 0.00E+00 0.00E+00 0.00E+00 0.00E+00 8.98E-18 9.08E-20 2.75E-20
 1330.0 8.87E-18 0.00E+00 0.00E+00 0.00E+00 0.00E+00 8.76E-18 8.86E-20 2.50E-20
 1340.0 9.00E-18 0.00E+00 0.00E+00 0.00E+00 0.00E+00 8.89E-18 8.99E-20 2.32E-20
 1350.0 8.63E-18 0.00E+00 0.00E+00 0.00E+00 0.00E+00 8.52E-18 8.62E-20 2.02E-20
 1360.0 8.67E-18 0.00E+00 0.00E+00 0.00E+00 0.00E+00 8.57E-18 8.66E-20 1.82E-20
 1370.0 8.15E-18 0.00E+00 0.00E+00 0.00E+00 0.00E+00 8.05E-18 8.14E-20 1.52E-20
 1380.0 8.17E-18 0.00E+00 0.00E+00 0.00E+00 0.00E+00 8.08E-18 8.16E-20 1.33E-20
 1390.0 7.36E-18 0.00E+00 0.00E+00 0.00E+00 0.00E+00 7.28E-18 7.35E-20 1.02E-20
 1400.0 6.07E-18 0.00E+00 0.00E+00 0.00E+00 0.00E+00 6.00E-18 6.06E-20 6.95E-21
 1410.0 5.12E-18 0.00E+00 0.00E+00 0.00E+00 0.00E+00 5.06E-18 5.11E-20 4.64E-21
 1420.0 4.26E-18 0.00E+00 0.00E+00 0.00E+00 0.00E+00 4.21E-18 4.26E-20 2.84E-21
 1430.0 3.27E-18 0.00E+00 0.00E+00 0.00E+00 0.00E+00 3.24E-18 3.27E-20 1.39E-21
 1500.0 1.05E-18 0.00E+00 0.00E+00 0.00E+00 0.00E+00 1.04E-18 0.00E+00 9.18E-21
 1550.0 8.00E-19 0.00E+00 0.00E+00 0.00E+00 0.00E+00 7.94E-19 0.00E+00 6.03E-21
 1600.0 6.00E-19 0.00E+00 0.00E+00 0.00E+00 0.00E+00 5.96E-19 0.00E+00 3.81E-21
 1650.0 1.15E-19 0.00E+00 0.00E+00 0.00E+00 0.00E+00 1.14E-19 0.00E+00 5.92E-22
 1700.0 8.00E-20 0.00E+00 0.00E+00 0.00E+00 0.00E+00 7.97E-20 0.00E+00 3.16E-22
 1750.0 1.30E-20 0.00E+00 0.00E+00 0.00E+00 0.00E+00 1.30E-20 0.00E+00 3.58E-23
 1800.0 1.05E-20 0.00E+00 0.00E+00 0.00E+00 0.00E+00 1.05E-20 0.00E+00 1.63E-23
 1850.0 1.05E-21 0.00E+00 0.00E+00 0.00E+00 0.00E+00 1.05E-21 0.00E+00 3.77E-25
 3080.0 1.00E-23 0.00E+00 0.00E+00 0.00E+00 0.00E+00 1.00E-23 0.00E+00 0.00E+00
