5 0.33071
6 0.33071
7 0.33071
8 0.33071
9 0.33071
10 0.32206
11 0.32206
12 0.32206
13 0.32206
14 0.32206
15 0.32206
16 0.32206
17 0.32206
18 0.30667
19 0.30667
20 0.304
21 0.304
22 0.304
23 0.304
24 0.304
25 0.29467
26 0.29467
27 0.29467
28 0.29467
29 0.29467
30 0.28583
31 0.28583
32 0.28583
33 0.28583
34 0.28583
35 0.27657
36 0.27657
37 0.27657
38 0.27657
39 0.27657
40 0.26735
41 0.26735
42 0.26735
43 0.26735
44 0.26735
45 0.25812
46 0.25812
47 0.25812
48 0.25812
49 0.25812
50 0.24921
51 0.24921
52 0.24921
53 0.24921
54 0.24921
55 0.24005
56 0.24
57 0.24
58 0.24
59 0.24
60 0.24
61 0.24
62 0.21414
63 0.21414
64 0.21414
65 0.21414
66 0.21414
67 0.21414
68 0.21414
69 0.19464
70 0.19464
71 0.18957
72 0.18957
73 0.18957
74 0.18957
75 0.18957
76 0.18957
77 0.18957
78 0.18
79 0.18
80 0.18
81 0.18
82 0.18
83 0.18
84 0.16504
85 0.16504
86 0.16504
87 0.16504
88 0.18
89 0.18
90 0.079911
91 0.079911
92 0.02
93 0.02
94 0.02
95 0
96 0
97 0
98 0
99 0
100 0
101 0
102 0
103 0
104 0
105 0
106 0
107 0
108 0
109 0
110 0
111 0
112 0
113 0
114 0
115 0
116 0
117 0
118 0
119 0
120 0
121 0
122 0
123 0
124 0
125 0
126 0
127 0
128 0
129 0
130 0
131 0
132 0
133 0
134 0
135 0
136 0
137 0
138 0
139 0
140 0
141 0
142 0
143 0
144 0
145 0
146 0
147 0
148 0
149 0
150 0
151 0
152 0
153 0
154 0
155 0
156 0
157 0
158 0
159 0
160 0
161 0
162 0
163 0
164 0
165 0
166 0
167 0
168 0
169 0
170 0
171 0
172 0
173 0
174 0
175 0
176 0
177 0
178 0
179 0
180 0
181 0
182 0
183 0
184 0
185 0
186 0
187 0
188 0
189 0
190 0
191 0
192 0
193 0
194 0
195 0
196 0
197 0
