5 0.48444
6 0.481
7 0.47857
8 0.475
9 0.472
10 0.46818
11 0.46818
12 0.46222
13 0.46222
14 0.46222
15 0.45267
16 0.45267
17 0.45267
18 0.45267
19 0.45267
20 0.43775
21 0.43775
22 0.43775
23 0.43775
24 0.43775
25 0.42
26 0.42
27 0.42
28 0.42
29 0.42
30 0.40556
31 0.40556
32 0.40556
33 0.40556
34 0.40556
35 0.40556
36 0.40556
37 0.40556
38 0.40556
39 0.40556
40 0.37338
41 0.37338
42 0.37338
43 0.37338
44 0.37338
45 0.37338
46 0.37338
47 0.37338
48 0.37338
49 0.37338
50 0.34149
51 0.34149
52 0.34149
53 0.34149
54 0.34149
55 0.34149
56 0.34149
57 0.34149
58 0.34149
59 0.34149
60 0.31
61 0.31
62 0.29
63 0.29
64 0.27
65 0.27
66 0.22
67 0.22
68 0.18
69 0.18
70 0
71 0
72 0
73 0
74 0
75 0
76 0
77 0
78 0
79 0
80 0
81 0
82 0
83 0
84 0
85 0
86 0
87 0
88 0
89 0
90 0
91 0
92 0
93 0
94 0
95 0
96 0
97 0
98 0
99 0
100 0
101 0
102 0
103 0
104 0
105 0
106 0
107 0
108 0
109 0
110 0
111 0
112 0
113 0
114 0
115 0
116 0
117 0
118 0
119 0
120 0
121 0
122 0
123 0
124 0
125 0
126 0
127 0
128 0
129 0
130 0
131 0
132 0
133 0
134 0
135 0
136 0
137 0
138 0
139 0
140 0
141 0
142 0
143 0
144 0
145 0
146 0
147 0
148 0
149 0
150 0
151 0
152 0
153 0
154 0
155 0
156 0
157 0
158 0
159 0
160 0
161 0
162 0
163 0
164 0
165 0
166 0
167 0
168 0
169 0
170 0
171 0
172 0
173 0
174 0
175 0
176 0
177 0
178 0
179 0
180 0
181 0
182 0
183 0
184 0
185 0
186 0
187 0
188 0
189 0
190 0
191 0
192 0
193 0
194 0
195 0
196 0
197 0
198 0
199 0
200 0
201 0
202 0
203 0
204 0
205 0
206 0
207 0
208 0
209 0
210 0
211 0
212 0
213 0
214 0
215 0
216 0
217 0
218 0
219 0
220 0
221 0
222 0
223 0
224 0
225 0
226 0
227 0
228 0
229 0
230 0
231 0
