5 0.0058509
6 0.0070327
7 0.0082121
8 0.0093926
9 0.010577
10 0.011767
11 0.012961
12 0.014158
13 0.015353
14 0.016545
15 0.017734
16 0.01892
17 0.020103
18 0.021283
19 0.022461
20 0.023637
21 0.024813
22 0.025989
23 0.027167
24 0.028349
25 0.029535
26 0.030728
27 0.031925
28 0.033126
29 0.034327
30 0.035528
31 0.036726
32 0.037919
33 0.039104
34 0.040278
35 0.04144
36 0.042587
37 0.043746
38 0.044971
39 0.04622
40 0.047388
41 0.048511
42 0.049719
43 0.051003
44 0.052259
45 0.053428
46 0.05453
47 0.055621
48 0.056792
49 0.05806
50 0.059321
51 0.060522
52 0.061673
53 0.062799
54 0.063941
55 0.065127
56 0.066331
57 0.067516
58 0.068687
59 0.069875
60 0.0711
61 0.07234
62 0.073562
63 0.07474
64 0.075889
65 0.077035
66 0.078202
67 0.079392
68 0.080595
69 0.081798
70 0.082991
71 0.084175
72 0.085354
73 0.086531
74 0.087708
75 0.088887
76 0.090066
77 0.091242
78 0.092417
79 0.093589
80 0.094759
81 0.095929
82 0.0971
83 0.098274
84 0.09945
85 0.10063
86 0.1018
87 0.10298
88 0.10415
89 0.10531
90 0.10647
91 0.10763
92 0.10881
93 0.11001
94 0.11125
95 0.11252
96 0.11384
97 0.11519
98 0.11655
99 0.11787
100 0.11912
101 0.12028
102 0.1213
103 0.12216
104 0.12282
105 0.12312
106 0.12288
107 0.121
108 0.11853
109 0.11617
110 0.11382
111 0.11144
112 0.10897
113 0.10631
114 0.10357
115 0.101
116 0.098566
117 0.096194
118 0.093852
119 0.091429
120 0.088934
121 0.086379
122 0.083857
123 0.081412
124 0.07882
125 0.075878
126 0.072766
127 0.069717
128 0.066776
129 0.063908
130 0.060959
131 0.057816
132 0.054675
133 0.051732
134 0.048859
135 0.045894
136 0.042898
137 0.039944
138 0.036898
139 0.03374
140 0.030992
141 0.027898
142 0.024907
143 0.022
144 0.018955
145 0.015969
146 0.01299
147 0.010011
148 0.0099419
149 0.0099208
150 0.0098257
151 0.0097685
152 0.0097132
153 0.009659
154 0.0095658
155 0.0095472
156 0.0095014
157 0.0094292
158 0.0093777
159 0.009344
160 0.0092736
161 0.0091934
162 0.0091142
163 0.009036
164 0.0089588
165 0.0088825
166 0.0088072
167 0.0087327
168 0.0086591
169 0.0085864
170 0.0085145
171 0.0084434
172 0.0083731
173 0.0083035
174 0.0082347
175 0.0081666
176 0.0080991
177 0.0080324
178 0.0079663
179 0.0079008
180 0.007836
181 0.0077718
182 0.0077081
183 0.007645
184 0.0075825
185 0.0075205
186 0.007459
187 0.007398
188 0.0073375
189 0.0072775
190 0.0072179
191 0.0071588
192 0.0071
193 0.0070417
194 0.0069838
195 0.0069263
196 0.0068691
197 0.0068123
198 0.0067559
199 0.0066997
200 0.0066439
201 0.0065884
202 0.0065332
203 0.0064783
204 0.0064236
205 0.0063692
206 0.0063151
207 0.0062612
208 0.0062075
209 0.006154
210 0.0061008
211 0.0060477
212 0.0059948
213 0.0059421
214 0.0058895
215 0.0058371
216 0.0057849
217 0.0057328
218 0.0056808
219 0.0056289
220 0.0055771
221 0.0055254
222 0.0054739
223 0.0054224
224 0.0053709
225 0.0053196
226 0.0052683
227 0.005217
228 0.0051658
229 0.0051146
230 0.0050634
231 0.0050123
232 0.0049611
233 0.00491
234 0.0048589
235 0.0048077
236 0.0047565
237 0.0047053
238 0.0046541
239 0.0046028
240 0.0045515
241 0.0045002
242 0.0044487
243 0.0043972
244 0.0043457
245 0.004294
246 0.0042423
247 0.0041905
248 0.0041386
249 0.0040866
250 0.0040346
251 0.0039824
252 0.00393
253 0.0038776
254 0.0038251
255 0.0037724
256 0.0037196
257 0.0036666
258 0.0036136
259 0.0035604
260 0.003507
261 0.0034535
262 0.0033998
263 0.003346
264 0.0032921
265 0.0032379
266 0.0031836
267 0.0031292
268 0.0030745
269 0.0030198
270 0.0029648
271 0.0029097
272 0.0028543
273 0.0027988
274 0.0027431
275 0.0026872
276 0.0026311
277 0.0025749
278 0.0025185
279 0.0024619
280 0.0024053
281 0.0023484
282 0.0022914
283 0.0022343
284 0.002177
285 0.0021196
286 0.002062
287 0.0020043
288 0.0019464
289 0.0018884
290 0.0018303
