5 0.51556
6 0.52
7 0.52143
8 0.525
9 0.528
10 0.53182
11 0.53182
12 0.53778
13 0.53778
14 0.53778
15 0.54733
16 0.54733
17 0.54733
18 0.54733
19 0.54733
20 0.56225
21 0.56225
22 0.56225
23 0.56225
24 0.56225
25 0.58
26 0.58
27 0.58
28 0.58
29 0.58
30 0.59444
31 0.59444
32 0.59444
33 0.59444
34 0.59444
35 0.59444
36 0.59444
37 0.59444
38 0.59444
39 0.59444
40 0.62662
41 0.62662
42 0.62662
43 0.62662
44 0.62662
45 0.62662
46 0.62662
47 0.62662
48 0.62662
49 0.62662
50 0.65957
51 0.65957
52 0.65957
53 0.65957
54 0.65957
55 0.65957
56 0.65957
57 0.65957
58 0.65957
59 0.65957
60 0.69167
61 0.69167
62 0.71111
63 0.71111
64 0.73103
65 0.73103
66 0.78065
67 0.78065
68 0.81875
69 0.81875
70 0.99846
71 0.99846
72 0.97015
73 0.97015
74 0.84054
75 0.84054
76 0.66067
77 0.66067
78 0.64948
79 0.64948
80 0.7299
81 0.7299
82 0.76989
83 0.76989
84 0.75
85 0.75
86 0.63125
87 0.63125
88 0.57846
89 0.57846
90 0.55
91 0.55
92 0.58974
93 0.58974
94 0.71081
95 0.71081
96 0.75077
97 0.75077
98 0.75
99 0.75
100 0.72143
101 0.72143
102 0.72143
103 0.72143
104 0.72143
105 0.97817
106 0.91176
107 0.91176
108 0.70635
109 0.14286
110 0
111 0
112 0
113 0
114 0
115 0
116 0
117 0
118 0
119 0
120 0
121 0
122 0
123 0
124 0
125 0
126 0
127 0
128 0
129 0
130 0
131 0
132 0
133 0
134 0
135 0
136 0
137 0
138 0
139 0
140 0
141 0
142 0
143 0
144 0
145 0
146 0
147 0
148 0
149 0
150 0
151 0
152 0
153 0
154 0
155 0
156 0
157 0
158 0
159 0
160 0
161 0
162 0
163 0
164 0
165 0
166 0
167 0
168 0
169 0
170 0
171 0
172 0
173 0
174 0
175 0
176 0
177 0
178 0
179 0
180 0
181 0
182 0
183 0
184 0
185 0
186 0
187 0
188 0
189 0
190 0
191 0
192 0
193 0
194 0
195 0
196 0
197 0
198 0
199 0
200 0
201 0
202 0
203 0
204 0
205 0
206 0
207 0
208 0
209 0
210 0
211 0
212 0
213 0
214 0
215 0
216 0
217 0
218 0
219 0
220 0
221 0
222 0
223 0
224 0
225 0
226 0
227 0
228 0
229 0
230 0
231 0
