5 0.16363
6 0.16363
7 0.15753
8 0.15144
9 0.14534
10 0.13924
11 0.13324
12 0.12724
13 0.12123
14 0.11523
15 0.10923
16 0.10322
17 0.097221
18 0.091218
19 0.08514
20 0.079067
21 0.073102
22 0.067131
23 0.061081
24 0.055029
25 0.048965
26 0.042902
27 0.036871
28 0.03084
29 0.024763
30 0.018694
31 0.016517
32 0.014337
33 0.013126
34 0.011915
35 0.010672
36 0.0094294
37 0.0082028
38 0.0069762
39 0.0058846
40 0.0047924
41 0.0039278
42 0.0030637
43 0.002631
44 0.0021971
45 0.0019316
46 0.0016669
47 0.0016232
48 0.0015794
49 0.0015271
50 0.0014749
51 0.0014124
52 0.0013498
53 0.0012792
54 0.0012088
55 0.0011208
56 0.0010327
57 0.00094309
58 0.00085349
59 0.00074486
60 0.0006359
61 0.00052277
62 0.00040965
63 0.00031849
64 0.00022745
65 0.00013664
66 4.5702e-05
67 2.2814e-05
68 0
69 0
70 0
71 0
72 0
73 0
74 0
75 0
76 0
77 0
78 0
79 0
80 0
81 0
82 0
83 0
84 0
85 0
86 0
87 0
88 0
89 0
90 0
91 0
92 0
93 0
94 0
95 0
96 0
97 0
98 0
99 0
100 0
101 0
102 0
103 0
104 0
105 0
106 0
107 0
108 0
109 0
110 0
111 0
112 0
113 0
114 0
115 0
116 0
117 0
118 0
119 0
120 0
121 0
122 0
123 0
124 0
125 0
126 0
127 0
128 0
129 0
130 0
131 0
132 0
133 0
134 0
135 0
136 0
137 0
138 0
139 0
140 0
141 0
142 0
143 0
144 0
145 0
146 0
147 0
148 0
149 0
150 0
151 0
152 0
153 0
154 0
155 0
156 0
157 0
158 0
159 0
160 0
161 0
162 0
163 0
164 0
165 0
166 0
167 0
168 0
169 0
170 0
171 0
172 0
173 0
174 0
175 0
176 0
177 0
178 0
179 0
180 0
181 0
182 0
183 0
184 0
185 0
186 0
187 0
188 0
189 0
190 0
191 0
192 0
193 0
194 0
195 0
196 0
197 0
198 0
199 0
200 0
201 0
202 0
203 0
204 0
205 0
206 0
207 0
208 0
209 0
210 0
211 0
212 0
213 0
214 0
215 0
216 0
217 0
218 0
219 0
220 0
221 0
222 0
223 0
224 0
225 0
226 0
227 0
228 0
229 0
230 0
231 0
232 0
233 0
234 0
235 0
236 0
237 0
238 0
239 0
240 0
241 0
242 0
