5 0.16929
6 0.16929
7 0.16418
8 0.15907
9 0.15396
10 0.14885
11 0.14367
12 0.13849
13 0.13331
14 0.12813
15 0.12296
16 0.11778
17 0.1126
18 0.10742
19 0.10227
20 0.097125
21 0.09198
22 0.086831
23 0.081726
24 0.076619
25 0.071449
26 0.066281
27 0.061167
28 0.056053
29 0.050872
30 0.045697
31 0.042469
32 0.039238
33 0.036448
34 0.033658
35 0.031217
36 0.028776
37 0.027795
38 0.026814
39 0.027644
40 0.028474
41 0.02914
42 0.029804
43 0.030229
44 0.030655
45 0.031212
46 0.031766
47 0.032497
48 0.03323
49 0.03385
50 0.03447
51 0.034872
52 0.035274
53 0.03567
54 0.036063
55 0.036803
56 0.037544
57 0.038257
58 0.03897
59 0.036758
60 0.03454
61 0.031496
62 0.028453
63 0.021826
64 0.015208
65 0.0086012
66 0.0019863
67 0.00099151
68 0
69 0
70 0
71 0
72 0
73 0
74 0
75 0
76 0
77 0
78 0
79 0
80 0
81 0
82 0
83 0
84 0
85 0
86 0
87 0
88 0
89 0
90 0
91 0
92 0
93 0
94 0
95 0
96 0
97 0
98 0
99 0
100 0
101 0
102 0
103 0
104 0
105 0
106 0
107 0
108 0
109 0
110 0
111 0
112 0
113 0
114 0
115 0
116 0
117 0
118 0
119 0
120 0
121 0
122 0
123 0
124 0
125 0
126 0
127 0
128 0
129 0
130 0
131 0
132 0
133 0
134 0
135 0
136 0
137 0
138 0
139 0
140 0
141 0
142 0
143 0
144 0
145 0
146 0
147 0
148 0
149 0
150 0
151 0
152 0
153 0
154 0
155 0
156 0
157 0
158 0
159 0
160 0
161 0
162 0
163 0
164 0
165 0
166 0
167 0
168 0
169 0
170 0
171 0
172 0
173 0
174 0
175 0
176 0
177 0
178 0
179 0
180 0
181 0
182 0
183 0
184 0
185 0
186 0
187 0
188 0
189 0
190 0
191 0
192 0
193 0
194 0
195 0
196 0
197 0
198 0
199 0
200 0
201 0
202 0
203 0
204 0
205 0
206 0
207 0
208 0
209 0
210 0
211 0
212 0
213 0
214 0
215 0
216 0
217 0
218 0
219 0
220 0
221 0
222 0
223 0
224 0
225 0
226 0
227 0
228 0
229 0
230 0
231 0
232 0
233 0
234 0
235 0
236 0
237 0
238 0
239 0
240 0
241 0
242 0
