5 0.027098
6 0.027098
7 0.027446
8 0.027793
9 0.028141
10 0.028489
11 0.028854
12 0.029218
13 0.029583
14 0.029948
15 0.030312
16 0.030677
17 0.031042
18 0.031406
19 0.031657
20 0.031907
21 0.03232
22 0.032732
23 0.033085
24 0.033439
25 0.033772
26 0.034105
27 0.034452
28 0.034799
29 0.035154
30 0.035509
31 0.035864
32 0.03622
33 0.036548
34 0.036876
35 0.037215
36 0.037555
37 0.037941
38 0.038327
39 0.038683
40 0.039039
41 0.039357
42 0.039675
43 0.040089
44 0.040504
45 0.040794
46 0.041083
47 0.041486
48 0.041891
49 0.042196
50 0.0425
51 0.042894
52 0.043289
53 0.043564
54 0.043838
55 0.044189
56 0.044541
57 0.044897
58 0.045254
59 0.045729
60 0.046205
61 0.045366
62 0.044527
63 0.043774
64 0.043022
65 0.043702
66 0.044383
67 0.059611
68 0.074789
69 0.073764
70 0.072736
71 0.073541
72 0.074329
73 0.073327
74 0.07
75 0.076037
76 0.063665
77 0.065574
78 0.050662
79 0.043431
80 0.041034
81 0.04626
82 0.055479
83 0.066831
84 0.08098
85 0.092576
86 0.10298
87 0.11779
88 0.12585
89 0.13976
90 0.14579
91 0.15562
92 0.15988
93 0.16357
94 0.1637
95 0.1608
96 0.16498
97 0.16054
98 0.14172
99 0.1
100 0.1
101 0.1
102 0.1
103 0.1
104 0.1
105 0.10013
106 0.10026
107 0.099936
108 0.099932
109 0.1
110 0.099993
111 0.099912
112 0.099964
113 0.099912
114 0.10015
115 0.10012
116 0.099838
117 0.1
118 0.1
119 0.1
120 0.1
121 0.099932
122 0.10006
123 0.099932
124 0.1
125 0.10007
126 0.10012
127 0.10009
128 0.10006
129 0.10003
130 0.15
131 0.25005
132 0.25012
133 0.2502
134 0.25028
135 0.25036
136 0.25029
137 0.25021
138 0.25014
139 0.25007
140 0.25
141 0.25
142 0.25
143 0.25
144 0.125
145 0
146 0
147 0
148 0
149 0
150 0
151 0
152 0
153 0
154 0
155 0
156 0
157 0
158 0
159 0
160 0
161 0
162 0
163 0
164 0
165 0
166 0
167 0
168 0
169 0
170 0
171 0
172 0
173 0
174 0
175 0
176 0
177 0
178 0
179 0
180 0
181 0
182 0
183 0
184 0
185 0
186 0
187 0
188 0
189 0
190 0
191 0
192 0
193 0
194 0
195 0
196 0
197 0
198 0
199 0
200 0
201 0
202 0
203 0
204 0
205 0
206 0
207 0
208 0
209 0
210 0
211 0
212 0
213 0
214 0
215 0
216 0
217 0
218 0
219 0
220 0
221 0
222 0
223 0
224 0
225 0
226 0
227 0
228 0
229 0
230 0
231 0
232 0
233 0
234 0
235 0
236 0
237 0
238 0
239 0
240 0
241 0
242 0
