0 0.33
0.1 0.33
0.2 0.330048309178744
0.3 0.330096618357488
0.4 0.330144927536232
0.5 0.330193236714976
0.6 0.33024154589372
0.7 0.330289855072464
0.8 0.330338164251208
0.9 0.330386473429952
1 0.330434782608696
1.1 0.330495199050599
1.2 0.330555615492502
1.3 0.330616031934405
1.4 0.330676448376308
1.5 0.330736864818211
1.6 0.330797281260114
1.7 0.330857697702018
1.8 0.330918114143921
1.9 0.330978530585824
2 0.331038947027727
2.1 0.33109936346963
2.2 0.331159779911533
2.3 0.331220196353436
2.4 0.331280612795339
2.5 0.331341029237243
2.6 0.331401445679146
2.7 0.331461862121049
2.8 0.331522278562952
2.9 0.331582695004855
3 0.331643111446758
3.1 0.331703527888661
3.2 0.331763944330564
3.3 0.331824360772467
3.4 0.331884777214371
3.5 0.331945193656274
3.6 0.332005610098177
3.7 0.33206602654008
3.8 0.332126442981983
3.9 0.332186859423886
4 0.332247275865789
4.1 0.332307692307692
4.2 0.332245800176835
4.3 0.332183908045977
4.4 0.332280084447572
4.5 0.332376260849167
4.6 0.332472437250762
4.7 0.332568613652358
4.8 0.332664790053953
4.9 0.332760966455548
5 0.332857142857143
5.1 0.332905882352941
5.2 0.332954621848739
5.3 0.333003361344538
5.4 0.333052100840336
5.5 0.333100840336134
5.6 0.333149579831933
5.7 0.333198319327731
5.8 0.333247058823529
5.9 0.333295798319328
6 0.333344537815126
6.1 0.333393277310924
6.2 0.333442016806723
6.3 0.333490756302521
6.4 0.333539495798319
6.5 0.333588235294118
6.6 0.333636974789916
6.7 0.333685714285714
6.8 0.333734453781512
6.9 0.333783193277311
7 0.333831932773109
7.1 0.333880672268907
7.2 0.333929411764706
7.3 0.333978151260504
7.4 0.334026890756302
7.5 0.334075630252101
7.6 0.334124369747899
7.7 0.334173109243697
7.8 0.334221848739496
7.9 0.334270588235294
8 0.334319327731092
8.1 0.33436806722689
8.2 0.334416806722689
8.3 0.334465546218487
8.4 0.334514285714285
8.5 0.334563025210084
8.6 0.334611764705882
8.7 0.33466050420168
8.8 0.334709243697479
8.9 0.334757983193277
9 0.334806722689075
9.1 0.334855462184874
9.2 0.334904201680672
9.3 0.33495294117647
9.4 0.335001680672269
9.5 0.335050420168067
9.6 0.335099159663865
9.7 0.335147899159664
9.8 0.335196638655462
9.9 0.33524537815126
10 0.335294117647059
10.1 0.335352941176471
10.2 0.335411764705882
10.3 0.335470588235294
10.4 0.335529411764706
10.5 0.335588235294118
10.6 0.335647058823529
10.7 0.335705882352941
10.8 0.335764705882353
10.9 0.335823529411765
11 0.335882352941177
11.1 0.335941176470588
11.2 0.336
11.3 0.336058823529412
11.4 0.336117647058824
11.5 0.336176470588235
11.6 0.336235294117647
11.7 0.336294117647059
11.8 0.336352941176471
11.9 0.336411764705883
12 0.336470588235294
12.1 0.336529411764706
12.2 0.336588235294118
12.3 0.33664705882353
12.4 0.336705882352941
12.5 0.336764705882353
12.6 0.336823529411765
12.7 0.336882352941177
12.8 0.336941176470589
12.9 0.337
13 0.337058823529412
13.1 0.337117647058824
13.2 0.337176470588236
13.3 0.337235294117647
13.4 0.337294117647059
13.5 0.337352941176471
13.6 0.337411764705883
13.7 0.337470588235295
13.8 0.337529411764706
13.9 0.337588235294118
14 0.33764705882353
14.1 0.337705882352942
14.2 0.337764705882353
14.3 0.337823529411765
14.4 0.337882352941177
14.5 0.337941176470589
14.6 0.338
14.7 0.338058823529412
14.8 0.338117647058824
14.9 0.338176470588236
15 0.338235294117647
15.1 0.338294117647059
15.2 0.338352941176471
15.3 0.338411764705883
15.4 0.338470588235294
15.5 0.338529411764706
15.6 0.338588235294118
15.7 0.33864705882353
15.8 0.338705882352941
15.9 0.338764705882353
16 0.338823529411765
16.1 0.338882352941177
16.2 0.338941176470588
16.3 0.339
16.4 0.339058823529412
16.5 0.339117647058824
16.6 0.339176470588235
16.7 0.339235294117647
16.8 0.339294117647059
16.9 0.339352941176471
17 0.339411764705882
17.1 0.339470588235294
17.2 0.339529411764706
17.3 0.339588235294118
17.4 0.339647058823529
17.5 0.339705882352941
17.6 0.339764705882353
17.7 0.339823529411765
17.8 0.339882352941176
17.9 0.339941176470588
18 0.34
18.1 0.34
18.2 0.34
18.3 0.34
18.4 0.34
18.5 0.34
18.6 0.34
18.7 0.34
18.8 0.34
18.9 0.34
19 0.34
19.1 0.34
19.2 0.34
19.3 0.34
19.4 0.34
19.5 0.34
19.6 0.34
19.7 0.34
19.8 0.34
19.9 0.34
20 0.34
20.1 0.34008
20.2 0.34016
20.3 0.34024
20.4 0.34032
20.5 0.3404
20.6 0.34048
20.7 0.34056
20.8 0.34064
20.9 0.34072
21 0.3408
21.1 0.34088
21.2 0.34096
21.3 0.34104
21.4 0.34112
21.5 0.3412
21.6 0.34128
21.7 0.34136
21.8 0.34144
21.9 0.34152
22 0.3416
22.1 0.34168
22.2 0.34176
22.3 0.34184
22.4 0.34192
22.5 0.342
22.6 0.34208
22.7 0.34216
22.8 0.34224
22.9 0.34232
23 0.3424
23.1 0.34248
23.2 0.34256
23.3 0.34264
23.4 0.34272
23.5 0.3428
23.6 0.34288
23.7 0.34296
23.8 0.34304
23.9 0.34312
24 0.3432
24.1 0.34328
24.2 0.34336
24.3 0.34344
24.4 0.34352
24.5 0.3436
24.6 0.34368
24.7 0.34376
24.8 0.34384
24.9 0.34392
25 0.344
25.1 0.344053333333333
25.2 0.344106666666667
25.3 0.34416
25.4 0.344213333333333
25.5 0.344266666666667
25.6 0.34432
25.7 0.344373333333333
25.8 0.344426666666667
25.9 0.34448
26 0.344533333333334
26.1 0.344586666666667
26.2 0.34464
26.3 0.344693333333334
26.4 0.344746666666667
26.5 0.3448
26.6 0.344853333333334
26.7 0.344906666666667
26.8 0.34496
26.9 0.345013333333334
27 0.345066666666667
27.1 0.34512
27.2 0.345173333333334
27.3 0.345226666666667
27.4 0.34528
27.5 0.345333333333334
27.6 0.345386666666667
27.7 0.34544
27.8 0.345493333333334
27.9 0.345546666666667
28 0.3456
28.1 0.345653333333334
28.2 0.345706666666667
28.3 0.34576
28.4 0.345813333333334
28.5 0.345866666666667
28.6 0.34592
28.7 0.345973333333334
28.8 0.346026666666667
28.9 0.34608
29 0.346133333333333
29.1 0.346186666666667
29.2 0.34624
29.3 0.346293333333333
29.4 0.346346666666667
29.5 0.3464
29.6 0.346453333333333
29.7 0.346506666666667
29.8 0.34656
29.9 0.346613333333333
30 0.346666666666667
30.1 0.346716190476191
30.2 0.346765714285714
30.3 0.346815238095238
30.4 0.346864761904762
30.5 0.346914285714286
30.6 0.34696380952381
30.7 0.347013333333334
30.8 0.347062857142857
30.9 0.347112380952381
31 0.347161904761905
31.1 0.347211428571429
31.2 0.347260952380953
31.3 0.347310476190476
31.4 0.34736
31.5 0.347409523809524
31.6 0.347459047619048
31.7 0.347508571428572
31.8 0.347558095238095
31.9 0.347607619047619
32 0.347657142857143
32.1 0.347706666666667
32.2 0.347756190476191
32.3 0.347805714285714
32.4 0.347855238095238
32.5 0.347904761904762
32.6 0.347954285714286
32.7 0.34800380952381
32.8 0.348053333333333
32.9 0.348102857142857
33 0.348152380952381
33.1 0.348201904761905
33.2 0.348251428571429
33.3 0.348300952380952
33.4 0.348350476190476
33.5 0.3484
33.6 0.348449523809524
33.7 0.348499047619048
33.8 0.348548571428571
33.9 0.348598095238095
34 0.348647619047619
34.1 0.348697142857143
34.2 0.348746666666667
34.3 0.348796190476191
34.4 0.348845714285714
34.5 0.348895238095238
34.6 0.348944761904762
34.7 0.348994285714286
34.8 0.34904380952381
34.9 0.349093333333333
35 0.349142857142857
35.1 0.349196734693878
35.2 0.349250612244898
35.3 0.349304489795918
35.4 0.349358367346939
35.5 0.349412244897959
35.6 0.34946612244898
35.7 0.34952
35.8 0.349573877551021
35.9 0.349627755102041
36 0.349681632653061
36.1 0.349735510204082
36.2 0.349789387755102
36.3 0.349843265306123
36.4 0.349897142857143
36.5 0.349951020408163
36.6 0.350004897959184
36.7 0.350058775510204
36.8 0.350112653061225
36.9 0.350166530612245
37 0.350220408163265
37.1 0.350274285714286
37.2 0.350328163265306
37.3 0.350382040816327
37.4 0.350435918367347
37.5 0.350489795918367
37.6 0.350543673469388
37.7 0.350597551020408
37.8 0.350651428571429
37.9 0.350705306122449
38 0.350759183673469
38.1 0.35081306122449
38.2 0.35086693877551
38.3 0.350920816326531
38.4 0.350974693877551
38.5 0.351028571428571
38.6 0.351082448979592
38.7 0.351136326530612
38.8 0.351190204081633
38.9 0.351244081632653
39 0.351297959183674
39.1 0.351351836734694
39.2 0.351405714285714
39.3 0.351459591836735
39.4 0.351513469387755
39.5 0.351567346938776
39.6 0.351621224489796
39.7 0.351675102040816
39.8 0.351728979591837
39.9 0.351782857142857
40 0.351836734693878
40.1 0.3518625
40.2 0.351888265306122
40.3 0.351914030612245
40.4 0.351939795918367
40.5 0.35196556122449
40.6 0.351991326530612
40.7 0.352017091836735
40.8 0.352042857142857
40.9 0.35206862244898
41 0.352094387755102
41.1 0.352120153061225
41.2 0.352145918367347
41.3 0.35217168367347
41.4 0.352197448979592
41.5 0.352223214285714
41.6 0.352248979591837
41.7 0.352274744897959
41.8 0.352300510204082
41.9 0.352326275510204
42 0.352352040816327
42.1 0.352377806122449
42.2 0.352403571428572
42.3 0.352429336734694
42.4 0.352455102040816
42.5 0.352480867346939
42.6 0.352506632653061
42.7 0.352532397959184
42.8 0.352558163265306
42.9 0.352583928571429
43 0.352609693877551
43.1 0.352635459183674
43.2 0.352661224489796
43.3 0.352686989795918
43.4 0.352712755102041
43.5 0.352738520408163
43.6 0.352764285714286
43.7 0.352790051020408
43.8 0.352815816326531
43.9 0.352841581632653
44 0.352867346938776
44.1 0.352893112244898
44.2 0.35291887755102
44.3 0.352944642857143
44.4 0.352970408163265
44.5 0.352996173469388
44.6 0.35302193877551
44.7 0.353047704081633
44.8 0.353073469387755
44.9 0.353099234693878
45 0.353125
45.1 0.353220394736842
45.2 0.353315789473684
45.3 0.353411184210526
45.4 0.353506578947368
45.5 0.353601973684211
45.6 0.353697368421053
45.7 0.353792763157895
45.8 0.353888157894737
45.9 0.353983552631579
46 0.354078947368421
46.1 0.354174342105263
46.2 0.354269736842105
46.3 0.354365131578947
46.4 0.35446052631579
46.5 0.354555921052632
46.6 0.354651315789474
46.7 0.354746710526316
46.8 0.354842105263158
46.9 0.3549375
47 0.355032894736842
47.1 0.355128289473684
47.2 0.355223684210526
47.3 0.355319078947369
47.4 0.355414473684211
47.5 0.355509868421053
47.6 0.355605263157895
47.7 0.355700657894737
47.8 0.355796052631579
47.9 0.355891447368421
48 0.355986842105263
48.1 0.356082236842105
48.2 0.356177631578948
48.3 0.35627302631579
48.4 0.356368421052632
48.5 0.356463815789474
48.6 0.356559210526316
48.7 0.356654605263158
48.8 0.35675
48.9 0.356845394736842
49 0.356940789473684
49.1 0.357036184210527
49.2 0.357131578947369
49.3 0.357226973684211
49.4 0.357322368421053
49.5 0.357417763157895
49.6 0.357513157894737
49.7 0.357608552631579
49.8 0.357703947368421
49.9 0.357799342105263
50 0.357894736842105
50.1 0.357921308124681
50.2 0.357947879407256
50.3 0.357974450689831
50.4 0.358001021972407
50.5 0.358027593254982
50.6 0.358054164537558
50.7 0.358080735820133
50.8 0.358107307102708
50.9 0.358133878385284
51 0.358160449667859
51.1 0.358187020950434
51.2 0.35821359223301
51.3 0.358240163515585
51.4 0.358266734798161
51.5 0.358293306080736
51.6 0.358319877363311
51.7 0.358346448645887
51.8 0.358373019928462
51.9 0.358399591211038
52 0.358426162493613
52.1 0.358452733776188
52.2 0.358479305058764
52.3 0.358505876341339
52.4 0.358532447623914
52.5 0.35855901890649
52.6 0.358585590189065
52.7 0.358612161471641
52.8 0.358638732754216
52.9 0.358665304036791
53 0.358691875319367
53.1 0.358718446601942
53.2 0.358745017884517
53.3 0.358771589167093
53.4 0.358798160449668
53.5 0.358824731732243
53.6 0.358851303014819
53.7 0.358877874297394
53.8 0.35890444557997
53.9 0.358931016862545
54 0.35895758814512
54.1 0.358984159427696
54.2 0.359010730710271
54.3 0.359037301992846
54.4 0.359063873275422
54.5 0.359090444557997
54.6 0.359117015840572
54.7 0.359143587123148
54.8 0.359170158405723
54.9 0.359196729688298
55 0.359223300970874
55.1 0.359278779472954
55.2 0.359334257975035
55.3 0.359389736477115
55.4 0.359445214979196
55.5 0.359500693481276
55.6 0.359556171983356
55.7 0.359611650485437
55.8 0.359667128987517
55.9 0.359722607489598
56 0.359778085991678
56.1 0.359833564493759
56.2 0.359889042995839
56.3 0.35994452149792
56.4 0.36
56.5 0.360642135642136
56.6 0.361284271284271
56.7 0.361926406926407
56.8 0.362568542568543
56.9 0.363210678210678
57 0.363852813852814
57.1 0.36449494949495
57.2 0.365137085137085
57.3 0.365779220779221
57.4 0.366421356421357
57.5 0.367063492063492
57.6 0.367705627705628
57.7 0.368347763347764
57.8 0.368989898989899
57.9 0.369632034632035
58 0.37027417027417
58.1 0.370916305916306
58.2 0.371558441558442
58.3 0.372200577200577
58.4 0.372842712842713
58.5 0.373484848484849
58.6 0.374126984126984
58.7 0.37476911976912
58.8 0.375411255411256
58.9 0.376053391053391
59 0.376695526695527
59.1 0.377337662337663
59.2 0.377979797979798
59.3 0.378621933621934
59.4 0.379264069264069
59.5 0.379906204906205
59.6 0.380548340548341
59.7 0.381190476190476
59.8 0.381832611832612
59.9 0.382474747474748
60 0.383116883116883
60.1 0.383759018759019
60.2 0.384401154401155
60.3 0.38504329004329
60.4 0.385685425685426
60.5 0.386327561327561
60.6 0.386969696969697
60.7 0.387611832611833
60.8 0.388253968253968
60.9 0.388896103896104
61 0.38953823953824
61.1 0.390180375180375
61.2 0.390822510822511
61.3 0.391464646464647
61.4 0.392106782106782
61.5 0.392748917748918
61.6 0.393391053391053
61.7 0.394033189033189
61.8 0.394675324675325
61.9 0.39531746031746
62 0.395959595959596
62.1 0.396173432042997
62.2 0.396387268126399
62.3 0.3966011042098
62.4 0.396814940293201
62.5 0.397028776376603
62.6 0.397242612460004
62.7 0.397456448543405
62.8 0.397670284626806
62.9 0.397884120710208
63 0.398097956793609
63.1 0.39831179287701
63.2 0.398525628960412
63.3 0.398739465043813
63.4 0.398953301127214
63.5 0.399167137210616
63.6 0.399380973294017
63.7 0.399594809377418
63.8 0.39980864546082
63.9 0.400022481544221
64 0.400236317627622
64.1 0.400450153711023
64.2 0.400663989794425
64.3 0.400877825877826
64.4 0.401091661961227
64.5 0.401305498044629
64.6 0.40151933412803
64.7 0.401733170211431
64.8 0.401947006294833
64.9 0.402160842378234
65 0.402374678461635
65.1 0.402588514545037
65.2 0.402802350628438
65.3 0.403016186711839
65.4 0.403230022795241
65.5 0.403443858878642
65.6 0.403657694962043
65.7 0.403871531045444
65.8 0.404085367128846
65.9 0.404299203212247
66 0.404513039295648
66.1 0.40472687537905
66.2 0.404940711462451
66.3 0.405154547545852
66.4 0.405368383629254
66.5 0.405582219712655
66.6 0.405796055796056
66.7 0.406009891879458
66.8 0.406223727962859
66.9 0.40643756404626
67 0.406651400129661
67.1 0.406865236213063
67.2 0.407079072296464
67.3 0.407292908379865
67.4 0.407506744463267
67.5 0.407720580546668
67.6 0.407934416630069
67.7 0.40814825271347
67.8 0.408362088796872
67.9 0.408575924880273
68 0.408789760963674
68.1 0.409003597047076
68.2 0.409217433130477
68.3 0.409431269213878
68.4 0.409645105297279
68.5 0.409858941380681
68.6 0.410072777464082
68.7 0.410286613547483
68.8 0.410500449630884
68.9 0.410714285714286
69 0.410697844355133
69.1 0.410681402995981
69.2 0.410664961636829
69.3 0.410648520277676
69.4 0.410632078918524
69.5 0.410615637559372
69.6 0.410599196200219
69.7 0.410582754841067
69.8 0.410566313481915
69.9 0.410549872122762
70 0.41053343076361
70.1 0.410516989404458
70.2 0.410500548045305
70.3 0.410484106686153
70.4 0.410467665327
70.5 0.410451223967848
70.6 0.410434782608696
70.7 0.409048985974002
70.8 0.407663189339308
70.9 0.406277392704614
71 0.40489159606992
71.1 0.403505799435226
71.2 0.402120002800532
71.3 0.400734206165838
71.4 0.399348409531144
71.5 0.39796261289645
71.6 0.396576816261757
71.7 0.395191019627063
71.8 0.393805222992369
71.9 0.392419426357675
72 0.391033629722981
72.1 0.389647833088287
72.2 0.388262036453593
72.3 0.386876239818899
72.4 0.385490443184205
72.5 0.384104646549511
72.6 0.382718849914817
72.7 0.381333053280123
72.8 0.379947256645429
72.9 0.378561460010735
73 0.377175663376042
73.1 0.375789866741348
73.2 0.374404070106654
73.3 0.37301827347196
73.4 0.371632476837266
73.5 0.370246680202572
73.6 0.368860883567878
73.7 0.367475086933184
73.8 0.36608929029849
73.9 0.364703493663796
74 0.363317697029102
74.1 0.361931900394408
74.2 0.360546103759714
74.3 0.35916030712502
74.4 0.357774510490326
74.5 0.356388713855633
74.6 0.355002917220939
74.7 0.353617120586245
74.8 0.352231323951551
74.9 0.350845527316857
75 0.349459730682163
75.1 0.348073934047469
75.2 0.346688137412775
75.3 0.345302340778081
75.4 0.343916544143387
75.5 0.342530747508693
75.6 0.341144950873999
75.7 0.339759154239305
75.8 0.338373357604612
75.9 0.336987560969918
76 0.335601764335224
76.1 0.33421596770053
76.2 0.332830171065836
76.3 0.331444374431142
76.4 0.330058577796448
76.5 0.328672781161754
76.6 0.32728698452706
76.7 0.325901187892366
76.8 0.324515391257672
76.9 0.323129594622978
77 0.321743797988284
77.1 0.32035800135359
77.2 0.318972204718896
77.3 0.317586408084202
77.4 0.316200611449509
77.5 0.314814814814815
77.6 0.312039976484421
77.7 0.309265138154027
77.8 0.306490299823633
77.9 0.303715461493239
78 0.300940623162845
78.1 0.298165784832451
78.2 0.295390946502058
78.3 0.292616108171664
78.4 0.28984126984127
78.5 0.287066431510876
78.6 0.284291593180482
78.7 0.281516754850088
78.8 0.278741916519694
78.9 0.2759670781893
79 0.273192239858907
79.1 0.270417401528513
79.2 0.267642563198119
79.3 0.264867724867725
79.4 0.262092886537331
79.5 0.259318048206937
79.6 0.256543209876543
79.7 0.253768371546149
79.8 0.250993533215756
79.9 0.248218694885362
80 0.245443856554968
80.1 0.242669018224574
80.2 0.23989417989418
80.3 0.237119341563786
80.4 0.234344503233392
80.5 0.231569664902998
80.6 0.228794826572604
80.7 0.22601998824221
80.8 0.223245149911816
80.9 0.220470311581423
81 0.217695473251029
81.1 0.214920634920635
81.2 0.212145796590241
81.3 0.209370958259847
81.4 0.206596119929453
81.5 0.203821281599059
81.6 0.201046443268665
81.7 0.198271604938271
81.8 0.195496766607878
81.9 0.192721928277484
82 0.18994708994709
82.1 0.187172251616696
82.2 0.184397413286302
82.3 0.181622574955908
82.4 0.178847736625514
82.5 0.17607289829512
82.6 0.173298059964726
82.7 0.170523221634332
82.8 0.167748383303939
82.9 0.164973544973545
83 0.162198706643151
83.1 0.159423868312757
83.2 0.156649029982363
83.3 0.153874191651969
83.4 0.151099353321575
83.5 0.148324514991181
83.6 0.145549676660787
83.7 0.142774838330394
83.8 0.14
83.9 0.137045454545455
84 0.134090909090909
84.1 0.131136363636364
84.2 0.128181818181818
84.3 0.125227272727273
84.4 0.122272727272727
84.5 0.119318181818182
84.6 0.116363636363636
84.7 0.113409090909091
84.8 0.110454545454545
84.9 0.1075
85 0.104545454545454
85.1 0.101590909090909
85.2 0.0986363636363635
85.3 0.0956818181818181
85.4 0.0927272727272726
85.5 0.0897727272727272
85.6 0.0868181818181817
85.7 0.0838636363636363
85.8 0.0809090909090908
85.9 0.0779545454545453
86 0.0749999999999999
86.1 0.0720454545454544
86.2 0.069090909090909
86.3 0.0661363636363635
86.4 0.063181818181818
86.5 0.0602272727272726
86.6 0.0572727272727271
86.7 0.0543181818181816
86.8 0.0513636363636362
86.9 0.0484090909090907
87 0.0454545454545453
87.1 0.0424999999999998
87.2 0.0395454545454543
87.3 0.0365909090909089
87.4 0.0336363636363634
87.5 0.030681818181818
87.6 0.0277272727272725
87.7 0.0247727272727271
87.8 0.0218181818181816
87.9 0.0188636363636361
88 0.0159090909090907
88.1 0.0129545454545452
88.2 0.01
88.3 0.00937765957446805
88.4 0.00875531914893611
88.5 0.00813297872340419
88.6 0.00751063829787234
88.7 0.00688475177304964
88.8 0.00625886524822693
88.9 0.00563297872340423
89 0.00500709219858153
89.1 0.00438120567375883
89.2 0.00375531914893613
89.3 0.00312943262411342
89.4 0.00250354609929072
89.5 0.00187765957446803
89.6 0.00125177304964531
89.7 0.000625886524822622
89.8 0
89.9 0
90 0
90.1 0
90.2 0
90.3 0
90.4 0
90.5 0
90.6 0
90.7 0
90.8 0
90.9 0
91 0
91.1 0
91.2 0
91.3 0
91.4 0
91.5 0
91.6 0
91.7 0
91.8 0
91.9 0
92 0
92.1 0
92.2 0
92.3 0
92.4 0
92.5 0
92.6 0
92.7 0
92.8 0
92.9 0
93 0
93.1 0
93.2 0
93.3 0
93.4 0
93.5 0
93.6 0
93.7 0
93.8 0
93.9 0
94 0
94.1 0
94.2 0
94.3 0
94.4 0
94.5 0
94.6 0
94.7 0
94.8 0
94.9 0
95 0
95.1 0
95.2 0
95.3 0
95.4 0
95.5 0
95.6 0
95.7 0
95.8 0
95.9 0
96 0
96.1 0
96.2 0
96.3 0
96.4 0
96.5 0
96.6 0
96.7 0
96.8 0
96.9 0
97 0
97.1 0
97.2 0
97.3 0
97.4 0
97.5 0
97.6 0
97.7 0
97.8 0
97.9 0
98 0
98.1 0
98.2 0
98.3 0
98.4 0
98.5 0
98.6 0
98.7 0
98.8 0
98.9 0
99 0
99.1 0
99.2 0
99.3 0
99.4 0
99.5 0
99.6 0
99.7 0
99.8 0
99.9 0
100 0
100.1 0
100.2 0
100.3 0
100.4 0
100.5 0
100.6 0
100.7 0
100.8 0
100.9 0
101 0
101.1 0
101.2 0
101.3 0
101.4 0
101.5 0
101.6 0
101.7 0
101.8 0
101.9 0
102 0
102.1 0
102.2 0
102.3 0
102.4 0
102.5 0
102.6 0
102.7 0
102.8 0
102.9 0
103 0
103.1 0
103.2 0
103.3 0
103.4 0
103.5 0
103.6 0
103.7 0
103.8 0
103.9 0
104 0
104.1 0
104.2 0
104.3 0
104.4 0
104.5 0
104.6 0
104.7 0
104.8 0
104.9 0
105 0
105.1 0
105.2 0
105.3 0
105.4 0
105.5 0
105.6 0
105.7 0
105.8 0
105.9 0
106 0
106.1 0
106.2 0
106.3 0
106.4 0
106.5 0
106.6 0
106.7 0
106.8 0
106.9 0
107 0
107.1 0
107.2 0
107.3 0
107.4 0
107.5 0
107.6 0
107.7 0
107.8 0
107.9 0
108 0
108.1 0
108.2 0
108.3 0
108.4 0
108.5 0
108.6 0
108.7 0
108.8 0
108.9 0
109 0
109.1 0
109.2 0
109.3 0
109.4 0
109.5 0
109.6 0
109.7 0
109.8 0
109.9 0
110 0
110.1 0
110.2 0
110.3 0
110.4 0
110.5 0
110.6 0
110.7 0
110.8 0
110.9 0
111 0
111.1 0
111.2 0
111.3 0
111.4 0
111.5 0
111.6 0
111.7 0
111.8 0
111.9 0
112 0
112.1 0
112.2 0
112.3 0
112.4 0
112.5 0
112.6 0
112.7 0
112.8 0
112.9 0
113 0
113.1 0
113.2 0
113.3 0
113.4 0
113.5 0
113.6 0
113.7 0
113.8 0
113.9 0
114 0
114.1 0
114.2 0
114.3 0
114.4 0
114.5 0
114.6 0
114.7 0
114.8 0
114.9 0
115 0
115.1 0
115.2 0
115.3 0
115.4 0
115.5 0
115.6 0
115.7 0
115.8 0
115.9 0
116 0
116.1 0
116.2 0
116.3 0
116.4 0
116.5 0
116.6 0
116.7 0
116.8 0
116.9 0
117 0
117.1 0
117.2 0
117.3 0
117.4 0
117.5 0
117.6 0
117.7 0
117.8 0
117.9 0
118 0
118.1 0
118.2 0
118.3 0
118.4 0
118.5 0
118.6 0
118.7 0
118.8 0
118.9 0
119 0
119.1 0
119.2 0
119.3 0
119.4 0
119.5 0
119.6 0
119.7 0
119.8 0
119.9 0
120 0
120.1 0
120.2 0
120.3 0
120.4 0
120.5 0
120.6 0
120.7 0
120.8 0
120.9 0
121 0
121.1 0
121.2 0
121.3 0
121.4 0
121.5 0
121.6 0
121.7 0
121.8 0
121.9 0
122 0
122.1 0
122.2 0
122.3 0
122.4 0
122.5 0
122.6 0
122.7 0
122.8 0
122.9 0
123 0
123.1 0
123.2 0
123.3 0
123.4 0
123.5 0
123.6 0
123.7 0
123.8 0
123.9 0
124 0
124.1 0
124.2 0
124.3 0
124.4 0
124.5 0
124.6 0
124.7 0
124.8 0
124.9 0
125 0
125.1 0
125.2 0
125.3 0
125.4 0
125.5 0
125.6 0
125.7 0
125.8 0
125.9 0
126 0
126.1 0
126.2 0
126.3 0
126.4 0
126.5 0
126.6 0
126.7 0
126.8 0
126.9 0
127 0
127.1 0
127.2 0
127.3 0
127.4 0
127.5 0
127.6 0
127.7 0
127.8 0
127.9 0
128 0
128.1 0
128.2 0
128.3 0
128.4 0
128.5 0
128.6 0
128.7 0
128.8 0
128.9 0
129 0
129.1 0
129.2 0
129.3 0
129.4 0
129.5 0
129.6 0
129.7 0
129.8 0
129.9 0
130 0
130.1 0
130.2 0
130.3 0
130.4 0
130.5 0
130.6 0
130.7 0
130.8 0
130.9 0
131 0
131.1 0
131.2 0
131.3 0
131.4 0
131.5 0
131.6 0
131.7 0
131.8 0
131.9 0
132 0
132.1 0
132.2 0
132.3 0
132.4 0
132.5 0
132.6 0
132.7 0
132.8 0
132.9 0
133 0
133.1 0
133.2 0
133.3 0
133.4 0
133.5 0
133.6 0
133.7 0
133.8 0
133.9 0
134 0
134.1 0
134.2 0
134.3 0
134.4 0
134.5 0
134.6 0
134.7 0
134.8 0
134.9 0
135 0
135.1 0
135.2 0
135.3 0
135.4 0
135.5 0
135.6 0
135.7 0
135.8 0
135.9 0
136 0
136.1 0
136.2 0
136.3 0
136.4 0
136.5 0
136.6 0
136.7 0
136.8 0
136.9 0
137 0
137.1 0
137.2 0
137.3 0
137.4 0
137.5 0
137.6 0
137.7 0
137.8 0
137.9 0
138 0
138.1 0
138.2 0
138.3 0
138.4 0
138.5 0
138.6 0
138.7 0
138.8 0
138.9 0
139 0
139.1 0
139.2 0
139.3 0
139.4 0
139.5 0
139.6 0
139.7 0
139.8 0
139.9 0
140 0
140.1 0
140.2 0
140.3 0
140.4 0
140.5 0
140.6 0
140.7 0
140.8 0
140.9 0
141 0
141.1 0
141.2 0
141.3 0
141.4 0
141.5 0
141.6 0
141.7 0
141.8 0
141.9 0
142 0
142.1 0
142.2 0
142.3 0
142.4 0
142.5 0
142.6 0
142.7 0
142.8 0
142.9 0
143 0
143.1 0
143.2 0
143.3 0
143.4 0
143.5 0
143.6 0
143.7 0
143.8 0
143.9 0
144 0
144.1 0
144.2 0
144.3 0
144.4 0
144.5 0
144.6 0
144.7 0
144.8 0
144.9 0
145 0
145.1 0
145.2 0
145.3 0
145.4 0
145.5 0
145.6 0
145.7 0
145.8 0
145.9 0
146 0
146.1 0
146.2 0
146.3 0
146.4 0
146.5 0
146.6 0
146.7 0
146.8 0
146.9 0
147 0
147.1 0
147.2 0
147.3 0
147.4 0
147.5 0
147.6 0
147.7 0
147.8 0
147.9 0
148 0
148.1 0
148.2 0
148.3 0
148.4 0
148.5 0
148.6 0
148.7 0
148.8 0
148.9 0
149 0
149.1 0
149.2 0
149.3 0
149.4 0
149.5 0
149.6 0
149.7 0
149.8 0
149.9 0
150 0
150.1 0
150.2 0
150.3 0
150.4 0
150.5 0
150.6 0
150.7 0
150.8 0
150.9 0
151 0
151.1 0
151.2 0
151.3 0
151.4 0
151.5 0
151.6 0
151.7 0
151.8 0
151.9 0
152 0
152.1 0
152.2 0
152.3 0
152.4 0
152.5 0
152.6 0
152.7 0
152.8 0
152.9 0
153 0
153.1 0
153.2 0
153.3 0
153.4 0
153.5 0
153.6 0
153.7 0
153.8 0
153.9 0
154 0
154.1 0
154.2 0
154.3 0
154.4 0
154.5 0
154.6 0
154.7 0
154.8 0
154.9 0
155 0
155.1 0
155.2 0
155.3 0
155.4 0
155.5 0
155.6 0
155.7 0
155.8 0
155.9 0
156 0
156.1 0
156.2 0
156.3 0
156.4 0
156.5 0
156.6 0
156.7 0
156.8 0
156.9 0
157 0
157.1 0
157.2 0
157.3 0
157.4 0
157.5 0
157.6 0
157.7 0
157.8 0
157.9 0
158 0
158.1 0
158.2 0
158.3 0
158.4 0
158.5 0
158.6 0
158.7 0
158.8 0
158.9 0
159 0
159.1 0
159.2 0
159.3 0
159.4 0
159.5 0
159.6 0
159.7 0
159.8 0
159.9 0
160 0
160.1 0
160.2 0
160.3 0
160.4 0
160.5 0
160.6 0
160.7 0
160.8 0
160.9 0
161 0
161.1 0
161.2 0
161.3 0
161.4 0
161.5 0
161.6 0
161.7 0
161.8 0
161.9 0
162 0
162.1 0
162.2 0
162.3 0
162.4 0
162.5 0
162.6 0
162.7 0
162.8 0
162.9 0
163 0
163.1 0
163.2 0
163.3 0
163.4 0
163.5 0
163.6 0
163.7 0
163.8 0
163.9 0
164 0
164.1 0
164.2 0
164.3 0
164.4 0
164.5 0
164.6 0
164.7 0
164.8 0
164.9 0
165 0
165.1 0
165.2 0
165.3 0
165.4 0
165.5 0
165.6 0
165.7 0
165.8 0
165.9 0
166 0
166.1 0
166.2 0
166.3 0
166.4 0
166.5 0
166.6 0
166.7 0
166.8 0
166.9 0
167 0
167.1 0
167.2 0
167.3 0
167.4 0
167.5 0
167.6 0
167.7 0
167.8 0
167.9 0
168 0
168.1 0
168.2 0
168.3 0
168.4 0
168.5 0
168.6 0
168.7 0
168.8 0
168.9 0
169 0
169.1 0
169.2 0
169.3 0
169.4 0
169.5 0
169.6 0
169.7 0
169.8 0
169.9 0
170 0
170.1 0
170.2 0
170.3 0
170.4 0
170.5 0
170.6 0
170.7 0
170.8 0
170.9 0
171 0
171.1 0
171.2 0
171.3 0
171.4 0
171.5 0
171.6 0
171.7 0
171.8 0
171.9 0
172 0
172.1 0
172.2 0
172.3 0
172.4 0
172.5 0
172.6 0
172.7 0
172.8 0
172.9 0
173 0
173.1 0
173.2 0
173.3 0
173.4 0
173.5 0
173.6 0
173.7 0
173.8 0
173.9 0
174 0
174.1 0
174.2 0
174.3 0
174.4 0
174.5 0
174.6 0
174.7 0
174.8 0
174.9 0
175 0
175.1 0
175.2 0
175.3 0
175.4 0
175.5 0
175.6 0
175.7 0
175.8 0
175.9 0
176 0
176.1 0
176.2 0
176.3 0
176.4 0
176.5 0
176.6 0
176.7 0
176.8 0
176.9 0
177 0
177.1 0
177.2 0
177.3 0
177.4 0
177.5 0
177.6 0
177.7 0
177.8 0
177.9 0
178 0
178.1 0
178.2 0
178.3 0
178.4 0
178.5 0
178.6 0
178.7 0
178.8 0
178.9 0
179 0
179.1 0
179.2 0
179.3 0
179.4 0
179.5 0
179.6 0
179.7 0
179.8 0
179.9 0
180 0
180.1 0
180.2 0
180.3 0
180.4 0
180.5 0
180.6 0
180.7 0
180.8 0
180.9 0
181 0
181.1 0
181.2 0
181.3 0
181.4 0
181.5 0
181.6 0
181.7 0
181.8 0
181.9 0
182 0
182.1 0
182.2 0
182.3 0
182.4 0
182.5 0
182.6 0
182.7 0
182.8 0
182.9 0
183 0
183.1 0
183.2 0
183.3 0
183.4 0
183.5 0
183.6 0
183.7 0
183.8 0
183.9 0
184 0
184.1 0
184.2 0
184.3 0
184.4 0
184.5 0
184.6 0
184.7 0
184.8 0
184.9 0
185 0
185.1 0
185.2 0
185.3 0
185.4 0
185.5 0
185.6 0
185.7 0
185.8 0
185.9 0
186 0
186.1 0
186.2 0
186.3 0
186.4 0
186.5 0
186.6 0
186.7 0
186.8 0
186.9 0
187 0
187.1 0
187.2 0
187.3 0
187.4 0
187.5 0
187.6 0
187.7 0
187.8 0
187.9 0
188 0
188.1 0
188.2 0
188.3 0
188.4 0
188.5 0
188.6 0
188.7 0
188.8 0
188.9 0
189 0
189.1 0
189.2 0
189.3 0
189.4 0
189.5 0
189.6 0
189.7 0
189.8 0
189.9 0
190 0
190.1 0
190.2 0
190.3 0
190.4 0
190.5 0
190.6 0
190.7 0
190.8 0
190.9 0
191 0
191.1 0
191.2 0
191.3 0
191.4 0
191.5 0
191.6 0
191.7 0
191.8 0
191.9 0
192 0
192.1 0
192.2 0
192.3 0
192.4 0
192.5 0
192.6 0
192.7 0
192.8 0
192.9 0
193 0
193.1 0
193.2 0
193.3 0
193.4 0
193.5 0
193.6 0
193.7 0
193.8 0
193.9 0
194 0
194.1 0
194.2 0
194.3 0
194.4 0
194.5 0
194.6 0
194.7 0
194.8 0
194.9 0
195 0
195.1 0
195.2 0
195.3 0
195.4 0
195.5 0
195.6 0
195.7 0
195.8 0
195.9 0
196 0
196.1 0
196.2 0
196.3 0
196.4 0
196.5 0
196.6 0
196.7 0
196.8 0
196.9 0
