0 3.88607594936709e-06
0.1 0.000167128691983122
0.2 0.000714925373134328
0.3 0.0010576920591846
0.4 0.00140045874523486
0.5 0.00174322543128513
0.6 0.00215454545454545
0.7 0.00253348637894092
0.8 0.00291242730333639
0.9 0.00329136822773186
1 0.00367030915212733
1.1 0.0040492500765228
1.2 0.00442819100091827
1.3 0.00465555555555556
1.4 0.0050588122605364
1.5 0.00546206896551724
1.6 0.00586532567049808
1.7 0.00626858237547893
1.8 0.00667183908045977
1.9 0.00707509578544061
2 0.00747835249042146
2.1 0.0078816091954023
2.2 0.00828486590038314
2.3 0.00868812260536399
2.4 0.00909137931034483
2.5 0.00933333333333333
2.6 0.00973225930187956
2.7 0.0101311852704258
2.8 0.010530111238972
2.9 0.0109290372075182
3 0.0113279631760644
3.1 0.0117268891446107
3.2 0.0121258151131569
3.3 0.0125247410817031
3.4 0.0129236670502493
3.5 0.0133225930187956
3.6 0.0137215189873418
3.7 0.014120444955888
3.8 0.0145193709244342
3.9 0.0149182968929804
4 0.0153172228615267
4.1 0.0156363636363636
4.2 0.0160281580520076
4.3 0.0163333333333333
4.4 0.0167296627821877
4.5 0.0171259922310421
4.6 0.0175223216798964
4.7 0.0179186511287508
4.8 0.0183149805776051
4.9 0.0187113100264595
5 0.0191076394753139
5.1 0.0195039689241682
5.2 0.0199002983730226
5.3 0.0202966278218769
5.4 0.0206929572707313
5.5 0.0210892867195857
5.6 0.02148561616844
5.7 0.0218819456172944
5.8 0.0222782750661487
5.9 0.0226746045150031
6 0.0230709339638575
6.1 0.0234672634127118
6.2 0.0239032258064516
6.3 0.0242916292115514
6.4 0.0246800326166512
6.5 0.025068436021751
6.6 0.0254568394268508
6.7 0.0258452428319506
6.8 0.0262336462370504
6.9 0.0266220496421501
7 0.0270104530472499
7.1 0.0273988564523497
7.2 0.0277872598574495
7.3 0.0281756632625493
7.4 0.0285640666676491
7.5 0.0289524700727489
7.6 0.0293408734778487
7.7 0.0297292768829485
7.8 0.0301176802880482
7.9 0.030506083693148
8 0.0308944870982478
8.1 0.0312828905033476
8.2 0.0316712939084474
8.3 0.0320596973135472
8.4 0.032448100718647
8.5 0.0328365041237468
8.6 0.0332249075288466
8.7 0.0336133109339464
8.8 0.0340017143390461
8.9 0.0343901177441459
9 0.0347785211492457
9.1 0.0351669245543455
9.2 0.0355553279594453
9.3 0.0359437313645451
9.4 0.0363321347696449
9.5 0.0367205381747447
9.6 0.0371089415798445
9.7 0.0374973449849442
9.8 0.037885748390044
9.9 0.0382741517951438
10 0.0386625552002436
10.1 0.0390509586053434
10.2 0.0394393620104432
10.3 0.039827765415543
10.4 0.0402161688206428
10.5 0.0406045722257426
10.6 0.0409929756308424
10.7 0.0413813790359421
10.8 0.0417697824410419
10.9 0.0421581858461417
11 0.0425465892512415
11.1 0.0429349926563413
11.2 0.0433233960614411
11.3 0.0437117994665409
11.4 0.0441002028716407
11.5 0.0444886062767405
11.6 0.0448770096818403
11.7 0.0452654130869401
11.8 0.0456538164920399
11.9 0.0460422198971396
12 0.0464306233022394
12.1 0.0468190267073392
12.2 0.0470909090909091
12.3 0.047480857149696
12.4 0.0478708052084829
12.5 0.0482607532672698
12.6 0.0486507013260568
12.7 0.0490406493848437
12.8 0.0494305974436306
12.9 0.0498205455024175
13 0.0502104935612045
13.1 0.0506004416199914
13.2 0.0509903896787783
13.3 0.0513803377375652
13.4 0.0517702857963521
13.5 0.0521602338551391
13.6 0.052550181913926
13.7 0.0529401299727129
13.8 0.0533300780314998
13.9 0.0537200260902867
14 0.0541099741490737
14.1 0.0544999222078606
14.2 0.0548898702666475
14.3 0.0552798183254344
14.4 0.0556697663842213
14.5 0.0560597144430083
14.6 0.0564496625017952
14.7 0.0568396105605821
14.8 0.057229558619369
14.9 0.0576195066781559
15 0.0580094547369429
15.1 0.0583994027957298
15.2 0.0587893508545167
15.3 0.0591792989133036
15.4 0.0595692469720906
15.5 0.0599591950308775
15.6 0.0603491430896644
15.7 0.0607390911484513
15.8 0.0611290392072382
15.9 0.0615189872660252
16 0.0619089353248121
16.1 0.062298883383599
16.2 0.0626888314423859
16.3 0.0630787795011728
16.4 0.0634687275599598
16.5 0.0638586756187467
16.6 0.0642486236775336
16.7 0.0646385717363205
16.8 0.0650285197951074
16.9 0.0654184678538944
17 0.0658084159126813
17.1 0.0661983639714682
17.2 0.0665883120302551
17.3 0.066978260089042
17.4 0.067368208147829
17.5 0.0677581562066159
17.6 0.0681481042654028
17.7 0.0685380523241897
17.8 0.0689280003829767
17.9 0.0693179484417636
18 0.0697078965005505
18.1 0.0700978445593374
18.2 0.0704877926181243
18.3 0.0708777406769113
18.4 0.0712676887356982
18.5 0.0716576367944851
18.6 0.072047584853272
18.7 0.0724375329120589
18.8 0.0728274809708459
18.9 0.0732174290296328
19 0.0736073770884197
19.1 0.0739973251472066
19.2 0.0743872732059935
19.3 0.0747772212647805
19.4 0.0751671693235674
19.5 0.0755571173823543
19.6 0.0759470654411412
19.7 0.0763370134999281
19.8 0.0767269615587151
19.9 0.077116909617502
20 0.0775068576762889
20.1 0.0778968057350758
20.2 0.0782867537938628
20.3 0.0786767018526497
20.4 0.0790666499114366
20.5 0.0794565979702235
20.6 0.0798465460290104
20.7 0.0802364940877974
20.8 0.0806264421465843
20.9 0.0810163902053712
21 0.0814063382641581
21.1 0.081796286322945
21.2 0.082186234381732
21.3 0.0825761824405189
21.4 0.0829661304993058
21.5 0.0833560785580927
21.6 0.0837460266168796
21.7 0.0841359746756666
21.8 0.0845259227344535
21.9 0.0849158707932404
22 0.0853058188520273
22.1 0.0856957669108143
22.2 0.0860857149696012
22.3 0.0864756630283881
22.4 0.086865611087175
22.5 0.0872555591459619
22.6 0.0876455072047489
22.7 0.0880354552635358
22.8 0.0884254033223227
22.9 0.0888153513811096
23 0.0892052994398965
23.1 0.0895952474986835
23.2 0.0899851955574704
23.3 0.0903751436162573
23.4 0.0907650916750442
23.5 0.0911550397338311
23.6 0.0915449877926181
23.7 0.091934935851405
23.8 0.0923248839101919
23.9 0.0927148319689788
24 0.0931047800277657
24.1 0.0934947280865527
24.2 0.0938846761453396
24.3 0.0942746242041265
24.4 0.0946645722629135
24.5 0.0950545203217004
24.6 0.0954444683804873
24.7 0.0958344164392742
24.8 0.0962243644980612
24.9 0.0964583333333333
25 0.0968444444444444
25.1 0.0972305555555556
25.2 0.0976166666666667
25.3 0.0980027777777778
25.4 0.0983888888888889
25.5 0.098775
25.6 0.0991611111111111
25.7 0.0995472222222222
25.8 0.0999333333333334
25.9 0.100319444444444
26 0.100705555555556
26.1 0.101091666666667
26.2 0.101477777777778
26.3 0.101863888888889
26.4 0.10225
26.5 0.102636111111111
26.6 0.103022222222222
26.7 0.103408333333333
26.8 0.103794444444445
26.9 0.104180555555556
27 0.104566666666667
27.1 0.104952777777778
27.2 0.105338888888889
27.3 0.105725
27.4 0.106111111111111
27.5 0.106497222222222
27.6 0.106883333333333
27.7 0.107269444444445
27.8 0.107655555555556
27.9 0.108041666666667
28 0.108427777777778
28.1 0.108813888888889
28.2 0.1092
28.3 0.109586111111111
28.4 0.109972222222222
28.5 0.110358333333333
28.6 0.110744444444445
28.7 0.111130555555556
28.8 0.111516666666667
28.9 0.111902777777778
29 0.112288888888889
29.1 0.112675
29.2 0.113061111111111
29.3 0.113447222222222
29.4 0.113833333333333
29.5 0.114219444444445
29.6 0.114605555555556
29.7 0.114991666666667
29.8 0.115377777777778
29.9 0.115763888888889
30 0.11615
30.1 0.116536111111111
30.2 0.116922222222222
30.3 0.117308333333333
30.4 0.117694444444445
30.5 0.118080555555556
30.6 0.118466666666667
30.7 0.118852777777778
30.8 0.119238888888889
30.9 0.119625
31 0.120011111111111
31.1 0.120397222222222
31.2 0.120783333333333
31.3 0.121169444444445
31.4 0.121555555555556
31.5 0.121941666666667
31.6 0.122327777777778
31.7 0.122713888888889
31.8 0.1231
31.9 0.123486111111111
32 0.123872222222222
32.1 0.124258333333333
32.2 0.124644444444445
32.3 0.125030555555556
32.4 0.125416666666667
32.5 0.125802777777778
32.6 0.126188888888889
32.7 0.126575
32.8 0.126961111111111
32.9 0.127347222222222
33 0.127733333333333
33.1 0.128119444444445
33.2 0.128505555555556
33.3 0.128891666666667
33.4 0.129277777777778
33.5 0.129663888888889
33.6 0.13005
33.7 0.130436111111111
33.8 0.130822222222222
33.9 0.131208333333333
34 0.131594444444445
34.1 0.131980555555556
34.2 0.132366666666667
34.3 0.132752777777778
34.4 0.133138888888889
34.5 0.133525
34.6 0.133911111111111
34.7 0.134297222222222
34.8 0.134683333333333
34.9 0.135069444444444
35 0.135455555555556
35.1 0.135841666666667
35.2 0.136227777777778
35.3 0.136613888888889
35.4 0.137
35.5 0.137438016528926
35.6 0.137876033057851
35.7 0.138314049586777
35.8 0.138752066115702
35.9 0.139190082644628
36 0.139628099173554
36.1 0.140066115702479
36.2 0.140504132231405
36.3 0.140942148760331
36.4 0.141380165289256
36.5 0.141818181818182
36.6 0.142183195592287
36.7 0.142548209366391
36.8 0.142913223140496
36.9 0.143278236914601
37 0.143643250688705
37.1 0.14400826446281
37.2 0.144373278236915
37.3 0.144738292011019
37.4 0.145103305785124
37.5 0.145468319559229
37.6 0.145833333333333
37.7 0.146212121212121
37.8 0.146590909090909
37.9 0.146969696969697
38 0.147348484848485
38.1 0.147727272727273
38.2 0.148106060606061
38.3 0.148484848484848
38.4 0.148863636363636
38.5 0.149242424242424
38.6 0.149621212121212
38.7 0.15
38.8 0.150384615384615
38.9 0.150769230769231
39 0.151153846153846
39.1 0.151538461538462
39.2 0.151923076923077
39.3 0.152307692307692
39.4 0.152692307692308
39.5 0.153076923076923
39.6 0.153461538461538
39.7 0.153846153846154
39.8 0.154230769230769
39.9 0.154615384615385
40 0.155
40.1 0.155435897435897
40.2 0.155871794871795
40.3 0.156307692307692
40.4 0.15674358974359
40.5 0.157179487179487
40.6 0.157615384615385
40.7 0.158051282051282
40.8 0.158487179487179
40.9 0.158923076923077
41 0.159358974358974
41.1 0.159794871794872
41.2 0.160230769230769
41.3 0.160666666666667
41.4 0.16102962962963
41.5 0.161392592592593
41.6 0.161755555555556
41.7 0.162118518518518
41.8 0.162481481481481
41.9 0.162844444444444
42 0.163207407407407
42.1 0.16357037037037
42.2 0.163933333333333
42.3 0.164296296296296
42.4 0.164659259259259
42.5 0.165022222222222
42.6 0.165385185185185
42.7 0.165748148148148
42.8 0.166111111111111
42.9 0.166496031746032
43 0.166880952380952
43.1 0.167265873015873
43.2 0.167650793650794
43.3 0.168035714285714
43.4 0.168420634920635
43.5 0.168805555555555
43.6 0.169190476190476
43.7 0.169575396825397
43.8 0.169960317460317
43.9 0.170345238095238
44 0.170730158730159
44.1 0.171115079365079
44.2 0.1715
44.3 0.171905882352941
44.4 0.172311764705882
44.5 0.172717647058824
44.6 0.173123529411765
44.7 0.173529411764706
44.8 0.173935294117647
44.9 0.174341176470588
45 0.174747058823529
45.1 0.175152941176471
45.2 0.175558823529412
45.3 0.175964705882353
45.4 0.176370588235294
45.5 0.176776470588235
45.6 0.177182352941176
45.7 0.177588235294118
45.8 0.177994117647059
45.9 0.1784
46 0.178785185185185
46.1 0.17917037037037
46.2 0.179555555555556
46.3 0.179940740740741
46.4 0.180325925925926
46.5 0.180711111111111
46.6 0.181096296296296
46.7 0.181481481481481
46.8 0.181866666666667
46.9 0.182251851851852
47 0.182637037037037
47.1 0.183022222222222
47.2 0.183407407407407
47.3 0.183792592592593
47.4 0.184177777777778
47.5 0.184562962962963
47.6 0.184948148148148
47.7 0.185333333333333
47.8 0.185714285714286
47.9 0.186095238095238
48 0.18647619047619
48.1 0.186857142857143
48.2 0.187238095238095
48.3 0.187619047619048
48.4 0.188
48.5 0.188380952380952
48.6 0.188761904761905
48.7 0.189142857142857
48.8 0.189523809523809
48.9 0.189904761904762
49 0.190285714285714
49.1 0.190666666666667
49.2 0.191047619047619
49.3 0.191428571428571
49.4 0.191809523809524
49.5 0.192190476190476
49.6 0.192571428571429
49.7 0.19296276405299
49.8 0.193354099534551
49.9 0.193745435016112
50 0.194136770497673
50.1 0.194528105979234
50.2 0.194919441460795
50.3 0.195310776942356
50.4 0.195702112423917
50.5 0.196093447905478
50.6 0.196484783387039
50.7 0.1968761188686
50.8 0.197267454350161
50.9 0.197658789831722
51 0.198050125313283
51.1 0.198441460794844
51.2 0.198832796276405
51.3 0.199224131757966
51.4 0.199615467239527
51.5 0.200006802721088
51.6 0.200398138202649
51.7 0.200789473684211
51.8 0.201175666438824
51.9 0.201561859193438
52 0.201948051948052
52.1 0.202334244702666
52.2 0.20272043745728
52.3 0.203106630211893
52.4 0.203492822966507
52.5 0.203879015721121
52.6 0.204265208475735
52.7 0.204651401230349
52.8 0.205037593984962
52.9 0.205423786739576
53 0.20580997949419
53.1 0.206196172248804
53.2 0.206582365003418
53.3 0.206968557758031
53.4 0.207354750512645
53.5 0.207740943267259
53.6 0.208127136021873
53.7 0.208513328776487
53.8 0.208899521531101
53.9 0.209285714285714
54 0.209680243161094
54.1 0.210074772036474
54.2 0.210469300911854
54.3 0.210863829787234
54.4 0.211258358662614
54.5 0.211652887537994
54.6 0.212047416413374
54.7 0.212441945288754
54.8 0.212836474164134
54.9 0.213231003039514
55 0.213625531914894
55.1 0.214020060790274
55.2 0.214414589665654
55.3 0.214809118541033
55.4 0.215203647416413
55.5 0.215598176291793
55.6 0.215992705167173
55.7 0.216387234042553
55.8 0.216781762917933
55.9 0.217176291793313
56 0.217570820668693
56.1 0.217965349544073
56.2 0.218359878419453
56.3 0.218754407294833
56.4 0.219148936170213
56.5 0.219521906080826
56.6 0.219894875991439
56.7 0.220267845902052
56.8 0.220640815812665
56.9 0.221013785723278
57 0.221386755633891
57.1 0.221759725544505
57.2 0.222132695455118
57.3 0.222505665365731
57.4 0.222878635276344
57.5 0.223251605186957
57.6 0.22362457509757
57.7 0.223997545008183
57.8 0.224370514918796
57.9 0.224743484829409
58 0.225116454740023
58.1 0.225489424650636
58.2 0.225862394561249
58.3 0.226235364471862
58.4 0.226608334382475
58.5 0.226981304293088
58.6 0.227354274203701
58.7 0.227727244114314
58.8 0.228100214024928
58.9 0.228473183935541
59 0.228846153846154
59.1 0.229217948717949
59.2 0.229589743589744
59.3 0.229961538461538
59.4 0.230333333333333
59.5 0.230705128205128
59.6 0.231076923076923
59.7 0.231448717948718
59.8 0.231820512820513
59.9 0.232192307692308
60 0.232564102564103
60.1 0.232935897435897
60.2 0.233307692307692
60.3 0.233679487179487
60.4 0.234051282051282
60.5 0.234423076923077
60.6 0.234794871794872
60.7 0.235166666666667
60.8 0.235538461538461
60.9 0.235910256410256
61 0.236282051282051
61.1 0.236653846153846
61.2 0.237025641025641
61.3 0.237397435897436
61.4 0.237769230769231
61.5 0.238141025641026
61.6 0.23851282051282
61.7 0.238884615384615
61.8 0.23925641025641
61.9 0.239628205128205
62 0.24
62.1 0.240400782013685
62.2 0.24080156402737
62.3 0.241202346041056
62.4 0.241603128054741
62.5 0.242003910068426
62.6 0.242404692082111
62.7 0.242805474095797
62.8 0.243206256109482
62.9 0.243607038123167
63 0.244007820136852
63.1 0.244408602150538
63.2 0.244809384164223
63.3 0.245210166177908
63.4 0.245610948191593
63.5 0.246011730205279
63.6 0.246412512218964
63.7 0.246813294232649
63.8 0.247214076246334
63.9 0.247614858260019
64 0.248015640273705
64.1 0.24841642228739
64.2 0.248817204301075
64.3 0.24921798631476
64.4 0.249618768328446
64.5 0.250019550342131
64.6 0.250420332355816
64.7 0.250821114369501
64.8 0.251221896383187
64.9 0.251622678396872
65 0.252023460410557
65.1 0.252424242424242
65.2 0.252825024437928
65.3 0.253225806451613
65.4 0.253612983469748
65.5 0.254000160487883
65.6 0.254387337506018
65.7 0.254774514524153
65.8 0.255161691542289
65.9 0.255548868560424
66 0.255936045578559
66.1 0.256323222596694
66.2 0.256710399614829
66.3 0.257097576632964
66.4 0.257484753651099
66.5 0.257871930669234
66.6 0.258259107687369
66.7 0.258646284705505
66.8 0.25903346172364
66.9 0.259420638741775
67 0.25980781575991
67.1 0.260194992778045
67.2 0.26058216979618
67.3 0.260969346814315
67.4 0.26135652383245
67.5 0.261743700850586
67.6 0.262130877868721
67.7 0.262518054886856
67.8 0.262905231904991
67.9 0.263292408923126
68 0.263679585941261
68.1 0.264066762959396
68.2 0.264453939977532
68.3 0.264841116995667
68.4 0.265228294013802
68.5 0.265615471031937
68.6 0.266002648050072
68.7 0.266389825068207
68.8 0.266777002086342
68.9 0.267164179104478
69 0.267568407960199
69.1 0.26797263681592
69.2 0.268376865671642
69.3 0.268781094527363
69.4 0.269185323383085
69.5 0.269589552238806
69.6 0.269993781094527
69.7 0.270398009950249
69.8 0.27080223880597
69.9 0.271206467661691
70 0.271610696517413
70.1 0.272014925373134
70.2 0.272419154228856
70.3 0.272823383084577
70.4 0.273227611940298
70.5 0.27363184079602
70.6 0.274036069651741
70.7 0.274440298507463
70.8 0.274844527363184
70.9 0.275248756218905
71 0.275652985074627
71.1 0.276057213930348
71.2 0.27646144278607
71.3 0.276865671641791
71.4 0.277269900497512
71.5 0.277674129353234
71.6 0.278078358208955
71.7 0.278482587064676
71.8 0.278886815920398
71.9 0.279291044776119
72 0.279695273631841
72.1 0.280099502487562
72.2 0.280503731343283
72.3 0.280907960199005
72.4 0.281312189054726
72.5 0.281716417910448
72.6 0.282120646766169
72.7 0.28252487562189
72.8 0.282929104477612
72.9 0.283333333333333
73 0.283724256292906
73.1 0.284115179252479
73.2 0.284506102212052
73.3 0.284897025171625
73.4 0.285287948131197
73.5 0.28567887109077
73.6 0.286069794050343
73.7 0.286460717009916
73.8 0.286851639969489
73.9 0.287242562929062
74 0.287633485888634
74.1 0.288024408848207
74.2 0.28841533180778
74.3 0.288806254767353
74.4 0.289197177726926
74.5 0.289588100686499
74.6 0.289979023646071
74.7 0.290369946605644
74.8 0.290760869565217
74.9 0.29115179252479
75 0.291542715484363
75.1 0.291933638443936
75.2 0.292324561403509
75.3 0.292715484363081
75.4 0.293106407322654
75.5 0.293497330282227
75.6 0.2938882532418
75.7 0.294279176201373
75.8 0.294670099160946
75.9 0.295061022120519
76 0.295451945080091
76.1 0.295842868039664
76.2 0.296233790999237
76.3 0.29662471395881
76.4 0.297015636918383
76.5 0.297406559877956
76.6 0.297797482837529
76.7 0.298188405797101
76.8 0.298579328756674
76.9 0.298970251716247
77 0.29936117467582
77.1 0.299752097635393
77.2 0.300143020594966
77.3 0.300533943554539
77.4 0.300924866514111
77.5 0.301315789473684
77.6 0.301700742240216
77.7 0.302085695006748
77.8 0.302470647773279
77.9 0.302855600539811
78 0.303240553306343
78.1 0.303625506072875
78.2 0.304010458839406
78.3 0.304395411605938
78.4 0.30478036437247
78.5 0.305165317139001
78.6 0.305550269905533
78.7 0.305935222672065
78.8 0.306320175438597
78.9 0.306705128205128
79 0.30709008097166
79.1 0.307475033738192
79.2 0.307859986504723
79.3 0.308244939271255
79.4 0.308629892037787
79.5 0.309014844804319
79.6 0.30939979757085
79.7 0.309784750337382
79.8 0.310169703103914
79.9 0.310554655870446
80 0.310939608636977
80.1 0.311324561403509
80.2 0.311709514170041
80.3 0.312094466936572
80.4 0.312479419703104
80.5 0.312864372469636
80.6 0.313249325236168
80.7 0.313634278002699
80.8 0.314019230769231
80.9 0.314404183535763
81 0.314789136302294
81.1 0.315174089068826
81.2 0.315559041835358
81.3 0.31594399460189
81.4 0.316328947368421
81.5 0.316713900134953
81.6 0.317098852901485
81.7 0.317483805668016
81.8 0.317868758434548
81.9 0.31825371120108
82 0.318638663967612
82.1 0.319023616734143
82.2 0.319408569500675
82.3 0.319793522267207
82.4 0.320178475033738
82.5 0.32056342780027
82.6 0.320948380566802
82.7 0.321333333333333
82.8 0.321727591998778
82.9 0.322121850664224
83 0.322516109329669
83.1 0.322910367995114
83.2 0.323304626660559
83.3 0.323698885326004
83.4 0.324093143991449
83.5 0.324487402656894
83.6 0.324881661322339
83.7 0.325275919987785
83.8 0.32567017865323
83.9 0.326064437318675
84 0.32645869598412
84.1 0.326852954649565
84.2 0.32724721331501
84.3 0.327641471980455
84.4 0.3280357306459
84.5 0.328429989311346
84.6 0.328824247976791
84.7 0.329218506642236
84.8 0.329612765307681
84.9 0.330007023973126
85 0.330401282638571
85.1 0.330795541304016
85.2 0.331189799969461
85.3 0.331584058634907
85.4 0.331978317300352
85.5 0.332372575965797
85.6 0.332766834631242
85.7 0.333161093296687
85.8 0.333555351962132
85.9 0.333949610627577
86 0.334343869293022
86.1 0.334738127958467
86.2 0.335132386623912
86.3 0.335526645289357
86.4 0.335920903954803
86.5 0.336315162620248
86.6 0.336709421285693
86.7 0.337103679951138
86.8 0.337497938616583
86.9 0.337892197282028
87 0.338286455947473
87.1 0.338680714612918
87.2 0.339074973278363
87.3 0.339469231943808
87.4 0.339863490609254
87.5 0.340257749274699
87.6 0.340652007940144
87.7 0.341046266605589
87.8 0.341440525271034
87.9 0.341834783936479
88 0.342229042601924
88.1 0.342623301267369
88.2 0.343017559932814
88.3 0.343411818598259
88.4 0.343806077263704
88.5 0.34420033592915
88.6 0.344594594594595
88.7 0.34497951571481
88.8 0.345364436835025
88.9 0.34574935795524
89 0.346134279075456
89.1 0.346519200195671
89.2 0.346904121315886
89.3 0.347289042436101
89.4 0.347673963556317
89.5 0.348058884676532
89.6 0.348443805796747
89.7 0.348828726916962
89.8 0.349213648037178
89.9 0.349598569157393
90 0.349983490277608
90.1 0.350368411397823
90.2 0.350753332518038
90.3 0.351138253638254
90.4 0.351523174758469
90.5 0.351908095878684
90.6 0.352293016998899
90.7 0.352677938119115
90.8 0.35306285923933
90.9 0.353447780359545
91 0.35383270147976
91.1 0.354217622599976
91.2 0.354602543720191
91.3 0.354987464840406
91.4 0.355372385960621
91.5 0.355757307080837
91.6 0.356142228201052
91.7 0.356527149321267
91.8 0.356912070441482
91.9 0.357296991561698
92 0.357681912681913
92.1 0.358066833802128
92.2 0.358451754922343
92.3 0.358836676042558
92.4 0.359221597162774
92.5 0.359606518282989
92.6 0.359991439403204
92.7 0.360376360523419
92.8 0.360761281643635
92.9 0.36114620276385
93 0.361531123884065
93.1 0.36191604500428
93.2 0.362300966124496
93.3 0.362685887244711
93.4 0.363070808364926
93.5 0.363455729485141
93.6 0.363840650605357
93.7 0.364225571725572
93.8 0.364610492845787
93.9 0.364995413966002
94 0.365380335086217
94.1 0.365765256206433
94.2 0.366150177326648
94.3 0.366535098446863
94.4 0.366920019567078
94.5 0.367304940687294
94.6 0.367689861807509
94.7 0.368074782927724
94.8 0.368459704047939
94.9 0.368844625168155
95 0.36922954628837
95.1 0.369614467408585
95.2 0.3699993885288
95.3 0.370384309649016
95.4 0.370769230769231
95.5 0.371163123955099
95.6 0.371557017140968
95.7 0.371950910326836
95.8 0.372344803512704
95.9 0.372738696698573
96 0.373132589884441
96.1 0.373526483070309
96.2 0.373920376256178
96.3 0.374314269442046
96.4 0.374708162627914
96.5 0.375102055813783
96.6 0.375495948999651
96.7 0.375889842185519
96.8 0.376283735371388
96.9 0.376677628557256
97 0.377071521743124
97.1 0.377465414928993
97.2 0.377859308114861
97.3 0.37825320130073
97.4 0.378647094486598
97.5 0.379040987672466
97.6 0.379434880858335
97.7 0.379828774044203
97.8 0.380222667230071
97.9 0.38061656041594
98 0.381010453601808
98.1 0.381404346787676
98.2 0.381798239973545
98.3 0.382192133159413
98.4 0.382586026345281
98.5 0.38297991953115
98.6 0.383373812717018
98.7 0.383767705902887
98.8 0.384161599088755
98.9 0.384555492274623
99 0.384949385460492
99.1 0.38534327864636
99.2 0.385737171832228
99.3 0.386131065018097
99.4 0.386524958203965
99.5 0.386918851389833
99.6 0.387312744575702
99.7 0.38770663776157
99.8 0.388100530947438
99.9 0.388494424133307
100 0.388888317319175
100.1 0.389282210505043
100.2 0.389676103690912
100.3 0.39006999687678
100.4 0.390463890062649
100.5 0.390857783248517
100.6 0.391251676434385
100.7 0.391645569620254
100.8 0.392039462806122
100.9 0.39243335599199
101 0.392827249177859
101.1 0.393221142363727
101.2 0.393615035549595
101.3 0.394008928735464
101.4 0.394402821921332
101.5 0.3947967151072
101.6 0.395190608293069
101.7 0.395584501478937
101.8 0.395978394664805
101.9 0.396372287850674
102 0.396766181036542
102.1 0.39716007422241
102.2 0.397553967408279
102.3 0.397947860594147
102.4 0.398341753780015
102.5 0.398735646965884
102.6 0.399129540151752
102.7 0.39952343333762
102.8 0.399917326523489
102.9 0.400311219709357
103 0.400705112895225
103.1 0.401099006081094
103.2 0.401492899266962
103.3 0.40188679245283
103.4 0.402019476567255
103.5 0.40215216068168
103.6 0.402284844796105
103.7 0.40241752891053
103.8 0.402550213024954
103.9 0.402682897139379
104 0.402815581253804
104.1 0.402948265368229
104.2 0.403080949482654
104.3 0.403213633597079
104.4 0.403346317711504
104.5 0.403479001825928
104.6 0.403611685940353
104.7 0.403744370054778
104.8 0.403877054169203
104.9 0.404009738283628
105 0.404142422398052
105.1 0.404275106512477
105.2 0.404407790626902
105.3 0.404540474741327
105.4 0.404673158855752
105.5 0.404805842970177
105.6 0.404938527084601
105.7 0.405071211199026
105.8 0.405203895313451
105.9 0.405336579427876
106 0.405469263542301
106.1 0.405601947656726
106.2 0.40573463177115
106.3 0.405867315885575
106.4 0.406
106.5 0.405413454270597
106.6 0.404826908541194
106.7 0.404240362811791
106.8 0.403653817082389
106.9 0.403067271352986
107 0.402480725623583
107.1 0.40189417989418
107.2 0.401307634164777
107.3 0.400721088435374
107.4 0.400134542705971
107.5 0.399547996976569
107.6 0.398961451247166
107.7 0.398374905517763
107.8 0.39778835978836
107.9 0.397201814058957
108 0.396615268329554
108.1 0.396028722600151
108.2 0.395442176870748
108.3 0.394855631141346
108.4 0.394269085411943
108.5 0.39368253968254
108.6 0.393095993953137
108.7 0.392509448223734
108.8 0.391922902494331
108.9 0.391336356764928
109 0.390749811035526
109.1 0.390163265306123
109.2 0.38957671957672
109.3 0.388990173847317
109.4 0.388403628117914
109.5 0.387817082388511
109.6 0.387230536659108
109.7 0.386643990929705
109.8 0.386057445200303
109.9 0.3854708994709
110 0.384884353741497
110.1 0.384297808012094
110.2 0.383711262282691
110.3 0.383124716553288
110.4 0.382538170823885
110.5 0.381951625094483
110.6 0.38136507936508
110.7 0.380778533635677
110.8 0.380191987906274
110.9 0.379605442176871
111 0.379018896447468
111.1 0.378432350718065
111.2 0.377845804988662
111.3 0.37725925925926
111.4 0.376672713529857
111.5 0.376086167800454
111.6 0.375499622071051
111.7 0.374913076341648
111.8 0.374326530612245
111.9 0.373739984882842
112 0.373153439153439
112.1 0.372566893424036
112.2 0.371980347694634
112.3 0.371393801965231
112.4 0.370807256235828
112.5 0.370220710506425
112.6 0.369634164777022
112.7 0.369047619047619
112.8 0.36857021886962
112.9 0.368092818691621
113 0.367615418513622
113.1 0.367138018335623
113.2 0.366660618157624
113.3 0.366183217979625
113.4 0.365705817801626
113.5 0.365228417623627
113.6 0.364751017445628
113.7 0.364273617267629
113.8 0.36379621708963
113.9 0.363318816911631
114 0.362841416733633
114.1 0.362364016555633
114.2 0.361886616377635
114.3 0.361409216199636
114.4 0.360931816021637
114.5 0.360454415843638
114.6 0.359977015665639
114.7 0.35949961548764
114.8 0.359022215309641
114.9 0.358544815131642
115 0.358067414953643
115.1 0.357590014775644
115.2 0.357112614597645
115.3 0.356635214419646
115.4 0.356157814241647
115.5 0.355680414063648
115.6 0.355203013885649
115.7 0.35472561370765
115.8 0.354248213529651
115.9 0.353770813351652
116 0.353293413173653
116.1 0.352622206567258
116.2 0.351950999960863
116.3 0.351279793354467
116.4 0.350608586748072
116.5 0.349937380141677
116.6 0.349266173535282
116.7 0.348594966928887
116.8 0.347923760322492
116.9 0.347252553716097
117 0.346581347109702
117.1 0.345910140503307
117.2 0.345238933896912
117.3 0.344567727290517
117.4 0.343896520684122
117.5 0.343225314077727
117.6 0.342554107471332
117.7 0.341882900864937
117.8 0.341211694258542
117.9 0.340540487652147
118 0.339869281045752
118.1 0.339371718632808
118.2 0.338874156219865
118.3 0.338376593806922
118.4 0.337879031393978
118.5 0.337381468981035
118.6 0.336883906568092
118.7 0.336386344155148
118.8 0.335888781742205
118.9 0.335391219329262
119 0.334893656916318
119.1 0.334396094503375
119.2 0.333898532090432
119.3 0.333400969677488
119.4 0.332903407264545
119.5 0.332405844851602
119.6 0.331908282438658
119.7 0.331410720025715
119.8 0.330913157612772
119.9 0.330415595199828
120 0.329918032786885
120.1 0.329363835183415
120.2 0.328809637579946
120.3 0.328255439976476
120.4 0.327701242373006
120.5 0.327147044769536
120.6 0.326592847166066
120.7 0.326038649562597
120.8 0.325484451959127
120.9 0.324930254355657
121 0.324376056752187
121.1 0.323821859148717
121.2 0.323267661545247
121.3 0.322713463941778
121.4 0.322159266338308
121.5 0.321605068734838
121.6 0.321050871131368
121.7 0.320496673527898
121.8 0.319942475924428
121.9 0.319388278320959
122 0.318834080717489
122.1 0.318244799589103
122.2 0.317655518460718
122.3 0.317066237332332
122.4 0.316476956203947
122.5 0.315887675075561
122.6 0.315298393947176
122.7 0.314709112818791
122.8 0.314119831690405
122.9 0.31353055056202
123 0.312941269433634
123.1 0.312351988305249
123.2 0.311762707176863
123.3 0.311173426048478
123.4 0.310584144920092
123.5 0.309994863791707
123.6 0.309405582663321
123.7 0.308816301534936
123.8 0.308227020406551
123.9 0.307637739278165
124 0.30704845814978
124.1 0.306270503327397
124.2 0.305492548505015
124.3 0.304714593682632
124.4 0.303936638860249
124.5 0.303158684037867
124.6 0.302380729215484
124.7 0.301602774393101
124.8 0.300824819570719
124.9 0.300046864748336
125 0.299268909925954
125.1 0.298490955103571
125.2 0.297713000281188
125.3 0.296935045458806
125.4 0.296157090636423
125.5 0.295379135814041
125.6 0.294601180991658
125.7 0.293823226169275
125.8 0.293045271346893
125.9 0.29226731652451
126 0.291489361702128
126.1 0.290726369026857
126.2 0.289963376351587
126.3 0.289200383676317
126.4 0.288437391001046
126.5 0.287674398325776
126.6 0.286911405650506
126.7 0.286148412975236
126.8 0.285385420299965
126.9 0.284622427624695
127 0.283859434949425
127.1 0.283096442274154
127.2 0.282333449598884
127.3 0.281570456923614
127.4 0.280807464248343
127.5 0.280044471573073
127.6 0.279281478897803
127.7 0.278518486222532
127.8 0.277755493547262
127.9 0.276992500871992
128 0.276229508196721
128.1 0.275467360141145
128.2 0.274705212085569
128.3 0.273943064029993
128.4 0.273180915974417
128.5 0.272418767918841
128.6 0.271656619863265
128.7 0.270894471807689
128.8 0.270132323752113
128.9 0.269370175696537
129 0.268608027640962
129.1 0.267845879585386
129.2 0.26708373152981
129.3 0.266321583474234
129.4 0.265559435418658
129.5 0.264797287363082
129.6 0.264035139307506
129.7 0.26327299125193
129.8 0.262510843196354
129.9 0.261748695140778
130 0.260986547085202
130.1 0.260204979293783
130.2 0.259423411502365
130.3 0.258641843710946
130.4 0.257860275919527
130.5 0.257078708128109
130.6 0.25629714033669
130.7 0.255515572545272
130.8 0.254734004753853
130.9 0.253952436962435
131 0.253170869171016
131.1 0.252389301379598
131.2 0.251607733588179
131.3 0.25082616579676
131.4 0.250044598005342
131.5 0.249263030213923
131.6 0.248481462422505
131.7 0.247699894631086
131.8 0.246918326839668
131.9 0.246136759048249
132 0.245355191256831
132.1 0.244601516201031
132.2 0.243847841145232
132.3 0.243094166089433
132.4 0.242340491033633
132.5 0.241586815977834
132.6 0.240833140922035
132.7 0.240079465866236
132.8 0.239325790810436
132.9 0.238572115754637
133 0.237818440698838
133.1 0.237064765643038
133.2 0.236311090587239
133.3 0.23555741553144
133.4 0.234803740475641
133.5 0.234050065419841
133.6 0.233296390364042
133.7 0.232542715308243
133.8 0.231789040252443
133.9 0.231035365196644
134 0.230281690140845
134.1 0.229508346374544
134.2 0.228735002608242
134.3 0.227961658841941
134.4 0.227188315075639
134.5 0.226414971309337
134.6 0.225641627543036
134.7 0.224868283776734
134.8 0.224094940010433
134.9 0.223321596244131
135 0.22254825247783
135.1 0.221774908711528
135.2 0.221001564945227
135.3 0.220228221178925
135.4 0.219454877412624
135.5 0.218681533646322
135.6 0.217908189880021
135.7 0.217134846113719
135.8 0.216361502347418
135.9 0.215588158581116
136 0.214814814814815
136.1 0.214021990740741
136.2 0.213229166666667
136.3 0.212436342592593
136.4 0.211643518518519
136.5 0.210850694444444
136.6 0.21005787037037
136.7 0.209265046296296
136.8 0.208472222222222
136.9 0.207679398148148
137 0.206886574074074
137.1 0.20609375
137.2 0.205300925925926
137.3 0.204508101851852
137.4 0.203715277777778
137.5 0.202922453703704
137.6 0.20212962962963
137.7 0.201336805555555
137.8 0.200543981481481
137.9 0.199751157407407
138 0.198958333333333
138.1 0.198229786706349
138.2 0.197501240079365
138.3 0.196772693452381
138.4 0.196044146825397
138.5 0.195315600198413
138.6 0.194587053571429
138.7 0.193858506944444
138.8 0.19312996031746
138.9 0.192401413690476
139 0.191672867063492
139.1 0.190944320436508
139.2 0.190215773809524
139.3 0.18948722718254
139.4 0.188758680555555
139.5 0.188030133928571
139.6 0.187301587301587
139.7 0.18641369047619
139.8 0.185525793650794
139.9 0.184637896825397
140 0.18375
140.1 0.182962962962963
140.2 0.182175925925926
140.3 0.181388888888889
140.4 0.180601851851852
140.5 0.179814814814815
140.6 0.179027777777778
140.7 0.178240740740741
140.8 0.177453703703704
140.9 0.176666666666667
141 0.175940476190476
141.1 0.175214285714286
141.2 0.174488095238095
141.3 0.173761904761905
141.4 0.173035714285714
141.5 0.172309523809524
141.6 0.171583333333333
141.7 0.170857142857143
141.8 0.170123667377399
141.9 0.169390191897655
142 0.16865671641791
142.1 0.167866471215352
142.2 0.167076226012793
142.3 0.166285980810234
142.4 0.165495735607676
142.5 0.164705490405117
142.6 0.163915245202559
142.7 0.163125
142.8 0.162343304843305
142.9 0.16156160968661
143 0.160779914529915
143.1 0.159998219373219
143.2 0.159216524216524
143.3 0.158434829059829
143.4 0.157653133903134
143.5 0.156871438746439
143.6 0.156089743589744
143.7 0.155308048433048
143.8 0.154526353276353
143.9 0.153744658119658
144 0.152962962962963
144.1 0.152208333333333
144.2 0.151453703703704
144.3 0.150699074074074
144.4 0.149944444444444
144.5 0.149189814814815
144.6 0.148435185185185
144.7 0.147680555555555
144.8 0.146925925925926
144.9 0.146171296296296
145 0.145416666666667
145.1 0.144625
145.2 0.143833333333333
145.3 0.143041666666667
145.4 0.14225
145.5 0.141458333333333
145.6 0.140666666666667
145.7 0.139875
145.8 0.139083333333333
145.9 0.138291666666667
146 0.1375
146.1 0.13675
146.2 0.136
146.3 0.13525
146.4 0.1345
146.5 0.13375
146.6 0.133
146.7 0.13225
146.8 0.1315
146.9 0.13075
147 0.13
147.1 0.129933333333333
147.2 0.129866666666667
147.3 0.1298
147.4 0.129733333333333
147.5 0.129666666666667
147.6 0.1296
147.7 0.129533333333333
147.8 0.129466666666667
147.9 0.1294
148 0.129333333333333
148.1 0.129233333333333
148.2 0.129133333333333
148.3 0.129033333333333
148.4 0.128933333333333
148.5 0.128833333333333
148.6 0.128733333333333
148.7 0.128633333333333
148.8 0.128533333333333
148.9 0.128433333333333
149 0.128333333333333
149.1 0.128217391304348
149.2 0.128101449275362
149.3 0.127985507246377
149.4 0.127869565217391
149.5 0.127753623188406
149.6 0.12763768115942
149.7 0.127521739130435
149.8 0.127405797101449
149.9 0.127289855072464
150 0.127173913043478
150.1 0.1270872909699
150.2 0.127000668896321
150.3 0.126914046822742
150.4 0.126827424749164
150.5 0.126740802675585
150.6 0.126654180602007
150.7 0.126567558528428
150.8 0.12648093645485
150.9 0.126394314381271
151 0.126307692307692
151.1 0.126211806797853
151.2 0.126115921288014
151.3 0.126020035778175
151.4 0.125924150268336
151.5 0.125828264758497
151.6 0.125732379248658
151.7 0.125636493738819
151.8 0.12554060822898
151.9 0.125444722719141
152 0.125348837209302
152.1 0.125275491949911
152.2 0.125202146690519
152.3 0.125128801431127
152.4 0.125055456171735
152.5 0.124982110912343
152.6 0.124908765652952
152.7 0.12483542039356
152.8 0.124762075134168
152.9 0.124688729874776
153 0.124615384615385
153.1 0.124487179487179
153.2 0.124358974358974
153.3 0.124230769230769
153.4 0.124102564102564
153.5 0.123974358974359
153.6 0.123846153846154
153.7 0.123717948717949
153.8 0.123589743589744
153.9 0.123461538461538
154 0.123333333333333
154.1 0.123271428571429
154.2 0.123209523809524
154.3 0.123147619047619
154.4 0.123085714285714
154.5 0.12302380952381
154.6 0.122961904761905
154.7 0.1229
154.8 0.122838095238095
154.9 0.12277619047619
155 0.122714285714286
155.1 0.122621428571429
155.2 0.122528571428571
155.3 0.122435714285714
155.4 0.122342857142857
155.5 0.12225
155.6 0.122157142857143
155.7 0.122064285714286
155.8 0.121971428571429
155.9 0.121878571428571
156 0.121785714285714
156.1 0.121690476190476
156.2 0.121595238095238
156.3 0.1215
156.4 0.121404761904762
156.5 0.121309523809524
156.6 0.121214285714286
156.7 0.121119047619048
156.8 0.12102380952381
156.9 0.120928571428571
157 0.120833333333333
157.1 0.12075
157.2 0.120666666666667
157.3 0.120583333333333
157.4 0.1205
157.5 0.120416666666667
157.6 0.120333333333333
157.7 0.12025
157.8 0.120166666666667
157.9 0.120083333333333
158 0.12
158.1 0.119904761904762
158.2 0.119809523809524
158.3 0.119714285714286
158.4 0.119619047619048
158.5 0.11952380952381
158.6 0.119428571428571
158.7 0.119333333333333
158.8 0.119238095238095
158.9 0.119142857142857
159 0.119047619047619
159.1 0.118961038961039
159.2 0.118874458874459
159.3 0.118787878787879
159.4 0.118701298701299
159.5 0.118614718614719
159.6 0.118528138528139
159.7 0.118441558441558
159.8 0.118354978354978
159.9 0.118268398268398
160 0.118181818181818
160.1 0.118090892943646
160.2 0.117999967705474
160.3 0.117909042467302
160.4 0.11781811722913
160.5 0.117727191990958
160.6 0.117636266752785
160.7 0.117545341514613
160.8 0.117454416276441
160.9 0.117363491038269
161 0.117272565800097
161.1 0.117181640561925
161.2 0.117090715323753
161.3 0.116999790085581
161.4 0.116908864847408
161.5 0.116817939609236
161.6 0.116727014371064
161.7 0.116636089132892
161.8 0.11654516389472
161.9 0.116454238656548
162 0.116363313418376
162.1 0.116272388180204
162.2 0.116181462942031
162.3 0.116090537703859
162.4 0.115999612465687
162.5 0.115908687227515
162.6 0.115817761989343
162.7 0.115726836751171
162.8 0.115635911512999
162.9 0.115544986274827
163 0.115454061036654
163.1 0.115363135798482
163.2 0.11527221056031
163.3 0.115181285322138
163.4 0.115090360083966
163.5 0.114999434845794
163.6 0.114908509607622
163.7 0.114817584369449
163.8 0.114726659131277
163.9 0.114635733893105
164 0.114544808654933
164.1 0.114453883416761
164.2 0.114362958178589
164.3 0.114272032940417
164.4 0.114181107702245
164.5 0.114090182464072
164.6 0.1139992572259
164.7 0.113908331987728
164.8 0.113817406749556
164.9 0.113726481511384
165 0.113635556273212
165.1 0.11354463103504
165.2 0.113453705796868
165.3 0.113362780558695
165.4 0.113271855320523
165.5 0.113180930082351
165.6 0.113090004844179
165.7 0.112999079606007
165.8 0.112908154367835
165.9 0.112817229129663
166 0.112726303891491
166.1 0.112635378653318
166.2 0.112544453415146
166.3 0.112453528176974
166.4 0.112362602938802
166.5 0.11227167770063
166.6 0.112180752462458
166.7 0.112089827224286
166.8 0.111998901986114
166.9 0.111907976747941
167 0.111817051509769
167.1 0.111726126271597
167.2 0.111635201033425
167.3 0.111544275795253
167.4 0.111453350557081
167.5 0.111362425318909
167.6 0.111271500080737
167.7 0.111180574842564
167.8 0.111089649604392
167.9 0.11099872436622
168 0.110907799128048
168.1 0.110816873889876
168.2 0.110725948651704
168.3 0.110635023413532
168.4 0.11054409817536
168.5 0.110453172937187
168.6 0.110362247699015
168.7 0.110271322460843
168.8 0.110180397222671
168.9 0.110089471984499
169 0.109998546746327
169.1 0.109907621508155
169.2 0.109816696269983
169.3 0.10972577103181
169.4 0.109634845793638
169.5 0.109543920555466
169.6 0.109452995317294
169.7 0.109362070079122
169.8 0.10927114484095
169.9 0.109180219602778
170 0.109089294364606
170.1 0.108998369126433
170.2 0.108907443888261
170.3 0.108816518650089
170.4 0.108725593411917
170.5 0.108634668173745
170.6 0.108543742935573
170.7 0.108452817697401
170.8 0.108361892459229
170.9 0.108270967221056
171 0.108180041982884
171.1 0.108089116744712
171.2 0.10799819150654
171.3 0.107907266268368
171.4 0.107816341030196
171.5 0.107725415792024
171.6 0.107634490553852
171.7 0.107543565315679
171.8 0.107452640077507
171.9 0.107361714839335
172 0.107270789601163
172.1 0.107179864362991
172.2 0.107088939124819
172.3 0.106998013886647
172.4 0.106907088648474
172.5 0.106816163410302
172.6 0.10672523817213
172.7 0.106634312933958
172.8 0.106543387695786
172.9 0.106452462457614
173 0.106361537219442
173.1 0.10627061198127
173.2 0.106179686743097
173.3 0.106088761504925
173.4 0.105997836266753
173.5 0.105906911028581
173.6 0.105815985790409
173.7 0.105725060552237
173.8 0.105634135314065
173.9 0.105543210075893
174 0.10545228483772
174.1 0.105361359599548
174.2 0.105270434361376
174.3 0.105179509123204
174.4 0.105088583885032
174.5 0.10499765864686
174.6 0.104906733408688
174.7 0.104815808170516
174.8 0.104724882932343
174.9 0.104633957694171
175 0.104543032455999
175.1 0.104452107217827
175.2 0.104361181979655
175.3 0.104270256741483
175.4 0.104179331503311
175.5 0.104088406265139
175.6 0.103997481026966
175.7 0.103906555788794
175.8 0.103815630550622
175.9 0.10372470531245
176 0.103633780074278
176.1 0.103542854836106
176.2 0.103451929597934
176.3 0.103361004359762
176.4 0.103270079121589
176.5 0.103179153883417
176.6 0.103088228645245
176.7 0.102997303407073
176.8 0.102906378168901
176.9 0.102815452930729
177 0.102724527692557
177.1 0.102633602454385
177.2 0.102542677216212
177.3 0.10245175197804
177.4 0.102360826739868
177.5 0.102269901501696
177.6 0.102178976263524
177.7 0.102088051025352
177.8 0.10199712578718
177.9 0.101906200549008
178 0.101815275310835
178.1 0.101724350072663
178.2 0.101633424834491
178.3 0.101542499596319
178.4 0.101451574358147
178.5 0.101360649119975
178.6 0.101269723881803
178.7 0.101178798643631
178.8 0.101087873405458
178.9 0.100996948167286
179 0.100906022929114
179.1 0.100815097690942
179.2 0.10072417245277
179.3 0.100633247214598
179.4 0.100542321976426
179.5 0.100451396738254
179.6 0.100360471500081
179.7 0.100269546261909
179.8 0.100178621023737
179.9 0.100087695785565
180 0.0999967705473929
180.1 0.0999058453092208
180.2 0.0998149200710486
180.3 0.0997239948328765
180.4 0.0996330695947044
180.5 0.0995421443565322
180.6 0.0994512191183601
180.7 0.099360293880188
180.8 0.0992693686420159
180.9 0.0991784434038437
181 0.0990875181656716
181.1 0.0989965929274995
181.2 0.0989056676893274
181.3 0.0988147424511552
181.4 0.0987238172129831
181.5 0.098632891974811
181.6 0.0985419667366389
181.7 0.0984510414984667
181.8 0.0983601162602946
181.9 0.0982691910221225
182 0.0981782657839503
182.1 0.0980873405457782
182.2 0.0979964153076061
182.3 0.097905490069434
182.4 0.0978145648312618
182.5 0.0977236395930897
182.6 0.0976327143549176
182.7 0.0975417891167455
182.8 0.0974508638785733
182.9 0.0973599386404012
183 0.0972690134022291
183.1 0.097178088164057
183.2 0.0970871629258848
183.3 0.0969962376877127
183.4 0.0969053124495406
183.5 0.0968143872113685
183.6 0.0967234619731963
183.7 0.0966325367350242
183.8 0.0965416114968521
183.9 0.0964506862586799
184 0.0963597610205078
184.1 0.0962688357823357
184.2 0.0961779105441636
184.3 0.0960869853059914
184.4 0.0959960600678193
184.5 0.0959051348296472
184.6 0.0958142095914751
184.7 0.0957232843533029
184.8 0.0956323591151308
184.9 0.0955414338769587
185 0.0954505086387866
185.1 0.0953595834006144
185.2 0.0952686581624423
185.3 0.0951777329242702
185.4 0.095086807686098
185.5 0.0949958824479259
185.6 0.0949049572097538
185.7 0.0948140319715817
185.8 0.0947231067334095
185.9 0.0946321814952374
186 0.0945412562570653
186.1 0.0944503310188932
186.2 0.094359405780721
186.3 0.0942684805425489
186.4 0.0941775553043768
186.5 0.0940866300662047
186.6 0.0939957048280325
186.7 0.0939047795898604
186.8 0.0938138543516883
186.9 0.0937229291135162
187 0.093632003875344
187.1 0.0935410786371719
187.2 0.0934501533989998
187.3 0.0933592281608276
187.4 0.0932683029226555
187.5 0.0931773776844834
187.6 0.0930864524463113
187.7 0.0929955272081391
187.8 0.092904601969967
187.9 0.0928136767317949
188 0.0927227514936228
188.1 0.0926318262554506
188.2 0.0925409010172785
188.3 0.0924499757791064
188.4 0.0923590505409343
188.5 0.0922681253027621
188.6 0.09217720006459
188.7 0.0920862748264179
188.8 0.0919953495882457
188.9 0.0919044243500736
189 0.0918134991119015
189.1 0.0917225738737294
189.2 0.0916316486355572
189.3 0.0915407233973851
189.4 0.091449798159213
189.5 0.0913588729210409
189.6 0.0912679476828687
189.7 0.0911770224446966
189.8 0.0910860972065245
189.9 0.0909951719683524
190 0.0909042467301802
190.1 0.0908133214920081
190.2 0.090722396253836
190.3 0.0906314710156639
190.4 0.0905405457774917
190.5 0.0904496205393196
190.6 0.0903586953011475
190.7 0.0902677700629753
190.8 0.0901768448248032
190.9 0.0900859195866311
191 0.089994994348459
191.1 0.0899040691102868
191.2 0.0898131438721147
191.3 0.0897222186339426
191.4 0.0896312933957705
191.5 0.0895403681575983
191.6 0.0894494429194262
191.7 0.0893585176812541
191.8 0.089267592443082
191.9 0.0891766672049098
192 0.0890857419667377
192.1 0.0889948167285656
192.2 0.0889038914903934
192.3 0.0888129662522213
192.4 0.0887220410140492
192.5 0.0886311157758771
192.6 0.0885401905377049
192.7 0.0884492652995328
192.8 0.0883583400613607
192.9 0.0882674148231886
193 0.0881764895850164
193.1 0.0880855643468443
193.2 0.0879946391086722
193.3 0.0879037138705001
193.4 0.0878127886323279
193.5 0.0877218633941558
193.6 0.0876309381559837
193.7 0.0875400129178115
193.8 0.0874490876796394
193.9 0.0873581624414673
194 0.0872672372032952
194.1 0.087176311965123
194.2 0.0870853867269509
194.3 0.0869944614887788
194.4 0.0869035362506067
194.5 0.0868126110124345
194.6 0.0867216857742624
194.7 0.0866307605360903
194.8 0.0865398352979182
194.9 0.086448910059746
195 0.0863579848215739
195.1 0.0862670595834018
195.2 0.0861761343452297
195.3 0.0860852091070575
195.4 0.0859942838688854
195.5 0.0859033586307133
195.6 0.0858124333925411
195.7 0.085721508154369
195.8 0.0856305829161969
195.9 0.0855396576780248
196 0.0854487324398526
196.1 0.0853578072016805
196.2 0.0852668819635084
196.3 0.0851759567253363
196.4 0.0850850314871641
196.5 0.084994106248992
196.6 0.0849031810108199
196.7 0.0848122557726478
196.8 0.0847213305344756
196.9 0.0846304052963035
197 0.0845394800581314
197.1 0.0844485548199592
197.2 0.0843576295817871
197.3 0.084266704343615
197.4 0.0841757791054429
197.5 0.0840848538672707
197.6 0.0839939286290986
197.7 0.0839030033909265
197.8 0.0838120781527544
197.9 0.0837211529145822
198 0.0836302276764101
198.1 0.083539302438238
198.2 0.0834483772000659
198.3 0.0833574519618937
198.4 0.0832665267237216
198.5 0.0831756014855495
198.6 0.0830846762473774
198.7 0.0829937510092052
198.8 0.0829028257710331
198.9 0.082811900532861
199 0.0827209752946888
199.1 0.0826300500565167
199.2 0.0825391248183446
199.3 0.0824481995801725
199.4 0.0823572743420003
199.5 0.0822663491038282
199.6 0.0821754238656561
199.7 0.082084498627484
199.8 0.0819935733893118
199.9 0.0819026481511397
200 0.0818117229129676
200.1 0.0817207976747955
200.2 0.0816298724366233
200.3 0.0815389471984512
200.4 0.0814480219602791
200.5 0.0813570967221069
200.6 0.0812661714839348
200.7 0.0811752462457627
200.8 0.0810843210075906
200.9 0.0809933957694184
201 0.0809024705312463
201.1 0.0808115452930742
201.2 0.0807206200549021
201.3 0.0806296948167299
201.4 0.0805387695785578
201.5 0.0804478443403857
201.6 0.0803569191022136
201.7 0.0802659938640414
201.8 0.0801750686258693
201.9 0.0800841433876972
202 0.079993218149525
202.1 0.0799022929113529
202.2 0.0798113676731808
202.3 0.0797204424350087
202.4 0.0796295171968365
202.5 0.0795385919586644
202.6 0.0794476667204923
202.7 0.0793567414823202
202.8 0.079265816244148
202.9 0.0791748910059759
203 0.0790839657678038
203.1 0.0789930405296317
203.2 0.0789021152914595
203.3 0.0788111900532874
203.4 0.0787202648151153
203.5 0.0786293395769432
203.6 0.078538414338771
203.7 0.0784474891005989
203.8 0.0783565638624268
203.9 0.0782656386242546
204 0.0781747133860825
204.1 0.0780837881479104
204.2 0.0779928629097383
204.3 0.0779019376715661
204.4 0.077811012433394
204.5 0.0777200871952219
204.6 0.0776291619570498
204.7 0.0775382367188776
204.8 0.0774473114807055
204.9 0.0773563862425334
205 0.0772654610043613
205.1 0.0771745357661891
205.2 0.077083610528017
205.3 0.0769926852898449
205.4 0.0769017600516727
205.5 0.0768108348135006
205.6 0.0767199095753285
205.7 0.0766289843371564
205.8 0.0765380590989842
205.9 0.0764471338608121
206 0.07635620862264
206.1 0.0762652833844679
206.2 0.0761743581462957
206.3 0.0760834329081236
206.4 0.0759925076699515
206.5 0.0759015824317794
206.6 0.0758106571936072
206.7 0.0757197319554351
206.8 0.075628806717263
206.9 0.0755378814790909
207 0.0754469562409187
207.1 0.0753560310027466
207.2 0.0752651057645745
207.3 0.0751741805264023
207.4 0.0750832552882302
207.5 0.0749923300500581
207.6 0.074901404811886
207.7 0.0748104795737138
207.8 0.0747195543355417
207.9 0.0746286290973696
208 0.0745377038591975
208.1 0.0744467786210253
208.2 0.0743558533828532
208.3 0.0742649281446811
208.4 0.074174002906509
208.5 0.0740830776683368
208.6 0.0739921524301647
208.7 0.0739012271919926
208.8 0.0738103019538204
208.9 0.0737193767156483
209 0.0736284514774762
209.1 0.0735375262393041
209.2 0.0734466010011319
209.3 0.0733556757629598
209.4 0.0732647505247877
209.5 0.0731738252866156
209.6 0.0730829000484434
209.7 0.0729919748102713
209.8 0.0729010495720992
209.9 0.0728101243339271
210 0.0727191990957549
210.1 0.0726282738575828
210.2 0.0725373486194107
210.3 0.0724464233812386
210.4 0.0723554981430664
210.5 0.0722645729048943
210.6 0.0721736476667222
210.7 0.07208272242855
210.8 0.0719917971903779
210.9 0.0719008719522058
211 0.0718099467140337
211.1 0.0717190214758615
211.2 0.0716280962376894
211.3 0.0715371709995173
211.4 0.0714462457613452
211.5 0.071355320523173
211.6 0.0712643952850009
211.7 0.0711734700468288
211.8 0.0710825448086567
211.9 0.0709916195704845
212 0.0709006943323124
212.1 0.0708097690941403
212.2 0.0707188438559681
212.3 0.070627918617796
212.4 0.0705369933796239
212.5 0.0704460681414518
212.6 0.0703551429032796
212.7 0.0702642176651075
212.8 0.0701732924269354
212.9 0.0700823671887633
213 0.0699914419505911
213.1 0.069900516712419
213.2 0.0698095914742469
213.3 0.0697186662360748
213.4 0.0696277409979026
213.5 0.0695368157597305
213.6 0.0694458905215584
213.7 0.0693549652833862
213.8 0.0692640400452141
213.9 0.069173114807042
214 0.0690821895688699
214.1 0.0689912643306977
214.2 0.0689003390925256
214.3 0.0688094138543535
214.4 0.0687184886161814
214.5 0.0686275633780092
214.6 0.0685366381398371
214.7 0.068445712901665
214.8 0.0683547876634929
214.9 0.0682638624253207
215 0.0681729371871486
215.1 0.0680820119489765
215.2 0.0679910867108044
215.3 0.0679001614726322
215.4 0.0678092362344601
215.5 0.067718310996288
215.6 0.0676273857581158
215.7 0.0675364605199437
215.8 0.0674455352817716
215.9 0.0673546100435995
216 0.0672636848054273
216.1 0.0671727595672552
216.2 0.0670818343290831
216.3 0.066990909090911
216.4 0.0668999838527388
216.5 0.0668090586145667
216.6 0.0667181333763946
216.7 0.0666272081382225
216.8 0.0665362829000503
216.9 0.0664453576618782
217 0.0663544324237061
217.1 0.0662635071855339
217.2 0.0661725819473618
217.3 0.0660816567091897
217.4 0.0659907314710176
217.5 0.0658998062328454
217.6 0.0658088809946733
217.7 0.0657179557565012
217.8 0.0656270305183291
217.9 0.0655361052801569
218 0.0654451800419848
218.1 0.0653542548038127
218.2 0.0652633295656406
218.3 0.0651724043274684
218.4 0.0650814790892963
218.5 0.0649905538511242
218.6 0.064899628612952
218.7 0.0648087033747799
218.8 0.0647177781366078
218.9 0.0646268528984357
219 0.0645359276602635
219.1 0.0644450024220914
219.2 0.0643540771839193
219.3 0.0642631519457471
219.4 0.064172226707575
219.5 0.0640813014694029
219.6 0.0639903762312307
219.7 0.0638994509930586
219.8 0.0638085257548864
219.9 0.0637176005167143
220 0.0636266752785422
220.1 0.0635357500403701
220.2 0.0634448248021979
220.3 0.0633538995640258
220.4 0.0632629743258537
220.5 0.0631720490876815
220.6 0.0630811238495094
220.7 0.0629901986113373
220.8 0.0628992733731651
220.9 0.062808348134993
221 0.0627174228968209
221.1 0.0626264976586487
221.2 0.0625355724204766
221.3 0.0624446471823044
221.4 0.0623537219441323
221.5 0.0622627967059602
221.6 0.062171871467788
221.7 0.0620809462296159
221.8 0.0619900209914438
221.9 0.0618990957532716
222 0.0618081705150995
222.1 0.0617172452769274
222.2 0.0616263200387552
222.3 0.0615353948005831
222.4 0.061444469562411
222.5 0.0613535443242388
222.6 0.0612626190860667
222.7 0.0611716938478946
222.8 0.0610807686097224
222.9 0.0609898433715503
223 0.0608989181333782
223.1 0.060807992895206
223.2 0.0607170676570339
223.3 0.0606261424188618
223.4 0.0605352171806896
223.5 0.0604442919425175
223.6 0.0603533667043454
223.7 0.0602624414661732
223.8 0.0601715162280011
223.9 0.060080590989829
224 0.0599896657516568
224.1 0.0598987405134847
224.2 0.0598078152753126
224.3 0.0597168900371404
224.4 0.0596259647989683
224.5 0.0595350395607962
224.6 0.059444114322624
224.7 0.0593531890844519
224.8 0.0592622638462798
224.9 0.0591713386081076
225 0.0590804133699355
225.1 0.0589894881317634
225.2 0.0588985628935912
225.3 0.0588076376554191
225.4 0.058716712417247
225.5 0.0586257871790748
225.6 0.0585348619409027
225.7 0.0584439367027306
225.8 0.0583530114645584
225.9 0.0582620862263863
226 0.0581711609882142
226.1 0.058080235750042
226.2 0.0579893105118699
226.3 0.0578983852736978
226.4 0.0578074600355256
226.5 0.0577165347973535
226.6 0.0576256095591814
226.7 0.0575346843210092
226.8 0.0574437590828371
226.9 0.057352833844665
227 0.0572619086064928
227.1 0.0571709833683207
227.2 0.0570800581301486
227.3 0.0569891328919764
227.4 0.0568982076538043
227.5 0.0568072824156322
227.6 0.05671635717746
227.7 0.0566254319392879
227.8 0.0565345067011158
227.9 0.0564435814629436
228 0.0563526562247715
228.1 0.0562617309865994
228.2 0.0561708057484272
228.3 0.0560798805102551
228.4 0.055988955272083
228.5 0.0558980300339108
228.6 0.0558071047957387
228.7 0.0557161795575666
228.8 0.0556252543193944
228.9 0.0555343290812223
229 0.0554434038430502
229.1 0.055352478604878
229.2 0.0552615533667059
229.3 0.0551706281285338
229.4 0.0550797028903616
229.5 0.0549887776521895
229.6 0.0548978524140174
229.7 0.0548069271758452
229.8 0.0547160019376731
229.9 0.054625076699501
230 0.0545341514613288
230.1 0.0544432262231567
230.2 0.0543523009849846
230.3 0.0542613757468124
230.4 0.0541704505086403
230.5 0.0540795252704682
230.6 0.053988600032296
230.7 0.0538976747941239
230.8 0.0538067495559518
230.9 0.0537158243177796
231 0.0536248990796075
231.1 0.0535339738414354
231.2 0.0534430486032632
231.3 0.0533521233650911
231.4 0.053261198126919
231.5 0.0531702728887468
231.6 0.0530793476505747
231.7 0.0529884224124026
231.8 0.0528974971742304
231.9 0.0528065719360583
232 0.0527156466978862
232.1 0.052624721459714
232.2 0.0525337962215419
232.3 0.0524428709833698
232.4 0.0523519457451976
232.5 0.0522610205070255
232.6 0.0521700952688534
232.7 0.0520791700306812
232.8 0.0519882447925091
232.9 0.051897319554337
233 0.0518063943161648
233.1 0.0517154690779927
233.2 0.0516245438398206
233.3 0.0515336186016484
233.4 0.0514426933634763
233.5 0.0513517681253042
233.6 0.051260842887132
233.7 0.0511699176489599
233.8 0.0510789924107878
233.9 0.0509880671726156
234 0.0508971419344435
234.1 0.0508062166962714
234.2 0.0507152914580992
234.3 0.0506243662199271
234.4 0.050533440981755
234.5 0.0504425157435828
234.6 0.0503515905054107
234.7 0.0502606652672386
234.8 0.0501697400290664
234.9 0.0500788147908943
235 0.0499878895527222
235.1 0.04989696431455
235.2 0.0498060390763779
235.3 0.0497151138382058
235.4 0.0496241886000336
235.5 0.0495332633618615
235.6 0.0494423381236894
235.7 0.0493514128855172
235.8 0.0492604876473451
235.9 0.049169562409173
236 0.0490786371710008
236.1 0.0489877119328287
236.2 0.0488967866946566
236.3 0.0488058614564844
236.4 0.0487149362183123
236.5 0.0486240109801402
236.6 0.048533085741968
236.7 0.0484421605037959
236.8 0.0483512352656238
236.9 0.0482603100274516
237 0.0481693847892795
237.1 0.0480784595511074
237.2 0.0479875343129352
237.3 0.0478966090747631
237.4 0.047805683836591
237.5 0.0477147585984188
237.6 0.0476238333602467
237.7 0.0475329081220746
237.8 0.0474419828839024
237.9 0.0473510576457303
238 0.0472601324075582
238.1 0.047169207169386
238.2 0.0470782819312139
238.3 0.0469873566930418
238.4 0.0468964314548696
238.5 0.0468055062166975
238.6 0.0467145809785254
238.7 0.0466236557403532
238.8 0.0465327305021811
238.9 0.046441805264009
239 0.0463508800258368
239.1 0.0462599547876647
239.2 0.0461690295494926
239.3 0.0460781043113204
239.4 0.0459871790731483
239.5 0.0458962538349762
239.6 0.045805328596804
239.7 0.0457144033586319
239.8 0.0456234781204598
239.9 0.0455325528822876
240 0.0454416276441155
240.1 0.0453507024059434
240.2 0.0452597771677712
240.3 0.0451688519295991
240.4 0.045077926691427
240.5 0.0449870014532548
240.6 0.0448960762150827
240.7 0.0448051509769106
240.8 0.0447142257387384
240.9 0.0446233005005663
241 0.0445323752623942
241.1 0.044441450024222
241.2 0.0443505247860499
241.3 0.0442595995478778
241.4 0.0441686743097056
241.5 0.0440777490715335
241.6 0.0439868238333614
241.7 0.0438958985951892
241.8 0.0438049733570171
241.9 0.043714048118845
242 0.0436231228806728
242.1 0.0435321976425007
242.2 0.0434412724043286
242.3 0.0433503471661564
242.4 0.0432594219279843
242.5 0.0431684966898122
242.6 0.04307757145164
242.7 0.0429866462134679
242.8 0.0428957209752958
242.9 0.0428047957371236
243 0.0427138704989515
243.1 0.0426229452607794
243.2 0.0425320200226072
243.3 0.0424410947844351
243.4 0.042350169546263
243.5 0.0422592443080908
243.6 0.0421683190699187
243.7 0.0420773938317466
243.8 0.0419864685935744
243.9 0.0418955433554023
244 0.0418046181172302
244.1 0.041713692879058
244.2 0.0416227676408859
244.3 0.0415318424027138
244.4 0.0414409171645416
244.5 0.0413499919263695
244.6 0.0412590666881974
244.7 0.0411681414500252
244.8 0.0410772162118531
244.9 0.040986290973681
245 0.0408953657355088
245.1 0.0408044404973367
245.2 0.0407135152591646
245.3 0.0406225900209924
245.4 0.0405316647828203
245.5 0.0404407395446482
245.6 0.040349814306476
245.7 0.0402588890683039
245.8 0.0401679638301318
245.9 0.0400770385919596
246 0.0399861133537875
246.1 0.0398951881156154
246.2 0.0398042628774432
246.3 0.0397133376392711
246.4 0.039622412401099
246.5 0.0395314871629268
246.6 0.0394405619247547
246.7 0.0393496366865826
246.8 0.0392587114484104
246.9 0.0391677862102383
247 0.0390768609720662
247.1 0.038985935733894
247.2 0.0388950104957219
247.3 0.0388040852575498
247.4 0.0387131600193776
247.5 0.0386222347812055
247.6 0.0385313095430334
247.7 0.0384403843048612
247.8 0.0383494590666891
247.9 0.038258533828517
248 0.0381676085903448
248.1 0.0380766833521727
248.2 0.0379857581140006
248.3 0.0378948328758284
248.4 0.0378039076376563
248.5 0.0377129823994842
248.6 0.037622057161312
248.7 0.0375311319231399
248.8 0.0374402066849678
248.9 0.0373492814467956
249 0.0372583562086235
249.1 0.0371674309704514
249.2 0.0370765057322792
249.3 0.0369855804941071
249.4 0.036894655255935
249.5 0.0368037300177628
249.6 0.0367128047795907
249.7 0.0366218795414186
249.8 0.0365309543032464
249.9 0.0364400290650743
250 0.0363491038269022
250.1 0.03625817858873
250.2 0.0361672533505579
250.3 0.0360763281123858
250.4 0.0359854028742136
250.5 0.0358944776360415
250.6 0.0358035523978694
250.7 0.0357126271596972
250.8 0.0356217019215251
250.9 0.035530776683353
251 0.0354398514451808
251.1 0.0353489262070087
251.2 0.0352580009688366
251.3 0.0351670757306644
251.4 0.0350761504924923
251.5 0.0349852252543202
251.6 0.034894300016148
251.7 0.0348033747779759
251.8 0.0347124495398037
251.9 0.0346215243016316
252 0.0345305990634595
252.1 0.0344396738252873
252.2 0.0343487485871152
252.3 0.0342578233489431
252.4 0.0341668981107709
252.5 0.0340759728725988
252.6 0.0339850476344267
252.7 0.0338941223962545
252.8 0.0338031971580824
252.9 0.0337122719199103
253 0.0336213466817381
253.1 0.033530421443566
253.2 0.0334394962053939
253.3 0.0333485709672217
253.4 0.0332576457290496
253.5 0.0331667204908775
253.6 0.0330757952527053
253.7 0.0329848700145332
253.8 0.0328939447763611
253.9 0.0328030195381889
254 0.0327120943000168
254.1 0.0326211690618447
254.2 0.0325302438236725
254.3 0.0324393185855004
254.4 0.0323483933473283
254.5 0.0322574681091561
254.6 0.032166542870984
254.7 0.0320756176328119
254.8 0.0319846923946397
254.9 0.0318937671564676
255 0.0318028419182955
255.1 0.0317119166801233
255.2 0.0316209914419512
255.3 0.0315300662037791
255.4 0.0314391409656069
255.5 0.0313482157274348
255.6 0.0312572904892627
255.7 0.0311663652510905
255.8 0.0310754400129184
255.9 0.0309845147747463
256 0.0308935895365741
256.1 0.030802664298402
256.2 0.0307117390602299
256.3 0.0306208138220577
256.4 0.0305298885838856
256.5 0.0304389633457135
256.6 0.0303480381075413
256.7 0.0302571128693692
256.8 0.0301661876311971
256.9 0.0300752623930249
257 0.0299843371548528
257.1 0.0298934119166807
257.2 0.0298024866785085
257.3 0.0297115614403364
257.4 0.0296206362021643
257.5 0.0295297109639921
257.6 0.02943878572582
257.7 0.0293478604876479
257.8 0.0292569352494757
257.9 0.0291660100113036
258 0.0290750847731315
258.1 0.0289841595349593
258.2 0.0288932342967872
258.3 0.0288023090586151
258.4 0.0287113838204429
258.5 0.0286204585822708
258.6 0.0285295333440987
258.7 0.0284386081059265
258.8 0.0283476828677544
258.9 0.0282567576295823
259 0.0281658323914101
259.1 0.028074907153238
259.2 0.0279839819150659
259.3 0.0278930566768937
259.4 0.0278021314387216
259.5 0.0277112062005495
259.6 0.0276202809623773
259.7 0.0275293557242052
259.8 0.0274384304860331
259.9 0.0273475052478609
260 0.0272565800096888
260.1 0.0271656547715167
260.2 0.0270747295333445
260.3 0.0269838042951724
260.4 0.0268928790570003
260.5 0.0268019538188281
260.6 0.026711028580656
260.7 0.0266201033424839
260.8 0.0265291781043117
260.9 0.0264382528661396
261 0.0263473276279675
261.1 0.0262564023897953
261.2 0.0261654771516232
261.3 0.0260745519134511
261.4 0.0259836266752789
261.5 0.0258927014371068
261.6 0.0258017761989347
261.7 0.0257108509607625
261.8 0.0256199257225904
261.9 0.0255290004844183
262 0.0254380752462461
262.1 0.025347150008074
262.2 0.0252562247699019
262.3 0.0251652995317297
262.4 0.0250743742935576
262.5 0.0249834490553855
262.6 0.0248925238172133
262.7 0.0248015985790412
262.8 0.0247106733408691
262.9 0.0246197481026969
263 0.0245288228645248
263.1 0.0244378976263527
263.2 0.0243469723881805
263.3 0.0242560471500084
263.4 0.0241651219118363
263.5 0.0240741966736641
263.6 0.023983271435492
263.7 0.0238923461973199
263.8 0.0238014209591477
263.9 0.0237104957209756
264 0.0236195704828035
264.1 0.0235286452446313
264.2 0.0234377200064592
264.3 0.0233467947682871
264.4 0.0232558695301149
264.5 0.0231649442919428
264.6 0.0230740190537707
264.7 0.0229830938155985
264.8 0.0228921685774264
264.9 0.0228012433392543
265 0.0227103181010821
265.1 0.02261939286291
265.2 0.0225284676247379
265.3 0.0224375423865657
265.4 0.0223466171483936
265.5 0.0222556919102215
265.6 0.0221647666720493
265.7 0.0220738414338772
265.8 0.0219829161957051
265.9 0.0218919909575329
266 0.0218010657193608
266.1 0.0217101404811887
266.2 0.0216192152430165
266.3 0.0215282900048444
266.4 0.0214373647666723
266.5 0.0213464395285001
266.6 0.021255514290328
266.7 0.0211645890521559
266.8 0.0210736638139837
266.9 0.0209827385758116
267 0.0208918133376395
267.1 0.0208008880994673
267.2 0.0207099628612952
267.3 0.0206190376231231
267.4 0.0205281123849509
267.5 0.0204371871467788
267.6 0.0203462619086067
267.7 0.0202553366704345
267.8 0.0201644114322624
267.9 0.0200734861940903
268 0.0199825609559181
268.1 0.019891635717746
268.2 0.0198007104795739
268.3 0.0197097852414017
268.4 0.0196188600032296
268.5 0.0195279347650575
268.6 0.0194370095268853
268.7 0.0193460842887132
268.8 0.0192551590505411
268.9 0.0191642338123689
269 0.0190733085741968
269.1 0.0189823833360247
269.2 0.0188914580978525
269.3 0.0188005328596804
269.4 0.0187096076215083
269.5 0.0186186823833361
269.6 0.018527757145164
269.7 0.0184368319069919
269.8 0.0183459066688197
269.9 0.0182549814306476
270 0.0181640561924755
270.1 0.0180731309543033
270.2 0.0179822057161312
270.3 0.0178912804779591
270.4 0.0178003552397869
270.5 0.0177094300016148
270.6 0.0176185047634427
270.7 0.0175275795252705
270.8 0.0174366542870984
270.9 0.0173457290489263
271 0.0172548038107541
271.1 0.017163878572582
271.2 0.0170729533344099
271.3 0.0169820280962378
271.4 0.0168911028580656
271.5 0.0168001776198935
271.6 0.0167092523817214
271.7 0.0166183271435492
271.8 0.0165274019053771
271.9 0.016436476667205
272 0.0163455514290328
272.1 0.0162546261908607
272.2 0.0161637009526886
272.3 0.0160727757145164
272.4 0.0159818504763443
272.5 0.0158909252381722
272.6 0.0158
