0 0.5
0.1 0.5
0.2 0.499583333333333
0.3 0.499166666666667
0.4 0.49875
0.5 0.498333333333333
0.6 0.498231884057971
0.7 0.498130434782609
0.8 0.498028985507246
0.9 0.497927536231884
1 0.497826086956522
1.1 0.497314923619271
1.2 0.496803760282021
1.3 0.496292596944771
1.4 0.495781433607521
1.5 0.49527027027027
1.6 0.495039745627981
1.7 0.494809220985692
1.8 0.494578696343402
1.9 0.494348171701113
2 0.494117647058823
2.1 0.493627450980392
2.2 0.493137254901961
2.3 0.492647058823529
2.4 0.492156862745098
2.5 0.491666666666667
2.6 0.491458333333333
2.7 0.49125
2.8 0.491041666666667
2.9 0.490833333333333
3 0.490625
3.1 0.490277777777778
3.2 0.489930555555556
3.3 0.489583333333333
3.4 0.489236111111111
3.5 0.488888888888889
3.6 0.488574074074074
3.7 0.488259259259259
3.8 0.487944444444444
3.9 0.48762962962963
4 0.487314814814815
4.1 0.487
4.2 0.486603448275862
4.3 0.486206896551724
4.4 0.485955117679256
4.5 0.485703338806787
4.6 0.485451559934319
4.7 0.48519978106185
4.8 0.484948002189382
4.9 0.484696223316913
5 0.484444444444444
5.1 0.4841
5.2 0.483755555555556
5.3 0.483411111111111
5.4 0.483066666666667
5.5 0.482722222222222
5.6 0.482377777777778
5.7 0.482033333333333
5.8 0.481688888888889
5.9 0.481344444444444
6 0.481
6.1 0.480757142857143
6.2 0.480514285714286
6.3 0.480271428571429
6.4 0.480028571428571
6.5 0.479785714285714
6.6 0.479542857142857
6.7 0.4793
6.8 0.479057142857143
6.9 0.478814285714286
7 0.478571428571429
7.1 0.478214285714286
7.2 0.477857142857143
7.3 0.4775
7.4 0.477142857142857
7.5 0.476785714285714
7.6 0.476428571428571
7.7 0.476071428571429
7.8 0.475714285714286
7.9 0.475357142857143
8 0.475
8.1 0.4747
8.2 0.4744
8.3 0.4741
8.4 0.4738
8.5 0.4735
8.6 0.4732
8.7 0.4729
8.8 0.4726
8.9 0.4723
9 0.472
9.1 0.471618181818182
9.2 0.471236363636364
9.3 0.470854545454545
9.4 0.470472727272727
9.5 0.470090909090909
9.6 0.469709090909091
9.7 0.469327272727273
9.8 0.468945454545455
9.9 0.468563636363636
10 0.468181818181818
10.1 0.467883838383838
10.2 0.467585858585859
10.3 0.467287878787879
10.4 0.466989898989899
10.5 0.466691919191919
10.6 0.466393939393939
10.7 0.46609595959596
10.8 0.46579797979798
10.9 0.4655
11 0.46520202020202
11.1 0.46490404040404
11.2 0.464606060606061
11.3 0.464308080808081
11.4 0.464010101010101
11.5 0.463712121212121
11.6 0.463414141414141
11.7 0.463116161616162
11.8 0.462818181818182
11.9 0.462520202020202
12 0.462222222222222
12.1 0.461903703703704
12.2 0.461585185185185
12.3 0.461266666666667
12.4 0.460948148148148
12.5 0.46062962962963
12.6 0.460311111111111
12.7 0.459992592592593
12.8 0.459674074074074
12.9 0.459355555555556
13 0.459037037037037
13.1 0.458718518518519
13.2 0.4584
13.3 0.458081481481482
13.4 0.457762962962963
13.5 0.457444444444445
13.6 0.457125925925926
13.7 0.456807407407407
13.8 0.456488888888889
13.9 0.45617037037037
14 0.455851851851852
14.1 0.455533333333333
14.2 0.455214814814815
14.3 0.454896296296296
14.4 0.454577777777778
14.5 0.454259259259259
14.6 0.453940740740741
14.7 0.453622222222222
14.8 0.453303703703704
14.9 0.452985185185185
15 0.452666666666667
15.1 0.452368353413655
15.2 0.452070040160643
15.3 0.451771726907631
15.4 0.451473413654619
15.5 0.451175100401606
15.6 0.450876787148594
15.7 0.450578473895582
15.8 0.45028016064257
15.9 0.449981847389558
16 0.449683534136546
16.1 0.449385220883534
16.2 0.449086907630522
16.3 0.44878859437751
16.4 0.448490281124498
16.5 0.448191967871486
16.6 0.447893654618474
16.7 0.447595341365462
16.8 0.44729702811245
16.9 0.446998714859438
17 0.446700401606426
17.1 0.446402088353414
17.2 0.446103775100402
17.3 0.44580546184739
17.4 0.445507148594378
17.5 0.445208835341365
17.6 0.444910522088353
17.7 0.444612208835341
17.8 0.444313895582329
17.9 0.444015582329317
18 0.443717269076305
18.1 0.443418955823293
18.2 0.443120642570281
18.3 0.442822329317269
18.4 0.442524016064257
18.5 0.442225702811245
18.6 0.441927389558233
18.7 0.441629076305221
18.8 0.441330763052209
18.9 0.441032449799197
19 0.440734136546185
19.1 0.440435823293173
19.2 0.440137510040161
19.3 0.439839196787149
19.4 0.439540883534137
19.5 0.439242570281124
19.6 0.438944257028112
19.7 0.4386459437751
19.8 0.438347630522088
19.9 0.438049317269076
20 0.437751004016064
20.1 0.437395983935743
20.2 0.437040963855422
20.3 0.4366859437751
20.4 0.436330923694779
20.5 0.435975903614458
20.6 0.435620883534137
20.7 0.435265863453815
20.8 0.434910843373494
20.9 0.434555823293173
21 0.434200803212851
21.1 0.43384578313253
21.2 0.433490763052209
21.3 0.433135742971888
21.4 0.432780722891566
21.5 0.432425702811245
21.6 0.432070682730924
21.7 0.431715662650602
21.8 0.431360642570281
21.9 0.43100562248996
22 0.430650602409638
22.1 0.430295582329317
22.2 0.429940562248996
22.3 0.429585542168675
22.4 0.429230522088353
22.5 0.428875502008032
22.6 0.428520481927711
22.7 0.428165461847389
22.8 0.427810441767068
22.9 0.427455421686747
23 0.427100401606426
23.1 0.426745381526104
23.2 0.426390361445783
23.3 0.426035341365462
23.4 0.42568032128514
23.5 0.425325301204819
23.6 0.424970281124498
23.7 0.424615261044177
23.8 0.424260240963855
23.9 0.423905220883534
24 0.423550200803213
24.1 0.423195180722891
24.2 0.42284016064257
24.3 0.422485140562249
24.4 0.422130120481928
24.5 0.421775100401606
24.6 0.421420080321285
24.7 0.421065060240964
24.8 0.420710040160642
24.9 0.420355020080321
25 0.42
25.1 0.419711111111111
25.2 0.419422222222222
25.3 0.419133333333333
25.4 0.418844444444444
25.5 0.418555555555555
25.6 0.418266666666667
25.7 0.417977777777778
25.8 0.417688888888889
25.9 0.4174
26 0.417111111111111
26.1 0.416822222222222
26.2 0.416533333333333
26.3 0.416244444444444
26.4 0.415955555555555
26.5 0.415666666666667
26.6 0.415377777777778
26.7 0.415088888888889
26.8 0.4148
26.9 0.414511111111111
27 0.414222222222222
27.1 0.413933333333333
27.2 0.413644444444444
27.3 0.413355555555555
27.4 0.413066666666666
27.5 0.412777777777778
27.6 0.412488888888889
27.7 0.4122
27.8 0.411911111111111
27.9 0.411622222222222
28 0.411333333333333
28.1 0.411044444444444
28.2 0.410755555555555
28.3 0.410466666666666
28.4 0.410177777777778
28.5 0.409888888888889
28.6 0.4096
28.7 0.409311111111111
28.8 0.409022222222222
28.9 0.408733333333333
29 0.408444444444444
29.1 0.408155555555555
29.2 0.407866666666666
29.3 0.407577777777778
29.4 0.407288888888889
29.5 0.407
29.6 0.406711111111111
29.7 0.406422222222222
29.8 0.406133333333333
29.9 0.405844444444444
30 0.405555555555556
30.1 0.405233766233766
30.2 0.404911976911977
30.3 0.404590187590188
30.4 0.404268398268398
30.5 0.403946608946609
30.6 0.40362481962482
30.7 0.40330303030303
30.8 0.402981240981241
30.9 0.402659451659452
31 0.402337662337662
31.1 0.402015873015873
31.2 0.401694083694084
31.3 0.401372294372294
31.4 0.401050505050505
31.5 0.400728715728716
31.6 0.400406926406926
31.7 0.400085137085137
31.8 0.399763347763348
31.9 0.399441558441558
32 0.399119769119769
32.1 0.39879797979798
32.2 0.39847619047619
32.3 0.398154401154401
32.4 0.397832611832612
32.5 0.397510822510822
32.6 0.397189033189033
32.7 0.396867243867244
32.8 0.396545454545454
32.9 0.396223665223665
33 0.395901875901876
33.1 0.395580086580086
33.2 0.395258297258297
33.3 0.394936507936508
33.4 0.394614718614718
33.5 0.394292929292929
33.6 0.39397113997114
33.7 0.39364935064935
33.8 0.393327561327561
33.9 0.393005772005772
34 0.392683982683982
34.1 0.392362193362193
34.2 0.392040404040404
34.3 0.391718614718614
34.4 0.391396825396825
34.5 0.391075036075036
34.6 0.390753246753246
34.7 0.390431457431457
34.8 0.390109668109668
34.9 0.389787878787878
35 0.389466089466089
35.1 0.3891443001443
35.2 0.38882251082251
35.3 0.388500721500721
35.4 0.388178932178932
35.5 0.387857142857142
35.6 0.387535353535353
35.7 0.387213564213564
35.8 0.386891774891774
35.9 0.386569985569985
36 0.386248196248196
36.1 0.385926406926406
36.2 0.385604617604617
36.3 0.385282828282828
36.4 0.384961038961038
36.5 0.384639249639249
36.6 0.38431746031746
36.7 0.38399567099567
36.8 0.383673881673881
36.9 0.383352092352092
37 0.383030303030303
37.1 0.382708513708513
37.2 0.382386724386724
37.3 0.382064935064935
37.4 0.381743145743145
37.5 0.381421356421356
37.6 0.381099567099567
37.7 0.380777777777777
37.8 0.380455988455988
37.9 0.380134199134199
38 0.379812409812409
38.1 0.37949062049062
38.2 0.379168831168831
38.3 0.378847041847042
38.4 0.378525252525252
38.5 0.378203463203463
38.6 0.377881673881674
38.7 0.377559884559884
38.8 0.377238095238095
38.9 0.376916305916306
39 0.376594516594516
39.1 0.376272727272727
39.2 0.375950937950938
39.3 0.375629148629148
39.4 0.375307359307359
39.5 0.37498556998557
39.6 0.374663780663781
39.7 0.374341991341991
39.8 0.374020202020202
39.9 0.373698412698413
40 0.373376623376623
40.1 0.373057750759878
40.2 0.372738878143133
40.3 0.372420005526388
40.4 0.372101132909644
40.5 0.371782260292899
40.6 0.371463387676154
40.7 0.371144515059409
40.8 0.370825642442664
40.9 0.370506769825919
41 0.370187897209174
41.1 0.369869024592429
41.2 0.369550151975684
41.3 0.369231279358939
41.4 0.368912406742194
41.5 0.368593534125449
41.6 0.368274661508704
41.7 0.367955788891959
41.8 0.367636916275214
41.9 0.367318043658469
42 0.366999171041724
42.1 0.366680298424979
42.2 0.366361425808234
42.3 0.366042553191489
42.4 0.365723680574744
42.5 0.365404807957999
42.6 0.365085935341254
42.7 0.364767062724509
42.8 0.364448190107765
42.9 0.36412931749102
43 0.363810444874275
43.1 0.36349157225753
43.2 0.363172699640785
43.3 0.36285382702404
43.4 0.362534954407295
43.5 0.36221608179055
43.6 0.361897209173805
43.7 0.36157833655706
43.8 0.361259463940315
43.9 0.36094059132357
44 0.360621718706825
44.1 0.36030284609008
44.2 0.359983973473335
44.3 0.35966510085659
44.4 0.359346228239845
44.5 0.3590273556231
44.6 0.358708483006355
44.7 0.35838961038961
44.8 0.358070737772865
44.9 0.35775186515612
45 0.357432992539375
45.1 0.35711411992263
45.2 0.356795247305886
45.3 0.356476374689141
45.4 0.356157502072396
45.5 0.355838629455651
45.6 0.355519756838906
45.7 0.355200884222161
45.8 0.354882011605416
45.9 0.354563138988671
46 0.354244266371926
46.1 0.353925393755181
46.2 0.353606521138436
46.3 0.353287648521691
46.4 0.352968775904946
46.5 0.352649903288201
46.6 0.352331030671456
46.7 0.352012158054711
46.8 0.351693285437966
46.9 0.351374412821221
47 0.351055540204476
47.1 0.350736667587731
47.2 0.350417794970986
47.3 0.350098922354241
47.4 0.349780049737496
47.5 0.349461177120751
47.6 0.349142304504007
47.7 0.348823431887262
47.8 0.348504559270517
47.9 0.348185686653772
48 0.347866814037027
48.1 0.347547941420282
48.2 0.347229068803537
48.3 0.346910196186792
48.4 0.346591323570047
48.5 0.346272450953302
48.6 0.345953578336557
48.7 0.345634705719812
48.8 0.345315833103067
48.9 0.344996960486322
49 0.344678087869577
49.1 0.344359215252832
49.2 0.344040342636087
49.3 0.343721470019342
49.4 0.343402597402597
49.5 0.343083724785852
49.6 0.342764852169107
49.7 0.342445979552362
49.8 0.342127106935618
49.9 0.341808234318873
50 0.341489361702128
50.1 0.341174468085106
50.2 0.340859574468085
50.3 0.340544680851064
50.4 0.340229787234043
50.5 0.339914893617021
50.6 0.3396
50.7 0.339285106382979
50.8 0.338970212765958
50.9 0.338655319148936
51 0.338340425531915
51.1 0.338025531914894
51.2 0.337710638297873
51.3 0.337395744680851
51.4 0.33708085106383
51.5 0.336765957446809
51.6 0.336451063829787
51.7 0.336136170212766
51.8 0.335821276595745
51.9 0.335506382978724
52 0.335191489361702
52.1 0.334876595744681
52.2 0.33456170212766
52.3 0.334246808510638
52.4 0.333931914893617
52.5 0.333617021276596
52.6 0.333302127659575
52.7 0.332987234042553
52.8 0.332672340425532
52.9 0.332357446808511
53 0.33204255319149
53.1 0.331727659574468
53.2 0.331412765957447
53.3 0.331097872340426
53.4 0.330782978723404
53.5 0.330468085106383
53.6 0.330153191489362
53.7 0.329838297872341
53.8 0.329523404255319
53.9 0.329208510638298
54 0.328893617021277
54.1 0.328578723404255
54.2 0.328263829787234
54.3 0.327948936170213
54.4 0.327634042553192
54.5 0.32731914893617
54.6 0.327004255319149
54.7 0.326689361702128
54.8 0.326374468085107
54.9 0.326059574468085
55 0.325744680851064
55.1 0.325429787234043
55.2 0.325114893617021
55.3 0.3248
55.4 0.324485106382979
55.5 0.324170212765958
55.6 0.323855319148936
55.7 0.323540425531915
55.8 0.323225531914894
55.9 0.322910638297872
56 0.322595744680851
56.1 0.32228085106383
56.2 0.321965957446809
56.3 0.321651063829787
56.4 0.321336170212766
56.5 0.321021276595745
56.6 0.320706382978724
56.7 0.320391489361702
56.8 0.320076595744681
56.9 0.31976170212766
57 0.319446808510638
57.1 0.319131914893617
57.2 0.318817021276596
57.3 0.318502127659575
57.4 0.318187234042553
57.5 0.317872340425532
57.6 0.317557446808511
57.7 0.317242553191489
57.8 0.316927659574468
57.9 0.316612765957447
58 0.316297872340426
58.1 0.315982978723404
58.2 0.315668085106383
58.3 0.315353191489362
58.4 0.315038297872341
58.5 0.314723404255319
58.6 0.314408510638298
58.7 0.314093617021277
58.8 0.313778723404255
58.9 0.313463829787234
59 0.313148936170213
59.1 0.312834042553192
59.2 0.31251914893617
59.3 0.312204255319149
59.4 0.311889361702128
59.5 0.311574468085106
59.6 0.311259574468085
59.7 0.310944680851064
59.8 0.310629787234043
59.9 0.310314893617021
60 0.31
60.1 0.309
60.2 0.308
60.3 0.307
60.4 0.306
60.5 0.305
60.6 0.304
60.7 0.303
60.8 0.302
60.9 0.301
61 0.3
61.1 0.299
61.2 0.298
61.3 0.297
61.4 0.296
61.5 0.295
61.6 0.294
61.7 0.293
61.8 0.292
61.9 0.291
62 0.29
62.1 0.289
62.2 0.288
62.3 0.287
62.4 0.286
62.5 0.285
62.6 0.284
62.7 0.283
62.8 0.282
62.9 0.281
63 0.28
63.1 0.279
63.2 0.278
63.3 0.277
63.4 0.276
63.5 0.275
63.6 0.274
63.7 0.273
63.8 0.272
63.9 0.271
64 0.27
64.1 0.2675
64.2 0.265
64.3 0.2625
64.4 0.26
64.5 0.2575
64.6 0.255
64.7 0.2525
64.8 0.25
64.9 0.2475
65 0.245
65.1 0.2425
65.2 0.24
65.3 0.2375
65.4 0.235
65.5 0.2325
65.6 0.23
65.7 0.2275
65.8 0.225
65.9 0.2225
66 0.22
66.1 0.218
66.2 0.216
66.3 0.214
66.4 0.212
66.5 0.21
66.6 0.208
66.7 0.206
66.8 0.204
66.9 0.202
67 0.2
67.1 0.198
67.2 0.196
67.3 0.194
67.4 0.192
67.5 0.19
67.6 0.188
67.7 0.186
67.8 0.184
67.9 0.182
68 0.18
68.1 0.169411764705882
68.2 0.158823529411765
68.3 0.148235294117647
68.4 0.137647058823529
68.5 0.127058823529412
68.6 0.116470588235294
68.7 0.105882352941176
68.8 0.0952941176470586
68.9 0.0847058823529408
69 0.0741176470588232
69.1 0.0635294117647054
69.2 0.0529411764705877
69.3 0.0423529411764702
69.4 0.0317647058823524
69.5 0.0211764705882348
69.6 0.0105882352941168
69.7 0
69.8 0
69.9 0
70 0
70.1 0
70.2 0
70.3 0
70.4 0
70.5 0
70.6 0
70.7 0
70.8 0
70.9 0
71 0
71.1 0
71.2 0
71.3 0
71.4 0
71.5 0
71.6 0
71.7 0
71.8 0
71.9 0
72 0
72.1 0
72.2 0
72.3 0
72.4 0
72.5 0
72.6 0
72.7 0
72.8 0
72.9 0
73 0
73.1 0
73.2 0
73.3 0
73.4 0
73.5 0
73.6 0
73.7 0
73.8 0
73.9 0
74 0
74.1 0
74.2 0
74.3 0
74.4 0
74.5 0
74.6 0
74.7 0
74.8 0
74.9 0
75 0
75.1 0
75.2 0
75.3 0
75.4 0
75.5 0
75.6 0
75.7 0
75.8 0
75.9 0
76 0
76.1 0
76.2 0
76.3 0
76.4 0
76.5 0
76.6 0
76.7 0
76.8 0
76.9 0
77 0
77.1 0
77.2 0
77.3 0
77.4 0
77.5 0
77.6 0
77.7 0
77.8 0
77.9 0
78 0
78.1 0
78.2 0
78.3 0
78.4 0
78.5 0
78.6 0
78.7 0
78.8 0
78.9 0
79 0
79.1 0
79.2 0
79.3 0
79.4 0
79.5 0
79.6 0
79.7 0
79.8 0
79.9 0
80 0
80.1 0
80.2 0
80.3 0
80.4 0
80.5 0
80.6 0
80.7 0
80.8 0
80.9 0
81 0
81.1 0
81.2 0
81.3 0
81.4 0
81.5 0
81.6 0
81.7 0
81.8 0
81.9 0
82 0
82.1 0
82.2 0
82.3 0
82.4 0
82.5 0
82.6 0
82.7 0
82.8 0
82.9 0
83 0
83.1 0
83.2 0
83.3 0
83.4 0
83.5 0
83.6 0
83.7 0
83.8 0
83.9 0
84 0
84.1 0
84.2 0
84.3 0
84.4 0
84.5 0
84.6 0
84.7 0
84.8 0
84.9 0
85 0
85.1 0
85.2 0
85.3 0
85.4 0
85.5 0
85.6 0
85.7 0
85.8 0
85.9 0
86 0
86.1 0
86.2 0
86.3 0
86.4 0
86.5 0
86.6 0
86.7 0
86.8 0
86.9 0
87 0
87.1 0
87.2 0
87.3 0
87.4 0
87.5 0
87.6 0
87.7 0
87.8 0
87.9 0
88 0
88.1 0
88.2 0
88.3 0
88.4 0
88.5 0
88.6 0
88.7 0
88.8 0
88.9 0
89 0
89.1 0
89.2 0
89.3 0
89.4 0
89.5 0
89.6 0
89.7 0
89.8 0
89.9 0
90 0
90.1 0
90.2 0
90.3 0
90.4 0
90.5 0
90.6 0
90.7 0
90.8 0
90.9 0
91 0
91.1 0
91.2 0
91.3 0
91.4 0
91.5 0
91.6 0
91.7 0
91.8 0
91.9 0
92 0
92.1 0
92.2 0
92.3 0
92.4 0
92.5 0
92.6 0
92.7 0
92.8 0
92.9 0
93 0
93.1 0
93.2 0
93.3 0
93.4 0
93.5 0
93.6 0
93.7 0
93.8 0
93.9 0
94 0
94.1 0
94.2 0
94.3 0
94.4 0
94.5 0
94.6 0
94.7 0
94.8 0
94.9 0
95 0
95.1 0
95.2 0
95.3 0
95.4 0
95.5 0
95.6 0
95.7 0
95.8 0
95.9 0
96 0
96.1 0
96.2 0
96.3 0
96.4 0
96.5 0
96.6 0
96.7 0
96.8 0
96.9 0
97 0
97.1 0
97.2 0
97.3 0
97.4 0
97.5 0
97.6 0
97.7 0
97.8 0
97.9 0
98 0
98.1 0
98.2 0
98.3 0
98.4 0
98.5 0
98.6 0
98.7 0
98.8 0
98.9 0
99 0
99.1 0
99.2 0
99.3 0
99.4 0
99.5 0
99.6 0
99.7 0
99.8 0
99.9 0
100 0
100.1 0
100.2 0
100.3 0
100.4 0
100.5 0
100.6 0
100.7 0
100.8 0
100.9 0
101 0
101.1 0
101.2 0
101.3 0
101.4 0
101.5 0
101.6 0
101.7 0
101.8 0
101.9 0
102 0
102.1 0
102.2 0
102.3 0
102.4 0
102.5 0
102.6 0
102.7 0
102.8 0
102.9 0
103 0
103.1 0
103.2 0
103.3 0
103.4 0
103.5 0
103.6 0
103.7 0
103.8 0
103.9 0
104 0
104.1 0
104.2 0
104.3 0
104.4 0
104.5 0
104.6 0
104.7 0
104.8 0
104.9 0
105 0
105.1 0
105.2 0
105.3 0
105.4 0
105.5 0
105.6 0
105.7 0
105.8 0
105.9 0
106 0
106.1 0
106.2 0
106.3 0
106.4 0
106.5 0
106.6 0
106.7 0
106.8 0
106.9 0
107 0
107.1 0
107.2 0
107.3 0
107.4 0
107.5 0
107.6 0
107.7 0
107.8 0
107.9 0
108 0
108.1 0
108.2 0
108.3 0
108.4 0
108.5 0
108.6 0
108.7 0
108.8 0
108.9 0
109 0
109.1 0
109.2 0
109.3 0
109.4 0
109.5 0
109.6 0
109.7 0
109.8 0
109.9 0
110 0
110.1 0
110.2 0
110.3 0
110.4 0
110.5 0
110.6 0
110.7 0
110.8 0
110.9 0
111 0
111.1 0
111.2 0
111.3 0
111.4 0
111.5 0
111.6 0
111.7 0
111.8 0
111.9 0
112 0
112.1 0
112.2 0
112.3 0
112.4 0
112.5 0
112.6 0
112.7 0
112.8 0
112.9 0
113 0
113.1 0
113.2 0
113.3 0
113.4 0
113.5 0
113.6 0
113.7 0
113.8 0
113.9 0
114 0
114.1 0
114.2 0
114.3 0
114.4 0
114.5 0
114.6 0
114.7 0
114.8 0
114.9 0
115 0
115.1 0
115.2 0
115.3 0
115.4 0
115.5 0
115.6 0
115.7 0
115.8 0
115.9 0
116 0
116.1 0
116.2 0
116.3 0
116.4 0
116.5 0
116.6 0
116.7 0
116.8 0
116.9 0
117 0
117.1 0
117.2 0
117.3 0
117.4 0
117.5 0
117.6 0
117.7 0
117.8 0
117.9 0
118 0
118.1 0
118.2 0
118.3 0
118.4 0
118.5 0
118.6 0
118.7 0
118.8 0
118.9 0
119 0
119.1 0
119.2 0
119.3 0
119.4 0
119.5 0
119.6 0
119.7 0
119.8 0
119.9 0
120 0
120.1 0
120.2 0
120.3 0
120.4 0
120.5 0
120.6 0
120.7 0
120.8 0
120.9 0
121 0
121.1 0
121.2 0
121.3 0
121.4 0
121.5 0
121.6 0
121.7 0
121.8 0
121.9 0
122 0
122.1 0
122.2 0
122.3 0
122.4 0
122.5 0
122.6 0
122.7 0
122.8 0
122.9 0
123 0
123.1 0
123.2 0
123.3 0
123.4 0
123.5 0
123.6 0
123.7 0
123.8 0
123.9 0
124 0
124.1 0
124.2 0
124.3 0
124.4 0
124.5 0
124.6 0
124.7 0
124.8 0
124.9 0
125 0
125.1 0
125.2 0
125.3 0
125.4 0
125.5 0
125.6 0
125.7 0
125.8 0
125.9 0
126 0
126.1 0
126.2 0
126.3 0
126.4 0
126.5 0
126.6 0
126.7 0
126.8 0
126.9 0
127 0
127.1 0
127.2 0
127.3 0
127.4 0
127.5 0
127.6 0
127.7 0
127.8 0
127.9 0
128 0
128.1 0
128.2 0
128.3 0
128.4 0
128.5 0
128.6 0
128.7 0
128.8 0
128.9 0
129 0
129.1 0
129.2 0
129.3 0
129.4 0
129.5 0
129.6 0
129.7 0
129.8 0
129.9 0
130 0
130.1 0
130.2 0
130.3 0
130.4 0
130.5 0
130.6 0
130.7 0
130.8 0
130.9 0
131 0
131.1 0
131.2 0
131.3 0
131.4 0
131.5 0
131.6 0
131.7 0
131.8 0
131.9 0
132 0
132.1 0
132.2 0
132.3 0
132.4 0
132.5 0
132.6 0
132.7 0
132.8 0
132.9 0
133 0
133.1 0
133.2 0
133.3 0
133.4 0
133.5 0
133.6 0
133.7 0
133.8 0
133.9 0
134 0
134.1 0
134.2 0
134.3 0
134.4 0
134.5 0
134.6 0
134.7 0
134.8 0
134.9 0
135 0
135.1 0
135.2 0
135.3 0
135.4 0
135.5 0
135.6 0
135.7 0
135.8 0
135.9 0
136 0
136.1 0
136.2 0
136.3 0
136.4 0
136.5 0
136.6 0
136.7 0
136.8 0
136.9 0
137 0
137.1 0
137.2 0
137.3 0
137.4 0
137.5 0
137.6 0
137.7 0
137.8 0
137.9 0
138 0
138.1 0
138.2 0
138.3 0
138.4 0
138.5 0
138.6 0
138.7 0
138.8 0
138.9 0
139 0
139.1 0
139.2 0
139.3 0
139.4 0
139.5 0
139.6 0
139.7 0
139.8 0
139.9 0
140 0
140.1 0
140.2 0
140.3 0
140.4 0
140.5 0
140.6 0
140.7 0
140.8 0
140.9 0
141 0
141.1 0
141.2 0
141.3 0
141.4 0
141.5 0
141.6 0
141.7 0
141.8 0
141.9 0
142 0
142.1 0
142.2 0
142.3 0
142.4 0
142.5 0
142.6 0
142.7 0
142.8 0
142.9 0
143 0
143.1 0
143.2 0
143.3 0
143.4 0
143.5 0
143.6 0
143.7 0
143.8 0
143.9 0
144 0
144.1 0
144.2 0
144.3 0
144.4 0
144.5 0
144.6 0
144.7 0
144.8 0
144.9 0
145 0
145.1 0
145.2 0
145.3 0
145.4 0
145.5 0
145.6 0
145.7 0
145.8 0
145.9 0
146 0
146.1 0
146.2 0
146.3 0
146.4 0
146.5 0
146.6 0
146.7 0
146.8 0
146.9 0
147 0
147.1 0
147.2 0
147.3 0
147.4 0
147.5 0
147.6 0
147.7 0
147.8 0
147.9 0
148 0
148.1 0
148.2 0
148.3 0
148.4 0
148.5 0
148.6 0
148.7 0
148.8 0
148.9 0
149 0
149.1 0
149.2 0
149.3 0
149.4 0
149.5 0
149.6 0
149.7 0
149.8 0
149.9 0
150 0
150.1 0
150.2 0
150.3 0
150.4 0
150.5 0
150.6 0
150.7 0
150.8 0
150.9 0
151 0
151.1 0
151.2 0
151.3 0
151.4 0
151.5 0
151.6 0
151.7 0
151.8 0
151.9 0
152 0
152.1 0
152.2 0
152.3 0
152.4 0
152.5 0
152.6 0
152.7 0
152.8 0
152.9 0
153 0
153.1 0
153.2 0
153.3 0
153.4 0
153.5 0
153.6 0
153.7 0
153.8 0
153.9 0
154 0
154.1 0
154.2 0
154.3 0
154.4 0
154.5 0
154.6 0
154.7 0
154.8 0
154.9 0
155 0
155.1 0
155.2 0
155.3 0
155.4 0
155.5 0
155.6 0
155.7 0
155.8 0
155.9 0
156 0
156.1 0
156.2 0
156.3 0
156.4 0
156.5 0
156.6 0
156.7 0
156.8 0
156.9 0
157 0
157.1 0
157.2 0
157.3 0
157.4 0
157.5 0
157.6 0
157.7 0
157.8 0
157.9 0
158 0
158.1 0
158.2 0
158.3 0
158.4 0
158.5 0
158.6 0
158.7 0
158.8 0
158.9 0
159 0
159.1 0
159.2 0
159.3 0
159.4 0
159.5 0
159.6 0
159.7 0
159.8 0
159.9 0
160 0
160.1 0
160.2 0
160.3 0
160.4 0
160.5 0
160.6 0
160.7 0
160.8 0
160.9 0
161 0
161.1 0
161.2 0
161.3 0
161.4 0
161.5 0
161.6 0
161.7 0
161.8 0
161.9 0
162 0
162.1 0
162.2 0
162.3 0
162.4 0
162.5 0
162.6 0
162.7 0
162.8 0
162.9 0
163 0
163.1 0
163.2 0
163.3 0
163.4 0
163.5 0
163.6 0
163.7 0
163.8 0
163.9 0
164 0
164.1 0
164.2 0
164.3 0
164.4 0
164.5 0
164.6 0
164.7 0
164.8 0
164.9 0
165 0
165.1 0
165.2 0
165.3 0
165.4 0
165.5 0
165.6 0
165.7 0
165.8 0
165.9 0
166 0
166.1 0
166.2 0
166.3 0
166.4 0
166.5 0
166.6 0
166.7 0
166.8 0
166.9 0
167 0
167.1 0
167.2 0
167.3 0
167.4 0
167.5 0
167.6 0
167.7 0
167.8 0
167.9 0
168 0
168.1 0
168.2 0
168.3 0
168.4 0
168.5 0
168.6 0
168.7 0
168.8 0
168.9 0
169 0
169.1 0
169.2 0
169.3 0
169.4 0
169.5 0
169.6 0
169.7 0
169.8 0
169.9 0
170 0
170.1 0
170.2 0
170.3 0
170.4 0
170.5 0
170.6 0
170.7 0
170.8 0
170.9 0
171 0
171.1 0
171.2 0
171.3 0
171.4 0
171.5 0
171.6 0
171.7 0
171.8 0
171.9 0
172 0
172.1 0
172.2 0
172.3 0
172.4 0
172.5 0
172.6 0
172.7 0
172.8 0
172.9 0
173 0
173.1 0
173.2 0
173.3 0
173.4 0
173.5 0
173.6 0
173.7 0
173.8 0
173.9 0
174 0
174.1 0
174.2 0
174.3 0
174.4 0
174.5 0
174.6 0
174.7 0
174.8 0
174.9 0
175 0
175.1 0
175.2 0
175.3 0
175.4 0
175.5 0
175.6 0
175.7 0
175.8 0
175.9 0
176 0
176.1 0
176.2 0
176.3 0
176.4 0
176.5 0
176.6 0
176.7 0
176.8 0
176.9 0
177 0
177.1 0
177.2 0
177.3 0
177.4 0
177.5 0
177.6 0
177.7 0
177.8 0
177.9 0
178 0
178.1 0
178.2 0
178.3 0
178.4 0
178.5 0
178.6 0
178.7 0
178.8 0
178.9 0
179 0
179.1 0
179.2 0
179.3 0
179.4 0
179.5 0
179.6 0
179.7 0
179.8 0
179.9 0
180 0
180.1 0
180.2 0
180.3 0
180.4 0
180.5 0
180.6 0
180.7 0
180.8 0
180.9 0
181 0
181.1 0
181.2 0
181.3 0
181.4 0
181.5 0
181.6 0
181.7 0
181.8 0
181.9 0
182 0
182.1 0
182.2 0
182.3 0
182.4 0
182.5 0
182.6 0
182.7 0
182.8 0
182.9 0
183 0
183.1 0
183.2 0
183.3 0
183.4 0
183.5 0
183.6 0
183.7 0
183.8 0
183.9 0
184 0
184.1 0
184.2 0
184.3 0
184.4 0
184.5 0
184.6 0
184.7 0
184.8 0
184.9 0
185 0
185.1 0
185.2 0
185.3 0
185.4 0
185.5 0
185.6 0
185.7 0
185.8 0
185.9 0
186 0
186.1 0
186.2 0
186.3 0
186.4 0
186.5 0
186.6 0
186.7 0
186.8 0
186.9 0
187 0
187.1 0
187.2 0
187.3 0
187.4 0
187.5 0
187.6 0
187.7 0
187.8 0
187.9 0
188 0
188.1 0
188.2 0
188.3 0
188.4 0
188.5 0
188.6 0
188.7 0
188.8 0
188.9 0
189 0
189.1 0
189.2 0
189.3 0
189.4 0
189.5 0
189.6 0
189.7 0
189.8 0
189.9 0
190 0
190.1 0
190.2 0
190.3 0
190.4 0
190.5 0
190.6 0
190.7 0
190.8 0
190.9 0
191 0
191.1 0
191.2 0
191.3 0
191.4 0
191.5 0
191.6 0
191.7 0
191.8 0
191.9 0
192 0
192.1 0
192.2 0
192.3 0
192.4 0
192.5 0
192.6 0
192.7 0
192.8 0
192.9 0
193 0
193.1 0
193.2 0
193.3 0
193.4 0
193.5 0
193.6 0
193.7 0
193.8 0
193.9 0
194 0
194.1 0
194.2 0
194.3 0
194.4 0
194.5 0
194.6 0
194.7 0
194.8 0
194.9 0
195 0
195.1 0
195.2 0
195.3 0
195.4 0
195.5 0
195.6 0
195.7 0
195.8 0
195.9 0
196 0
196.1 0
196.2 0
196.3 0
196.4 0
196.5 0
196.6 0
196.7 0
196.8 0
196.9 0
197 0
197.1 0
197.2 0
197.3 0
197.4 0
197.5 0
197.6 0
197.7 0
197.8 0
197.9 0
198 0
198.1 0
198.2 0
198.3 0
198.4 0
198.5 0
198.6 0
198.7 0
198.8 0
198.9 0
199 0
199.1 0
199.2 0
199.3 0
199.4 0
199.5 0
199.6 0
199.7 0
199.8 0
199.9 0
200 0
200.1 0
200.2 0
200.3 0
200.4 0
200.5 0
200.6 0
200.7 0
200.8 0
200.9 0
201 0
201.1 0
