0 0.2
0.1 0.2
0.2 0.199829816201498
0.3 0.199659632402995
0.4 0.199489448604493
0.5 0.19931926480599
0.6 0.199149081007488
0.7 0.198978897208986
0.8 0.198808713410483
0.9 0.198638529611981
1 0.198468345813479
1.1 0.198298162014976
1.2 0.198127978216474
1.3 0.197957794417971
1.4 0.197787610619469
1.5 0.197617426820967
1.6 0.197447243022464
1.7 0.197277059223962
1.8 0.197106875425459
1.9 0.196936691626957
2 0.196766507828455
2.1 0.196596324029952
2.2 0.19642614023145
2.3 0.196255956432948
2.4 0.196153846153846
2.5 0.195915132533802
2.6 0.195676418913758
2.7 0.195437705293713
2.8 0.195198991673669
2.9 0.194960278053625
3 0.19472156443358
3.1 0.194482850813536
3.2 0.194339622641509
3.3 0.194167876149008
3.4 0.193996129656507
3.5 0.193824383164006
3.6 0.193652636671505
3.7 0.193480890179003
3.8 0.193309143686502
3.9 0.193137397194001
4 0.193195667822786
4.1 0.192866788002381
4.2 0.192537908181976
4.3 0.192307692307692
4.4 0.192125641025641
4.5 0.19194358974359
4.6 0.191761538461538
4.7 0.191579487179487
4.8 0.191397435897436
4.9 0.191215384615385
5 0.191033333333333
5.1 0.190851282051282
5.2 0.190669230769231
5.3 0.190487179487179
5.4 0.190305128205128
5.5 0.190123076923077
5.6 0.189941025641026
5.7 0.189758974358974
5.8 0.189576923076923
5.9 0.189394871794872
6 0.18921282051282
6.1 0.189030769230769
6.2 0.188848717948718
6.3 0.188666666666667
6.4 0.188498173849525
6.5 0.188329681032384
6.6 0.188161188215242
6.7 0.187992695398101
6.8 0.187824202580959
6.9 0.187655709763818
7 0.187487216946676
7.1 0.187318724129535
7.2 0.187150231312394
7.3 0.186981738495252
7.4 0.186813245678111
7.5 0.186644752860969
7.6 0.186476260043828
7.7 0.186307767226686
7.8 0.186139274409545
7.9 0.185970781592403
8 0.185802288775262
8.1 0.18563379595812
8.2 0.185465303140979
8.3 0.185296810323837
8.4 0.185128317506696
8.5 0.184959824689554
8.6 0.184791331872413
8.7 0.184622839055272
8.8 0.18445434623813
8.9 0.184285853420989
9 0.184117360603847
9.1 0.183948867786706
9.2 0.183780374969564
9.3 0.183611882152423
9.4 0.183443389335281
9.5 0.18327489651814
9.6 0.183106403700998
9.7 0.182937910883857
9.8 0.182769418066715
9.9 0.182600925249574
10 0.182432432432432
10.1 0.182257867947523
10.2 0.182083303462614
10.3 0.181908738977704
10.4 0.181734174492795
10.5 0.181559610007886
10.6 0.181385045522976
10.7 0.181210481038067
10.8 0.181035916553158
10.9 0.180861352068249
11 0.180686787583339
11.1 0.18051222309843
11.2 0.180337658613521
11.3 0.180163094128611
11.4 0.179988529643702
11.5 0.179813965158793
11.6 0.179639400673883
11.7 0.179464836188974
11.8 0.179290271704065
11.9 0.179115707219155
12 0.178941142734246
12.1 0.178766578249337
12.2 0.178592013764427
12.3 0.178417449279518
12.4 0.178242884794609
12.5 0.1780683203097
12.6 0.17789375582479
12.7 0.177719191339881
12.8 0.177544626854972
12.9 0.177370062370062
13 0.177195497885153
13.1 0.177020933400244
13.2 0.176846368915334
13.3 0.176671804430425
13.4 0.176497239945516
13.5 0.176322675460606
13.6 0.176148110975697
13.7 0.175973546490788
13.8 0.175798982005879
13.9 0.175624417520969
14 0.17544985303606
14.1 0.175275288551151
14.2 0.175100724066241
14.3 0.174926159581332
14.4 0.174751595096423
14.5 0.174577030611513
14.6 0.174402466126604
14.7 0.174227901641695
14.8 0.174053337156785
14.9 0.173878772671876
15 0.173704208186967
15.1 0.173529643702057
15.2 0.173355079217148
15.3 0.173180514732239
15.4 0.17300595024733
15.5 0.17283138576242
15.6 0.172656821277511
15.7 0.172482256792602
15.8 0.172307692307692
15.9 0.172126909518214
16 0.171946126728735
16.1 0.171765343939257
16.2 0.171584561149779
16.3 0.1714037783603
16.4 0.171222995570822
16.5 0.171042212781343
16.6 0.170861429991865
16.7 0.170680647202386
16.8 0.170499864412908
16.9 0.170319081623429
17 0.170138298833951
17.1 0.169957516044473
17.2 0.169776733254994
17.3 0.169595950465516
17.4 0.169415167676037
17.5 0.169234384886559
17.6 0.16905360209708
17.7 0.168872819307602
17.8 0.168692036518123
17.9 0.168511253728645
18 0.168330470939167
18.1 0.168149688149688
18.2 0.16796890536021
18.3 0.167788122570731
18.4 0.167607339781253
18.5 0.167426556991774
18.6 0.167245774202296
18.7 0.167064991412817
18.8 0.166884208623339
18.9 0.166703425833861
19 0.166522643044382
19.1 0.166341860254904
19.2 0.166161077465425
19.3 0.165980294675947
19.4 0.165799511886468
19.5 0.16561872909699
19.6 0.165437946307511
19.7 0.165257163518033
19.8 0.165076380728555
19.9 0.164895597939076
20 0.164714815149598
20.1 0.164534032360119
20.2 0.164353249570641
20.3 0.164172466781162
20.4 0.163991683991684
20.5 0.163810901202205
20.6 0.163630118412727
20.7 0.163449335623249
20.8 0.16326855283377
20.9 0.163087770044292
21 0.162906987254813
21.1 0.162726204465335
21.2 0.162545421675856
21.3 0.162364638886378
21.4 0.162183856096899
21.5 0.162003073307421
21.6 0.161822290517943
21.7 0.161641507728464
21.8 0.161460724938986
21.9 0.161279942149507
22 0.161099159360029
22.1 0.16091837657055
22.2 0.160737593781072
22.3 0.160556810991593
22.4 0.160376028202115
22.5 0.160195245412636
22.6 0.160014462623158
22.7 0.15983367983368
22.8 0.159652897044201
22.9 0.159472114254723
23 0.159291331465244
23.1 0.159110548675766
23.2 0.158929765886287
23.3 0.158748983096809
23.4 0.158568200307331
23.5 0.158387417517852
23.6 0.158206634728374
23.7 0.158025851938895
23.8 0.157845069149417
23.9 0.157664286359938
24 0.15748350357046
24.1 0.157302720780982
24.2 0.157121937991503
24.3 0.156941155202025
24.4 0.156760372412546
24.5 0.156579589623068
24.6 0.156398806833589
24.7 0.156218024044111
24.8 0.156037241254633
24.9 0.155856458465154
25 0.155675675675676
25.1 0.155499758687259
25.2 0.155323841698842
25.3 0.155147924710425
25.4 0.154972007722008
25.5 0.154796090733591
25.6 0.154620173745174
25.7 0.154444256756757
25.8 0.15426833976834
25.9 0.154092422779923
26 0.153916505791506
26.1 0.153740588803089
26.2 0.153564671814672
26.3 0.153388754826255
26.4 0.153212837837838
26.5 0.153036920849421
26.6 0.152861003861004
26.7 0.152685086872587
26.8 0.15250916988417
26.9 0.152333252895753
27 0.152157335907336
27.1 0.151981418918919
27.2 0.151805501930502
27.3 0.151629584942085
27.4 0.151453667953668
27.5 0.151277750965251
27.6 0.151101833976834
27.7 0.150925916988417
27.8 0.15075
27.9 0.150565175097276
28 0.150380350194553
28.1 0.150195525291829
28.2 0.150010700389105
28.3 0.149825875486381
28.4 0.149641050583658
28.5 0.149456225680934
28.6 0.14927140077821
28.7 0.149086575875486
28.8 0.148901750972763
28.9 0.148716926070039
29 0.148532101167315
29.1 0.148347276264592
29.2 0.148162451361868
29.3 0.147977626459144
29.4 0.14779280155642
29.5 0.147607976653697
29.6 0.147423151750973
29.7 0.147238326848249
29.8 0.147053501945525
29.9 0.146868677042802
30 0.146683852140078
30.1 0.146499027237354
30.2 0.14631420233463
30.3 0.146129377431907
30.4 0.146
30.5 0.145232968828557
30.6 0.144465937657114
30.7 0.143698906485671
30.8 0.142931875314228
30.9 0.142164844142785
31 0.141397812971342
31.1 0.140630781799899
31.2 0.139863750628456
31.3 0.139096719457013
31.4 0.138329688285571
31.5 0.137562657114128
31.6 0.136795625942685
31.7 0.136028594771242
31.8 0.135261563599799
31.9 0.134494532428356
32 0.133727501256913
32.1 0.13296047008547
32.2 0.132193438914027
32.3 0.131426407742584
32.4 0.130659376571141
32.5 0.129892345399698
32.6 0.129125314228255
32.7 0.128358283056812
32.8 0.127591251885369
32.9 0.126824220713926
33 0.126057189542483
33.1 0.125290158371041
33.2 0.124523127199598
33.3 0.123756096028155
33.4 0.122989064856712
33.5 0.122222033685269
33.6 0.121455002513826
33.7 0.120687971342383
33.8 0.11992094017094
33.9 0.119153908999497
34 0.118386877828054
34.1 0.117619846656611
34.2 0.116852815485168
34.3 0.116085784313725
34.4 0.115318753142282
34.5 0.11455172197084
34.6 0.113784690799397
34.7 0.113017659627954
34.8 0.112250628456511
34.9 0.111483597285068
35 0.110716566113625
35.1 0.109949534942182
35.2 0.109182503770739
35.3 0.108415472599296
35.4 0.107648441427853
35.5 0.10688141025641
35.6 0.106114379084967
35.7 0.105347347913524
35.8 0.104273504273504
35.9 0.103500436071865
36 0.102727367870225
36.1 0.101954299668585
36.2 0.101181231466946
36.3 0.100408163265306
36.4 0.0996076987352887
36.5 0.0988072342052713
36.6 0.0980067696752539
36.7 0.0972063051452364
36.8 0.096405840615219
36.9 0.0956053760852016
37 0.0948049115551842
37.1 0.0940044470251668
37.2 0.0932039824951493
37.3 0.0924035179651319
37.4 0.0916030534351145
37.5 0.0912191629991691
37.6 0.0908352725632238
37.7 0.0904513821272784
37.8 0.090067491691333
37.9 0.0896836012553876
38 0.0892997108194423
38.1 0.0889158203834969
38.2 0.0885319299475515
38.3 0.0881480395116061
38.4 0.0877641490756608
38.5 0.0873802586397154
38.6 0.08699636820377
38.7 0.0866124777678246
38.8 0.0862285873318793
38.9 0.0858446968959339
39 0.0854608064599885
39.1 0.0850769160240431
39.2 0.0846930255880978
39.3 0.0843091351521524
39.4 0.083925244716207
39.5 0.0835413542802617
39.6 0.0831574638443163
39.7 0.0827735734083709
39.8 0.0823896829724255
39.9 0.0820057925364802
40 0.0816219021005348
40.1 0.0812380116645895
40.2 0.0808541212286441
40.3 0.0804702307926987
40.4 0.0800863403567533
40.5 0.079702449920808
40.6 0.0793185594848626
40.7 0.0789346690489172
40.8 0.0785507786129719
40.9 0.0781668881770265
41 0.0777829977410811
41.1 0.0773991073051358
41.2 0.0770152168691904
41.3 0.076631326433245
41.4 0.0762474359972997
41.5 0.0758635455613543
41.6 0.0754796551254089
41.7 0.0750957646894636
41.8 0.0747118742535182
41.9 0.0744047619047619
42 0.0740407177363699
42.1 0.0736766735679779
42.2 0.0733126293995859
42.3 0.0729485852311939
42.4 0.0725845410628019
42.5 0.0722204968944099
42.6 0.071856452726018
42.7 0.071492408557626
42.8 0.071128364389234
42.9 0.0707643202208419
43 0.07040027605245
43.1 0.070036231884058
43.2 0.069672187715666
43.3 0.069308143547274
43.4 0.068944099378882
43.5 0.0685152321798285
43.6 0.0680863649807749
43.7 0.0676574977817214
43.8 0.0672286305826678
43.9 0.0667997633836143
44 0.0663708961845608
44.1 0.0659420289855072
44.2 0.0655131617864537
44.3 0.0650842945874002
44.4 0.0646554273883466
44.5 0.0642265601892931
44.6 0.0637976929902396
44.7 0.063368825791186
44.8 0.0629399585921325
44.9 0.0625110913930789
45 0.0620822241940254
45.1 0.0616533569949719
45.2 0.0612244897959184
45.3 0.0608320251177394
45.4 0.0604395604395604
45.5 0.0600470957613815
45.6 0.0596546310832025
45.7 0.0592621664050235
45.8 0.0588697017268446
45.9 0.0584772370486656
46 0.0582417582417582
46.1 0.0578784329038136
46.2 0.057515107565869
46.3 0.0571517822279244
46.4 0.0567884568899797
46.5 0.0564251315520351
46.6 0.0560618062140905
46.7 0.0556984808761458
46.8 0.0553351555382012
46.9 0.0549718302002566
47 0.054608504862312
47.1 0.0542451795243673
47.2 0.0538818541864227
47.3 0.0535185288484781
47.4 0.0531552035105334
47.5 0.0527918781725888
47.6 0.0525911320153778
47.7 0.0523903858581667
47.8 0.0521896397009556
47.9 0.0519888935437445
48 0.0517881473865335
48.1 0.0515874012293224
48.2 0.0513866550721113
48.3 0.0511859089149003
48.4 0.0509851627576892
48.5 0.0507844166004781
48.6 0.0505836704432671
48.7 0.050382924286056
48.8 0.0501821781288449
48.9 0.0499814319716338
49 0.0497806858144228
49.1 0.0495799396572117
49.2 0.0493791935000006
49.3 0.0491784473427896
49.4 0.0489777011855785
49.5 0.0487769550283674
49.6 0.0485762088711564
49.7 0.0483754627139453
49.8 0.0481747165567342
49.9 0.0479739703995232
50 0.0477732242423121
50.1 0.047572478085101
50.2 0.04737173192789
50.3 0.0471709857706789
50.4 0.0469702396134678
50.5 0.0467694934562567
50.6 0.0465687472990457
50.7 0.0463680011418346
50.8 0.0460869565217391
50.9 0.045976321158654
51 0.0458656857955688
51.1 0.0457550504324837
51.2 0.0456444150693986
51.3 0.0455337797063134
51.4 0.0454231443432283
51.5 0.0453125089801431
51.6 0.045201873617058
51.7 0.0450912382539728
51.8 0.0449806028908877
51.9 0.0448699675278025
52 0.0447593321647174
52.1 0.0446486968016322
52.2 0.0445380614385471
52.3 0.0444274260754619
52.4 0.0443167907123768
52.5 0.0442061553492916
52.6 0.0441176470588235
52.7 0.0440919701213819
52.8 0.0440662931839402
52.9 0.0440056006679401
53 0.0440277777777778
53.1 0.0439440659212672
53.2 0.0438603540647566
53.3 0.043776642208246
53.4 0.0437264150943396
53.5 0.0436211320754717
53.6 0.0435158490566038
53.7 0.0434105660377358
53.8 0.0433052830188679
53.9 0.0432
54 0.0431
54.1 0.043
54.2 0.0429
54.3 0.0428
54.4 0.0427
54.5 0.0426
54.6 0.0425
54.7 0.0424
54.8 0.0423
54.9 0.0422
55 0.0421
55.1 0.042
55.2 0.0419
55.3 0.0418
55.4 0.0417
55.5 0.0416
55.6 0.0415734741663676
55.7 0.0415469483327351
55.8 0.0415204224991027
55.9 0.0414938966654703
56 0.0414673708318378
56.1 0.0414408449982054
56.2 0.041414319164573
56.3 0.0413877933309405
56.4 0.0413612674973081
56.5 0.0413347416636757
56.6 0.0413082158300432
56.7 0.0412816899964108
56.8 0.0412551641627784
56.9 0.0412286383291459
57 0.0412021124955135
57.1 0.0411755866618811
57.2 0.0411490608282486
57.3 0.0411225349946162
57.4 0.0410960091609838
57.5 0.0410774410774411
57.6 0.0411022124661061
57.7 0.0411269838547711
57.8 0.0411517552434361
57.9 0.0411765266321011
58 0.041201298020766
58.1 0.0412186379928315
58.2 0.0411496844575407
58.3 0.0410807309222498
58.4 0.041011777386959
58.5 0.0409428238516681
58.6 0.0408738703163773
58.7 0.0408049167810864
58.8 0.0407359632457956
58.9 0.0406670097105047
59 0.0405980561752139
59.1 0.040529102639923
59.2 0.0404601491046322
59.3 0.0403911955693413
59.4 0.0403222420340505
59.5 0.0402532884987596
59.6 0.0401843349634688
59.7 0.0401153814281779
59.8 0.0400464278928871
59.9 0.0399774743575962
60 0.0399361022364217
60.1 0.0398554387125693
60.2 0.0397747751887169
60.3 0.0396941116648645
60.4 0.0395973154362416
60.5 0.0395489916244593
60.6 0.0395006678126771
60.7 0.0394523440008948
60.8 0.0394040201891125
60.9 0.0393556963773302
61 0.039307372565548
61.1 0.0392590487537657
61.2 0.0392107249419834
61.3 0.0391624011302011
61.4 0.0391140773184189
61.5 0.0390657535066366
61.6 0.0390029325513196
61.7 0.0389326505413093
61.8 0.0388623685312989
61.9 0.0387920865212886
62 0.0387218045112782
62.1 0.0386515225012678
62.2 0.0385812404912575
62.3 0.0385109584812471
62.4 0.0384406764712367
62.5 0.0383703944612264
62.6 0.038300112451216
62.7 0.0382298304412056
62.8 0.0381595484311953
62.9 0.0380681818181818
63 0.0379869271057964
63.1 0.0379056723934109
63.2 0.0378244176810254
63.3 0.0377431629686399
63.4 0.0376619082562545
63.5 0.037580653543869
63.6 0.0374993988314835
63.7 0.0373937677053824
63.8 0.0373250373200345
63.9 0.0372563069346866
64 0.0371875765493387
64.1 0.0371188461639908
64.2 0.0370501157786429
64.3 0.0369813853932949
64.4 0.036912655007947
64.5 0.0368439246225991
64.6 0.0367751942372512
64.7 0.0367064638519033
64.8 0.0366377334665554
64.9 0.0365690030812074
65 0.0365002726958595
65.1 0.0364315423105116
65.2 0.0363628119251637
65.3 0.0362940815398158
65.4 0.0362253511544678
65.5 0.0361566207691199
65.6 0.036087890383772
65.7 0.0360191599984241
65.8 0.0359504296130762
65.9 0.0358816992277282
66 0.035792349726776
66.1 0.0357301431881416
66.2 0.0356741573033708
66.3 0.0355939953477606
66.4 0.0355138333921504
66.5 0.0354336714365402
66.6 0.03535350948093
66.7 0.0352733475253198
66.8 0.0351931855697096
66.9 0.0351130236140994
67 0.0350328616584892
67.1 0.0349206349206349
67.2 0.0351010101010101
67.3 0.0349993912320782
67.4 0.0348977723631463
67.5 0.0347961534942144
67.6 0.0346945346252825
67.7 0.0345929157563507
67.8 0.0344912968874188
67.9 0.0343490304709141
68 0.0342991954434656
68.1 0.034249360416017
68.2 0.0341995253885685
68.3 0.0341496903611199
68.4 0.0340998553336714
68.5 0.0340500203062228
68.6 0.034010152284264
68.7 0.033865658139418
68.8 0.0336633663366337
68.9 0.0335815440954526
69 0.0334997218542716
69.1 0.0334178996130906
69.2 0.0333360773719095
69.3 0.0332542551307285
69.4 0.0331724328895475
69.5 0.0330906106483664
69.6 0.0330087884071854
69.7 0.0329269661660043
69.8 0.0328351249932777
69.9 0.032743283820551
70 0.0326514426478243
70.1 0.0325596014750977
70.2 0.032467760302371
70.3 0.0323759191296443
70.4 0.0322840779569177
70.5 0.032192236784191
70.6 0.0321003956114643
70.7 0.0320085544387377
70.8 0.031916713266011
70.9 0.0318248720932843
71 0.0317330309205577
71.1 0.031641189747831
71.2 0.0315493485751043
71.3 0.0314575074023776
71.4 0.031365666229651
71.5 0.0312738250569243
71.6 0.0311819838841976
71.7 0.0310901427114709
71.8 0.0310103406244365
71.9 0.030930538537402
72 0.0308507364503675
72.1 0.030770934363333
72.2 0.0306911322762985
72.3 0.030611330189264
72.4 0.0305315281022295
72.5 0.030451726015195
72.6 0.0303719239281606
72.7 0.0302921218411261
72.8 0.0302123197540916
72.9 0.0301325176670571
73 0.0300527155800226
73.1 0.0299729134929881
73.2 0.0298931114059536
73.3 0.0298133093189191
73.4 0.0297335072318847
73.5 0.0296537051448502
73.6 0.0295739030578157
73.7 0.0294941009707812
73.8 0.0294142988837467
73.9 0.0293344967967122
74 0.0292546947096777
74.1 0.0291748926226432
74.2 0.0290950905356088
74.3 0.0290152884485743
74.4 0.0289354863615398
74.5 0.0288556842745053
74.6 0.028743961352657
74.7 0.0287077547878751
74.8 0.0286715482230932
74.9 0.0286353416583113
75 0.0285991350935294
75.1 0.0285629285287475
75.2 0.0285267219639656
75.3 0.0284905153991837
75.4 0.0284543088344018
75.5 0.0284181022696199
75.6 0.028381895704838
75.7 0.0283456891400561
75.8 0.0283094825752742
75.9 0.0282732760104923
76 0.0282370694457104
76.1 0.0282008628809285
76.2 0.0281646563161466
76.3 0.0281284497513647
76.4 0.0280922431865828
76.5 0.0280572872540551
76.6 0.0280223313215274
76.7 0.0279873753889997
76.8 0.027952419456472
76.9 0.027906976744186
77 0.0278566394845465
77.1 0.0278063022249069
77.2 0.0277559649652673
77.3 0.0277056277056277
77.4 0.0270680458070299
77.5 0.0264304639084322
77.6 0.0257928820098344
77.7 0.0251553001112366
77.8 0.0245177182126389
77.9 0.0238801363140411
78 0.0232425544154434
78.1 0.0226049725168456
78.2 0.0219673906182478
78.3 0.0213298087196501
78.4 0.0206922268210523
78.5 0.0200546449224545
78.6 0.0194170630238568
78.7 0.018779481125259
78.8 0.0181418992266612
78.9 0.0175043173280635
79 0.0168667354294657
79.1 0.0162291535308679
79.2 0.0155915716322702
79.3 0.0149539897336724
79.4 0.0143164078350747
79.5 0.0136788259364769
79.6 0.0130412440378791
79.7 0.0125949367088608
79.8 0.0123184307388455
79.9 0.0120419247688302
80 0.011765418798815
80.1 0.0114889128287997
80.2 0.0112124068587844
80.3 0.0109359008887692
80.4 0.0106593949187539
80.5 0.0103828889487386
80.6 0.0101063829787234
80.7 0.00962512664640324
80.8 0.00914387031408307
80.9 0.00866261398176291
81 0.00818135764944275
81.1 0.00770010131712258
81.2 0.00721884498480242
81.3 0.00673758865248225
81.4 0.00625633232016209
81.5 0.00577507598784193
81.6 0.00529381965552176
81.7 0.0048125633232016
81.8 0.00433130699088143
81.9 0.00385005065856127
82 0.00336879432624111
82.1 0.00288753799392094
82.2 0.00240628166160078
82.3 0.00192502532928061
82.4 0.00144376899696045
82.5 0.000962512664640294
82.6 0.00048125633232012
82.7 0
82.8 0
82.9 0
83 0
83.1 0
83.2 0
83.3 0
83.4 0
83.5 0
83.6 0
83.7 0
83.8 0
83.9 0
84 0
84.1 0
84.2 0
84.3 0
84.4 0
84.5 0
84.6 0
84.7 0
84.8 0
84.9 0
85 0
85.1 0
85.2 0
85.3 0
85.4 0
85.5 0
85.6 0
85.7 0
85.8 0
85.9 0
86 0
86.1 0
86.2 0
86.3 0
86.4 0
86.5 0
86.6 0
86.7 0
86.8 0
86.9 0
87 0
87.1 0
87.2 0
87.3 0
87.4 0
87.5 0
87.6 0
87.7 0
87.8 0
87.9 0
88 0
88.1 0
88.2 0
88.3 0
88.4 0
88.5 0
88.6 0
88.7 0
88.8 0
88.9 0
89 0
89.1 0
89.2 0
89.3 0
89.4 0
89.5 0
89.6 0
89.7 0
89.8 0
89.9 0
90 0
90.1 0
90.2 0
90.3 0
90.4 0
90.5 0
90.6 0
90.7 0
90.8 0
90.9 0
91 0
91.1 0
91.2 0
91.3 0
91.4 0
91.5 0
91.6 0
91.7 0
91.8 0
91.9 0
92 0
92.1 0
92.2 0
92.3 0
92.4 0
92.5 0
92.6 0
92.7 0
92.8 0
92.9 0
93 0
93.1 0
93.2 0
93.3 0
93.4 0
93.5 0
93.6 0
93.7 0
93.8 0
93.9 0
94 0
94.1 0
94.2 0
94.3 0
94.4 0
94.5 0
94.6 0
94.7 0
94.8 0
94.9 0
95 0
95.1 0
95.2 0
95.3 0
95.4 0
95.5 0
95.6 0
95.7 0
95.8 0
95.9 0
96 0
96.1 0
96.2 0
96.3 0
96.4 0
96.5 0
96.6 0
96.7 0
96.8 0
96.9 0
97 0
97.1 0
97.2 0
97.3 0
97.4 0
97.5 0
97.6 0
97.7 0
97.8 0
97.9 0
98 0
98.1 0
98.2 0
98.3 0
98.4 0
98.5 0
98.6 0
98.7 0
98.8 0
98.9 0
99 0
99.1 0
99.2 0
99.3 0
99.4 0
99.5 0
99.6 0
99.7 0
99.8 0
99.9 0
100 0
100.1 0
100.2 0
100.3 0
100.4 0
100.5 0
100.6 0
100.7 0
100.8 0
100.9 0
101 0
101.1 0
101.2 0
101.3 0
101.4 0
101.5 0
101.6 0
101.7 0
101.8 0
101.9 0
102 0
102.1 0
102.2 0
102.3 0
102.4 0
102.5 0
102.6 0
102.7 0
102.8 0
102.9 0
103 0
103.1 0
103.2 0
103.3 0
103.4 0
103.5 0
103.6 0
103.7 0
103.8 0
103.9 0
104 0
104.1 0
104.2 0
104.3 0
104.4 0
104.5 0
104.6 0
104.7 0
104.8 0
104.9 0
105 0
105.1 0
105.2 0
105.3 0
105.4 0
105.5 0
105.6 0
105.7 0
105.8 0
105.9 0
106 0
106.1 0
106.2 0
106.3 0
106.4 0
106.5 0
106.6 0
106.7 0
106.8 0
106.9 0
107 0
107.1 0
107.2 0
107.3 0
107.4 0
107.5 0
107.6 0
107.7 0
107.8 0
107.9 0
108 0
108.1 0
108.2 0
108.3 0
108.4 0
108.5 0
108.6 0
108.7 0
108.8 0
108.9 0
109 0
109.1 0
109.2 0
109.3 0
109.4 0
109.5 0
109.6 0
109.7 0
109.8 0
109.9 0
110 0
110.1 0
110.2 0
110.3 0
110.4 0
110.5 0
110.6 0
110.7 0
110.8 0
110.9 0
111 0
111.1 0
111.2 0
111.3 0
111.4 0
111.5 0
111.6 0
111.7 0
111.8 0
111.9 0
112 0
112.1 0
112.2 0
112.3 0
112.4 0
112.5 0
112.6 0
112.7 0
112.8 0
112.9 0
113 0
113.1 0
113.2 0
113.3 0
113.4 0
113.5 0
113.6 0
113.7 0
113.8 0
113.9 0
114 0
114.1 0
114.2 0
114.3 0
114.4 0
114.5 0
114.6 0
114.7 0
114.8 0
114.9 0
115 0
115.1 0
115.2 0
115.3 0
115.4 0
115.5 0
115.6 0
115.7 0
115.8 0
115.9 0
116 0
116.1 0
116.2 0
116.3 0
116.4 0
116.5 0
116.6 0
116.7 0
116.8 0
116.9 0
117 0
117.1 0
117.2 0
117.3 0
117.4 0
117.5 0
117.6 0
117.7 0
117.8 0
117.9 0
118 0
118.1 0
118.2 0
118.3 0
118.4 0
118.5 0
118.6 0
118.7 0
118.8 0
118.9 0
119 0
119.1 0
119.2 0
119.3 0
119.4 0
119.5 0
119.6 0
119.7 0
119.8 0
119.9 0
120 0
120.1 0
120.2 0
120.3 0
120.4 0
120.5 0
120.6 0
120.7 0
120.8 0
120.9 0
121 0
121.1 0
121.2 0
121.3 0
121.4 0
121.5 0
121.6 0
121.7 0
121.8 0
121.9 0
122 0
122.1 0
122.2 0
122.3 0
122.4 0
122.5 0
122.6 0
122.7 0
122.8 0
122.9 0
123 0
123.1 0
123.2 0
123.3 0
123.4 0
123.5 0
123.6 0
123.7 0
123.8 0
123.9 0
124 0
124.1 0
124.2 0
124.3 0
124.4 0
124.5 0
124.6 0
124.7 0
124.8 0
124.9 0
125 0
125.1 0
125.2 0
125.3 0
125.4 0
125.5 0
125.6 0
125.7 0
125.8 0
125.9 0
126 0
126.1 0
126.2 0
126.3 0
126.4 0
126.5 0
126.6 0
126.7 0
126.8 0
126.9 0
127 0
127.1 0
127.2 0
127.3 0
127.4 0
127.5 0
127.6 0
127.7 0
127.8 0
127.9 0
128 0
128.1 0
128.2 0
128.3 0
128.4 0
128.5 0
128.6 0
128.7 0
128.8 0
128.9 0
129 0
129.1 0
129.2 0
129.3 0
129.4 0
129.5 0
129.6 0
129.7 0
129.8 0
129.9 0
130 0
130.1 0
130.2 0
130.3 0
130.4 0
130.5 0
130.6 0
130.7 0
130.8 0
130.9 0
131 0
131.1 0
131.2 0
131.3 0
131.4 0
131.5 0
131.6 0
131.7 0
131.8 0
131.9 0
132 0
132.1 0
132.2 0
132.3 0
132.4 0
132.5 0
132.6 0
132.7 0
132.8 0
132.9 0
133 0
133.1 0
133.2 0
133.3 0
133.4 0
133.5 0
133.6 0
133.7 0
133.8 0
133.9 0
134 0
134.1 0
134.2 0
134.3 0
134.4 0
134.5 0
134.6 0
134.7 0
134.8 0
134.9 0
135 0
135.1 0
135.2 0
135.3 0
135.4 0
135.5 0
135.6 0
135.7 0
135.8 0
135.9 0
136 0
136.1 0
136.2 0
136.3 0
136.4 0
136.5 0
136.6 0
136.7 0
136.8 0
136.9 0
137 0
137.1 0
137.2 0
137.3 0
137.4 0
137.5 0
137.6 0
137.7 0
137.8 0
137.9 0
138 0
138.1 0
138.2 0
138.3 0
138.4 0
138.5 0
138.6 0
138.7 0
138.8 0
138.9 0
139 0
139.1 0
139.2 0
139.3 0
139.4 0
139.5 0
139.6 0
139.7 0
139.8 0
139.9 0
140 0
140.1 0
140.2 0
140.3 0
140.4 0
140.5 0
140.6 0
140.7 0
140.8 0
140.9 0
141 0
141.1 0
141.2 0
141.3 0
141.4 0
141.5 0
141.6 0
141.7 0
141.8 0
141.9 0
142 0
142.1 0
142.2 0
142.3 0
142.4 0
142.5 0
142.6 0
142.7 0
142.8 0
142.9 0
143 0
143.1 0
143.2 0
143.3 0
143.4 0
143.5 0
143.6 0
143.7 0
143.8 0
143.9 0
144 0
144.1 0
144.2 0
144.3 0
144.4 0
144.5 0
144.6 0
144.7 0
144.8 0
144.9 0
145 0
145.1 0
145.2 0
145.3 0
145.4 0
145.5 0
145.6 0
145.7 0
145.8 0
145.9 0
146 0
146.1 0
146.2 0
146.3 0
146.4 0
146.5 0
146.6 0
146.7 0
146.8 0
146.9 0
147 0
147.1 0
147.2 0
147.3 0
147.4 0
147.5 0
147.6 0
147.7 0
147.8 0
147.9 0
148 0
148.1 0
148.2 0
148.3 0
148.4 0
148.5 0
148.6 0
148.7 0
148.8 0
148.9 0
149 0
149.1 0
149.2 0
149.3 0
149.4 0
149.5 0
149.6 0
149.7 0
149.8 0
149.9 0
150 0
150.1 0
150.2 0
150.3 0
150.4 0
150.5 0
150.6 0
150.7 0
150.8 0
150.9 0
151 0
151.1 0
151.2 0
151.3 0
151.4 0
151.5 0
151.6 0
151.7 0
151.8 0
151.9 0
152 0
152.1 0
152.2 0
152.3 0
152.4 0
152.5 0
152.6 0
152.7 0
152.8 0
152.9 0
153 0
153.1 0
153.2 0
153.3 0
153.4 0
153.5 0
153.6 0
153.7 0
153.8 0
153.9 0
154 0
154.1 0
154.2 0
154.3 0
154.4 0
154.5 0
154.6 0
154.7 0
154.8 0
154.9 0
155 0
155.1 0
155.2 0
155.3 0
155.4 0
155.5 0
155.6 0
155.7 0
155.8 0
155.9 0
156 0
156.1 0
156.2 0
156.3 0
156.4 0
156.5 0
156.6 0
156.7 0
156.8 0
156.9 0
157 0
157.1 0
157.2 0
157.3 0
157.4 0
157.5 0
157.6 0
157.7 0
157.8 0
157.9 0
158 0
158.1 0
158.2 0
158.3 0
158.4 0
158.5 0
158.6 0
158.7 0
158.8 0
158.9 0
159 0
159.1 0
159.2 0
159.3 0
159.4 0
159.5 0
159.6 0
159.7 0
159.8 0
159.9 0
160 0
160.1 0
160.2 0
160.3 0
160.4 0
160.5 0
160.6 0
160.7 0
160.8 0
160.9 0
161 0
161.1 0
161.2 0
161.3 0
161.4 0
161.5 0
161.6 0
161.7 0
161.8 0
161.9 0
162 0
162.1 0
162.2 0
162.3 0
162.4 0
162.5 0
162.6 0
162.7 0
162.8 0
162.9 0
163 0
163.1 0
163.2 0
163.3 0
163.4 0
163.5 0
163.6 0
163.7 0
163.8 0
163.9 0
164 0
164.1 0
164.2 0
164.3 0
164.4 0
164.5 0
164.6 0
164.7 0
164.8 0
164.9 0
165 0
165.1 0
165.2 0
165.3 0
165.4 0
165.5 0
165.6 0
165.7 0
165.8 0
165.9 0
166 0
166.1 0
166.2 0
166.3 0
166.4 0
166.5 0
166.6 0
166.7 0
166.8 0
166.9 0
167 0
167.1 0
167.2 0
167.3 0
167.4 0
167.5 0
167.6 0
167.7 0
167.8 0
167.9 0
168 0
168.1 0
168.2 0
168.3 0
168.4 0
168.5 0
168.6 0
168.7 0
168.8 0
168.9 0
169 0
169.1 0
169.2 0
169.3 0
169.4 0
169.5 0
169.6 0
169.7 0
169.8 0
169.9 0
170 0
170.1 0
170.2 0
170.3 0
170.4 0
170.5 0
170.6 0
170.7 0
170.8 0
170.9 0
171 0
171.1 0
171.2 0
171.3 0
171.4 0
171.5 0
171.6 0
171.7 0
171.8 0
171.9 0
172 0
172.1 0
172.2 0
172.3 0
172.4 0
172.5 0
172.6 0
172.7 0
172.8 0
172.9 0
173 0
173.1 0
173.2 0
173.3 0
173.4 0
173.5 0
173.6 0
173.7 0
173.8 0
173.9 0
174 0
174.1 0
174.2 0
174.3 0
174.4 0
174.5 0
174.6 0
174.7 0
174.8 0
174.9 0
175 0
175.1 0
175.2 0
175.3 0
175.4 0
175.5 0
175.6 0
175.7 0
175.8 0
175.9 0
176 0
176.1 0
176.2 0
176.3 0
176.4 0
176.5 0
176.6 0
176.7 0
176.8 0
176.9 0
177 0
177.1 0
177.2 0
177.3 0
177.4 0
177.5 0
177.6 0
177.7 0
177.8 0
177.9 0
178 0
178.1 0
178.2 0
178.3 0
178.4 0
178.5 0
178.6 0
178.7 0
178.8 0
178.9 0
179 0
179.1 0
179.2 0
179.3 0
179.4 0
179.5 0
179.6 0
179.7 0
179.8 0
179.9 0
180 0
180.1 0
180.2 0
180.3 0
180.4 0
180.5 0
180.6 0
180.7 0
180.8 0
180.9 0
181 0
181.1 0
181.2 0
181.3 0
181.4 0
181.5 0
181.6 0
181.7 0
181.8 0
181.9 0
182 0
182.1 0
182.2 0
182.3 0
182.4 0
182.5 0
182.6 0
182.7 0
182.8 0
182.9 0
183 0
183.1 0
183.2 0
183.3 0
183.4 0
183.5 0
183.6 0
183.7 0
183.8 0
183.9 0
184 0
184.1 0
184.2 0
184.3 0
184.4 0
184.5 0
184.6 0
184.7 0
184.8 0
184.9 0
185 0
185.1 0
185.2 0
185.3 0
185.4 0
185.5 0
185.6 0
185.7 0
185.8 0
185.9 0
186 0
186.1 0
186.2 0
186.3 0
186.4 0
186.5 0
186.6 0
186.7 0
186.8 0
186.9 0
187 0
187.1 0
187.2 0
187.3 0
187.4 0
187.5 0
187.6 0
187.7 0
187.8 0
187.9 0
188 0
188.1 0
188.2 0
188.3 0
188.4 0
188.5 0
188.6 0
188.7 0
188.8 0
188.9 0
189 0
189.1 0
189.2 0
189.3 0
189.4 0
189.5 0
189.6 0
189.7 0
189.8 0
189.9 0
190 0
190.1 0
190.2 0
190.3 0
190.4 0
190.5 0
190.6 0
190.7 0
190.8 0
190.9 0
191 0
191.1 0
191.2 0
191.3 0
191.4 0
191.5 0
191.6 0
191.7 0
191.8 0
191.9 0
192 0
192.1 0
192.2 0
192.3 0
192.4 0
192.5 0
192.6 0
192.7 0
192.8 0
192.9 0
193 0
193.1 0
193.2 0
193.3 0
193.4 0
193.5 0
193.6 0
193.7 0
193.8 0
193.9 0
194 0
194.1 0
194.2 0
194.3 0
194.4 0
194.5 0
194.6 0
194.7 0
194.8 0
194.9 0
195 0
195.1 0
195.2 0
195.3 0
195.4 0
195.5 0
195.6 0
195.7 0
195.8 0
195.9 0
196 0
196.1 0
196.2 0
196.3 0
196.4 0
196.5 0
196.6 0
196.7 0
196.8 0
196.9 0
197 0
197.1 0
197.2 0
197.3 0
197.4 0
197.5 0
197.6 0
197.7 0
197.8 0
197.9 0
198 0
198.1 0
198.2 0
198.3 0
198.4 0
198.5 0
198.6 0
198.7 0
198.8 0
198.9 0
199 0
199.1 0
199.2 0
199.3 0
199.4 0
199.5 0
199.6 0
199.7 0
199.8 0
199.9 0
200 0
200.1 0
200.2 0
200.3 0
200.4 0
200.5 0
200.6 0
200.7 0
200.8 0
200.9 0
201 0
201.1 0
201.2 0
201.3 0
201.4 0
201.5 0
201.6 0
201.7 0
201.8 0
201.9 0
202 0
202.1 0
202.2 0
202.3 0
202.4 0
202.5 0
202.6 0
202.7 0
202.8 0
202.9 0
203 0
203.1 0
203.2 0
203.3 0
203.4 0
203.5 0
203.6 0
203.7 0
203.8 0
203.9 0
204 0
204.1 0
204.2 0
204.3 0
204.4 0
204.5 0
204.6 0
204.7 0
204.8 0
204.9 0
205 0
205.1 0
205.2 0
205.3 0
205.4 0
205.5 0
205.6 0
205.7 0
205.8 0
205.9 0
206 0
206.1 0
206.2 0
206.3 0
206.4 0
206.5 0
206.6 0
206.7 0
206.8 0
206.9 0
207 0
207.1 0
207.2 0
207.3 0
207.4 0
207.5 0
207.6 0
207.7 0
207.8 0
207.9 0
208 0
208.1 0
208.2 0
208.3 0
208.4 0
208.5 0
208.6 0
208.7 0
208.8 0
208.9 0
209 0
209.1 0
209.2 0
209.3 0
209.4 0
209.5 0
209.6 0
209.7 0
209.8 0
209.9 0
210 0
210.1 0
210.2 0
210.3 0
210.4 0
210.5 0
210.6 0
210.7 0
210.8 0
210.9 0
211 0
211.1 0
211.2 0
211.3 0
211.4 0
211.5 0
211.6 0
211.7 0
211.8 0
211.9 0
212 0
212.1 0
212.2 0
212.3 0
212.4 0
212.5 0
212.6 0
212.7 0
212.8 0
212.9 0
213 0
213.1 0
213.2 0
213.3 0
213.4 0
213.5 0
213.6 0
213.7 0
213.8 0
213.9 0
214 0
214.1 0
214.2 0
214.3 0
214.4 0
214.5 0
214.6 0
214.7 0
214.8 0
214.9 0
215 0
215.1 0
215.2 0
215.3 0
215.4 0
215.5 0
215.6 0
215.7 0
215.8 0
215.9 0
216 0
216.1 0
216.2 0
216.3 0
216.4 0
216.5 0
216.6 0
216.7 0
216.8 0
216.9 0
217 0
217.1 0
217.2 0
217.3 0
217.4 0
217.5 0
217.6 0
217.7 0
217.8 0
217.9 0
218 0
218.1 0
218.2 0
218.3 0
218.4 0
218.5 0
218.6 0
218.7 0
218.8 0
218.9 0
219 0
219.1 0
219.2 0
219.3 0
219.4 0
219.5 0
219.6 0
219.7 0
219.8 0
219.9 0
220 0
220.1 0
220.2 0
220.3 0
220.4 0
220.5 0
220.6 0
220.7 0
220.8 0
220.9 0
221 0
221.1 0
221.2 0
221.3 0
221.4 0
221.5 0
221.6 0
221.7 0
221.8 0
221.9 0
222 0
222.1 0
222.2 0
222.3 0
222.4 0
222.5 0
222.6 0
222.7 0
222.8 0
222.9 0
223 0
223.1 0
223.2 0
223.3 0
223.4 0
223.5 0
223.6 0
223.7 0
223.8 0
223.9 0
224 0
224.1 0
224.2 0
224.3 0
224.4 0
224.5 0
224.6 0
224.7 0
224.8 0
224.9 0
225 0
225.1 0
225.2 0
225.3 0
225.4 0
225.5 0
225.6 0
225.7 0
225.8 0
225.9 0
226 0
226.1 0
226.2 0
226.3 0
226.4 0
226.5 0
226.6 0
226.7 0
226.8 0
226.9 0
227 0
227.1 0
227.2 0
227.3 0
227.4 0
227.5 0
227.6 0
227.7 0
227.8 0
227.9 0
228 0
228.1 0
228.2 0
228.3 0
228.4 0
228.5 0
228.6 0
228.7 0
228.8 0
228.9 0
229 0
229.1 0
229.2 0
229.3 0
229.4 0
229.5 0
229.6 0
229.7 0
229.8 0
229.9 0
230 0
230.1 0
230.2 0
230.3 0
230.4 0
230.5 0
230.6 0
230.7 0
230.8 0
230.9 0
231 0
231.1 0
231.2 0
231.3 0
231.4 0
231.5 0
231.6 0
231.7 0
231.8 0
231.9 0
232 0
232.1 0
232.2 0
232.3 0
232.4 0
232.5 0
232.6 0
232.7 0
232.8 0
232.9 0
233 0
233.1 0
233.2 0
233.3 0
233.4 0
233.5 0
233.6 0
233.7 0
233.8 0
233.9 0
234 0
234.1 0
234.2 0
234.3 0
234.4 0
234.5 0
234.6 0
234.7 0
234.8 0
234.9 0
235 0
235.1 0
235.2 0
235.3 0
235.4 0
235.5 0
235.6 0
235.7 0
235.8 0
235.9 0
236 0
236.1 0
236.2 0
236.3 0
236.4 0
236.5 0
236.6 0
236.7 0
236.8 0
236.9 0
237 0
237.1 0
237.2 0
237.3 0
