0 0.2
0.1 0.2
0.2 0.199455411844792
0.3 0.198910823689585
0.4 0.198366235534377
0.5 0.197821647379169
0.6 0.197277059223962
0.7 0.196732471068754
0.8 0.196187882913547
0.9 0.195643294758339
1 0.195098706603131
1.1 0.194554118447924
1.2 0.194009530292716
1.3 0.193464942137509
1.4 0.192920353982301
1.5 0.192375765827093
1.6 0.191831177671886
1.7 0.191286589516678
1.8 0.19074200136147
1.9 0.190197413206263
2 0.189652825051055
2.1 0.189108236895848
2.2 0.18856364874064
2.3 0.188019060585432
2.4 0.187692307692308
2.5 0.187151860056527
2.6 0.186611412420747
2.7 0.186070964784967
2.8 0.185530517149187
2.9 0.184990069513406
3 0.184449621877626
3.1 0.183909174241846
3.2 0.183584905660377
3.3 0.18299709724238
3.4 0.182409288824383
3.5 0.181821480406386
3.6 0.181233671988389
3.7 0.180645863570392
3.8 0.180058055152395
3.9 0.179470246734398
4 0.179587003468359
4.1 0.178885264292044
4.2 0.178183525115729
4.3 0.177692307692308
4.4 0.177141025641026
4.5 0.176589743589744
4.6 0.176038461538462
4.7 0.17548717948718
4.8 0.174935897435897
4.9 0.174384615384615
5 0.173833333333333
5.1 0.173282051282051
5.2 0.172730769230769
5.3 0.172179487179487
5.4 0.171628205128205
5.5 0.171076923076923
5.6 0.170525641025641
5.7 0.169974358974359
5.8 0.169423076923077
5.9 0.168871794871795
6 0.168320512820513
6.1 0.167769230769231
6.2 0.167217948717949
6.3 0.166666666666667
6.4 0.166128560993426
6.5 0.165590455320185
6.6 0.165052349646944
6.7 0.164514243973703
6.8 0.163976138300463
6.9 0.163438032627222
7 0.162899926953981
7.1 0.16236182128074
7.2 0.161823715607499
7.3 0.161285609934259
7.4 0.160747504261018
7.5 0.160209398587777
7.6 0.159671292914536
7.7 0.159133187241295
7.8 0.158595081568055
7.9 0.158056975894814
8 0.157518870221573
8.1 0.156980764548332
8.2 0.156442658875091
8.3 0.155904553201851
8.4 0.15536644752861
8.5 0.154828341855369
8.6 0.154290236182128
8.7 0.153752130508887
8.8 0.153214024835646
8.9 0.152675919162406
9 0.152137813489165
9.1 0.151599707815924
9.2 0.151061602142683
9.3 0.150523496469442
9.4 0.149985390796202
9.5 0.149447285122961
9.6 0.14890917944972
9.7 0.148371073776479
9.8 0.147832968103238
9.9 0.147294862429998
10 0.146756756756757
10.1 0.146215857767582
10.2 0.145674958778407
10.3 0.145134059789232
10.4 0.144593160800057
10.5 0.144052261810882
10.6 0.143511362821708
10.7 0.142970463832533
10.8 0.142429564843358
10.9 0.141888665854183
11 0.141347766865008
11.1 0.140806867875833
11.2 0.140265968886659
11.3 0.139725069897484
11.4 0.139184170908309
11.5 0.138643271919134
11.6 0.138102372929959
11.7 0.137561473940784
11.8 0.137020574951609
11.9 0.136479675962435
12 0.13593877697326
12.1 0.135397877984085
12.2 0.13485697899491
12.3 0.134316080005735
12.4 0.13377518101656
12.5 0.133234282027385
12.6 0.132693383038211
12.7 0.132152484049036
12.8 0.131611585059861
12.9 0.131070686070686
13 0.130529787081511
13.1 0.129988888092336
13.2 0.129447989103161
13.3 0.128907090113987
13.4 0.128366191124812
13.5 0.127825292135637
13.6 0.127284393146462
13.7 0.126743494157287
13.8 0.126202595168112
13.9 0.125661696178938
14 0.125120797189763
14.1 0.124579898200588
14.2 0.124038999211413
14.3 0.123498100222238
14.4 0.122957201233063
14.5 0.122416302243888
14.6 0.121875403254714
14.7 0.121334504265539
14.8 0.120793605276364
14.9 0.120252706287189
15 0.119711807298014
15.1 0.119170908308839
15.2 0.118630009319664
15.3 0.11808911033049
15.4 0.117548211341315
15.5 0.11700731235214
15.6 0.116466413362965
15.7 0.11592551437379
15.8 0.115384615384615
15.9 0.114847238542891
16 0.114309861701166
16.1 0.113772484859441
16.2 0.113235108017717
16.3 0.112697731175992
16.4 0.112160354334267
16.5 0.111622977492543
16.6 0.111085600650818
16.7 0.110548223809093
16.8 0.110010846967369
16.9 0.109473470125644
17 0.108936093283919
17.1 0.108398716442195
17.2 0.10786133960047
17.3 0.107323962758745
17.4 0.106786585917021
17.5 0.106249209075296
17.6 0.105711832233571
17.7 0.105174455391847
17.8 0.104637078550122
17.9 0.104099701708397
18 0.103562324866673
18.1 0.103024948024948
18.2 0.102487571183223
18.3 0.101950194341499
18.4 0.101412817499774
18.5 0.100875440658049
18.6 0.100338063816325
18.7 0.0998006869746
18.8 0.0992633101328753
18.9 0.0987259332911506
19 0.098188556449426
19.1 0.0976511796077013
19.2 0.0971138027659766
19.3 0.096576425924252
19.4 0.0960390490825273
19.5 0.0955016722408026
19.6 0.094964295399078
19.7 0.0944269185573533
19.8 0.0938895417156286
19.9 0.093352164873904
20 0.0928147880321793
20.1 0.0922774111904546
20.2 0.09174003434873
20.3 0.0912026575070053
20.4 0.0906652806652806
20.5 0.090127903823556
20.6 0.0895905269818313
20.7 0.0890531501401066
20.8 0.088515773298382
20.9 0.0879783964566573
21 0.0874410196149326
21.1 0.0869036427732079
21.2 0.0863662659314833
21.3 0.0858288890897586
21.4 0.0852915122480339
21.5 0.0847541354063093
21.6 0.0842167585645846
21.7 0.0836793817228599
21.8 0.0831420048811353
21.9 0.0826046280394106
22 0.0820672511976859
22.1 0.0815298743559613
22.2 0.0809924975142366
22.3 0.0804551206725119
22.4 0.0799177438307873
22.5 0.0793803669890626
22.6 0.0788429901473379
22.7 0.0783056133056133
22.8 0.0777682364638886
22.9 0.0772308596221639
23 0.0766934827804392
23.1 0.0761561059387146
23.2 0.0756187290969899
23.3 0.0750813522552652
23.4 0.0745439754135406
23.5 0.0740065985718159
23.6 0.0734692217300912
23.7 0.0729318448883666
23.8 0.0723944680466419
23.9 0.0718570912049172
24 0.0713197143631926
24.1 0.0707823375214679
24.2 0.0702449606797432
24.3 0.0697075838380186
24.4 0.0691702069962939
24.5 0.0686328301545693
24.6 0.0680954533128446
24.7 0.0675580764711199
24.8 0.0670206996293953
24.9 0.0664833227876706
25 0.0659459459459459
25.1 0.0654121621621622
25.2 0.0648783783783784
25.3 0.0643445945945946
25.4 0.0638108108108108
25.5 0.063277027027027
25.6 0.0627432432432432
25.7 0.0622094594594595
25.8 0.0616756756756757
25.9 0.0611418918918919
26 0.0606081081081081
26.1 0.0600743243243243
26.2 0.0595405405405405
26.3 0.0590067567567567
26.4 0.058472972972973
26.5 0.0579391891891892
26.6 0.0574054054054054
26.7 0.0568716216216216
26.8 0.0563378378378378
26.9 0.055804054054054
27 0.0552702702702703
27.1 0.0547364864864865
27.2 0.0542027027027027
27.3 0.0536689189189189
27.4 0.0531351351351351
27.5 0.0526013513513513
27.6 0.0520675675675676
27.7 0.0515337837837838
27.8 0.051
27.9 0.0504649805447471
28 0.0499299610894942
28.1 0.0493949416342412
28.2 0.0488599221789883
28.3 0.0483249027237354
28.4 0.0477898832684825
28.5 0.0472548638132296
28.6 0.0467198443579767
28.7 0.0461848249027237
28.8 0.0456498054474708
28.9 0.0451147859922179
29 0.044579766536965
29.1 0.0440447470817121
29.2 0.0435097276264591
29.3 0.0429747081712062
29.4 0.0424396887159533
29.5 0.0419046692607004
29.6 0.0413696498054475
29.7 0.0408346303501945
29.8 0.0402996108949416
29.9 0.0397645914396887
30 0.0392295719844358
30.1 0.0386945525291829
30.2 0.0381595330739299
30.3 0.037624513618677
30.4 0.03725
30.5 0.0370318863122172
30.6 0.0368137726244344
30.7 0.0365956589366516
30.8 0.0363775452488688
30.9 0.036159431561086
31 0.0359413178733032
31.1 0.0357232041855204
31.2 0.0355050904977375
31.3 0.0352869768099547
31.4 0.0350688631221719
31.5 0.0348507494343891
31.6 0.0346326357466063
31.7 0.0344145220588235
31.8 0.0341964083710407
31.9 0.0339782946832579
32 0.0337601809954751
32.1 0.0335420673076923
32.2 0.0333239536199095
32.3 0.0331058399321267
32.4 0.0328877262443439
32.5 0.0326696125565611
32.6 0.0324514988687783
32.7 0.0322333851809955
32.8 0.0320152714932126
32.9 0.0317971578054298
33 0.031579044117647
33.1 0.0313609304298642
33.2 0.0311428167420814
33.3 0.0309247030542986
33.4 0.0307065893665158
33.5 0.030488475678733
33.6 0.0302703619909502
33.7 0.0300522483031674
33.8 0.0298341346153846
33.9 0.0296160209276018
34 0.029397907239819
34.1 0.0291797935520362
34.2 0.0289616798642534
34.3 0.0287435661764706
34.4 0.0285254524886878
34.5 0.028307338800905
34.6 0.0280892251131222
34.7 0.0278711114253394
34.8 0.0276529977375566
34.9 0.0274348840497737
35 0.0272167703619909
35.1 0.0269986566742081
35.2 0.0267805429864253
35.3 0.0265624292986425
35.4 0.0263443156108597
35.5 0.0261262019230769
35.6 0.0259080882352941
35.7 0.0256899745475113
35.8 0.0253846153846154
35.9 0.0251852433281005
36 0.0249858712715856
36.1 0.0247864992150706
36.2 0.0245871271585557
36.3 0.0243877551020408
36.4 0.0241762381566089
36.5 0.023964721211177
36.6 0.0237532042657452
36.7 0.0235416873203133
36.8 0.0233301703748814
36.9 0.0231186534294495
37 0.0229071364840176
37.1 0.0226956195385857
37.2 0.0224841025931538
37.3 0.022272585647722
37.4 0.0220610687022901
37.5 0.0219127561568521
37.6 0.021764443611414
37.7 0.021616131065976
37.8 0.021467818520538
37.9 0.0213195059751
38 0.0211711934296619
38.1 0.0210228808842239
38.2 0.0208745683387859
38.3 0.0207262557933479
38.4 0.0205779432479099
38.5 0.0204296307024718
38.6 0.0202813181570338
38.7 0.0201330056115958
38.8 0.0199846930661578
38.9 0.0198363805207197
39 0.0196880679752817
39.1 0.0195397554298437
39.2 0.0193914428844057
39.3 0.0192431303389677
39.4 0.0190948177935296
39.5 0.0189465052480916
39.6 0.0187981927026536
39.7 0.0186498801572156
39.8 0.0185015676117775
39.9 0.0183532550663395
40 0.0182049425209015
40.1 0.0180566299754635
40.2 0.0179083174300255
40.3 0.0177600048845874
40.4 0.0176116923391494
40.5 0.0174633797937114
40.6 0.0173150672482734
40.7 0.0171667547028353
40.8 0.0170184421573973
40.9 0.0168701296119593
41 0.0167218170665213
41.1 0.0165735045210833
41.2 0.0164251919756452
41.3 0.0162768794302072
41.4 0.0161285668847692
41.5 0.0159802543393312
41.6 0.0158319417938931
41.7 0.0156836292484551
41.8 0.0155353167030171
41.9 0.0154166666666667
42 0.0152294685990338
42.1 0.015042270531401
42.2 0.0148550724637681
42.3 0.0146678743961353
42.4 0.0144806763285024
42.5 0.0142934782608696
42.6 0.0141062801932367
42.7 0.0139190821256039
42.8 0.013731884057971
42.9 0.0135446859903382
43 0.0133574879227053
43.1 0.0131702898550725
43.2 0.0129830917874396
43.3 0.0127958937198068
43.4 0.0126086956521739
43.5 0.0124297545104999
43.6 0.0122508133688258
43.7 0.0120718722271517
43.8 0.0118929310854777
43.9 0.0117139899438036
44 0.0115350488021295
44.1 0.0113561076604555
44.2 0.0111771665187814
44.3 0.0109982253771074
44.4 0.0108192842354333
44.5 0.0106403430937592
44.6 0.0104614019520852
44.7 0.0102824608104111
44.8 0.0101035196687371
44.9 0.009924578527063
45 0.00974563738538894
45.1 0.00956669624371488
45.2 0.00938775510204082
45.3 0.00921527720399901
45.4 0.0090427993059572
45.5 0.00887032140791539
45.6 0.00869784350987358
45.7 0.00852536561183178
45.8 0.00835288771378997
45.9 0.00818040981574816
46 0.00807692307692308
46.1 0.00793778471951061
46.2 0.00779864636209814
46.3 0.00765950800468567
46.4 0.0075203696472732
46.5 0.00738123128986073
46.6 0.00724209293244826
46.7 0.00710295457503579
46.8 0.00696381621762332
46.9 0.00682467786021085
47 0.00668553950279838
47.1 0.00654640114538591
47.2 0.00640726278797344
47.3 0.00626812443056097
47.4 0.0061289860731485
47.5 0.00598984771573604
47.6 0.00593027143682179
47.7 0.00587069515790753
47.8 0.00581111887899328
47.9 0.00575154260007903
48 0.00569196632116478
48.1 0.00563239004225052
48.2 0.00557281376333627
48.3 0.00551323748442202
48.4 0.00545366120550776
48.5 0.00539408492659351
48.6 0.00533450864767926
48.7 0.00527493236876501
48.8 0.00521535608985075
48.9 0.0051557798109365
49 0.00509620353202225
49.1 0.005036627253108
49.2 0.00497705097419374
49.3 0.00491747469527949
49.4 0.00485789841636524
49.5 0.00479832213745098
49.6 0.00473874585853673
49.7 0.00467916957962248
49.8 0.00461959330070823
49.9 0.00456001702179397
50 0.00450044074287972
50.1 0.00444086446396547
50.2 0.00438128818505121
50.3 0.00432171190613696
50.4 0.00426213562722271
50.5 0.00420255934830846
50.6 0.0041429830693942
50.7 0.00408340679047995
50.8 0.004
50.9 0.00397379850816731
51 0.00394759701633462
51.1 0.00392139552450194
51.2 0.00389519403266925
51.3 0.00386899254083656
51.4 0.00384279104900387
51.5 0.00381658955717118
51.6 0.00379038806533849
51.7 0.00376418657350581
51.8 0.00373798508167312
51.9 0.00371178358984043
52 0.00368558209800774
52.1 0.00365938060617505
52.2 0.00363317911434237
52.3 0.00360697762250968
52.4 0.00358077613067699
52.5 0.0035545746388443
52.6 0.00353361344537815
52.7 0.00348300431283625
52.8 0.00343239518029434
52.9 0.00338382056925795
53 0.00335648148148148
53.1 0.003302008113984
53.2 0.00324753474648653
53.3 0.00319306137898905
53.4 0.00316037735849057
53.5 0.00307790188679245
53.6 0.00299542641509434
53.7 0.00291295094339623
53.8 0.00283047547169811
53.9 0.002748
54 0.00268525
54.1 0.0026225
54.2 0.00255975
54.3 0.002497
54.4 0.00243425
54.5 0.0023715
54.6 0.00230875
54.7 0.002246
54.8 0.00218325
54.9 0.0021205
55 0.00205775
55.1 0.001995
55.2 0.00193225
55.3 0.0018695
55.4 0.00180675
55.5 0.001744
55.6 0.0017183683877694
55.7 0.00169273677553881
55.8 0.00166710516330821
55.9 0.00164147355107761
56 0.00161584193884702
56.1 0.00159021032661642
56.2 0.00156457871438582
56.3 0.00153894710215522
56.4 0.00151331548992463
56.5 0.00148768387769403
56.6 0.00146205226546343
56.7 0.00143642065323284
56.8 0.00141078904100224
56.9 0.00138515742877164
57 0.00135952581654105
57.1 0.00133389420431045
57.2 0.00130826259207985
57.3 0.00128263097984926
57.4 0.00125699936761866
57.5 0.00123905723905724
57.6 0.00121220886472726
57.7 0.00118536049039728
57.8 0.0011585121160673
57.9 0.00113166374173731
58 0.00110481536740733
58.1 0.00108602150537634
58.2 0.00106284572963984
58.3 0.00103966995390333
58.4 0.00101649417816682
58.5 0.000993318402430316
58.6 0.00097014262669381
58.7 0.000946966850957303
58.8 0.000923791075220796
58.9 0.000900615299484289
59 0.000877439523747782
59.1 0.000854263748011275
59.2 0.000831087972274769
59.3 0.000807912196538262
59.4 0.000784736420801755
59.5 0.000761560645065248
59.6 0.000738384869328741
59.7 0.000715209093592234
59.8 0.000692033317855727
59.9 0.00066885754211922
60 0.000654952076677316
60.1 0.00063084236203219
60.2 0.000606732647387064
60.3 0.000582622932741937
60.4 0.000553691275167785
60.5 0.000532016925495083
60.6 0.000510342575822381
60.7 0.000488668226149678
60.8 0.000466993876476976
60.9 0.000445319526804274
61 0.000423645177131572
61.1 0.000401970827458869
61.2 0.000380296477786167
61.3 0.000358622128113465
61.4 0.000336947778440762
61.5 0.00031527342876806
61.6 0.000287096774193548
61.7 0.000265510550569973
61.8 0.000243924326946398
61.9 0.000222338103322823
62 0.000200751879699248
62.1 0.000179165656075672
62.2 0.000157579432452097
62.3 0.000135993208828522
62.4 0.000114406985204947
62.5 9.28207615813715e-05
62.6 7.12345379577964e-05
62.7 4.96483143342211e-05
62.8 2.80620907106458e-05
62.9 0
63 0
63.1 0
63.2 0
63.3 0
63.4 0
63.5 0
63.6 0
63.7 0
63.8 0
63.9 0
64 0
64.1 0
64.2 0
64.3 0
64.4 0
64.5 0
64.6 0
64.7 0
64.8 0
64.9 0
65 0
65.1 0
65.2 0
65.3 0
65.4 0
65.5 0
65.6 0
65.7 0
65.8 0
65.9 0
66 0
66.1 0
66.2 0
66.3 0
66.4 0
66.5 0
66.6 0
66.7 0
66.8 0
66.9 0
67 0
67.1 0
67.2 0
67.3 0
67.4 0
67.5 0
67.6 0
67.7 0
67.8 0
67.9 0
68 0
68.1 0
68.2 0
68.3 0
68.4 0
68.5 0
68.6 0
68.7 0
68.8 0
68.9 0
69 0
69.1 0
69.2 0
69.3 0
69.4 0
69.5 0
69.6 0
69.7 0
69.8 0
69.9 0
70 0
70.1 0
70.2 0
70.3 0
70.4 0
70.5 0
70.6 0
70.7 0
70.8 0
70.9 0
71 0
71.1 0
71.2 0
71.3 0
71.4 0
71.5 0
71.6 0
71.7 0
71.8 0
71.9 0
72 0
72.1 0
72.2 0
72.3 0
72.4 0
72.5 0
72.6 0
72.7 0
72.8 0
72.9 0
73 0
73.1 0
73.2 0
73.3 0
73.4 0
73.5 0
73.6 0
73.7 0
73.8 0
73.9 0
74 0
74.1 0
74.2 0
74.3 0
74.4 0
74.5 0
74.6 0
74.7 0
74.8 0
74.9 0
75 0
75.1 0
75.2 0
75.3 0
75.4 0
75.5 0
75.6 0
75.7 0
75.8 0
75.9 0
76 0
76.1 0
76.2 0
76.3 0
76.4 0
76.5 0
76.6 0
76.7 0
76.8 0
76.9 0
77 0
77.1 0
77.2 0
77.3 0
77.4 0
77.5 0
77.6 0
77.7 0
77.8 0
77.9 0
78 0
78.1 0
78.2 0
78.3 0
78.4 0
78.5 0
78.6 0
78.7 0
78.8 0
78.9 0
79 0
79.1 0
79.2 0
79.3 0
79.4 0
79.5 0
79.6 0
79.7 0
79.8 0
79.9 0
80 0
80.1 0
80.2 0
80.3 0
80.4 0
80.5 0
80.6 0
80.7 0
80.8 0
80.9 0
81 0
81.1 0
81.2 0
81.3 0
81.4 0
81.5 0
81.6 0
81.7 0
81.8 0
81.9 0
82 0
82.1 0
82.2 0
82.3 0
82.4 0
82.5 0
82.6 0
82.7 0
82.8 0
82.9 0
83 0
83.1 0
83.2 0
83.3 0
83.4 0
83.5 0
83.6 0
83.7 0
83.8 0
83.9 0
84 0
84.1 0
84.2 0
84.3 0
84.4 0
84.5 0
84.6 0
84.7 0
84.8 0
84.9 0
85 0
85.1 0
85.2 0
85.3 0
85.4 0
85.5 0
85.6 0
85.7 0
85.8 0
85.9 0
86 0
86.1 0
86.2 0
86.3 0
86.4 0
86.5 0
86.6 0
86.7 0
86.8 0
86.9 0
87 0
87.1 0
87.2 0
87.3 0
87.4 0
87.5 0
87.6 0
87.7 0
87.8 0
87.9 0
88 0
88.1 0
88.2 0
88.3 0
88.4 0
88.5 0
88.6 0
88.7 0
88.8 0
88.9 0
89 0
89.1 0
89.2 0
89.3 0
89.4 0
89.5 0
89.6 0
89.7 0
89.8 0
89.9 0
90 0
90.1 0
90.2 0
90.3 0
90.4 0
90.5 0
90.6 0
90.7 0
90.8 0
90.9 0
91 0
91.1 0
91.2 0
91.3 0
91.4 0
91.5 0
91.6 0
91.7 0
91.8 0
91.9 0
92 0
92.1 0
92.2 0
92.3 0
92.4 0
92.5 0
92.6 0
92.7 0
92.8 0
92.9 0
93 0
93.1 0
93.2 0
93.3 0
93.4 0
93.5 0
93.6 0
93.7 0
93.8 0
93.9 0
94 0
94.1 0
94.2 0
94.3 0
94.4 0
94.5 0
94.6 0
94.7 0
94.8 0
94.9 0
95 0
95.1 0
95.2 0
95.3 0
95.4 0
95.5 0
95.6 0
95.7 0
95.8 0
95.9 0
96 0
96.1 0
96.2 0
96.3 0
96.4 0
96.5 0
96.6 0
96.7 0
96.8 0
96.9 0
97 0
97.1 0
97.2 0
97.3 0
97.4 0
97.5 0
97.6 0
97.7 0
97.8 0
97.9 0
98 0
98.1 0
98.2 0
98.3 0
98.4 0
98.5 0
98.6 0
98.7 0
98.8 0
98.9 0
99 0
99.1 0
99.2 0
99.3 0
99.4 0
99.5 0
99.6 0
99.7 0
99.8 0
99.9 0
100 0
100.1 0
100.2 0
100.3 0
100.4 0
100.5 0
100.6 0
100.7 0
100.8 0
100.9 0
101 0
101.1 0
101.2 0
101.3 0
101.4 0
101.5 0
101.6 0
101.7 0
101.8 0
101.9 0
102 0
102.1 0
102.2 0
102.3 0
102.4 0
102.5 0
102.6 0
102.7 0
102.8 0
102.9 0
103 0
103.1 0
103.2 0
103.3 0
103.4 0
103.5 0
103.6 0
103.7 0
103.8 0
103.9 0
104 0
104.1 0
104.2 0
104.3 0
104.4 0
104.5 0
104.6 0
104.7 0
104.8 0
104.9 0
105 0
105.1 0
105.2 0
105.3 0
105.4 0
105.5 0
105.6 0
105.7 0
105.8 0
105.9 0
106 0
106.1 0
106.2 0
106.3 0
106.4 0
106.5 0
106.6 0
106.7 0
106.8 0
106.9 0
107 0
107.1 0
107.2 0
107.3 0
107.4 0
107.5 0
107.6 0
107.7 0
107.8 0
107.9 0
108 0
108.1 0
108.2 0
108.3 0
108.4 0
108.5 0
108.6 0
108.7 0
108.8 0
108.9 0
109 0
109.1 0
109.2 0
109.3 0
109.4 0
109.5 0
109.6 0
109.7 0
109.8 0
109.9 0
110 0
110.1 0
110.2 0
110.3 0
110.4 0
110.5 0
110.6 0
110.7 0
110.8 0
110.9 0
111 0
111.1 0
111.2 0
111.3 0
111.4 0
111.5 0
111.6 0
111.7 0
111.8 0
111.9 0
112 0
112.1 0
112.2 0
112.3 0
112.4 0
112.5 0
112.6 0
112.7 0
112.8 0
112.9 0
113 0
113.1 0
113.2 0
113.3 0
113.4 0
113.5 0
113.6 0
113.7 0
113.8 0
113.9 0
114 0
114.1 0
114.2 0
114.3 0
114.4 0
114.5 0
114.6 0
114.7 0
114.8 0
114.9 0
115 0
115.1 0
115.2 0
115.3 0
115.4 0
115.5 0
115.6 0
115.7 0
115.8 0
115.9 0
116 0
116.1 0
116.2 0
116.3 0
116.4 0
116.5 0
116.6 0
116.7 0
116.8 0
116.9 0
117 0
117.1 0
117.2 0
117.3 0
117.4 0
117.5 0
117.6 0
117.7 0
117.8 0
117.9 0
118 0
118.1 0
118.2 0
118.3 0
118.4 0
118.5 0
118.6 0
118.7 0
118.8 0
118.9 0
119 0
119.1 0
119.2 0
119.3 0
119.4 0
119.5 0
119.6 0
119.7 0
119.8 0
119.9 0
120 0
120.1 0
120.2 0
120.3 0
120.4 0
120.5 0
120.6 0
120.7 0
120.8 0
120.9 0
121 0
121.1 0
121.2 0
121.3 0
121.4 0
121.5 0
121.6 0
121.7 0
121.8 0
121.9 0
122 0
122.1 0
122.2 0
122.3 0
122.4 0
122.5 0
122.6 0
122.7 0
122.8 0
122.9 0
123 0
123.1 0
123.2 0
123.3 0
123.4 0
123.5 0
123.6 0
123.7 0
123.8 0
123.9 0
124 0
124.1 0
124.2 0
124.3 0
124.4 0
124.5 0
124.6 0
124.7 0
124.8 0
124.9 0
125 0
125.1 0
125.2 0
125.3 0
125.4 0
125.5 0
125.6 0
125.7 0
125.8 0
125.9 0
126 0
126.1 0
126.2 0
126.3 0
126.4 0
126.5 0
126.6 0
126.7 0
126.8 0
126.9 0
127 0
127.1 0
127.2 0
127.3 0
127.4 0
127.5 0
127.6 0
127.7 0
127.8 0
127.9 0
128 0
128.1 0
128.2 0
128.3 0
128.4 0
128.5 0
128.6 0
128.7 0
128.8 0
128.9 0
129 0
129.1 0
129.2 0
129.3 0
129.4 0
129.5 0
129.6 0
129.7 0
129.8 0
129.9 0
130 0
130.1 0
130.2 0
130.3 0
130.4 0
130.5 0
130.6 0
130.7 0
130.8 0
130.9 0
131 0
131.1 0
131.2 0
131.3 0
131.4 0
131.5 0
131.6 0
131.7 0
131.8 0
131.9 0
132 0
132.1 0
132.2 0
132.3 0
132.4 0
132.5 0
132.6 0
132.7 0
132.8 0
132.9 0
133 0
133.1 0
133.2 0
133.3 0
133.4 0
133.5 0
133.6 0
133.7 0
133.8 0
133.9 0
134 0
134.1 0
134.2 0
134.3 0
134.4 0
134.5 0
134.6 0
134.7 0
134.8 0
134.9 0
135 0
135.1 0
135.2 0
135.3 0
135.4 0
135.5 0
135.6 0
135.7 0
135.8 0
135.9 0
136 0
136.1 0
136.2 0
136.3 0
136.4 0
136.5 0
136.6 0
136.7 0
136.8 0
136.9 0
137 0
137.1 0
137.2 0
137.3 0
137.4 0
137.5 0
137.6 0
137.7 0
137.8 0
137.9 0
138 0
138.1 0
138.2 0
138.3 0
138.4 0
138.5 0
138.6 0
138.7 0
138.8 0
138.9 0
139 0
139.1 0
139.2 0
139.3 0
139.4 0
139.5 0
139.6 0
139.7 0
139.8 0
139.9 0
140 0
140.1 0
140.2 0
140.3 0
140.4 0
140.5 0
140.6 0
140.7 0
140.8 0
140.9 0
141 0
141.1 0
141.2 0
141.3 0
141.4 0
141.5 0
141.6 0
141.7 0
141.8 0
141.9 0
142 0
142.1 0
142.2 0
142.3 0
142.4 0
142.5 0
142.6 0
142.7 0
142.8 0
142.9 0
143 0
143.1 0
143.2 0
143.3 0
143.4 0
143.5 0
143.6 0
143.7 0
143.8 0
143.9 0
144 0
144.1 0
144.2 0
144.3 0
144.4 0
144.5 0
144.6 0
144.7 0
144.8 0
144.9 0
145 0
145.1 0
145.2 0
145.3 0
145.4 0
145.5 0
145.6 0
145.7 0
145.8 0
145.9 0
146 0
146.1 0
146.2 0
146.3 0
146.4 0
146.5 0
146.6 0
146.7 0
146.8 0
146.9 0
147 0
147.1 0
147.2 0
147.3 0
147.4 0
147.5 0
147.6 0
147.7 0
147.8 0
147.9 0
148 0
148.1 0
148.2 0
148.3 0
148.4 0
148.5 0
148.6 0
148.7 0
148.8 0
148.9 0
149 0
149.1 0
149.2 0
149.3 0
149.4 0
149.5 0
149.6 0
149.7 0
149.8 0
149.9 0
150 0
150.1 0
150.2 0
150.3 0
150.4 0
150.5 0
150.6 0
150.7 0
150.8 0
150.9 0
151 0
151.1 0
151.2 0
151.3 0
151.4 0
151.5 0
151.6 0
151.7 0
151.8 0
151.9 0
152 0
152.1 0
152.2 0
152.3 0
152.4 0
152.5 0
152.6 0
152.7 0
152.8 0
152.9 0
153 0
153.1 0
153.2 0
153.3 0
153.4 0
153.5 0
153.6 0
153.7 0
153.8 0
153.9 0
154 0
154.1 0
154.2 0
154.3 0
154.4 0
154.5 0
154.6 0
154.7 0
154.8 0
154.9 0
155 0
155.1 0
155.2 0
155.3 0
155.4 0
155.5 0
155.6 0
155.7 0
155.8 0
155.9 0
156 0
156.1 0
156.2 0
156.3 0
156.4 0
156.5 0
156.6 0
156.7 0
156.8 0
156.9 0
157 0
157.1 0
157.2 0
157.3 0
157.4 0
157.5 0
157.6 0
157.7 0
157.8 0
157.9 0
158 0
158.1 0
158.2 0
158.3 0
158.4 0
158.5 0
158.6 0
158.7 0
158.8 0
158.9 0
159 0
159.1 0
159.2 0
159.3 0
159.4 0
159.5 0
159.6 0
159.7 0
159.8 0
159.9 0
160 0
160.1 0
160.2 0
160.3 0
160.4 0
160.5 0
160.6 0
160.7 0
160.8 0
160.9 0
161 0
161.1 0
161.2 0
161.3 0
161.4 0
161.5 0
161.6 0
161.7 0
161.8 0
161.9 0
162 0
162.1 0
162.2 0
162.3 0
162.4 0
162.5 0
162.6 0
162.7 0
162.8 0
162.9 0
163 0
163.1 0
163.2 0
163.3 0
163.4 0
163.5 0
163.6 0
163.7 0
163.8 0
163.9 0
164 0
164.1 0
164.2 0
164.3 0
164.4 0
164.5 0
164.6 0
164.7 0
164.8 0
164.9 0
165 0
165.1 0
165.2 0
165.3 0
165.4 0
165.5 0
165.6 0
165.7 0
165.8 0
165.9 0
166 0
166.1 0
166.2 0
166.3 0
166.4 0
166.5 0
166.6 0
166.7 0
166.8 0
166.9 0
167 0
167.1 0
167.2 0
167.3 0
167.4 0
167.5 0
167.6 0
167.7 0
167.8 0
167.9 0
168 0
168.1 0
168.2 0
168.3 0
168.4 0
168.5 0
168.6 0
168.7 0
168.8 0
168.9 0
169 0
169.1 0
169.2 0
169.3 0
169.4 0
169.5 0
169.6 0
169.7 0
169.8 0
169.9 0
170 0
170.1 0
170.2 0
170.3 0
170.4 0
170.5 0
170.6 0
170.7 0
170.8 0
170.9 0
171 0
171.1 0
171.2 0
171.3 0
171.4 0
171.5 0
171.6 0
171.7 0
171.8 0
171.9 0
172 0
172.1 0
172.2 0
172.3 0
172.4 0
172.5 0
172.6 0
172.7 0
172.8 0
172.9 0
173 0
173.1 0
173.2 0
173.3 0
173.4 0
173.5 0
173.6 0
173.7 0
173.8 0
173.9 0
174 0
174.1 0
174.2 0
174.3 0
174.4 0
174.5 0
174.6 0
174.7 0
174.8 0
174.9 0
175 0
175.1 0
175.2 0
175.3 0
175.4 0
175.5 0
175.6 0
175.7 0
175.8 0
175.9 0
176 0
176.1 0
176.2 0
176.3 0
176.4 0
176.5 0
176.6 0
176.7 0
176.8 0
176.9 0
177 0
177.1 0
177.2 0
177.3 0
177.4 0
177.5 0
177.6 0
177.7 0
177.8 0
177.9 0
178 0
178.1 0
178.2 0
178.3 0
178.4 0
178.5 0
178.6 0
178.7 0
178.8 0
178.9 0
179 0
179.1 0
179.2 0
179.3 0
179.4 0
179.5 0
179.6 0
179.7 0
179.8 0
179.9 0
180 0
180.1 0
180.2 0
180.3 0
180.4 0
180.5 0
180.6 0
180.7 0
180.8 0
180.9 0
181 0
181.1 0
181.2 0
181.3 0
181.4 0
181.5 0
181.6 0
181.7 0
181.8 0
181.9 0
182 0
182.1 0
182.2 0
182.3 0
182.4 0
182.5 0
182.6 0
182.7 0
182.8 0
182.9 0
183 0
183.1 0
183.2 0
183.3 0
183.4 0
183.5 0
183.6 0
183.7 0
183.8 0
183.9 0
184 0
184.1 0
184.2 0
184.3 0
184.4 0
184.5 0
184.6 0
184.7 0
184.8 0
184.9 0
185 0
185.1 0
185.2 0
185.3 0
185.4 0
185.5 0
185.6 0
185.7 0
185.8 0
185.9 0
186 0
186.1 0
186.2 0
186.3 0
186.4 0
186.5 0
186.6 0
186.7 0
186.8 0
186.9 0
187 0
187.1 0
187.2 0
187.3 0
187.4 0
187.5 0
187.6 0
187.7 0
187.8 0
187.9 0
188 0
188.1 0
188.2 0
188.3 0
188.4 0
188.5 0
188.6 0
188.7 0
188.8 0
188.9 0
189 0
189.1 0
189.2 0
189.3 0
189.4 0
189.5 0
189.6 0
189.7 0
189.8 0
189.9 0
190 0
190.1 0
190.2 0
190.3 0
190.4 0
190.5 0
190.6 0
190.7 0
190.8 0
190.9 0
191 0
191.1 0
191.2 0
191.3 0
191.4 0
191.5 0
191.6 0
191.7 0
191.8 0
191.9 0
192 0
192.1 0
192.2 0
192.3 0
192.4 0
192.5 0
192.6 0
192.7 0
192.8 0
192.9 0
193 0
193.1 0
193.2 0
193.3 0
193.4 0
193.5 0
193.6 0
193.7 0
193.8 0
193.9 0
194 0
194.1 0
194.2 0
194.3 0
194.4 0
194.5 0
194.6 0
194.7 0
194.8 0
194.9 0
195 0
195.1 0
195.2 0
195.3 0
195.4 0
195.5 0
195.6 0
195.7 0
195.8 0
195.9 0
196 0
196.1 0
196.2 0
196.3 0
196.4 0
196.5 0
196.6 0
196.7 0
196.8 0
196.9 0
197 0
197.1 0
197.2 0
197.3 0
197.4 0
197.5 0
197.6 0
197.7 0
197.8 0
197.9 0
198 0
198.1 0
198.2 0
198.3 0
198.4 0
198.5 0
198.6 0
198.7 0
198.8 0
198.9 0
199 0
199.1 0
199.2 0
199.3 0
199.4 0
199.5 0
199.6 0
199.7 0
199.8 0
199.9 0
200 0
200.1 0
200.2 0
200.3 0
200.4 0
200.5 0
200.6 0
200.7 0
200.8 0
200.9 0
201 0
201.1 0
201.2 0
201.3 0
201.4 0
201.5 0
201.6 0
201.7 0
201.8 0
201.9 0
202 0
202.1 0
202.2 0
202.3 0
202.4 0
202.5 0
202.6 0
202.7 0
202.8 0
202.9 0
203 0
203.1 0
203.2 0
203.3 0
203.4 0
203.5 0
203.6 0
203.7 0
203.8 0
203.9 0
204 0
204.1 0
204.2 0
204.3 0
204.4 0
204.5 0
204.6 0
204.7 0
204.8 0
204.9 0
205 0
205.1 0
205.2 0
205.3 0
205.4 0
205.5 0
205.6 0
205.7 0
205.8 0
205.9 0
206 0
206.1 0
206.2 0
206.3 0
206.4 0
206.5 0
206.6 0
206.7 0
206.8 0
206.9 0
207 0
207.1 0
207.2 0
207.3 0
207.4 0
207.5 0
207.6 0
207.7 0
207.8 0
207.9 0
208 0
208.1 0
208.2 0
208.3 0
208.4 0
208.5 0
208.6 0
208.7 0
208.8 0
208.9 0
209 0
209.1 0
209.2 0
209.3 0
209.4 0
209.5 0
209.6 0
209.7 0
209.8 0
209.9 0
210 0
210.1 0
210.2 0
210.3 0
210.4 0
210.5 0
210.6 0
210.7 0
210.8 0
210.9 0
211 0
211.1 0
211.2 0
211.3 0
211.4 0
211.5 0
211.6 0
211.7 0
211.8 0
211.9 0
212 0
212.1 0
212.2 0
212.3 0
212.4 0
212.5 0
212.6 0
212.7 0
212.8 0
212.9 0
213 0
213.1 0
213.2 0
213.3 0
213.4 0
213.5 0
213.6 0
213.7 0
213.8 0
213.9 0
214 0
214.1 0
214.2 0
214.3 0
214.4 0
214.5 0
214.6 0
214.7 0
214.8 0
214.9 0
215 0
215.1 0
215.2 0
215.3 0
215.4 0
215.5 0
215.6 0
215.7 0
215.8 0
215.9 0
216 0
216.1 0
216.2 0
216.3 0
216.4 0
216.5 0
216.6 0
216.7 0
216.8 0
216.9 0
217 0
217.1 0
217.2 0
217.3 0
217.4 0
217.5 0
217.6 0
217.7 0
217.8 0
217.9 0
218 0
218.1 0
218.2 0
218.3 0
218.4 0
218.5 0
218.6 0
218.7 0
218.8 0
218.9 0
219 0
219.1 0
219.2 0
219.3 0
219.4 0
219.5 0
219.6 0
219.7 0
219.8 0
219.9 0
220 0
220.1 0
220.2 0
220.3 0
220.4 0
220.5 0
220.6 0
220.7 0
220.8 0
220.9 0
221 0
221.1 0
221.2 0
221.3 0
221.4 0
221.5 0
221.6 0
221.7 0
221.8 0
221.9 0
222 0
222.1 0
222.2 0
222.3 0
222.4 0
222.5 0
222.6 0
222.7 0
222.8 0
222.9 0
223 0
223.1 0
223.2 0
223.3 0
223.4 0
223.5 0
223.6 0
223.7 0
223.8 0
223.9 0
224 0
224.1 0
224.2 0
224.3 0
224.4 0
224.5 0
224.6 0
224.7 0
224.8 0
224.9 0
225 0
225.1 0
225.2 0
225.3 0
225.4 0
225.5 0
225.6 0
225.7 0
225.8 0
225.9 0
226 0
226.1 0
226.2 0
226.3 0
226.4 0
226.5 0
226.6 0
226.7 0
226.8 0
226.9 0
227 0
227.1 0
227.2 0
227.3 0
227.4 0
227.5 0
227.6 0
227.7 0
227.8 0
227.9 0
228 0
228.1 0
228.2 0
228.3 0
228.4 0
228.5 0
228.6 0
228.7 0
228.8 0
228.9 0
229 0
229.1 0
229.2 0
229.3 0
229.4 0
229.5 0
229.6 0
229.7 0
229.8 0
229.9 0
230 0
230.1 0
230.2 0
230.3 0
230.4 0
230.5 0
230.6 0
230.7 0
230.8 0
230.9 0
231 0
231.1 0
231.2 0
231.3 0
231.4 0
231.5 0
231.6 0
231.7 0
231.8 0
231.9 0
232 0
232.1 0
232.2 0
232.3 0
232.4 0
232.5 0
232.6 0
232.7 0
232.8 0
232.9 0
233 0
233.1 0
233.2 0
233.3 0
233.4 0
233.5 0
233.6 0
233.7 0
233.8 0
233.9 0
234 0
234.1 0
234.2 0
234.3 0
234.4 0
234.5 0
234.6 0
234.7 0
234.8 0
234.9 0
235 0
235.1 0
235.2 0
235.3 0
235.4 0
235.5 0
235.6 0
235.7 0
235.8 0
235.9 0
236 0
236.1 0
236.2 0
236.3 0
236.4 0
236.5 0
236.6 0
236.7 0
236.8 0
236.9 0
237 0
237.1 0
237.2 0
237.3 0
