0 0.2
0.1 0.2
0.2 0.199693669162696
0.3 0.199387338325391
0.4 0.199081007488087
0.5 0.198774676650783
0.6 0.198468345813479
0.7 0.198162014976174
0.8 0.19785568413887
0.9 0.197549353301566
1 0.197243022464261
1.1 0.196936691626957
1.2 0.196630360789653
1.3 0.196324029952349
1.4 0.196017699115044
1.5 0.19571136827774
1.6 0.195405037440436
1.7 0.195098706603131
1.8 0.194792375765827
1.9 0.194486044928523
2 0.194179714091219
2.1 0.193873383253914
2.2 0.19356705241661
2.3 0.193260721579306
2.4 0.193076923076923
2.5 0.192746543426782
2.6 0.19241616377664
2.7 0.192085784126499
2.8 0.191755404476358
2.9 0.191425024826216
3 0.191094645176075
3.1 0.190764265525934
3.2 0.190566037735849
3.3 0.190237058538945
3.4 0.189908079342042
3.5 0.189579100145138
3.6 0.189250120948234
3.7 0.18892114175133
3.8 0.188592162554427
3.9 0.188263183357523
4 0.188120410967869
4.1 0.187676953914242
4.2 0.187233496860615
4.3 0.186923076923077
4.4 0.186610256410256
4.5 0.186297435897436
4.6 0.185984615384615
4.7 0.185671794871795
4.8 0.185358974358974
4.9 0.185046153846154
5 0.184733333333333
5.1 0.184420512820513
5.2 0.184107692307692
5.3 0.183794871794872
5.4 0.183482051282051
5.5 0.183169230769231
5.6 0.18285641025641
5.7 0.18254358974359
5.8 0.182230769230769
5.9 0.181917948717949
6 0.181605128205128
6.1 0.181292307692308
6.2 0.180979487179487
6.3 0.180666666666667
6.4 0.180371073776479
6.5 0.180075480886292
6.6 0.179779887996104
6.7 0.179484295105917
6.8 0.179188702215729
6.9 0.178893109325542
7 0.178597516435354
7.1 0.178301923545167
7.2 0.178006330654979
7.3 0.177710737764792
7.4 0.177415144874604
7.5 0.177119551984417
7.6 0.176823959094229
7.7 0.176528366204042
7.8 0.176232773313854
7.9 0.175937180423667
8 0.175641587533479
8.1 0.175345994643292
8.2 0.175050401753104
8.3 0.174754808862917
8.4 0.174459215972729
8.5 0.174163623082542
8.6 0.173868030192354
8.7 0.173572437302167
8.8 0.173276844411979
8.9 0.172981251521792
9 0.172685658631605
9.1 0.172390065741417
9.2 0.17209447285123
9.3 0.171798879961042
9.4 0.171503287070855
9.5 0.171207694180667
9.6 0.17091210129048
9.7 0.170616508400292
9.8 0.170320915510105
9.9 0.170025322619917
10 0.16972972972973
10.1 0.169416087174708
10.2 0.169102444619686
10.3 0.168788802064664
10.4 0.168475159509642
10.5 0.16816151695462
10.6 0.167847874399599
10.7 0.167534231844577
10.8 0.167220589289555
10.9 0.166906946734533
11 0.166593304179511
11.1 0.166279661624489
11.2 0.165966019069467
11.3 0.165652376514446
11.4 0.165338733959424
11.5 0.165025091404402
11.6 0.16471144884938
11.7 0.164397806294358
11.8 0.164084163739336
11.9 0.163770521184314
12 0.163456878629292
12.1 0.163143236074271
12.2 0.162829593519249
12.3 0.162515950964227
12.4 0.162202308409205
12.5 0.161888665854183
12.6 0.161575023299161
12.7 0.161261380744139
12.8 0.160947738189118
12.9 0.160634095634096
13 0.160320453079074
13.1 0.160006810524052
13.2 0.15969316796903
13.3 0.159379525414008
13.4 0.159065882858986
13.5 0.158752240303964
13.6 0.158438597748943
13.7 0.158124955193921
13.8 0.157811312638899
13.9 0.157497670083877
14 0.157184027528855
14.1 0.156870384973833
14.2 0.156556742418811
14.3 0.15624309986379
14.4 0.155929457308768
14.5 0.155615814753746
14.6 0.155302172198724
14.7 0.154988529643702
14.8 0.15467488708868
14.9 0.154361244533658
15 0.154047601978637
15.1 0.153733959423615
15.2 0.153420316868593
15.3 0.153106674313571
15.4 0.152793031758549
15.5 0.152479389203527
15.6 0.152165746648505
15.7 0.151852104093483
15.8 0.151538461538462
15.9 0.15123384253819
16 0.150929223537919
16.1 0.150624604537648
16.2 0.150319985537377
16.3 0.150015366537106
16.4 0.149710747536834
16.5 0.149406128536563
16.6 0.149101509536292
16.7 0.148796890536021
16.8 0.14849227153575
16.9 0.148187652535479
17 0.147883033535207
17.1 0.147578414534936
17.2 0.147273795534665
17.3 0.146969176534394
17.4 0.146664557534123
17.5 0.146359938533852
17.6 0.14605531953358
17.7 0.145750700533309
17.8 0.145446081533038
17.9 0.145141462532767
18 0.144836843532496
18.1 0.144532224532224
18.2 0.144227605531953
18.3 0.143922986531682
18.4 0.143618367531411
18.5 0.14331374853114
18.6 0.143009129530869
18.7 0.142704510530597
18.8 0.142399891530326
18.9 0.142095272530055
19 0.141790653529784
19.1 0.141486034529513
19.2 0.141181415529241
19.3 0.14087679652897
19.4 0.140572177528699
19.5 0.140267558528428
19.6 0.139962939528157
19.7 0.139658320527886
19.8 0.139353701527614
19.9 0.139049082527343
20 0.138744463527072
20.1 0.138439844526801
20.2 0.13813522552653
20.3 0.137830606526259
20.4 0.137525987525987
20.5 0.137221368525716
20.6 0.136916749525445
20.7 0.136612130525174
20.8 0.136307511524903
20.9 0.136002892524631
21 0.13569827352436
21.1 0.135393654524089
21.2 0.135089035523818
21.3 0.134784416523547
21.4 0.134479797523276
21.5 0.134175178523004
21.6 0.133870559522733
21.7 0.133565940522462
21.8 0.133261321522191
21.9 0.13295670252192
22 0.132652083521649
22.1 0.132347464521377
22.2 0.132042845521106
22.3 0.131738226520835
22.4 0.131433607520564
22.5 0.131128988520293
22.6 0.130824369520021
22.7 0.13051975051975
22.8 0.130215131519479
22.9 0.129910512519208
23 0.129605893518937
23.1 0.129301274518666
23.2 0.128996655518394
23.3 0.128692036518123
23.4 0.128387417517852
23.5 0.128082798517581
23.6 0.12777817951731
23.7 0.127473560517039
23.8 0.127168941516767
23.9 0.126864322516496
24 0.126559703516225
24.1 0.126255084515954
24.2 0.125950465515683
24.3 0.125645846515412
24.4 0.12534122751514
24.5 0.125036608514869
24.6 0.124731989514598
24.7 0.124427370514327
24.8 0.124122751514056
24.9 0.123818132513785
25 0.123513513513513
25.1 0.123209459459459
25.2 0.122905405405405
25.3 0.122601351351351
25.4 0.122297297297297
25.5 0.121993243243243
25.6 0.121689189189189
25.7 0.121385135135135
25.8 0.121081081081081
25.9 0.120777027027027
26 0.120472972972973
26.1 0.120168918918919
26.2 0.119864864864865
26.3 0.119560810810811
26.4 0.119256756756757
26.5 0.118952702702703
26.6 0.118648648648649
26.7 0.118344594594595
26.8 0.118040540540541
26.9 0.117736486486487
27 0.117432432432432
27.1 0.117128378378378
27.2 0.116824324324324
27.3 0.11652027027027
27.4 0.116216216216216
27.5 0.115912162162162
27.6 0.115608108108108
27.7 0.115304054054054
27.8 0.115
27.9 0.114688715953307
28 0.114377431906615
28.1 0.114066147859922
28.2 0.11375486381323
28.3 0.113443579766537
28.4 0.113132295719844
28.5 0.112821011673152
28.6 0.112509727626459
28.7 0.112198443579767
28.8 0.111887159533074
28.9 0.111575875486381
29 0.111264591439689
29.1 0.110953307392996
29.2 0.110642023346304
29.3 0.110330739299611
29.4 0.110019455252918
29.5 0.109708171206226
29.6 0.109396887159533
29.7 0.10908560311284
29.8 0.108774319066148
29.9 0.108463035019455
30 0.108151750972763
30.1 0.10784046692607
30.2 0.107529182879377
30.3 0.107217898832685
30.4 0.107
30.5 0.106200446204123
30.6 0.105400892408245
30.7 0.104601338612368
30.8 0.103801784816491
30.9 0.103002231020613
31 0.102202677224736
31.1 0.101403123428859
31.2 0.100603569632981
31.3 0.099804015837104
31.4 0.0990044620412267
31.5 0.0982049082453494
31.6 0.097405354449472
31.7 0.0966058006535947
31.8 0.0958062468577174
31.9 0.0950066930618401
32 0.0942071392659627
32.1 0.0934075854700854
32.2 0.0926080316742081
32.3 0.0918084778783307
32.4 0.0910089240824534
32.5 0.0902093702865761
32.6 0.0894098164906988
32.7 0.0886102626948214
32.8 0.0878107088989441
32.9 0.0870111551030668
33 0.0862116013071895
33.1 0.0854120475113122
33.2 0.0846124937154348
33.3 0.0838129399195575
33.4 0.0830133861236802
33.5 0.0822138323278029
33.6 0.0814142785319255
33.7 0.0806147247360482
33.8 0.0798151709401709
33.9 0.0790156171442936
34 0.0782160633484162
34.1 0.0774165095525389
34.2 0.0766169557566616
34.3 0.0758174019607843
34.4 0.0750178481649069
34.5 0.0742182943690296
34.6 0.0734187405731523
34.7 0.072619186777275
34.8 0.0718196329813976
34.9 0.0710200791855203
35 0.070220525389643
35.1 0.0694209715937657
35.2 0.0686214177978883
35.3 0.067821864002011
35.4 0.0670223102061337
35.5 0.0662227564102564
35.6 0.0654232026143791
35.7 0.0646236488185017
35.8 0.0635042735042735
35.9 0.0627626024768882
36 0.0620209314495029
36.1 0.0612792604221176
36.2 0.0605375893947322
36.3 0.0597959183673469
36.4 0.0589955954623348
36.5 0.0581952725573227
36.6 0.0573949496523106
36.7 0.0565946267472985
36.8 0.0557943038422864
36.9 0.0549939809372743
37 0.0541936580322622
37.1 0.0533933351272501
37.2 0.052593012222238
37.3 0.0517926893172258
37.4 0.0509923664122137
37.5 0.0503856065326894
37.6 0.0497788466531651
37.7 0.0491720867736408
37.8 0.0485653268941164
37.9 0.0479585670145921
38 0.0473518071350678
38.1 0.0467450472555435
38.2 0.0461382873760191
38.3 0.0455315274964948
38.4 0.0449247676169705
38.5 0.0443180077374462
38.6 0.0437112478579218
38.7 0.0431044879783975
38.8 0.0424977280988732
38.9 0.0418909682193488
39 0.0412842083398245
39.1 0.0406774484603002
39.2 0.0400706885807759
39.3 0.0394639287012515
39.4 0.0388571688217272
39.5 0.0382504089422029
39.6 0.0376436490626785
39.7 0.0370368891831542
39.8 0.0364301293036299
39.9 0.0358233694241055
40 0.0352166095445812
40.1 0.0346098496650569
40.2 0.0340030897855326
40.3 0.0333963299060082
40.4 0.0327895700264839
40.5 0.0321828101469596
40.6 0.0315760502674352
40.7 0.0309692903879109
40.8 0.0303625305083866
40.9 0.0297557706288623
41 0.0291490107493379
41.1 0.0285422508698136
41.2 0.0279354909902893
41.3 0.0273287311107649
41.4 0.0267219712312406
41.5 0.0261152113517163
41.6 0.0255084514721919
41.7 0.0249016915926676
41.8 0.0242949317131433
41.9 0.0238095238095238
42 0.0232781228433402
42.1 0.0227467218771567
42.2 0.0222153209109731
42.3 0.0216839199447895
42.4 0.0211525189786059
42.5 0.0206211180124224
42.6 0.0200897170462388
42.7 0.0195583160800552
42.8 0.0190269151138716
42.9 0.018495514147688
43 0.0179641131815045
43.1 0.0174327122153209
43.2 0.0169013112491373
43.3 0.0163699102829537
43.4 0.0158385093167702
43.5 0.0154772996154984
43.6 0.0151160899142266
43.7 0.0147548802129547
43.8 0.0143936705116829
43.9 0.0140324608104111
44 0.0136712511091393
44.1 0.0133100414078675
44.2 0.0129488317065957
44.3 0.0125876220053239
44.4 0.0122264123040521
44.5 0.0118652026027802
44.6 0.0115039929015084
44.7 0.0111427832002366
44.8 0.0107815734989648
44.9 0.010420363797693
45 0.0100591540964212
45.1 0.00969794439514937
45.2 0.00933673469387755
45.3 0.00929387341981327
45.4 0.00925101214574899
45.5 0.00920815087168471
45.6 0.00916528959762043
45.7 0.00912242832355614
45.8 0.00907956704949186
45.9 0.00903670577542758
46 0.00901098901098901
46.1 0.00891110243394507
46.2 0.00881121585690114
46.3 0.0087113292798572
46.4 0.00861144270281326
46.5 0.00851155612576933
46.6 0.00841166954872539
46.7 0.00831178297168145
46.8 0.00821189639463751
46.9 0.00811200981759357
47 0.00801212324054964
47.1 0.0079122366635057
47.2 0.00781235008646176
47.3 0.00771246350941782
47.4 0.00761257693237388
47.5 0.00751269035532995
47.6 0.00744657231553225
47.7 0.00738045427573456
47.8 0.00731433623593687
47.9 0.00724821819613917
48 0.00718210015634148
48.1 0.00711598211654378
48.2 0.00704986407674609
48.3 0.00698374603694839
48.4 0.0069176279971507
48.5 0.00685150995735301
48.6 0.00678539191755531
48.7 0.00671927387775762
48.8 0.00665315583795992
48.9 0.00658703779816223
49 0.00652091975836453
49.1 0.00645480171856684
49.2 0.00638868367876915
49.3 0.00632256563897145
49.4 0.00625644759917375
49.5 0.00619032955937606
49.6 0.00612421151957837
49.7 0.00605809347978067
49.8 0.00599197543998298
49.9 0.00592585740018528
50 0.00585973936038759
50.1 0.00579362132058989
50.2 0.0057275032807922
50.3 0.0056613852409945
50.4 0.00559526720119681
50.5 0.00552914916139911
50.6 0.00546303112160142
50.7 0.00539691308180373
50.8 0.00530434782608696
50.9 0.00527308666505195
51 0.00524182550401695
51.1 0.00521056434298194
51.2 0.00517930318194694
51.3 0.00514804202091193
51.4 0.00511678085987693
51.5 0.00508551969884192
51.6 0.00505425853780692
51.7 0.00502299737677191
51.8 0.00499173621573691
51.9 0.0049604750547019
52 0.0049292138936669
52.1 0.00489795273263189
52.2 0.00486669157159689
52.3 0.00483543041056188
52.4 0.00480416924952687
52.5 0.00477290808849187
52.6 0.00474789915966387
52.7 0.00472733537859588
52.8 0.0047067715975279
52.9 0.00468416750497743
53 0.00467592592592593
53.1 0.00464933224629241
53.2 0.0046227385666589
53.3 0.00459614488702539
53.4 0.00458018867924528
53.5 0.00448815094339623
53.6 0.00439611320754717
53.7 0.00430407547169811
53.8 0.00421203773584905
53.9 0.00412
54 0.004034
54.1 0.003948
54.2 0.003862
54.3 0.003776
54.4 0.00369
54.5 0.003604
54.6 0.003518
54.7 0.003432
54.8 0.003346
54.9 0.00326
55 0.003174
55.1 0.003088
55.2 0.003002
55.3 0.002916
55.4 0.00283
55.5 0.002744
55.6 0.0027183683877694
55.7 0.00269273677553881
55.8 0.00266710516330821
55.9 0.00264147355107761
56 0.00261584193884702
56.1 0.00259021032661642
56.2 0.00256457871438582
56.3 0.00253894710215523
56.4 0.00251331548992463
56.5 0.00248768387769403
56.6 0.00246205226546343
56.7 0.00243642065323284
56.8 0.00241078904100224
56.9 0.00238515742877164
57 0.00235952581654105
57.1 0.00233389420431045
57.2 0.00230826259207985
57.3 0.00228263097984926
57.4 0.00225699936761866
57.5 0.00223905723905724
57.6 0.00221220886472726
57.7 0.00218536049039728
57.8 0.0021585121160673
57.9 0.00213166374173731
58 0.00210481536740733
58.1 0.00208602150537634
58.2 0.00208139669325934
58.3 0.00207677188114233
58.4 0.00207214706902532
58.5 0.00206752225690831
58.6 0.00206289744479131
58.7 0.0020582726326743
58.8 0.00205364782055729
58.9 0.00204902300844028
59 0.00204439819632327
59.1 0.00203977338420627
59.2 0.00203514857208926
59.3 0.00203052375997225
59.4 0.00202589894785524
59.5 0.00202127413573824
59.6 0.00201664932362123
59.7 0.00201202451150422
59.8 0.00200739969938721
59.9 0.0020027748872702
60 0.002
60.1 0.002
60.2 0.002
60.3 0.002
60.4 0.002
60.5 0.002
60.6 0.002
60.7 0.002
60.8 0.002
60.9 0.002
61 0.002
61.1 0.002
61.2 0.002
61.3 0.002
61.4 0.002
61.5 0.002
61.6 0.002
61.7 0.002
61.8 0.002
61.9 0.002
62 0.002
62.1 0.002
62.2 0.002
62.3 0.002
62.4 0.002
62.5 0.002
62.6 0.002
62.7 0.002
62.8 0.002
62.9 0.002
63 0.00196586914229155
63.1 0.00193173828458309
63.2 0.00189760742687464
63.3 0.00186347656916618
63.4 0.00182934571145773
63.5 0.00179521485374927
63.6 0.00176108399604082
63.7 0.00171671388101983
63.8 0.00168173214124483
63.9 0.00164675040146983
64 0.00161176866169483
64.1 0.00157678692191982
64.2 0.00154180518214482
64.3 0.00150682344236982
64.4 0.00147184170259482
64.5 0.00143685996281982
64.6 0.00140187822304482
64.7 0.00136689648326981
64.8 0.00133191474349481
64.9 0.00129693300371981
65 0.00126195126394481
65.1 0.00122696952416981
65.2 0.00119198778439481
65.3 0.0011570060446198
65.4 0.0011220243048448
65.5 0.0010870425650698
65.6 0.0010520608252948
65.7 0.0010170790855198
65.8 0.000982097345744797
65.9 0.000947115605969794
66 0.000901639344262295
66.1 0.000872095277796626
66.2 0.000845505617977528
66.3 0.000809875446978005
66.4 0.000774245275978481
66.5 0.000738615104978958
66.6 0.000702984933979434
66.7 0.000667354762979911
66.8 0.000631724591980388
66.9 0.000596094420980864
67 0.000560464249981341
67.1 0.000510582010582011
67.2 0.000502525252525253
67.3 0.000465237082965615
67.4 0.000427948913405976
67.5 0.000390660743846338
67.6 0.000353372574286699
67.7 0.000316084404727061
67.8 0.000278796235167424
67.9 0.000226592797783934
68 0.00019327032752159
68.1 0.000159947857259246
68.2 0.000126625386996902
68.3 9.33029167345592e-05
68.4 5.99804464722151e-05
68.5 2.6657976209872e-05
68.6 0
68.7 0
68.8 0
68.9 0
69 0
69.1 0
69.2 0
69.3 0
69.4 0
69.5 0
69.6 0
69.7 0
69.8 0
69.9 0
70 0
70.1 0
70.2 0
70.3 0
70.4 0
70.5 0
70.6 0
70.7 0
70.8 0
70.9 0
71 0
71.1 0
71.2 0
71.3 0
71.4 0
71.5 0
71.6 0
71.7 0
71.8 0
71.9 0
72 0
72.1 0
72.2 0
72.3 0
72.4 0
72.5 0
72.6 0
72.7 0
72.8 0
72.9 0
73 0
73.1 0
73.2 0
73.3 0
73.4 0
73.5 0
73.6 0
73.7 0
73.8 0
73.9 0
74 0
74.1 0
74.2 0
74.3 0
74.4 0
74.5 0
74.6 0
74.7 0
74.8 0
74.9 0
75 0
75.1 0
75.2 0
75.3 0
75.4 0
75.5 0
75.6 0
75.7 0
75.8 0
75.9 0
76 0
76.1 0
76.2 0
76.3 0
76.4 0
76.5 0
76.6 0
76.7 0
76.8 0
76.9 0
77 0
77.1 0
77.2 0
77.3 0
77.4 0
77.5 0
77.6 0
77.7 0
77.8 0
77.9 0
78 0
78.1 0
78.2 0
78.3 0
78.4 0
78.5 0
78.6 0
78.7 0
78.8 0
78.9 0
79 0
79.1 0
79.2 0
79.3 0
79.4 0
79.5 0
79.6 0
79.7 0
79.8 0
79.9 0
80 0
80.1 0
80.2 0
80.3 0
80.4 0
80.5 0
80.6 0
80.7 0
80.8 0
80.9 0
81 0
81.1 0
81.2 0
81.3 0
81.4 0
81.5 0
81.6 0
81.7 0
81.8 0
81.9 0
82 0
82.1 0
82.2 0
82.3 0
82.4 0
82.5 0
82.6 0
82.7 0
82.8 0
82.9 0
83 0
83.1 0
83.2 0
83.3 0
83.4 0
83.5 0
83.6 0
83.7 0
83.8 0
83.9 0
84 0
84.1 0
84.2 0
84.3 0
84.4 0
84.5 0
84.6 0
84.7 0
84.8 0
84.9 0
85 0
85.1 0
85.2 0
85.3 0
85.4 0
85.5 0
85.6 0
85.7 0
85.8 0
85.9 0
86 0
86.1 0
86.2 0
86.3 0
86.4 0
86.5 0
86.6 0
86.7 0
86.8 0
86.9 0
87 0
87.1 0
87.2 0
87.3 0
87.4 0
87.5 0
87.6 0
87.7 0
87.8 0
87.9 0
88 0
88.1 0
88.2 0
88.3 0
88.4 0
88.5 0
88.6 0
88.7 0
88.8 0
88.9 0
89 0
89.1 0
89.2 0
89.3 0
89.4 0
89.5 0
89.6 0
89.7 0
89.8 0
89.9 0
90 0
90.1 0
90.2 0
90.3 0
90.4 0
90.5 0
90.6 0
90.7 0
90.8 0
90.9 0
91 0
91.1 0
91.2 0
91.3 0
91.4 0
91.5 0
91.6 0
91.7 0
91.8 0
91.9 0
92 0
92.1 0
92.2 0
92.3 0
92.4 0
92.5 0
92.6 0
92.7 0
92.8 0
92.9 0
93 0
93.1 0
93.2 0
93.3 0
93.4 0
93.5 0
93.6 0
93.7 0
93.8 0
93.9 0
94 0
94.1 0
94.2 0
94.3 0
94.4 0
94.5 0
94.6 0
94.7 0
94.8 0
94.9 0
95 0
95.1 0
95.2 0
95.3 0
95.4 0
95.5 0
95.6 0
95.7 0
95.8 0
95.9 0
96 0
96.1 0
96.2 0
96.3 0
96.4 0
96.5 0
96.6 0
96.7 0
96.8 0
96.9 0
97 0
97.1 0
97.2 0
97.3 0
97.4 0
97.5 0
97.6 0
97.7 0
97.8 0
97.9 0
98 0
98.1 0
98.2 0
98.3 0
98.4 0
98.5 0
98.6 0
98.7 0
98.8 0
98.9 0
99 0
99.1 0
99.2 0
99.3 0
99.4 0
99.5 0
99.6 0
99.7 0
99.8 0
99.9 0
100 0
100.1 0
100.2 0
100.3 0
100.4 0
100.5 0
100.6 0
100.7 0
100.8 0
100.9 0
101 0
101.1 0
101.2 0
101.3 0
101.4 0
101.5 0
101.6 0
101.7 0
101.8 0
101.9 0
102 0
102.1 0
102.2 0
102.3 0
102.4 0
102.5 0
102.6 0
102.7 0
102.8 0
102.9 0
103 0
103.1 0
103.2 0
103.3 0
103.4 0
103.5 0
103.6 0
103.7 0
103.8 0
103.9 0
104 0
104.1 0
104.2 0
104.3 0
104.4 0
104.5 0
104.6 0
104.7 0
104.8 0
104.9 0
105 0
105.1 0
105.2 0
105.3 0
105.4 0
105.5 0
105.6 0
105.7 0
105.8 0
105.9 0
106 0
106.1 0
106.2 0
106.3 0
106.4 0
106.5 0
106.6 0
106.7 0
106.8 0
106.9 0
107 0
107.1 0
107.2 0
107.3 0
107.4 0
107.5 0
107.6 0
107.7 0
107.8 0
107.9 0
108 0
108.1 0
108.2 0
108.3 0
108.4 0
108.5 0
108.6 0
108.7 0
108.8 0
108.9 0
109 0
109.1 0
109.2 0
109.3 0
109.4 0
109.5 0
109.6 0
109.7 0
109.8 0
109.9 0
110 0
110.1 0
110.2 0
110.3 0
110.4 0
110.5 0
110.6 0
110.7 0
110.8 0
110.9 0
111 0
111.1 0
111.2 0
111.3 0
111.4 0
111.5 0
111.6 0
111.7 0
111.8 0
111.9 0
112 0
112.1 0
112.2 0
112.3 0
112.4 0
112.5 0
112.6 0
112.7 0
112.8 0
112.9 0
113 0
113.1 0
113.2 0
113.3 0
113.4 0
113.5 0
113.6 0
113.7 0
113.8 0
113.9 0
114 0
114.1 0
114.2 0
114.3 0
114.4 0
114.5 0
114.6 0
114.7 0
114.8 0
114.9 0
115 0
115.1 0
115.2 0
115.3 0
115.4 0
115.5 0
115.6 0
115.7 0
115.8 0
115.9 0
116 0
116.1 0
116.2 0
116.3 0
116.4 0
116.5 0
116.6 0
116.7 0
116.8 0
116.9 0
117 0
117.1 0
117.2 0
117.3 0
117.4 0
117.5 0
117.6 0
117.7 0
117.8 0
117.9 0
118 0
118.1 0
118.2 0
118.3 0
118.4 0
118.5 0
118.6 0
118.7 0
118.8 0
118.9 0
119 0
119.1 0
119.2 0
119.3 0
119.4 0
119.5 0
119.6 0
119.7 0
119.8 0
119.9 0
120 0
120.1 0
120.2 0
120.3 0
120.4 0
120.5 0
120.6 0
120.7 0
120.8 0
120.9 0
121 0
121.1 0
121.2 0
121.3 0
121.4 0
121.5 0
121.6 0
121.7 0
121.8 0
121.9 0
122 0
122.1 0
122.2 0
122.3 0
122.4 0
122.5 0
122.6 0
122.7 0
122.8 0
122.9 0
123 0
123.1 0
123.2 0
123.3 0
123.4 0
123.5 0
123.6 0
123.7 0
123.8 0
123.9 0
124 0
124.1 0
124.2 0
124.3 0
124.4 0
124.5 0
124.6 0
124.7 0
124.8 0
124.9 0
125 0
125.1 0
125.2 0
125.3 0
125.4 0
125.5 0
125.6 0
125.7 0
125.8 0
125.9 0
126 0
126.1 0
126.2 0
126.3 0
126.4 0
126.5 0
126.6 0
126.7 0
126.8 0
126.9 0
127 0
127.1 0
127.2 0
127.3 0
127.4 0
127.5 0
127.6 0
127.7 0
127.8 0
127.9 0
128 0
128.1 0
128.2 0
128.3 0
128.4 0
128.5 0
128.6 0
128.7 0
128.8 0
128.9 0
129 0
129.1 0
129.2 0
129.3 0
129.4 0
129.5 0
129.6 0
129.7 0
129.8 0
129.9 0
130 0
130.1 0
130.2 0
130.3 0
130.4 0
130.5 0
130.6 0
130.7 0
130.8 0
130.9 0
131 0
131.1 0
131.2 0
131.3 0
131.4 0
131.5 0
131.6 0
131.7 0
131.8 0
131.9 0
132 0
132.1 0
132.2 0
132.3 0
132.4 0
132.5 0
132.6 0
132.7 0
132.8 0
132.9 0
133 0
133.1 0
133.2 0
133.3 0
133.4 0
133.5 0
133.6 0
133.7 0
133.8 0
133.9 0
134 0
134.1 0
134.2 0
134.3 0
134.4 0
134.5 0
134.6 0
134.7 0
134.8 0
134.9 0
135 0
135.1 0
135.2 0
135.3 0
135.4 0
135.5 0
135.6 0
135.7 0
135.8 0
135.9 0
136 0
136.1 0
136.2 0
136.3 0
136.4 0
136.5 0
136.6 0
136.7 0
136.8 0
136.9 0
137 0
137.1 0
137.2 0
137.3 0
137.4 0
137.5 0
137.6 0
137.7 0
137.8 0
137.9 0
138 0
138.1 0
138.2 0
138.3 0
138.4 0
138.5 0
138.6 0
138.7 0
138.8 0
138.9 0
139 0
139.1 0
139.2 0
139.3 0
139.4 0
139.5 0
139.6 0
139.7 0
139.8 0
139.9 0
140 0
140.1 0
140.2 0
140.3 0
140.4 0
140.5 0
140.6 0
140.7 0
140.8 0
140.9 0
141 0
141.1 0
141.2 0
141.3 0
141.4 0
141.5 0
141.6 0
141.7 0
141.8 0
141.9 0
142 0
142.1 0
142.2 0
142.3 0
142.4 0
142.5 0
142.6 0
142.7 0
142.8 0
142.9 0
143 0
143.1 0
143.2 0
143.3 0
143.4 0
143.5 0
143.6 0
143.7 0
143.8 0
143.9 0
144 0
144.1 0
144.2 0
144.3 0
144.4 0
144.5 0
144.6 0
144.7 0
144.8 0
144.9 0
145 0
145.1 0
145.2 0
145.3 0
145.4 0
145.5 0
145.6 0
145.7 0
145.8 0
145.9 0
146 0
146.1 0
146.2 0
146.3 0
146.4 0
146.5 0
146.6 0
146.7 0
146.8 0
146.9 0
147 0
147.1 0
147.2 0
147.3 0
147.4 0
147.5 0
147.6 0
147.7 0
147.8 0
147.9 0
148 0
148.1 0
148.2 0
148.3 0
148.4 0
148.5 0
148.6 0
148.7 0
148.8 0
148.9 0
149 0
149.1 0
149.2 0
149.3 0
149.4 0
149.5 0
149.6 0
149.7 0
149.8 0
149.9 0
150 0
150.1 0
150.2 0
150.3 0
150.4 0
150.5 0
150.6 0
150.7 0
150.8 0
150.9 0
151 0
151.1 0
151.2 0
151.3 0
151.4 0
151.5 0
151.6 0
151.7 0
151.8 0
151.9 0
152 0
152.1 0
152.2 0
152.3 0
152.4 0
152.5 0
152.6 0
152.7 0
152.8 0
152.9 0
153 0
153.1 0
153.2 0
153.3 0
153.4 0
153.5 0
153.6 0
153.7 0
153.8 0
153.9 0
154 0
154.1 0
154.2 0
154.3 0
154.4 0
154.5 0
154.6 0
154.7 0
154.8 0
154.9 0
155 0
155.1 0
155.2 0
155.3 0
155.4 0
155.5 0
155.6 0
155.7 0
155.8 0
155.9 0
156 0
156.1 0
156.2 0
156.3 0
156.4 0
156.5 0
156.6 0
156.7 0
156.8 0
156.9 0
157 0
157.1 0
157.2 0
157.3 0
157.4 0
157.5 0
157.6 0
157.7 0
157.8 0
157.9 0
158 0
158.1 0
158.2 0
158.3 0
158.4 0
158.5 0
158.6 0
158.7 0
158.8 0
158.9 0
159 0
159.1 0
159.2 0
159.3 0
159.4 0
159.5 0
159.6 0
159.7 0
159.8 0
159.9 0
160 0
160.1 0
160.2 0
160.3 0
160.4 0
160.5 0
160.6 0
160.7 0
160.8 0
160.9 0
161 0
161.1 0
161.2 0
161.3 0
161.4 0
161.5 0
161.6 0
161.7 0
161.8 0
161.9 0
162 0
162.1 0
162.2 0
162.3 0
162.4 0
162.5 0
162.6 0
162.7 0
162.8 0
162.9 0
163 0
163.1 0
163.2 0
163.3 0
163.4 0
163.5 0
163.6 0
163.7 0
163.8 0
163.9 0
164 0
164.1 0
164.2 0
164.3 0
164.4 0
164.5 0
164.6 0
164.7 0
164.8 0
164.9 0
165 0
165.1 0
165.2 0
165.3 0
165.4 0
165.5 0
165.6 0
165.7 0
165.8 0
165.9 0
166 0
166.1 0
166.2 0
166.3 0
166.4 0
166.5 0
166.6 0
166.7 0
166.8 0
166.9 0
167 0
167.1 0
167.2 0
167.3 0
167.4 0
167.5 0
167.6 0
167.7 0
167.8 0
167.9 0
168 0
168.1 0
168.2 0
168.3 0
168.4 0
168.5 0
168.6 0
168.7 0
168.8 0
168.9 0
169 0
169.1 0
169.2 0
169.3 0
169.4 0
169.5 0
169.6 0
169.7 0
169.8 0
169.9 0
170 0
170.1 0
170.2 0
170.3 0
170.4 0
170.5 0
170.6 0
170.7 0
170.8 0
170.9 0
171 0
171.1 0
171.2 0
171.3 0
171.4 0
171.5 0
171.6 0
171.7 0
171.8 0
171.9 0
172 0
172.1 0
172.2 0
172.3 0
172.4 0
172.5 0
172.6 0
172.7 0
172.8 0
172.9 0
173 0
173.1 0
173.2 0
173.3 0
173.4 0
173.5 0
173.6 0
173.7 0
173.8 0
173.9 0
174 0
174.1 0
174.2 0
174.3 0
174.4 0
174.5 0
174.6 0
174.7 0
174.8 0
174.9 0
175 0
175.1 0
175.2 0
175.3 0
175.4 0
175.5 0
175.6 0
175.7 0
175.8 0
175.9 0
176 0
176.1 0
176.2 0
176.3 0
176.4 0
176.5 0
176.6 0
176.7 0
176.8 0
176.9 0
177 0
177.1 0
177.2 0
177.3 0
177.4 0
177.5 0
177.6 0
177.7 0
177.8 0
177.9 0
178 0
178.1 0
178.2 0
178.3 0
178.4 0
178.5 0
178.6 0
178.7 0
178.8 0
178.9 0
179 0
179.1 0
179.2 0
179.3 0
179.4 0
179.5 0
179.6 0
179.7 0
179.8 0
179.9 0
180 0
180.1 0
180.2 0
180.3 0
180.4 0
180.5 0
180.6 0
180.7 0
180.8 0
180.9 0
181 0
181.1 0
181.2 0
181.3 0
181.4 0
181.5 0
181.6 0
181.7 0
181.8 0
181.9 0
182 0
182.1 0
182.2 0
182.3 0
182.4 0
182.5 0
182.6 0
182.7 0
182.8 0
182.9 0
183 0
183.1 0
183.2 0
183.3 0
183.4 0
183.5 0
183.6 0
183.7 0
183.8 0
183.9 0
184 0
184.1 0
184.2 0
184.3 0
184.4 0
184.5 0
184.6 0
184.7 0
184.8 0
184.9 0
185 0
185.1 0
185.2 0
185.3 0
185.4 0
185.5 0
185.6 0
185.7 0
185.8 0
185.9 0
186 0
186.1 0
186.2 0
186.3 0
186.4 0
186.5 0
186.6 0
186.7 0
186.8 0
186.9 0
187 0
187.1 0
187.2 0
187.3 0
187.4 0
187.5 0
187.6 0
187.7 0
187.8 0
187.9 0
188 0
188.1 0
188.2 0
188.3 0
188.4 0
188.5 0
188.6 0
188.7 0
188.8 0
188.9 0
189 0
189.1 0
189.2 0
189.3 0
189.4 0
189.5 0
189.6 0
189.7 0
189.8 0
189.9 0
190 0
190.1 0
190.2 0
190.3 0
190.4 0
190.5 0
190.6 0
190.7 0
190.8 0
190.9 0
191 0
191.1 0
191.2 0
191.3 0
191.4 0
191.5 0
191.6 0
191.7 0
191.8 0
191.9 0
192 0
192.1 0
192.2 0
192.3 0
192.4 0
192.5 0
192.6 0
192.7 0
192.8 0
192.9 0
193 0
193.1 0
193.2 0
193.3 0
193.4 0
193.5 0
193.6 0
193.7 0
193.8 0
193.9 0
194 0
194.1 0
194.2 0
194.3 0
194.4 0
194.5 0
194.6 0
194.7 0
194.8 0
194.9 0
195 0
195.1 0
195.2 0
195.3 0
195.4 0
195.5 0
195.6 0
195.7 0
195.8 0
195.9 0
196 0
196.1 0
196.2 0
196.3 0
196.4 0
196.5 0
196.6 0
196.7 0
196.8 0
196.9 0
197 0
197.1 0
197.2 0
197.3 0
197.4 0
197.5 0
197.6 0
197.7 0
197.8 0
197.9 0
198 0
198.1 0
198.2 0
198.3 0
198.4 0
198.5 0
198.6 0
198.7 0
198.8 0
198.9 0
199 0
199.1 0
199.2 0
199.3 0
199.4 0
199.5 0
199.6 0
199.7 0
199.8 0
199.9 0
200 0
200.1 0
200.2 0
200.3 0
200.4 0
200.5 0
200.6 0
200.7 0
200.8 0
200.9 0
201 0
201.1 0
201.2 0
201.3 0
201.4 0
201.5 0
201.6 0
201.7 0
201.8 0
201.9 0
202 0
202.1 0
202.2 0
202.3 0
202.4 0
202.5 0
202.6 0
202.7 0
202.8 0
202.9 0
203 0
203.1 0
203.2 0
203.3 0
203.4 0
203.5 0
203.6 0
203.7 0
203.8 0
203.9 0
204 0
204.1 0
204.2 0
204.3 0
204.4 0
204.5 0
204.6 0
204.7 0
204.8 0
204.9 0
205 0
205.1 0
205.2 0
205.3 0
205.4 0
205.5 0
205.6 0
205.7 0
205.8 0
205.9 0
206 0
206.1 0
206.2 0
206.3 0
206.4 0
206.5 0
206.6 0
206.7 0
206.8 0
206.9 0
207 0
207.1 0
207.2 0
207.3 0
207.4 0
207.5 0
207.6 0
207.7 0
207.8 0
207.9 0
208 0
208.1 0
208.2 0
208.3 0
208.4 0
208.5 0
208.6 0
208.7 0
208.8 0
208.9 0
209 0
209.1 0
209.2 0
209.3 0
209.4 0
209.5 0
209.6 0
209.7 0
209.8 0
209.9 0
210 0
210.1 0
210.2 0
210.3 0
210.4 0
210.5 0
210.6 0
210.7 0
210.8 0
210.9 0
211 0
211.1 0
211.2 0
211.3 0
211.4 0
211.5 0
211.6 0
211.7 0
211.8 0
211.9 0
212 0
212.1 0
212.2 0
212.3 0
212.4 0
212.5 0
212.6 0
212.7 0
212.8 0
212.9 0
213 0
213.1 0
213.2 0
213.3 0
213.4 0
213.5 0
213.6 0
213.7 0
213.8 0
213.9 0
214 0
214.1 0
214.2 0
214.3 0
214.4 0
214.5 0
214.6 0
214.7 0
214.8 0
214.9 0
215 0
215.1 0
215.2 0
215.3 0
215.4 0
215.5 0
215.6 0
215.7 0
215.8 0
215.9 0
216 0
216.1 0
216.2 0
216.3 0
216.4 0
216.5 0
216.6 0
216.7 0
216.8 0
216.9 0
217 0
217.1 0
217.2 0
217.3 0
217.4 0
217.5 0
217.6 0
217.7 0
217.8 0
217.9 0
218 0
218.1 0
218.2 0
218.3 0
218.4 0
218.5 0
218.6 0
218.7 0
218.8 0
218.9 0
219 0
219.1 0
219.2 0
219.3 0
219.4 0
219.5 0
219.6 0
219.7 0
219.8 0
219.9 0
220 0
220.1 0
220.2 0
220.3 0
220.4 0
220.5 0
220.6 0
220.7 0
220.8 0
220.9 0
221 0
221.1 0
221.2 0
221.3 0
221.4 0
221.5 0
221.6 0
221.7 0
221.8 0
221.9 0
222 0
222.1 0
222.2 0
222.3 0
222.4 0
222.5 0
222.6 0
222.7 0
222.8 0
222.9 0
223 0
223.1 0
223.2 0
223.3 0
223.4 0
223.5 0
223.6 0
223.7 0
223.8 0
223.9 0
224 0
224.1 0
224.2 0
224.3 0
224.4 0
224.5 0
224.6 0
224.7 0
224.8 0
224.9 0
225 0
225.1 0
225.2 0
225.3 0
225.4 0
225.5 0
225.6 0
225.7 0
225.8 0
225.9 0
226 0
226.1 0
226.2 0
226.3 0
226.4 0
226.5 0
226.6 0
226.7 0
226.8 0
226.9 0
227 0
227.1 0
227.2 0
227.3 0
227.4 0
227.5 0
227.6 0
227.7 0
227.8 0
227.9 0
228 0
228.1 0
228.2 0
228.3 0
228.4 0
228.5 0
228.6 0
228.7 0
228.8 0
228.9 0
229 0
229.1 0
229.2 0
229.3 0
229.4 0
229.5 0
229.6 0
229.7 0
229.8 0
229.9 0
230 0
230.1 0
230.2 0
230.3 0
230.4 0
230.5 0
230.6 0
230.7 0
230.8 0
230.9 0
231 0
231.1 0
231.2 0
231.3 0
231.4 0
231.5 0
231.6 0
231.7 0
231.8 0
231.9 0
232 0
232.1 0
232.2 0
232.3 0
232.4 0
232.5 0
232.6 0
232.7 0
232.8 0
232.9 0
233 0
233.1 0
233.2 0
233.3 0
233.4 0
233.5 0
233.6 0
233.7 0
233.8 0
233.9 0
234 0
234.1 0
234.2 0
234.3 0
234.4 0
234.5 0
234.6 0
234.7 0
234.8 0
234.9 0
235 0
235.1 0
235.2 0
235.3 0
235.4 0
235.5 0
235.6 0
235.7 0
235.8 0
235.9 0
236 0
236.1 0
236.2 0
236.3 0
236.4 0
236.5 0
236.6 0
236.7 0
236.8 0
236.9 0
237 0
237.1 0
237.2 0
237.3 0
