0 0.252
0.1 0.252
0.2 0.253555555555556
0.3 0.255111111111111
0.4 0.256666666666667
0.5 0.258380952380952
0.6 0.260095238095238
0.7 0.262666666666667
0.8 0.262666666666667
0.9 0.264460905349794
1 0.266255144032922
1.1 0.268049382716049
1.2 0.270740740740741
1.3 0.270740740740741
1.4 0.272522045855379
1.5 0.274303350970018
1.6 0.276084656084656
1.7 0.277865961199295
1.8 0.279647266313933
1.9 0.281428571428571
2 0.28307615029134
2.1 0.284723729154109
2.2 0.286371308016878
2.3 0.288018886879646
2.4 0.289666465742415
2.5 0.291314044605184
2.6 0.292961623467953
2.7 0.294444444444444
2.8 0.296172839506173
2.9 0.297901234567901
3 0.29962962962963
3.1 0.301358024691358
3.2 0.303086419753086
3.3 0.304814814814815
3.4 0.306543209876543
3.5 0.308271604938272
3.6 0.31
3.7 0.311700879765396
3.8 0.313401759530792
3.9 0.315102639296188
4 0.316803519061584
4.1 0.31850439882698
4.2 0.320205278592375
4.3 0.321906158357771
4.4 0.323607038123167
4.5 0.325307917888563
4.6 0.327008797653959
4.7 0.328709677419355
4.8 0.330410557184751
4.9 0.332111436950147
5 0.333812316715543
5.1 0.335476213750407
5.2 0.336363636363636
5.3 0.338065410199557
5.4 0.339767184035477
5.5 0.341468957871397
5.6 0.343170731707317
5.7 0.344872505543237
5.8 0.346574279379157
5.9 0.348276053215078
6 0.349977827050998
6.1 0.351679600886918
6.2 0.353381374722838
6.3 0.355083148558758
6.4 0.356784922394679
6.5 0.358486696230599
6.6 0.360188470066519
6.7 0.361890243902439
6.8 0.363592017738359
6.9 0.365293791574279
7 0.3669955654102
7.1 0.36869733924612
7.2 0.370347460189478
7.3 0.371997581132836
7.4 0.373647702076194
7.5 0.375297823019553
7.6 0.376947943962911
7.7 0.378598064906269
7.8 0.380248185849627
7.9 0.381898306792985
8 0.383548427736344
8.1 0.385198548679702
8.2 0.38684866962306
8.3 0.388498790566418
8.4 0.390148911509776
8.5 0.391799032453135
8.6 0.393449153396493
8.7 0.395099274339851
8.8 0.396749395283209
8.9 0.398399516226567
9 0.400049637169925
9.1 0.401699758113284
9.2 0.403349879056642
9.3 0.405
9.4 0.406669421487603
9.5 0.408338842975207
9.6 0.41000826446281
9.7 0.411677685950413
9.8 0.413347107438017
9.9 0.41501652892562
10 0.416685950413223
10.1 0.418355371900826
10.2 0.42002479338843
10.3 0.421694214876033
10.4 0.423363636363636
10.5 0.42503305785124
10.6 0.426702479338843
10.7 0.428371900826446
10.8 0.430041322314049
10.9 0.431710743801653
11 0.433380165289256
11.1 0.435049586776859
11.2 0.436719008264463
11.3 0.438388429752066
11.4 0.440057851239669
11.5 0.441727272727273
11.6 0.443396694214876
11.7 0.445066115702479
11.8 0.446735537190083
11.9 0.448404958677686
12 0.45006575848394
12.1 0.450909090909091
12.2 0.452596692924562
12.3 0.454284294940033
12.4 0.455971896955503
12.5 0.457659498970974
12.6 0.459347100986445
12.7 0.461034703001916
12.8 0.462722305017387
12.9 0.464409907032858
13 0.466097509048329
13.1 0.467785111063799
13.2 0.46947271307927
13.3 0.471160315094741
13.4 0.472847917110212
13.5 0.474535519125683
13.6 0.476223121141154
13.7 0.477910723156625
13.8 0.479598325172095
13.9 0.481285927187566
14 0.482973529203037
14.1 0.484661131218508
14.2 0.486348733233979
14.3 0.48803633524945
14.4 0.489723937264921
14.5 0.491411539280392
14.6 0.493099141295863
14.7 0.494786743311333
14.8 0.496474345326804
14.9 0.498161947342275
15 0.499849549357746
15.1 0.502380952380952
15.2 0.502380952380952
15.3 0.504127336078556
15.4 0.505873719776159
15.5 0.507620103473762
15.6 0.509366487171365
15.7 0.511112870868968
15.8 0.512859254566572
15.9 0.514605638264175
16 0.516352021961778
16.1 0.518098405659381
16.2 0.519844789356984
16.3 0.521591173054588
16.4 0.523337556752191
16.5 0.525083940449794
16.6 0.526830324147397
16.7 0.528576707845
16.8 0.530323091542604
16.9 0.532069475240207
17 0.53381585893781
17.1 0.535562242635413
17.2 0.537157420793034
17.3 0.538181818181818
17.4 0.539824561403509
17.5 0.541467304625199
17.6 0.54311004784689
17.7 0.54475279106858
17.8 0.546395534290271
17.9 0.548038277511962
18 0.549681020733652
18.1 0.551323763955343
18.2 0.552966507177033
18.3 0.554609250398724
18.4 0.556251993620415
18.5 0.557894736842105
18.6 0.559578947368421
18.7 0.561263157894737
18.8 0.562947368421053
18.9 0.564631578947368
19 0.566315789473684
19.1 0.568
19.2 0.569684210526316
19.3 0.571368421052632
19.4 0.573052631578947
19.5 0.574736842105263
19.6 0.576421052631579
19.7 0.578947368421053
19.8 0.578947368421053
19.9 0.580762250453721
20 0.582577132486388
20.1 0.584392014519056
20.2 0.586206896551724
20.3 0.588021778584392
20.4 0.58983666061706
20.5 0.591651542649728
20.6 0.593466424682396
20.7 0.595281306715064
20.8 0.597096188747732
20.9 0.598911070780399
21 0.600725952813067
21.1 0.602540834845735
21.2 0.605263157894737
21.3 0.605263157894737
21.4 0.606835913312693
21.5 0.60840866873065
21.6 0.609981424148607
21.7 0.611554179566563
21.8 0.61312693498452
21.9 0.614699690402477
22 0.616272445820433
22.1 0.61784520123839
22.2 0.619417956656347
22.3 0.620990712074303
22.4 0.62256346749226
22.5 0.624136222910217
22.6 0.625708978328173
22.7 0.62728173374613
22.8 0.628854489164087
22.9 0.630427244582043
23 0.632
23.1 0.633669230769231
23.2 0.635338461538462
23.3 0.637007692307692
23.4 0.638676923076923
23.5 0.640346153846154
23.6 0.642015384615385
23.7 0.643684615384615
23.8 0.645353846153846
23.9 0.647023076923077
24 0.648692307692308
24.1 0.650361538461538
24.2 0.652030769230769
24.3 0.6537
24.4 0.655369230769231
24.5 0.657038461538461
24.6 0.658707692307692
24.7 0.660376923076923
24.8 0.662046153846154
24.9 0.663715384615385
25 0.665384615384615
25.1 0.667582417582418
25.2 0.66978021978022
25.3 0.671978021978022
25.4 0.674175824175824
25.5 0.676373626373626
25.6 0.678571428571429
25.7 0.680769230769231
25.8 0.682248520710059
25.9 0.683727810650888
26 0.685207100591716
26.1 0.686686390532544
26.2 0.688165680473373
26.3 0.689644970414201
26.4 0.691124260355029
26.5 0.692603550295858
26.6 0.694082840236686
26.7 0.695562130177515
26.8 0.697041420118343
26.9 0.698520710059171
27 0.7
27.1 0.701668942497345
27.2 0.70333788499469
27.3 0.705006827492034
27.4 0.706675769989379
27.5 0.708344712486724
27.6 0.710013654984069
27.7 0.711682597481414
27.8 0.713351539978759
27.9 0.715020482476103
28 0.716689424973448
28.1 0.718358367470793
28.2 0.720027309968138
28.3 0.721696252465483
28.4 0.723365194962828
28.5 0.725034137460172
28.6 0.726703079957517
28.7 0.728372022454862
28.8 0.730040964952207
28.9 0.731709907449552
29 0.733378849946897
29.1 0.735047792444242
29.2 0.736716734941587
29.3 0.738385677438931
29.4 0.740054619936276
29.5 0.741723562433621
29.6 0.743392504930966
29.7 0.745061447428311
29.8 0.746730389925656
29.9 0.748399332423001
30 0.750068274920346
30.1 0.751737217417691
30.2 0.753406159915036
30.3 0.75507510241238
30.4 0.756410256410256
30.5 0.756803849983405
30.6 0.757197443556554
30.7 0.757591037129703
30.8 0.757984630702852
30.9 0.758378224276001
31 0.758771817849149
31.1 0.759165411422298
31.2 0.759559004995447
31.3 0.759952598568596
31.4 0.760346192141745
31.5 0.760739785714894
31.6 0.761133379288042
31.7 0.761526972861191
31.8 0.76192056643434
31.9 0.762314160007489
32 0.762707753580638
32.1 0.763101347153787
32.2 0.763494940726935
32.3 0.763888534300084
32.4 0.764282127873233
32.5 0.764675721446382
32.6 0.765069315019531
32.7 0.76546290859268
32.8 0.765856502165828
32.9 0.766250095738977
33 0.766643689312126
33.1 0.767037282885275
33.2 0.767430876458424
33.3 0.767824470031573
33.4 0.768218063604721
33.5 0.76861165717787
33.6 0.769005250751019
33.7 0.769398844324168
33.8 0.769792437897317
33.9 0.770186031470465
34 0.770579625043614
34.1 0.770973218616763
34.2 0.771366812189912
34.3 0.771760405763061
34.4 0.77215399933621
34.5 0.772547592909358
34.6 0.772941186482507
34.7 0.773334780055656
34.8 0.773728373628805
34.9 0.774121967201954
35 0.774515560775103
35.1 0.774909154348251
35.2 0.7753027479214
35.3 0.775696341494549
35.4 0.776089935067698
35.5 0.776483528640847
35.6 0.776877122213996
35.7 0.777270715787144
35.8 0.777664309360293
35.9 0.778057902933442
36 0.778451496506591
36.1 0.77884509007974
36.2 0.779238683652889
36.3 0.779632277226037
36.4 0.780025870799186
36.5 0.780419464372335
36.6 0.780813057945484
36.7 0.781206651518633
36.8 0.781600245091782
36.9 0.78199383866493
37 0.782387432238079
37.1 0.782781025811228
37.2 0.783174619384377
37.3 0.783568212957526
37.4 0.783961806530675
37.5 0.784355400103823
37.6 0.784748993676972
37.7 0.785142587250121
37.8 0.78553618082327
37.9 0.785929774396419
38 0.786323367969568
38.1 0.786716961542716
38.2 0.787110555115865
38.3 0.787504148689014
38.4 0.787897742262163
38.5 0.788291335835312
38.6 0.788684929408461
38.7 0.789078522981609
38.8 0.789472116554758
38.9 0.789865710127907
39 0.790259303701056
39.1 0.790652897274205
39.2 0.791046490847354
39.3 0.791440084420502
39.4 0.791833677993651
39.5 0.7922272715668
39.6 0.792620865139949
39.7 0.793014458713098
39.8 0.793408052286247
39.9 0.793801645859395
40 0.794195239432544
40.1 0.794588833005693
40.2 0.794982426578842
40.3 0.795376020151991
40.4 0.79576961372514
40.5 0.796163207298288
40.6 0.796556800871437
40.7 0.796950394444586
40.8 0.797343988017735
40.9 0.797737581590884
41 0.798131175164033
41.1 0.798524768737181
41.2 0.79891836231033
41.3 0.799311955883479
41.4 0.799705549456628
41.5 0.800099143029777
41.6 0.800492736602926
41.7 0.800886330176074
41.8 0.801279923749223
41.9 0.801673517322372
42 0.802067110895521
42.1 0.80246070446867
42.2 0.802854298041819
42.3 0.803247891614967
42.4 0.803641485188116
42.5 0.804035078761265
42.6 0.804428672334414
42.7 0.804822265907563
42.8 0.805215859480712
42.9 0.80560945305386
43 0.806003046627009
43.1 0.806396640200158
43.2 0.806790233773307
43.3 0.807183827346456
43.4 0.807577420919605
43.5 0.807971014492754
43.6 0.808827768436224
43.7 0.809684522379694
43.8 0.810541276323164
43.9 0.811398030266635
44 0.812254784210105
44.1 0.813111538153575
44.2 0.813968292097046
44.3 0.814825046040516
44.4 0.815681799983986
44.5 0.816538553927456
44.6 0.817395307870927
44.7 0.818252061814397
44.8 0.819108815757867
44.9 0.819965569701338
45 0.820822323644808
45.1 0.821679077588278
45.2 0.822535831531748
45.3 0.823392585475219
45.4 0.824249339418689
45.5 0.825106093362159
45.6 0.82596284730563
45.7 0.8268196012491
45.8 0.82767635519257
45.9 0.828533109136041
46 0.829389863079511
46.1 0.830246617022981
46.2 0.831103370966451
46.3 0.831960124909922
46.4 0.832816878853392
46.5 0.833673632796862
46.6 0.834530386740332
46.7 0.835387140683803
46.8 0.836243894627273
46.9 0.837100648570743
47 0.837957402514213
47.1 0.838814156457684
47.2 0.839670910401154
47.3 0.840527664344624
47.4 0.841384418288094
47.5 0.842241172231564
47.6 0.843097926175035
47.7 0.843954680118505
47.8 0.844811434061975
47.9 0.845668188005445
48 0.846524941948916
48.1 0.847381695892386
48.2 0.848238449835856
48.3 0.849095203779326
48.4 0.849951957722797
48.5 0.850808711666267
48.6 0.851665465609737
48.7 0.852522219553207
48.8 0.853378973496677
48.9 0.854235727440148
49 0.855092481383618
49.1 0.855949235327088
49.2 0.856805989270558
49.3 0.857662743214029
49.4 0.858519497157499
49.5 0.859376251100969
49.6 0.860233005044439
49.7 0.86108975898791
49.8 0.86194651293138
49.9 0.86280326687485
50 0.86366002081832
50.1 0.864516774761791
50.2 0.865373528705261
50.3 0.866230282648731
50.4 0.867087036592201
50.5 0.867943790535671
50.6 0.868800544479142
50.7 0.87
50.8 0.868563417253311
50.9 0.868839459804241
51 0.86911550235517
51.1 0.8693915449061
51.2 0.869667587457029
51.3 0.869943630007959
51.4 0.870219672558888
51.5 0.870495715109818
51.6 0.870771757660747
51.7 0.871047800211677
51.8 0.871323842762606
51.9 0.871599885313536
52 0.871875927864465
52.1 0.872151970415395
52.2 0.87248322147651
52.3 0.872302076823448
52.4 0.872120932170385
52.5 0.871939787517322
52.6 0.871794871794872
52.7 0.871869107537897
52.8 0.871943343280923
52.9 0.872017579023948
53 0.872091814766974
53.1 0.87216605051
53.2 0.872240286253025
53.3 0.872314521996051
53.4 0.872388757739076
53.5 0.872462993482102
53.6 0.872537229225127
53.7 0.872611464968153
53.8 0.872258853947128
53.9 0.871906242926103
54 0.871553631905077
54.1 0.871201020884052
54.2 0.870848409863027
54.3 0.870495798842002
54.4 0.870143187820977
54.5 0.869790576799952
54.6 0.869437965778927
54.7 0.869085354757902
54.8 0.868732743736877
54.9 0.868380132715852
55 0.868027521694827
55.1 0.867674910673801
55.2 0.867322299652776
55.3 0.866863905325444
55.4 0.865131578947368
55.5 0.867262686596509
55.6 0.866849374931955
55.7 0.866436063267401
55.8 0.866022751602847
55.9 0.865609439938294
56 0.86519612827374
56.1 0.864782816609187
56.2 0.864369504944633
56.3 0.863956193280079
56.4 0.863542881615526
56.5 0.863129569950972
56.6 0.862716258286418
56.7 0.862302946621865
56.8 0.861889634957311
56.9 0.861476323292757
57 0.861063011628204
57.1 0.86064969996365
57.2 0.860236388299096
57.3 0.859823076634543
57.4 0.859409764969989
57.5 0.858996453305435
57.6 0.858583141640882
57.7 0.858169829976328
57.8 0.857756518311774
57.9 0.857343206647221
58 0.856929894982667
58.1 0.856516583318113
58.2 0.85610327165356
58.3 0.855813953488372
58.4 0.854981384123183
58.5 0.853982300884956
58.6 0.85362062331666
58.7 0.853258945748365
58.8 0.852897268180069
58.9 0.852535590611774
59 0.852173913043478
59.1 0.854283480666306
59.2 0.856393048289133
59.3 0.858502615911961
59.4 0.860612183534789
59.5 0.862721751157616
59.6 0.864831318780444
59.7 0.866940886403271
59.8 0.869050454026099
59.9 0.871160021648927
60 0.873269589271754
60.1 0.875379156894582
60.2 0.877488724517409
60.3 0.879598292140237
60.4 0.881707859763065
60.5 0.883817427385892
60.6 0.886045538547369
60.7 0.888273649708846
60.8 0.890501760870323
60.9 0.8927298720318
61 0.894957983193277
61.1 0.897492490972292
61.2 0.900026998751308
61.3 0.902561506530323
61.4 0.905096014309338
61.5 0.907630522088353
61.6 0.909064058926288
61.7 0.910497595764223
61.8 0.911931132602158
61.9 0.913364669440092
62 0.914798206278027
62.1 0.913656746840603
62.2 0.91251528740318
62.3 0.911373827965756
62.4 0.910232368528333
62.5 0.909090909090909
62.6 0.907272727272727
62.7 0.905454545454546
62.8 0.903636363636364
62.9 0.901818181818182
63 0.9
63.1 0.902471114673078
63.2 0.904942229346157
63.3 0.907413344019235
63.4 0.909884458692313
63.5 0.912355573365391
63.6 0.914826688038469
63.7 0.91705069124424
63.8 0.921552312681345
63.9 0.92605393411845
64 0.930555555555556
64.1 0.932311320754717
64.2 0.934067085953878
64.3 0.93582285115304
64.4 0.937578616352201
64.5 0.939334381551363
64.6 0.941090146750524
64.7 0.942845911949686
64.8 0.944601677148847
64.9 0.946357442348008
65 0.94811320754717
65.1 0.949963004069552
65.2 0.951812800591935
65.3 0.953662597114318
65.4 0.9555123936367
65.5 0.957362190159083
65.6 0.959211986681465
65.7 0.961061783203848
65.8 0.96291157972623
65.9 0.955872263141963
66 0.965686274509804
66.1 0.955276292335116
66.2 0.944866310160427
66.3 0.934456327985739
66.4 0.924046345811051
66.5 0.913636363636364
66.6 0.920332167832168
66.7 0.927027972027972
66.8 0.933723776223776
66.9 0.940419580419581
67 0.947115384615385
67.1 0.951180679785331
67.2 0.955245974955278
67.3 0.959311270125224
67.4 0.96337656529517
67.5 0.967441860465116
67.6 0.967211496270294
67.7 0.966981132075472
67.8 0.9531117994931
67.9 0.939242466910728
68 0.925373134328358
68.1 0.927964344941957
68.2 0.930555555555556
68.3 0.921487603305785
68.4 0.928692519601611
68.5 0.935897435897436
68.6 0.881278538812786
68.7 0.895582329317269
68.8 0.873294081302586
68.9 0.875677067243341
69 0.867647554521858
69.1 0.890547263681592
69.2 0.890935087512828
69.3 0.924393990483683
69.4 0.85403436605767
69.5 0.88955223880597
69.6 0.923655753690972
69.7 0.940180348848926
69.8 0.830578512396694
69.9 0.93125
70 0.902262995207441
70.1 0.925373134328358
70.2 0.860894343031052
70.3 0.881278538812786
70.4 0.914222873900294
70.5 0.88318112633181
70.6 0.911356568263242
70.7 0.748815165876777
70.8 0.867138017381059
70.9 0.922923752834469
71 0.867383512544803
71.1 0.779078432850194
71.2 0.854406160028169
71.3 0.838506370290051
71.4 0.890640394088675
71.5 0.891850229199631
71.6 0.815854735152488
71.7 0.849264705882353
71.8 0.811091679489478
71.9 0.819657729205469
72 0.83605198351742
72.1 0.855589163815474
72.2 0.81346695157281
72.3 0.814606741573034
72.4 0.822115384615385
72.5 0.840978593272171
72.6 0.664188351920694
72.7 0.813157894736842
72.8 0.824567147089207
72.9 0.783341793570214
73 0.816143497757847
73.1 0.847953216374269
73.2 0.881725327812282
73.3 0.875816993464052
73.4 0.81834797085364
73.5 0.708450369169477
73.6 0.863645661238299
73.7 0.899328859060403
73.8 0.939130434782609
73.9 0.910569105691057
74 0.889803441531935
74.1 0.822191656428604
74.2 0.687293866142319
74.3 0.8625
74.4 0.855774278215222
74.5 0.855756612154249
74.6 0.805259058782297
74.7 0.842105263157895
74.8 0.692307692307692
74.9 0.747692307692311
75 0.824561403508772
75.1 0.754673750622609
75.2 0.33184855233853
75.3 0.649842271293375
75.4 0.779185853736147
75.5 0.869346733668341
75.6 0.965189873417722
75.7 0.904347826086956
75.8 0.890704429920116
75.9 0.838491744103802
76 0.838383838383838
76.1 0.764705882352941
76.2 0.750579067662717
76.3 0.767467194405464
76.4 0.687811859314017
76.5 0.624087591240876
76.6 0.744597249508841
76.7 0.639109697933227
76.8 0.714156281518719
76.9 0.792171362998859
77 0.762845849802372
77.1 0.727731377589401
77.2 0.714756213359883
77.3 0.701781049130364
77.4 0.68361581920904
77.5 0.703362927091741
77.6 0.723110034974443
77.7 0.742857142857143
77.8 0.702005730659026
77.9 0.803324099722992
78 0.610671936758893
78.1 0.669724770642202
78.2 0.657373207831923
78.3 0.645021645021645
78.4 0.707317073170732
78.5 0.730769230769231
78.6 0.741293532338308
78.7 0.733990147783251
78.8 0.683823529411765
78.9 0.660079051383399
79 0.683379576293476
79.1 0.711340206185567
79.2 0.709591017918247
79.3 0.707317073170732
79.4 0.677465180791122
79.5 0.644628099173554
79.6 0.663116393893878
79.7 0.681604688614203
79.8 0.700092983334528
79.9 0.720430107526882
80 0.676275593326283
80.1 0.627705627705628
80.2 0.650640378619655
80.3 0.673575129533679
80.4 0.673575129533679
80.5 0.68598140909749
80.6 0.695906432748538
80.7 0.652849740932642
80.8 0.672131147540984
80.9 0.681915622248117
81 0.690721649484536
81.1 0.703146256497363
81.2 0.719298245614035
81.3 0.727596017069702
81.4 0.735893788525368
81.5 0.744191559981034
81.6 0.75
81.7 0.770949720670391
81.8 0.820689655172414
81.9 0.828947368421053
82 0.802287581699347
82.1 0.783625730994152
82.2 0.803921568627451
82.3 0.839416058394161
82.4 0.87248322147651
82.5 0.877997841085089
82.6 0.884615384615385
82.7 0.891816161046931
82.8 0.899016937478477
82.9 0.906217713910023
83 0.912698412698413
83.1 0.910569105691057
83.2 0.913906079359301
83.3 0.917910447761194
83.4 0.917068503635668
83.5 0.916226559510142
83.6 0.915384615384615
83.7 0.911756683033279
83.8 0.908128750681942
83.9 0.904500818330605
84 0.900872885979269
84.1 0.897244953627932
84.2 0.893617021276596
84.3 0.887097820446289
84.4 0.880578619615983
84.5 0.874059418785677
84.6 0.867540217955371
84.7 0.861021017125064
84.8 0.854501816294758
84.9 0.847982615464452
85 0.841463414634146
85.1 0.839953217967934
85.2 0.838443021301721
85.3 0.836932824635509
85.4 0.835422627969296
85.5 0.833912431303084
85.6 0.832402234636872
85.7 0.842594358904483
85.8 0.852786483172095
85.9 0.862978607439706
86 0.873170731707317
86.1 0.872483546264034
86.2 0.871796360820751
86.3 0.871109175377468
86.4 0.870421989934185
86.5 0.869734804490902
86.6 0.869047619047619
86.7 0.868975249674338
86.8 0.868902880301057
86.9 0.860540919888343
87 0.868794326241135
87.1 0.856278524137044
87.2 0.843762722032954
87.3 0.831246919928863
87.4 0.818731117824773
87.5 0.832653230145264
87.6 0.846575342465753
87.7 0.826383497481633
87.8 0.806191652497512
87.9 0.785999807513392
88 0.765807962529274
88.1 0.753395164987671
88.2 0.740982367446067
88.3 0.728569569904464
88.4 0.71615677236286
88.5 0.703743974821258
88.6 0.678526510610553
88.7 0.678839802536547
88.8 0.679153094462541
88.9 0.668995061672031
89 0.60586319218241
89.1 0.583290732228511
89.2 0.526615290046443
89.3 0.555891238670695
89.4 0.534063440419323
89.5 0.520245398773006
89.6 0.503854578434895
89.7 0.447177098345033
89.8 0.426817819754209
89.9 0.441176470588235
90 0
90.1 0
90.2 0
90.3 0
90.4 0
90.5 0
90.6 0
90.7 0
90.8 0
90.9 0
91 0
91.1 0
91.2 0
91.3 0
91.4 0
91.5 0
91.6 0
91.7 0
91.8 0
91.9 0
92 0
92.1 0
92.2 0
92.3 0
92.4 0
92.5 0
92.6 0
92.7 0
92.8 0
92.9 0
93 0
93.1 0
93.2 0
93.3 0
93.4 0
93.5 0
93.6 0
93.7 0
93.8 0
93.9 0
94 0
94.1 0
94.2 0
94.3 0
94.4 0
94.5 0
94.6 0
94.7 0
94.8 0
94.9 0
95 0
95.1 0
95.2 0
95.3 0
95.4 0
95.5 0
95.6 0
95.7 0
95.8 0
95.9 0
96 0
96.1 0
96.2 0
96.3 0
96.4 0
96.5 0
96.6 0
96.7 0
96.8 0
96.9 0
97 0
97.1 0
97.2 0
97.3 0
97.4 0
97.5 0
97.6 0
97.7 0
97.8 0
97.9 0
98 0
98.1 0
98.2 0
98.3 0
98.4 0
98.5 0
98.6 0
98.7 0
98.8 0
98.9 0
99 0
99.1 0
99.2 0
99.3 0
99.4 0
99.5 0
99.6 0
99.7 0
99.8 0
99.9 0
100 0
100.1 0
100.2 0
100.3 0
100.4 0
100.5 0
100.6 0
100.7 0
100.8 0
100.9 0
101 0
101.1 0
101.2 0
101.3 0
101.4 0
101.5 0
101.6 0
101.7 0
101.8 0
101.9 0
102 0
102.1 0
102.2 0
102.3 0
102.4 0
102.5 0
102.6 0
102.7 0
102.8 0
102.9 0
103 0
103.1 0
103.2 0
103.3 0
103.4 0
103.5 0
103.6 0
103.7 0
103.8 0
103.9 0
104 0
104.1 0
104.2 0
104.3 0
104.4 0
104.5 0
104.6 0
104.7 0
104.8 0
104.9 0
105 0
105.1 0
105.2 0
105.3 0
105.4 0
105.5 0
105.6 0
105.7 0
105.8 0
105.9 0
106 0
106.1 0
106.2 0
106.3 0
106.4 0
106.5 0
106.6 0
106.7 0
106.8 0
106.9 0
107 0
107.1 0
107.2 0
107.3 0
107.4 0
107.5 0
107.6 0
107.7 0
107.8 0
107.9 0
108 0
108.1 0
108.2 0
108.3 0
108.4 0
108.5 0
108.6 0
108.7 0
108.8 0
108.9 0
109 0
109.1 0
109.2 0
109.3 0
109.4 0
109.5 0
109.6 0
109.7 0
109.8 0
109.9 0
110 0
110.1 0
110.2 0
110.3 0
110.4 0
110.5 0
110.6 0
110.7 0
110.8 0
110.9 0
111 0
111.1 0
111.2 0
111.3 0
111.4 0
111.5 0
111.6 0
111.7 0
111.8 0
111.9 0
112 0
112.1 0
112.2 0
112.3 0
112.4 0
112.5 0
112.6 0
112.7 0
112.8 0
112.9 0
113 0
113.1 0
113.2 0
113.3 0
113.4 0
113.5 0
113.6 0
113.7 0
113.8 0
113.9 0
114 0
114.1 0
114.2 0
114.3 0
114.4 0
114.5 0
114.6 0
114.7 0
114.8 0
114.9 0
115 0
115.1 0
115.2 0
115.3 0
115.4 0
115.5 0
115.6 0
115.7 0
115.8 0
115.9 0
116 0
116.1 0
116.2 0
116.3 0
116.4 0
116.5 0
116.6 0
116.7 0
116.8 0
116.9 0
117 0
117.1 0
117.2 0
117.3 0
117.4 0
117.5 0
117.6 0
117.7 0
117.8 0
117.9 0
118 0
118.1 0
118.2 0
118.3 0
118.4 0
118.5 0
118.6 0
118.7 0
118.8 0
118.9 0
119 0
119.1 0
119.2 0
119.3 0
119.4 0
119.5 0
119.6 0
119.7 0
119.8 0
119.9 0
120 0
120.1 0
120.2 0
120.3 0
120.4 0
120.5 0
120.6 0
120.7 0
120.8 0
120.9 0
121 0
121.1 0
121.2 0
121.3 0
121.4 0
121.5 0
121.6 0
121.7 0
121.8 0
121.9 0
122 0
122.1 0
122.2 0
122.3 0
122.4 0
122.5 0
122.6 0
122.7 0
122.8 0
122.9 0
123 0
123.1 0
123.2 0
123.3 0
123.4 0
123.5 0
123.6 0
123.7 0
123.8 0
123.9 0
124 0
124.1 0
124.2 0
124.3 0
124.4 0
124.5 0
124.6 0
124.7 0
124.8 0
124.9 0
125 0
125.1 0
125.2 0
125.3 0
125.4 0
125.5 0
125.6 0
125.7 0
125.8 0
125.9 0
126 0
126.1 0
126.2 0
126.3 0
126.4 0
126.5 0
126.6 0
126.7 0
126.8 0
126.9 0
127 0
127.1 0
127.2 0
127.3 0
127.4 0
127.5 0
127.6 0
127.7 0
127.8 0
127.9 0
128 0
128.1 0
128.2 0
128.3 0
128.4 0
128.5 0
128.6 0
128.7 0
128.8 0
128.9 0
129 0
129.1 0
129.2 0
129.3 0
129.4 0
129.5 0
129.6 0
129.7 0
129.8 0
129.9 0
130 0
130.1 0
130.2 0
130.3 0
130.4 0
130.5 0
130.6 0
130.7 0
130.8 0
130.9 0
131 0
131.1 0
131.2 0
131.3 0
131.4 0
131.5 0
131.6 0
131.7 0
131.8 0
131.9 0
132 0
132.1 0
132.2 0
132.3 0
132.4 0
132.5 0
132.6 0
132.7 0
132.8 0
132.9 0
133 0
133.1 0
133.2 0
133.3 0
133.4 0
133.5 0
133.6 0
133.7 0
133.8 0
133.9 0
134 0
134.1 0
134.2 0
134.3 0
134.4 0
134.5 0
134.6 0
134.7 0
134.8 0
134.9 0
135 0
135.1 0
135.2 0
135.3 0
135.4 0
135.5 0
135.6 0
135.7 0
135.8 0
135.9 0
136 0
136.1 0
136.2 0
136.3 0
136.4 0
136.5 0
136.6 0
136.7 0
136.8 0
136.9 0
137 0
137.1 0
137.2 0
137.3 0
137.4 0
137.5 0
137.6 0
137.7 0
137.8 0
137.9 0
138 0
138.1 0
138.2 0
138.3 0
138.4 0
138.5 0
138.6 0
138.7 0
138.8 0
138.9 0
139 0
139.1 0
139.2 0
139.3 0
139.4 0
139.5 0
139.6 0
139.7 0
139.8 0
139.9 0
140 0
140.1 0
140.2 0
140.3 0
140.4 0
140.5 0
140.6 0
140.7 0
140.8 0
140.9 0
141 0
141.1 0
141.2 0
141.3 0
141.4 0
141.5 0
141.6 0
141.7 0
141.8 0
141.9 0
142 0
142.1 0
142.2 0
142.3 0
142.4 0
142.5 0
142.6 0
142.7 0
142.8 0
142.9 0
143 0
143.1 0
143.2 0
143.3 0
143.4 0
143.5 0
143.6 0
143.7 0
143.8 0
143.9 0
144 0
144.1 0
144.2 0
144.3 0
144.4 0
144.5 0
144.6 0
144.7 0
144.8 0
144.9 0
145 0
145.1 0
145.2 0
145.3 0
145.4 0
145.5 0
145.6 0
145.7 0
145.8 0
145.9 0
146 0
146.1 0
146.2 0
146.3 0
146.4 0
146.5 0
146.6 0
146.7 0
146.8 0
146.9 0
147 0
147.1 0
147.2 0
147.3 0
147.4 0
147.5 0
147.6 0
147.7 0
147.8 0
147.9 0
148 0
148.1 0
148.2 0
148.3 0
148.4 0
148.5 0
148.6 0
148.7 0
148.8 0
148.9 0
149 0
149.1 0
149.2 0
149.3 0
149.4 0
149.5 0
149.6 0
149.7 0
149.8 0
149.9 0
150 0
150.1 0
150.2 0
150.3 0
150.4 0
150.5 0
150.6 0
150.7 0
150.8 0
150.9 0
151 0
151.1 0
151.2 0
151.3 0
151.4 0
151.5 0
151.6 0
151.7 0
151.8 0
151.9 0
152 0
152.1 0
152.2 0
152.3 0
152.4 0
152.5 0
152.6 0
152.7 0
152.8 0
152.9 0
153 0
153.1 0
153.2 0
153.3 0
153.4 0
153.5 0
153.6 0
153.7 0
153.8 0
153.9 0
154 0
154.1 0
154.2 0
154.3 0
154.4 0
154.5 0
154.6 0
154.7 0
154.8 0
154.9 0
155 0
155.1 0
155.2 0
155.3 0
155.4 0
155.5 0
155.6 0
155.7 0
155.8 0
155.9 0
156 0
156.1 0
156.2 0
156.3 0
156.4 0
156.5 0
156.6 0
156.7 0
156.8 0
156.9 0
157 0
157.1 0
157.2 0
157.3 0
157.4 0
157.5 0
157.6 0
157.7 0
157.8 0
157.9 0
158 0
158.1 0
158.2 0
158.3 0
158.4 0
158.5 0
158.6 0
158.7 0
158.8 0
158.9 0
159 0
159.1 0
159.2 0
159.3 0
159.4 0
159.5 0
159.6 0
159.7 0
159.8 0
159.9 0
160 0
160.1 0
160.2 0
160.3 0
160.4 0
160.5 0
160.6 0
160.7 0
160.8 0
160.9 0
161 0
161.1 0
161.2 0
161.3 0
161.4 0
161.5 0
161.6 0
161.7 0
161.8 0
161.9 0
162 0
162.1 0
162.2 0
162.3 0
162.4 0
162.5 0
162.6 0
162.7 0
162.8 0
162.9 0
163 0
163.1 0
163.2 0
163.3 0
163.4 0
163.5 0
163.6 0
163.7 0
163.8 0
163.9 0
164 0
164.1 0
164.2 0
164.3 0
164.4 0
164.5 0
164.6 0
164.7 0
164.8 0
164.9 0
165 0
165.1 0
165.2 0
165.3 0
165.4 0
165.5 0
165.6 0
165.7 0
165.8 0
165.9 0
166 0
166.1 0
166.2 0
166.3 0
166.4 0
166.5 0
166.6 0
166.7 0
166.8 0
166.9 0
167 0
167.1 0
167.2 0
167.3 0
167.4 0
167.5 0
167.6 0
167.7 0
167.8 0
167.9 0
168 0
168.1 0
168.2 0
168.3 0
168.4 0
168.5 0
168.6 0
168.7 0
168.8 0
168.9 0
169 0
169.1 0
169.2 0
169.3 0
169.4 0
169.5 0
169.6 0
169.7 0
169.8 0
169.9 0
170 0
170.1 0
170.2 0
170.3 0
170.4 0
170.5 0
170.6 0
170.7 0
170.8 0
170.9 0
171 0
171.1 0
171.2 0
171.3 0
171.4 0
171.5 0
171.6 0
171.7 0
171.8 0
171.9 0
172 0
172.1 0
172.2 0
172.3 0
172.4 0
172.5 0
172.6 0
172.7 0
172.8 0
172.9 0
173 0
173.1 0
173.2 0
173.3 0
173.4 0
173.5 0
173.6 0
173.7 0
173.8 0
173.9 0
174 0
174.1 0
174.2 0
174.3 0
174.4 0
174.5 0
174.6 0
174.7 0
174.8 0
174.9 0
175 0
175.1 0
175.2 0
175.3 0
175.4 0
175.5 0
175.6 0
175.7 0
175.8 0
175.9 0
176 0
176.1 0
176.2 0
176.3 0
176.4 0
176.5 0
176.6 0
176.7 0
176.8 0
176.9 0
177 0
177.1 0
177.2 0
177.3 0
177.4 0
177.5 0
177.6 0
177.7 0
177.8 0
177.9 0
178 0
178.1 0
178.2 0
178.3 0
178.4 0
178.5 0
178.6 0
178.7 0
178.8 0
178.9 0
179 0
179.1 0
179.2 0
179.3 0
179.4 0
179.5 0
179.6 0
179.7 0
179.8 0
179.9 0
180 0
180.1 0
180.2 0
180.3 0
180.4 0
180.5 0
180.6 0
180.7 0
180.8 0
180.9 0
181 0
181.1 0
181.2 0
181.3 0
181.4 0
181.5 0
181.6 0
181.7 0
181.8 0
181.9 0
182 0
182.1 0
182.2 0
182.3 0
182.4 0
182.5 0
182.6 0
182.7 0
182.8 0
182.9 0
183 0
183.1 0
183.2 0
183.3 0
183.4 0
183.5 0
183.6 0
183.7 0
183.8 0
183.9 0
184 0
184.1 0
184.2 0
184.3 0
184.4 0
184.5 0
184.6 0
184.7 0
184.8 0
184.9 0
185 0
185.1 0
185.2 0
185.3 0
185.4 0
185.5 0
185.6 0
185.7 0
185.8 0
185.9 0
186 0
186.1 0
186.2 0
186.3 0
186.4 0
186.5 0
186.6 0
186.7 0
186.8 0
186.9 0
187 0
187.1 0
187.2 0
187.3 0
187.4 0
187.5 0
187.6 0
187.7 0
187.8 0
187.9 0
188 0
188.1 0
188.2 0
188.3 0
188.4 0
188.5 0
188.6 0
188.7 0
188.8 0
188.9 0
189 0
189.1 0
189.2 0
189.3 0
189.4 0
189.5 0
189.6 0
189.7 0
189.8 0
189.9 0
190 0
190.1 0
190.2 0
190.3 0
190.4 0
190.5 0
190.6 0
190.7 0
190.8 0
190.9 0
191 0
191.1 0
191.2 0
191.3 0
191.4 0
191.5 0
191.6 0
191.7 0
191.8 0
191.9 0
192 0
192.1 0
192.2 0
192.3 0
192.4 0
192.5 0
192.6 0
192.7 0
192.8 0
192.9 0
193 0
193.1 0
193.2 0
193.3 0
193.4 0
193.5 0
193.6 0
193.7 0
193.8 0
193.9 0
194 0
194.1 0
194.2 0
194.3 0
194.4 0
194.5 0
194.6 0
194.7 0
194.8 0
194.9 0
195 0
