0 0.5
0.1 0.5
0.2 0.4975
0.3 0.495178571428571
0.4 0.492857142857143
0.5 0.490326530612245
0.6 0.487795918367347
0.7 0.484
0.8 0.484
0.9 0.480888888888889
1 0.477777777777778
1.1 0.474666666666667
1.2 0.47
1.3 0.47
1.4 0.467083333333333
1.5 0.464166666666667
1.6 0.46125
1.7 0.458333333333333
1.8 0.455416666666667
1.9 0.4525
2 0.45003164556962
2.1 0.447563291139241
2.2 0.445094936708861
2.3 0.442626582278481
2.4 0.440158227848101
2.5 0.437689873417721
2.6 0.435221518987342
2.7 0.433
2.8 0.430285714285714
2.9 0.427571428571428
3 0.424857142857143
3.1 0.422142857142857
3.2 0.419428571428571
3.3 0.416714285714286
3.4 0.414
3.5 0.411285714285714
3.6 0.408571428571429
3.7 0.406018433179723
3.8 0.403465437788018
3.9 0.400912442396313
4 0.398359447004608
4.1 0.395806451612903
4.2 0.393253456221198
4.3 0.390700460829493
4.4 0.388147465437788
4.5 0.385594470046083
4.6 0.383041474654378
4.7 0.380488479262673
4.8 0.377935483870968
4.9 0.375382488479263
5 0.372829493087558
5.1 0.370259293394777
5.2 0.369
5.3 0.366365853658537
5.4 0.363731707317073
5.5 0.36109756097561
5.6 0.358463414634146
5.7 0.355829268292683
5.8 0.353195121951219
5.9 0.350560975609756
6 0.347926829268293
6.1 0.345292682926829
6.2 0.342658536585366
6.3 0.340024390243902
6.4 0.337390243902439
6.5 0.334756097560976
6.6 0.332121951219512
6.7 0.329487804878049
6.8 0.326853658536585
6.9 0.324219512195122
7 0.321585365853658
7.1 0.318951219512195
7.2 0.316319433516916
7.3 0.313687647521636
7.4 0.311055861526357
7.5 0.308424075531078
7.6 0.305792289535799
7.7 0.303160503540519
7.8 0.30052871754524
7.9 0.297896931549961
8 0.295265145554681
8.1 0.292633359559402
8.2 0.290001573564123
8.3 0.287369787568843
8.4 0.284738001573564
8.5 0.282106215578285
8.6 0.279474429583006
8.7 0.276842643587726
8.8 0.274210857592447
8.9 0.271579071597168
9 0.27
9.1 0.269992638940007
9.2 0.269985277880015
9.3 0.269977916820022
9.4 0.269970555760029
9.5 0.269963194700037
9.6 0.269955833640044
9.7 0.269948472580052
9.8 0.269941111520059
9.9 0.26993006993007
10 0.26993006993007
10.1 0.268885632655654
10.2 0.267841195381238
10.3 0.266796758106823
10.4 0.265752320832407
10.5 0.264707883557991
10.6 0.263663446283575
10.7 0.26261900900916
10.8 0.261574571734744
10.9 0.260112359550562
11 0.26011035795529
11.1 0.260108356360019
11.2 0.260106354764748
11.3 0.260104353169476
11.4 0.260102351574205
11.5 0.260100349978933
11.6 0.260098348383662
11.7 0.26009634678839
11.8 0.260094345193119
11.9 0.260091743119266
12 0.259102356538946
12.1 0.258112969958626
12.2 0.257123583378305
12.3 0.256134196797985
12.4 0.255144810217665
12.5 0.254155423637345
12.6 0.253166037057025
12.7 0.252176650476704
12.8 0.251187263896384
12.9 0.25
13 0.25
13.1 0.25
13.2 0.25
13.3 0.25
13.4 0.25
13.5 0.25
13.6 0.25
13.7 0.25
13.8 0.25
13.9 0.25
14 0.249019607843137
14.1 0.248039215686275
14.2 0.247058823529412
14.3 0.246078431372549
14.4 0.245098039215686
14.5 0.244117647058824
14.6 0.243137254901961
14.7 0.242156862745098
14.8 0.241176470588235
14.9 0.24
15 0.238989690721649
15.1 0.237979381443299
15.2 0.236969072164948
15.3 0.235958762886598
15.4 0.234948453608247
15.5 0.233938144329897
15.6 0.232927835051546
15.7 0.231917525773196
15.8 0.230907216494845
15.9 0.229896907216495
16 0.228888078433257
16.1 0.22787924965002
16.2 0.226870420866782
16.3 0.225861592083545
16.4 0.224852763300307
16.5 0.22384393451707
16.6 0.222835105733832
16.7 0.221826276950595
16.8 0.220817448167357
16.9 0.219909502262443
17 0.219894049431187
17.1 0.21987859659993
17.2 0.219863143768674
17.3 0.219847690937417
17.4 0.219832238106161
17.5 0.219816785274904
17.6 0.219801332443647
17.7 0.219785879612391
17.8 0.219770426781134
17.9 0.219758064516129
18 0.21978300631859
18.1 0.219807948121051
18.2 0.219832889923512
18.3 0.219857831725973
18.4 0.219882773528434
18.5 0.219907715330895
18.6 0.219932657133355
18.7 0.219957598935816
18.8 0.219982540738277
18.9 0.22
19 0.219932795698925
19.1 0.219865591397849
19.2 0.219798387096774
19.3 0.219731182795699
19.4 0.219663978494624
19.5 0.219596774193548
19.6 0.219529569892473
19.7 0.219462365591398
19.8 0.219395161290323
19.9 0.219354838709677
20 0.218336162988115
20.1 0.217317487266553
20.2 0.216298811544992
20.3 0.21528013582343
20.4 0.214261460101868
20.5 0.213242784380306
20.6 0.212224108658744
20.7 0.211205432937182
20.8 0.211133566170552
20.9 0.209677419354839
21 0.209752816423218
21.1 0.209828213491597
21.2 0.209903610559976
21.3 0.209979007628356
21.4 0.210054404696735
21.5 0.210129801765114
21.6 0.210205198833493
21.7 0.210280595901872
21.8 0.210386151797603
21.9 0.209387483355526
22 0.208388814913449
22.1 0.207390146471372
22.2 0.206391478029294
22.3 0.205392809587217
22.4 0.20439414114514
22.5 0.203395472703063
22.6 0.202396804260985
22.7 0.201398135818908
22.8 0.2
22.9 0.2
23 0.2
23.1 0.2
23.2 0.2
23.3 0.2
23.4 0.2
23.5 0.2
23.6 0.2
23.7 0.2
23.8 0.2
23.9 0.19897341135407
24 0.197946822708141
24.1 0.196920234062211
24.2 0.195893645416282
24.3 0.194867056770352
24.4 0.193840468124423
24.5 0.192813879478493
24.6 0.191787290832563
24.7 0.190760702186634
24.8 0.189528795811518
24.9 0.188575916230367
25 0.187623036649215
25.1 0.186670157068063
25.2 0.185717277486911
25.3 0.184764397905759
25.4 0.183811518324607
25.5 0.182858638743455
25.6 0.181905759162304
25.7 0.180952879581152
25.8 0.18
25.9 0.178
26 0.176
26.1 0.174
26.2 0.172
26.3 0.17
26.4 0.168
26.5 0.166
26.6 0.164
26.7 0.162
26.8 0.16
26.9 0.157961092405537
27 0.155922184811074
27.1 0.153883277216611
27.2 0.151844369622147
27.3 0.149805462027684
27.4 0.147766554433221
27.5 0.145727646838758
27.6 0.143688739244295
27.7 0.141649831649832
27.8 0.139814814814815
27.9 0.138849746247705
28 0.137884677680596
28.1 0.136919609113487
28.2 0.135954540546377
28.3 0.134989471979268
28.4 0.134024403412159
28.5 0.133059334845049
28.6 0.13209426627794
28.7 0.13112919771083
28.8 0.130357142857143
28.9 0.128294017571479
29 0.126230892285816
29.1 0.124167767000152
29.2 0.122104641714489
29.3 0.120041516428825
29.4 0.117978391143162
29.5 0.115915265857498
29.6 0.113852140571835
29.7 0.111789015286171
29.8 0.110344827586207
29.9 0.10883680060796
30 0.107328773629714
30.1 0.105820746651468
30.2 0.104312719673221
30.3 0.102804692694975
30.4 0.101296665716728
30.5 0.099788638738482
30.6 0.0982806117602356
30.7 0.0967725847819892
30.8 0.0958677685950413
30.9 0.0945399937154694
31 0.0932122188358975
31.1 0.0918844439563256
31.2 0.0905566690767536
31.3 0.0892288941971817
31.4 0.0879011193176098
31.5 0.0865733444380379
31.6 0.085245569558466
31.7 0.083917794678894
31.8 0.0825900197993221
31.9 0.0812622449197502
32 0.0799344700401783
32.1 0.0786066951606064
32.2 0.0772789202810344
32.3 0.0759511454014625
32.4 0.0746233705218906
32.5 0.0732955956423187
32.6 0.0719678207627468
32.7 0.0706400458831748
32.8 0.0693122710036029
32.9 0.067984496124031
33 0.067022508639208
33.1 0.066060521154385
33.2 0.065098533669562
33.3 0.064136546184739
33.4 0.063174558699916
33.5 0.062212571215093
33.6 0.0612505837302699
33.7 0.06
33.8 0.0588204656862745
33.9 0.057640931372549
34 0.0564613970588235
34.1 0.055281862745098
34.2 0.0541023284313725
34.3 0.0529227941176471
34.4 0.0517432598039216
34.5 0.0505637254901961
34.6 0.0493841911764706
34.7 0.0482046568627451
34.8 0.0470251225490196
34.9 0.0458455882352941
35 0.0446660539215686
35.1 0.0430147058823529
35.2 0.0423468137254902
35.3 0.0416789215686274
35.4 0.0410110294117647
35.5 0.040343137254902
35.6 0.0396752450980392
35.7 0.0390073529411765
35.8 0.0383394607843137
35.9 0.037671568627451
36 0.0370036764705882
36.1 0.0363357843137255
36.2 0.0356678921568627
36.3 0.035
36.4 0.0346604613042969
36.5 0.0343209226085938
36.6 0.0339813839128908
36.7 0.0336418452171877
36.8 0.0333023065214846
36.9 0.0329627678257815
37 0.0326232291300785
37.1 0.0322836904343754
37.2 0.0319441517386723
37.3 0.0316046130429692
37.4 0.0312650743472661
37.5 0.031027397260274
37.6 0.0302376718074837
37.7 0.0294479463546934
37.8 0.0286582209019031
37.9 0.0278684954491128
38 0.0270787699963225
38.1 0.0259731543624161
38.2 0.0256392196483125
38.3 0.0253052849342089
38.4 0.0249713502201054
38.5 0.0246374155060018
38.6 0.0243034807918982
38.7 0.0239695460777946
38.8 0.023635611363691
38.9 0.0233016766495874
39 0.0229677419354839
39.1 0.0218592502316843
39.2 0.0207507585278846
39.3 0.019642266824085
39.4 0.0185337751202854
39.5 0.0174252834164858
39.6 0.0163167917126861
39.7 0.0152083000088865
39.8 0.0140998083050869
39.9 0.0129913166012873
40 0.0118828248974876
40.1 0.010774333193688
40.2 0.0096658414898884
40.3 0.00855734978608877
40.4 0.00744885808228913
40.5 0.0058969696969697
40.6 0.00631281385281385
40.7 0.00672865800865801
40.8 0.00714450216450217
40.9 0.00756034632034633
41 0.00797619047619048
41.1 0.0078097547434767
41.2 0.00764331901076292
41.3 0.00747688327804914
41.4 0.00731044754533536
41.5 0.00714401181262158
41.6 0.00699421965317919
41.7 0.00684957136075508
41.8 0.00670492306833096
41.9 0.00656027477590684
42 0.00641562648348273
42.1 0.00627097819105861
42.2 0.0061263298986345
42.3 0.00598168160621038
42.4 0.00583703331378627
42.5 0.00569238502136215
42.6 0.00554773672893804
42.7 0.00540308843651392
42.8 0.00525844014408981
42.9 0.00511379185166569
43 0.00496914355924157
43.1 0.00482449526681746
43.2 0.00467984697439334
43.3 0.00453519868196923
43.4 0.00439055038954511
43.5 0.004245902097121
43.6 0.00410125380469688
43.7 0.004
43.8 0.004
43.9 0.004
44 0.004
44.1 0.004
44.2 0.004
44.3 0.0038
44.4 0.0036
44.5 0.0034
44.6 0.0032
44.7 0.003
44.8 0.00337037037037038
44.9 0.00374074074074075
45 0.004
45.1 0.00373333333333333
45.2 0.00346666666666667
45.3 0.0032
45.4 0.00293333333333333
45.5 0.00266666666666666
45.6 0.0024
45.7 0.00197575757575757
45.8 0.00155151515151514
45.9 0.001
46 0.001
46.1 0.001
46.2 0.001
46.3 0.00158823529411765
46.4 0.00217647058823531
46.5 0.003
46.6 0.00284615384615385
46.7 0.00269230769230769
46.8 0.00253846153846154
46.9 0.00238461538461538
47 0.00223076923076923
47.1 0.00218722786647315
47.2 0.00214368650217707
47.3 0.00210014513788099
47.4 0.0020566037735849
47.5 0.002
47.6 0.002
47.7 0.002
47.8 0.002
47.9 0.002
48 0.002
48.1 0.002
48.2 0.002
48.3 0.002
48.4 0.002
48.5 0.002
48.6 0.002
48.7 0.002
48.8 0.00178723404255319
48.9 0.00157446808510638
49 0.00136170212765958
49.1 0.00114893617021277
49.2 0.001
49.3 0.00087179487179487
49.4 0.000743589743589739
49.5 0.000615384615384612
49.6 5e-04
49.7 0.000404761904761904
49.8 0.000309523809523807
49.9 0.000214285714285709
50 1e-04
50.1 8.82352941176471e-05
50.2 7.64705882352941e-05
50.3 6.47058823529412e-05
50.4 5.29411764705882e-05
50.5 4.11764705882353e-05
50.6 2.94117647058824e-05
50.7 1.76470588235295e-05
50.8 1.51260504201681e-05
50.9 1.26050420168067e-05
51 1.00840336134454e-05
51.1 7.56302521008402e-06
51.2 5.04201680672265e-06
51.3 2.52100840336127e-06
51.4 0
51.5 0
51.6 0
51.7 0
51.8 0
51.9 0
52 0
52.1 0
52.2 0
52.3 0
52.4 0
52.5 0
52.6 0
52.7 0
52.8 0
52.9 0
53 0
53.1 0
53.2 0
53.3 0
53.4 0
53.5 0
53.6 0
53.7 0
53.8 0
53.9 0
54 0
54.1 0
54.2 0
54.3 0
54.4 0
54.5 0
54.6 0
54.7 0
54.8 0
54.9 0
55 0
55.1 0
55.2 0
55.3 0
55.4 0
55.5 0
55.6 0
55.7 0
55.8 0
55.9 0
56 0
56.1 0
56.2 0
56.3 0
56.4 0
56.5 0
56.6 0
56.7 0
56.8 0
56.9 0
57 0
57.1 0
57.2 0
57.3 0
57.4 0
57.5 0
57.6 0
57.7 0
57.8 0
57.9 0
58 0
58.1 0
58.2 0
58.3 0
58.4 0
58.5 0
58.6 0
58.7 0
58.8 0
58.9 0
59 0
59.1 0
59.2 0
59.3 0
59.4 0
59.5 0
59.6 0
59.7 0
59.8 0
59.9 0
60 0
60.1 0
60.2 0
60.3 0
60.4 0
60.5 0
60.6 0
60.7 0
60.8 0
60.9 0
61 0
61.1 0
61.2 0
61.3 0
61.4 0
61.5 0
61.6 0
61.7 0
61.8 0
61.9 0
62 0
62.1 0
62.2 0
62.3 0
62.4 0
62.5 0
62.6 0
62.7 0
62.8 0
62.9 0
63 0
63.1 0
63.2 0
63.3 0
63.4 0
63.5 0
63.6 0
63.7 0
63.8 0
63.9 0
64 0
64.1 0
64.2 0
64.3 0
64.4 0
64.5 0
64.6 0
64.7 0
64.8 0
64.9 0
65 0
65.1 0
65.2 0
65.3 0
65.4 0
65.5 0
65.6 0
65.7 0
65.8 0
65.9 0
66 0
66.1 0
66.2 0
66.3 0
66.4 0
66.5 0
66.6 0
66.7 0
66.8 0
66.9 0
67 0
67.1 0
67.2 0
67.3 0
67.4 0
67.5 0
67.6 0
67.7 0
67.8 0
67.9 0
68 0
68.1 0
68.2 0
68.3 0
68.4 0
68.5 0
68.6 0
68.7 0
68.8 0
68.9 0
69 0
69.1 0
69.2 0
69.3 0
69.4 0
69.5 0
69.6 0
69.7 0
69.8 0
69.9 0
70 0
70.1 0
70.2 0
70.3 0
70.4 0
70.5 0
70.6 0
70.7 0
70.8 0
70.9 0
71 0
71.1 0
71.2 0
71.3 0
71.4 0
71.5 0
71.6 0
71.7 0
71.8 0
71.9 0
72 0
72.1 0
72.2 0
72.3 0
72.4 0
72.5 0
72.6 0
72.7 0
72.8 0
72.9 0
73 0
73.1 0
73.2 0
73.3 0
73.4 0
73.5 0
73.6 0
73.7 0
73.8 0
73.9 0
74 0
74.1 0
74.2 0
74.3 0
74.4 0
74.5 0
74.6 0
74.7 0
74.8 0
74.9 0
75 0
75.1 0
75.2 0
75.3 0
75.4 0
75.5 0
75.6 0
75.7 0
75.8 0
75.9 0
76 0
76.1 0
76.2 0
76.3 0
76.4 0
76.5 0
76.6 0
76.7 0
76.8 0
76.9 0
77 0
77.1 0
77.2 0
77.3 0
77.4 0
77.5 0
77.6 0
77.7 0
77.8 0
77.9 0
78 0
78.1 0
78.2 0
78.3 0
78.4 0
78.5 0
78.6 0
78.7 0
78.8 0
78.9 0
79 0
79.1 0
79.2 0
79.3 0
79.4 0
79.5 0
79.6 0
79.7 0
79.8 0
79.9 0
80 0
80.1 0
80.2 0
80.3 0
80.4 0
80.5 0
80.6 0
80.7 0
80.8 0
80.9 0
81 0
81.1 0
81.2 0
81.3 0
81.4 0
81.5 0
81.6 0
81.7 0
81.8 0
81.9 0
82 0
82.1 0
82.2 0
82.3 0
82.4 0
82.5 0
82.6 0
82.7 0
82.8 0
82.9 0
83 0
83.1 0
83.2 0
83.3 0
83.4 0
83.5 0
83.6 0
83.7 0
83.8 0
83.9 0
84 0
84.1 0
84.2 0
84.3 0
84.4 0
84.5 0
84.6 0
84.7 0
84.8 0
84.9 0
85 0
85.1 0
85.2 0
85.3 0
85.4 0
85.5 0
85.6 0
85.7 0
85.8 0
85.9 0
86 0
86.1 0
86.2 0
86.3 0
86.4 0
86.5 0
86.6 0
86.7 0
86.8 0
86.9 0
87 0
87.1 0
87.2 0
87.3 0
87.4 0
87.5 0
87.6 0
87.7 0
87.8 0
87.9 0
88 0
88.1 0
88.2 0
88.3 0
88.4 0
88.5 0
88.6 0
88.7 0
88.8 0
88.9 0
89 0
89.1 0
89.2 0
89.3 0
89.4 0
89.5 0
89.6 0
89.7 0
89.8 0
89.9 0
90 0
90.1 0
90.2 0
90.3 0
90.4 0
90.5 0
90.6 0
90.7 0
90.8 0
90.9 0
91 0
91.1 0
91.2 0
91.3 0
91.4 0
91.5 0
91.6 0
91.7 0
91.8 0
91.9 0
92 0
92.1 0
92.2 0
92.3 0
92.4 0
92.5 0
92.6 0
92.7 0
92.8 0
92.9 0
93 0
93.1 0
93.2 0
93.3 0
93.4 0
93.5 0
93.6 0
93.7 0
93.8 0
93.9 0
94 0
94.1 0
94.2 0
94.3 0
94.4 0
94.5 0
94.6 0
94.7 0
94.8 0
94.9 0
95 0
95.1 0
95.2 0
95.3 0
95.4 0
95.5 0
95.6 0
95.7 0
95.8 0
95.9 0
96 0
96.1 0
96.2 0
96.3 0
96.4 0
96.5 0
96.6 0
96.7 0
96.8 0
96.9 0
97 0
97.1 0
97.2 0
97.3 0
97.4 0
97.5 0
97.6 0
97.7 0
97.8 0
97.9 0
98 0
98.1 0
98.2 0
98.3 0
98.4 0
98.5 0
98.6 0
98.7 0
98.8 0
98.9 0
99 0
99.1 0
99.2 0
99.3 0
99.4 0
99.5 0
99.6 0
99.7 0
99.8 0
99.9 0
100 0
100.1 0
100.2 0
100.3 0
100.4 0
100.5 0
100.6 0
100.7 0
100.8 0
100.9 0
101 0
101.1 0
101.2 0
101.3 0
101.4 0
101.5 0
101.6 0
101.7 0
101.8 0
101.9 0
102 0
102.1 0
102.2 0
102.3 0
102.4 0
102.5 0
102.6 0
102.7 0
102.8 0
102.9 0
103 0
103.1 0
103.2 0
103.3 0
103.4 0
103.5 0
103.6 0
103.7 0
103.8 0
