0 0
0.1 0
0.2 4.29563492063492e-05
0.3 8.59126984126984e-05
0.4 0.000128869047619048
0.5 0.000171825396825397
0.6 0.000214781746031746
0.7 0.000257738095238095
0.8 0.000300694444444444
0.9 0.000343650793650794
1 0.000386607142857143
1.1 0.000429555600649351
1.2 0.000472504058441558
1.3 0.000515452516233766
1.4 0.000558400974025974
1.5 0.000601349431818182
1.6 0.00064429788961039
1.7 0.000687246347402597
1.8 0.000730194805194805
1.9 0.000773143262987013
2 0.000816091720779221
2.1 0.000859040178571429
2.2 0.000901988636363636
2.3 0.000944937094155844
2.4 0.000987885551948052
2.5 0.00103083400974026
2.6 0.00107378246753247
2.7 0.00111673092532468
2.8 0.00115967938311688
2.9 0.00120262784090909
3 0.0012455762987013
3.1 0.00128852475649351
3.2 0.00133147321428571
3.3 0.00137442167207792
3.4 0.00141737012987013
3.5 0.00146031858766234
3.6 0.00150326704545455
3.7 0.00154621550324675
3.8 0.00158916396103896
3.9 0.00163211241883117
4 0.00167506087662338
4.1 0.00171800933441558
4.2 0.00176095779220779
4.3 0.00180390625
4.4 0.00184685470779221
4.5 0.00188980316558442
4.6 0.00193275162337662
4.7 0.00197570008116883
4.8 0.00201864853896104
4.9 0.00206159699675325
5 0.00210454545454545
5.1 0.00214755454545455
5.2 0.00219056363636364
5.3 0.00223357272727273
5.4 0.00227658181818182
5.5 0.00231959090909091
5.6 0.0023626
5.7 0.00240560909090909
5.8 0.00244861818181818
5.9 0.00249162727272727
6 0.00253463636363636
6.1 0.00257764545454546
6.2 0.00262065454545455
6.3 0.00266366363636364
6.4 0.00270667272727273
6.5 0.00274968181818182
6.6 0.00279269090909091
6.7 0.0028357
6.8 0.00287870909090909
6.9 0.00292171818181818
7 0.00296472727272727
7.1 0.00300773636363636
7.2 0.00305074545454546
7.3 0.00309375454545455
7.4 0.00313676363636364
7.5 0.00317977272727273
7.6 0.00322278181818182
7.7 0.00326579090909091
7.8 0.0033088
7.9 0.00335180909090909
8 0.00339481818181818
8.1 0.00343782727272727
8.2 0.00348083636363636
8.3 0.00352384545454546
8.4 0.00356685454545455
8.5 0.00360986363636364
8.6 0.00365287272727273
8.7 0.00369588181818182
8.8 0.00373889090909091
8.9 0.0037819
9 0.00382490909090909
9.1 0.00386791818181818
9.2 0.00391092727272727
9.3 0.00395393636363636
9.4 0.00399694545454546
9.5 0.00403995454545455
9.6 0.00408296363636364
9.7 0.00412597272727273
9.8 0.00416898181818182
9.9 0.00421199090909091
10 0.004255
10.1 0.0042979921686747
10.2 0.0043409843373494
10.3 0.0043839765060241
10.4 0.00442696867469879
10.5 0.00446996084337349
10.6 0.00451295301204819
10.7 0.00455594518072289
10.8 0.00459893734939759
10.9 0.00464192951807229
11 0.00468492168674699
11.1 0.00472791385542169
11.2 0.00477090602409638
11.3 0.00481389819277108
11.4 0.00485689036144578
11.5 0.00489988253012048
11.6 0.00494287469879518
11.7 0.00498586686746988
11.8 0.00502885903614458
11.9 0.00507185120481928
12 0.00511484337349397
12.1 0.00515783554216867
12.2 0.00520082771084337
12.3 0.00524381987951807
12.4 0.00528681204819277
12.5 0.00532980421686747
12.6 0.00537279638554217
12.7 0.00541578855421687
12.8 0.00545878072289156
12.9 0.00550177289156626
13 0.00554476506024096
13.1 0.00558775722891566
13.2 0.00563074939759036
13.3 0.00567374156626506
13.4 0.00571673373493976
13.5 0.00575972590361446
13.6 0.00580271807228915
13.7 0.00584571024096385
13.8 0.00588870240963855
13.9 0.00593169457831325
14 0.00597468674698795
14.1 0.00601767891566265
14.2 0.00606067108433735
14.3 0.00610366325301204
14.4 0.00614665542168674
14.5 0.00618964759036144
14.6 0.00623263975903614
14.7 0.00627563192771084
14.8 0.00631862409638554
14.9 0.00636161626506024
15 0.00640460843373494
15.1 0.00644760060240963
15.2 0.00649059277108433
15.3 0.00653358493975903
15.4 0.00657657710843373
15.5 0.00661956927710843
15.6 0.00666256144578313
15.7 0.00670555361445783
15.8 0.00674854578313253
15.9 0.00679153795180722
16 0.00683453012048192
16.1 0.00687752228915662
16.2 0.00692051445783132
16.3 0.00696350662650602
16.4 0.00700649879518072
16.5 0.00704949096385542
16.6 0.00709248313253012
16.7 0.00713547530120481
16.8 0.00717846746987951
16.9 0.00722145963855421
17 0.00726445180722891
17.1 0.00730744397590361
17.2 0.00735043614457831
17.3 0.00739342831325301
17.4 0.00743642048192771
17.5 0.0074794126506024
17.6 0.0075224048192771
17.7 0.0075653969879518
17.8 0.0076083891566265
17.9 0.0076513813253012
18 0.0076943734939759
18.1 0.0077373656626506
18.2 0.00778035783132529
18.3 0.00782334999999999
18.4 0.00786634216867469
18.5 0.00790933433734939
18.6 0.00795232650602409
18.7 0.00799531867469879
18.8 0.00803831084337349
18.9 0.00808130301204819
19 0.00812429518072289
19.1 0.00816728734939759
19.2 0.00821027951807229
19.3 0.00825327168674699
19.4 0.00829626385542169
19.5 0.00833925602409638
19.6 0.00838224819277108
19.7 0.00842524036144578
19.8 0.00846823253012048
19.9 0.00851122469879518
20 0.00855421686746988
20.1 0.00859649122807018
20.2 0.00863876558867047
20.3 0.00868103994927077
20.4 0.00872331430987106
20.5 0.00876558867047136
20.6 0.00880786303107166
20.7 0.00885013739167195
20.8 0.00889241175227225
20.9 0.00894736842105263
21 0.00916780965681201
21.1 0.0093882508925714
21.2 0.00960869212833078
21.3 0.00982913336409016
21.4 0.0100495745998495
21.5 0.0102700158356089
21.6 0.0104904570713683
21.7 0.0107108983071277
21.8 0.0109313395428871
21.9 0.0111517807786465
22 0.0113722220144058
22.1 0.0115926632501652
22.2 0.0118131044859246
22.3 0.012033545721684
22.4 0.0122539869574434
22.5 0.0124744281932027
22.6 0.0126948694289621
22.7 0.0129153106647215
22.8 0.0131357519004809
22.9 0.0133561931362403
23 0.0135766343719997
23.1 0.013797075607759
23.2 0.0140175168435184
23.3 0.0142379580792778
23.4 0.0145024875621891
23.5 0.0153946971131974
23.6 0.0162869066642058
23.7 0.0171791162152142
23.8 0.0180713257662226
23.9 0.018963535317231
24 0.019498861047836
24.1 0.021204765974278
24.2 0.0229106709007201
24.3 0.0246165758271621
24.4 0.0263224807536041
24.5 0.0280283856800462
24.6 0.0297342906064882
24.7 0.0317813765182186
24.8 0.0347620690271358
24.9 0.037742761536053
25 0.0407234540449703
25.1 0.0437041465538875
25.2 0.0466848390628047
25.3 0.0496655315717219
25.4 0.0526462240806391
25.5 0.0556269165895563
25.6 0.0586076090984736
25.7 0.0615883016073908
25.8 0.064568994116308
25.9 0.0675496866252252
26 0.0717802229616159
26.1 0.072020725388601
26.2 0.0770040983116721
26.3 0.0819874712347431
26.4 0.0869708441578142
26.5 0.0919542170808852
26.6 0.0984326018808778
26.7 0.104453451393652
26.8 0.110474300906427
26.9 0.116495150419201
27 0.122515999931975
27.1 0.12853684944475
27.2 0.134557698957524
27.3 0.140578548470299
27.4 0.146599397983073
27.5 0.152620247495848
27.6 0.158641097008622
27.7 0.164661946521397
27.8 0.170682796034171
27.9 0.176703645546945
28 0.18272449505972
28.1 0.188745344572494
28.2 0.194766194085269
28.3 0.201667310092204
28.4 0.20379746835443
28.5 0.211049390077889
28.6 0.218301311801348
28.7 0.225553233524806
28.8 0.232805155248265
28.9 0.240057076971723
29 0.247308998695182
29.1 0.25456092041864
29.2 0.261812842142099
29.3 0.269064763865557
29.4 0.276316685589016
29.5 0.283568607312474
29.6 0.290820529035933
29.7 0.298072450759392
29.8 0.302423603793467
29.9 0.310791140150765
30 0.319158676508063
30.1 0.32752621286536
30.2 0.335893749222658
30.3 0.345098039215686
30.4 0.352637819833816
30.5 0.360177600451945
30.6 0.367717381070075
30.7 0.375257161688205
30.8 0.382796942306334
30.9 0.390336722924464
31 0.397876503542594
31.1 0.405416284160723
31.2 0.412956064778853
31.3 0.420495845396982
31.4 0.428035626015112
31.5 0.434821428571429
31.6 0.442209710800065
31.7 0.449597993028702
31.8 0.456986275257339
31.9 0.464374557485976
32 0.471762839714612
32.1 0.479151121943249
32.2 0.486539404171886
32.3 0.493927686400523
32.4 0.498360655737705
32.5 0.506589955432771
32.6 0.514819255127837
32.7 0.523048554822904
32.8 0.53127785451797
32.9 0.539507154213036
33 0.547736453908103
33.1 0.555965753603169
33.2 0.564195053298235
33.3 0.572424352993302
33.4 0.580653652688368
33.5 0.589705882352941
33.6 0.598200021599355
33.7 0.606694160845769
33.8 0.615188300092183
33.9 0.623682439338597
34 0.632176578585011
34.1 0.640670717831424
34.2 0.649164857077838
34.3 0.657658996324252
34.4 0.666153135570666
34.5 0.675496688741722
34.6 0.682602754125933
34.7 0.689708819510144
34.8 0.696814884894355
34.9 0.703920950278566
35 0.711027015662777
35.1 0.718133081046988
35.2 0.725239146431199
35.3 0.732345211815411
35.4 0.739451277199622
35.5 0.746557342583833
35.6 0.753663407968044
35.7 0.760769473352255
35.8 0.766313335643324
35.9 0.771428571428571
36 0.777082337951903
36.1 0.782736104475235
36.2 0.788389870998567
36.3 0.793478260869565
36.4 0.798475144533517
36.5 0.803472028197468
36.6 0.80846891186142
36.7 0.813465795525372
36.8 0.818462679189323
36.9 0.823459562853275
37 0.828456446517226
37.1 0.833453330181178
37.2 0.838450213845129
37.3 0.843447097509081
37.4 0.848443981173032
37.5 0.852941176470588
37.6 0.856236671088647
37.7 0.859532165706705
37.8 0.862827660324764
37.9 0.866123154942822
38 0.869418649560881
38.1 0.872714144178939
38.2 0.876009638796998
38.3 0.879305133415056
38.4 0.882600628033115
38.5 0.885896122651173
38.6 0.889191617269232
38.7 0.893805309734513
38.8 0.895708632853147
38.9 0.897611955971781
39 0.899515279090415
39.1 0.901418602209048
39.2 0.903321925327682
39.3 0.905225248446316
39.4 0.907128571564949
39.5 0.909031894683583
39.6 0.910935217802217
39.7 0.912838540920851
39.8 0.914741864039484
39.9 0.916645187158118
40 0.918548510276752
40.1 0.920451833395385
40.2 0.922355156514019
40.3 0.924258479632653
40.4 0.926161802751287
40.5 0.92806512586992
40.6 0.929968448988554
40.7 0.931871772107188
40.8 0.933775095225822
40.9 0.935678418344455
41 0.937581741463089
41.1 0.939485064581723
41.2 0.941388387700356
41.3 0.94329171081899
41.4 0.945195033937624
41.5 0.947098357056258
41.6 0.949001680174891
41.7 0.950905003293525
41.8 0.952808326412159
41.9 0.954711649530792
42 0.956614972649426
42.1 0.95851829576806
42.2 0.960421618886693
42.3 0.962324942005327
42.4 0.964228265123961
42.5 0.966131588242594
42.6 0.968034911361228
42.7 0.969938234479862
42.8 0.972222222222222
42.9 0.972426620881367
43 0.972631019540512
43.1 0.972835418199657
43.2 0.973039816858801
43.3 0.973244215517946
43.4 0.973509933774834
43.5 0.973661098270527
43.6 0.973812262766219
43.7 0.973963427261912
43.8 0.974114591757605
43.9 0.974265756253297
44 0.97441692074899
44.1 0.974568085244682
44.2 0.974719249740375
44.3 0.974870414236067
44.4 0.97502157873176
44.5 0.975172743227452
44.6 0.975323907723145
44.7 0.975475072218838
44.8 0.97562623671453
44.9 0.975777401210223
45 0.975928565705915
45.1 0.976079730201608
45.2 0.976261127596439
45.3 0.976307658764345
45.4 0.976354189932251
45.5 0.976400721100156
45.6 0.976447252268062
45.7 0.976493783435968
45.8 0.976540314603874
45.9 0.976586845771779
46 0.976633376939685
46.1 0.976679908107591
46.2 0.976726439275497
46.3 0.976772970443402
46.4 0.976819501611308
46.5 0.976866032779214
46.6 0.97691256394712
46.7 0.976959095115025
46.8 0.977005626282931
46.9 0.977052157450837
47 0.977098688618743
47.1 0.977145219786648
47.2 0.977191750954554
47.3 0.97723828212246
47.4 0.977284813290365
47.5 0.977331344458271
47.6 0.977377875626177
47.7 0.977424406794083
47.8 0.977470937961988
47.9 0.977517469129894
48 0.9775640002978
48.1 0.977610531465705
48.2 0.977657062633611
48.3 0.977703593801517
48.4 0.977750124969422
48.5 0.977796656137328
48.6 0.977843187305234
48.7 0.97788971847314
48.8 0.977936249641045
48.9 0.977982780808951
49 0.978029311976857
49.1 0.978075843144762
49.2 0.978122374312668
49.3 0.978168905480574
49.4 0.97821543664848
49.5 0.978261967816385
49.6 0.978308498984291
49.7 0.978355030152197
49.8 0.978401561320102
49.9 0.978448092488008
50 0.978494623655914
50.1 0.978501654259719
50.2 0.978508684863523
50.3 0.978515715467328
50.4 0.978522746071133
50.5 0.978529776674938
50.6 0.978536807278743
50.7 0.978543837882547
50.8 0.978550868486352
50.9 0.978557899090157
51 0.978564929693962
51.1 0.978571960297767
51.2 0.978578990901571
51.3 0.978586021505376
51.4 0.978593052109181
51.5 0.978600082712986
51.6 0.978607113316791
51.7 0.978614143920595
51.8 0.9786211745244
51.9 0.978628205128205
52 0.97863523573201
52.1 0.978642266335815
52.2 0.978649296939619
52.3 0.978656327543424
52.4 0.978663358147229
52.5 0.978670388751034
52.6 0.978677419354839
52.7 0.978684449958643
52.8 0.978691480562448
52.9 0.978698511166253
53 0.978705541770058
53.1 0.978712572373863
53.2 0.978719602977667
53.3 0.978726633581472
53.4 0.978733664185277
53.5 0.978740694789082
53.6 0.978747725392887
53.7 0.978754755996691
53.8 0.978761786600496
53.9 0.978768817204301
54 0.978775847808106
54.1 0.978782878411911
54.2 0.978789909015715
54.3 0.97879693961952
54.4 0.978803970223325
54.5 0.97881100082713
54.6 0.978818031430935
54.7 0.97882506203474
54.8 0.978832092638544
54.9 0.978839123242349
55 0.978846153846154
55.1 0.978878274956706
55.2 0.978910396067259
55.3 0.978942517177811
55.4 0.978974638288364
55.5 0.979006759398916
55.6 0.979038880509469
55.7 0.979071001620021
55.8 0.979103122730574
55.9 0.979135243841126
56 0.979167364951679
56.1 0.979199486062231
56.2 0.979231607172784
56.3 0.979263728283336
56.4 0.979295849393889
56.5 0.979327970504441
56.6 0.979360091614994
56.7 0.979392212725546
56.8 0.979424333836099
56.9 0.979456454946651
57 0.979488576057204
57.1 0.979520697167756
57.2 0.979552818278309
57.3 0.979584939388861
57.4 0.979617060499414
57.5 0.979649181609966
57.6 0.979681302720519
57.7 0.979713423831071
57.8 0.979745544941624
57.9 0.979777666052176
58 0.979809787162728
58.1 0.979841908273281
58.2 0.979874029383833
58.3 0.979906150494386
58.4 0.979938271604938
58.5 0.979976851851852
58.6 0.980015432098766
58.7 0.980054012345679
58.8 0.980092592592593
58.9 0.980131172839506
59 0.98016975308642
59.1 0.980208333333333
59.2 0.980246913580247
59.3 0.980285493827161
59.4 0.980324074074074
59.5 0.980362654320988
59.6 0.980401234567901
59.7 0.980439814814815
59.8 0.980478395061728
59.9 0.980516975308642
60 0.980555555555555
60.1 0.980621863799283
60.2 0.980688172043011
60.3 0.980754480286738
60.4 0.980820788530466
60.5 0.980887096774193
60.6 0.980953405017921
60.7 0.981019713261648
60.8 0.981086021505376
60.9 0.981152329749104
61 0.981218637992831
61.1 0.981284946236559
61.2 0.981351254480286
61.3 0.981417562724014
61.4 0.981483870967742
61.5 0.981550179211469
61.6 0.981616487455197
61.7 0.981682795698925
61.8 0.981749103942652
61.9 0.98181541218638
62 0.981881720430107
62.1 0.981948028673835
62.2 0.982014336917563
62.3 0.98208064516129
62.4 0.982146953405018
62.5 0.982213261648745
62.6 0.982279569892473
62.7 0.982345878136201
62.8 0.982412186379928
62.9 0.982478494623656
63 0.982544802867383
63.1 0.982611111111111
63.2 0.982677419354839
63.3 0.982743727598566
63.4 0.982810035842294
63.5 0.982876344086021
63.6 0.982942652329749
63.7 0.983008960573477
63.8 0.983075268817204
63.9 0.983141577060932
64 0.98320788530466
64.1 0.983274193548387
64.2 0.983340501792115
64.3 0.983406810035842
64.4 0.98347311827957
64.5 0.983539426523298
64.6 0.983605734767025
64.7 0.983672043010753
64.8 0.98373835125448
64.9 0.983804659498208
65 0.983870967741936
65.1 0.982773548387097
65.2 0.981676129032258
65.3 0.980578709677419
65.4 0.979481290322581
65.5 0.978383870967742
65.6 0.977286451612903
65.7 0.976189032258064
65.8 0.975091612903226
65.9 0.973994193548387
66 0.972896774193548
66.1 0.971799354838709
66.2 0.970701935483871
66.3 0.969604516129032
66.4 0.968507096774193
66.5 0.967409677419355
66.6 0.966312258064516
66.7 0.965214838709677
66.8 0.964117419354839
66.9 0.96302
67 0.961922580645161
67.1 0.960825161290322
67.2 0.959727741935484
67.3 0.958630322580645
67.4 0.957532903225806
67.5 0.956435483870968
67.6 0.955338064516129
67.7 0.95424064516129
67.8 0.953143225806451
67.9 0.952045806451613
68 0.950948387096774
68.1 0.949850967741935
68.2 0.948753548387097
68.3 0.947656129032258
68.4 0.946558709677419
68.5 0.945461290322581
68.6 0.944363870967742
68.7 0.943266451612903
68.8 0.942169032258064
68.9 0.941071612903226
69 0.939974193548387
69.1 0.938876774193548
69.2 0.93777935483871
69.3 0.936681935483871
69.4 0.935584516129032
69.5 0.934487096774194
69.6 0.933389677419355
69.7 0.932292258064516
69.8 0.931194838709677
69.9 0.930097419354839
70 0.929
70.1 0.923953834586466
70.2 0.918907669172932
70.3 0.913861503759398
70.4 0.908815338345865
70.5 0.903769172932331
70.6 0.898723007518797
70.7 0.893676842105263
70.8 0.888630676691729
70.9 0.883584511278195
71 0.878538345864661
71.1 0.873492180451128
71.2 0.868446015037594
71.3 0.86339984962406
71.4 0.858353684210526
71.5 0.853307518796992
71.6 0.848261353383458
71.7 0.843215187969924
71.8 0.83816902255639
71.9 0.833122857142857
72 0.828076691729323
72.1 0.823030526315789
72.2 0.817984360902255
72.3 0.812938195488721
72.4 0.807892030075187
72.5 0.802845864661653
72.6 0.79779969924812
72.7 0.792753533834586
72.8 0.787707368421052
72.9 0.782661203007518
73 0.777615037593984
73.1 0.77256887218045
73.2 0.767522706766916
73.3 0.762476541353383
73.4 0.757430375939849
73.5 0.752384210526315
73.6 0.747338045112781
73.7 0.742291879699247
73.8 0.737245714285714
73.9 0.73219954887218
74 0.727153383458646
74.1 0.722107218045112
74.2 0.717061052631578
74.3 0.712014887218045
74.4 0.706968721804511
74.5 0.701922556390977
74.6 0.696876390977443
74.7 0.691830225563909
74.8 0.686784060150376
74.9 0.681737894736842
75 0.676691729323308
75.1 0.686315086782377
75.2 0.695938444241445
75.3 0.705561801700513
75.4 0.715185159159581
75.5 0.72480851661865
75.6 0.734431874077718
75.7 0.744055231536786
75.8 0.753678588995854
75.9 0.763301946454923
76 0.772925303913991
76.1 0.782548661373059
76.2 0.792172018832128
76.3 0.801795376291196
76.4 0.811418733750264
76.5 0.821042091209332
76.6 0.830665448668401
76.7 0.840288806127469
76.8 0.849912163586538
76.9 0.859535521045606
77 0.869158878504673
77.1 0.87837786104292
77.2 0.700892857142857
77.3 0.747452636968767
77.4 0.794012416794677
77.5 0.840572196620586
77.6 0.887131976446496
77.7 0.933691756272401
77.8 0.838676318510858
77.9 0.824139208551841
78 0.809602098592823
78.1 0.795064988633806
78.2 0.780527878674788
78.3 0.76599076871577
78.4 0.751453658756753
78.5 0.736916548797737
78.6 0.577235772357724
78.7 0.58132540376125
78.8 0.585415035164777
78.9 0.589504666568304
79 0.593594297971831
79.1 0.597683929375358
79.2 0.601773560778884
79.3 0.60586319218241
79.4 0.476717927837632
79.5 0.399230769230769
79.6 0.387519827111664
79.7 0.375808884992558
79.8 0.364097942873453
79.9 0.352387000754347
80 0.340676058635242
80.1 0.328965116516136
80.2 0.317254174397032
80.3 0.166180758017478
80.4 0
80.5 0
80.6 0
80.7 0
80.8 0
80.9 0
81 0
81.1 0
81.2 0
81.3 0
81.4 0
81.5 0
81.6 0
81.7 0
81.8 0
81.9 0
82 0
82.1 0
82.2 0
82.3 0
82.4 0
82.5 0
82.6 0
82.7 0
82.8 0
82.9 0
83 0
83.1 0
83.2 0
83.3 0
83.4 0
83.5 0
83.6 0
83.7 0
83.8 0
83.9 0
84 0
84.1 0
84.2 0
84.3 0
84.4 0
84.5 0
84.6 0
84.7 0
84.8 0
84.9 0
85 0
85.1 0
85.2 0
85.3 0
85.4 0
85.5 0
85.6 0
85.7 0
85.8 0
85.9 0
86 0
86.1 0
86.2 0
86.3 0
86.4 0
86.5 0
86.6 0
86.7 0
86.8 0
86.9 0
87 0
87.1 0
87.2 0
87.3 0
87.4 0
87.5 0
87.6 0
87.7 0
87.8 0
87.9 0
88 0
88.1 0
88.2 0
88.3 0
88.4 0
88.5 0
88.6 0
88.7 0
88.8 0
88.9 0
89 0
89.1 0
89.2 0
89.3 0
89.4 0
89.5 0
89.6 0
89.7 0
89.8 0
89.9 0
90 0
90.1 0
90.2 0
90.3 0
90.4 0
90.5 0
90.6 0
90.7 0
90.8 0
90.9 0
91 0
91.1 0
91.2 0
91.3 0
91.4 0
91.5 0
91.6 0
91.7 0
91.8 0
91.9 0
92 0
92.1 0
92.2 0
92.3 0
92.4 0
92.5 0
92.6 0
92.7 0
92.8 0
92.9 0
93 0
93.1 0
93.2 0
93.3 0
93.4 0
93.5 0
93.6 0
93.7 0
93.8 0
93.9 0
94 0
94.1 0
94.2 0
94.3 0
94.4 0
94.5 0
94.6 0
94.7 0
94.8 0
94.9 0
95 0
95.1 0
95.2 0
95.3 0
95.4 0
95.5 0
95.6 0
95.7 0
95.8 0
95.9 0
96 0
96.1 0
96.2 0
96.3 0
96.4 0
96.5 0
96.6 0
96.7 0
96.8 0
96.9 0
97 0
97.1 0
97.2 0
97.3 0
97.4 0
97.5 0
97.6 0
97.7 0
97.8 0
97.9 0
98 0
98.1 0
98.2 0
98.3 0
98.4 0
98.5 0
98.6 0
98.7 0
98.8 0
98.9 0
99 0
99.1 0
99.2 0
99.3 0
99.4 0
99.5 0
99.6 0
99.7 0
99.8 0
99.9 0
100 0
100.1 0
100.2 0
100.3 0
100.4 0
100.5 0
100.6 0
100.7 0
100.8 0
100.9 0
101 0
101.1 0
101.2 0
101.3 0
101.4 0
101.5 0
101.6 0
101.7 0
101.8 0
101.9 0
102 0
102.1 0
102.2 0
102.3 0
102.4 0
102.5 0
102.6 0
102.7 0
102.8 0
102.9 0
103 0
103.1 0
103.2 0
103.3 0
103.4 0
103.5 0
103.6 0
103.7 0
103.8 0
103.9 0
104 0
104.1 0
104.2 0
104.3 0
104.4 0
104.5 0
104.6 0
104.7 0
104.8 0
104.9 0
105 0
105.1 0
105.2 0
105.3 0
105.4 0
105.5 0
105.6 0
105.7 0
105.8 0
105.9 0
106 0
106.1 0
106.2 0
106.3 0
106.4 0
106.5 0
106.6 0
106.7 0
106.8 0
106.9 0
107 0
107.1 0
107.2 0
107.3 0
107.4 0
107.5 0
107.6 0
107.7 0
107.8 0
107.9 0
108 0
108.1 0
108.2 0
108.3 0
108.4 0
108.5 0
108.6 0
108.7 0
108.8 0
108.9 0
109 0
109.1 0
109.2 0
109.3 0
109.4 0
109.5 0
109.6 0
109.7 0
109.8 0
109.9 0
110 0
110.1 0
110.2 0
110.3 0
110.4 0
110.5 0
110.6 0
110.7 0
110.8 0
110.9 0
111 0
