0 0.025
0.1 0.025
0.2 0.02505
0.3 0.0251
0.4 0.02515
0.5 0.0252
0.6 0.0252188235294118
0.7 0.0252376470588235
0.8 0.0252564705882353
0.9 0.0252752941176471
1 0.0252941176470588
1.1 0.0253339366515837
1.2 0.0253737556561086
1.3 0.0254135746606335
1.4 0.0254533936651584
1.5 0.0254932126696833
1.6 0.0255330316742081
1.7 0.025572850678733
1.8 0.0256126696832579
1.9 0.0256524886877828
2 0.0256923076923077
2.1 0.0257010989010989
2.2 0.025751693823418
2.3 0.0257866721077331
2.4 0.0258216503920483
2.5 0.0258566286763634
2.6 0.0258916069606786
2.7 0.0259265852449937
2.8 0.0259615635293089
2.9 0.025996541813624
3 0.0260315200979392
3.1 0.0260664983822543
3.2 0.0261014766665695
3.3 0.0261364549508846
3.4 0.0261714332351998
3.5 0.026206411519515
3.6 0.0262413898038301
3.7 0.0262763680881453
3.8 0.0263113463724604
3.9 0.0263463246567756
4 0.0263813029410907
4.1 0.0264162812254059
4.2 0.026451259509721
4.3 0.0264862377940362
4.4 0.0265212160783513
4.5 0.0265561943626665
4.6 0.0265911726469817
4.7 0.0266261509312968
4.8 0.026661129215612
4.9 0.0266961074999271
5 0.0267310857842423
5.1 0.0267660640685574
5.2 0.0268010423528726
5.3 0.0268360206371877
5.4 0.0268709989215029
5.5 0.026905977205818
5.6 0.0269409554901332
5.7 0.0269759337744484
5.8 0.0270109120587635
5.9 0.0270458903430787
6 0.0270808686273938
6.1 0.027115846911709
6.2 0.0271508251960241
6.3 0.0271858034803393
6.4 0.0272207817646544
6.5 0.0272557600489696
6.6 0.0272907383332847
6.7 0.0273257166175999
6.8 0.0273606949019151
6.9 0.0273956731862302
7 0.0274306514705454
7.1 0.0274656297548605
7.2 0.0275006080391757
7.3 0.0275355863234908
7.4 0.027570564607806
7.5 0.0276055428921211
7.6 0.0276405211764363
7.7 0.0276754994607514
7.8 0.0277104777450666
7.9 0.0277454560293818
8 0.0277804343136969
8.1 0.0278154125980121
8.2 0.0278503908823272
8.3 0.0278853691666424
8.4 0.0279203474509575
8.5 0.0279553257352727
8.6 0.0279903040195878
8.7 0.028025282303903
8.8 0.0280602605882181
8.9 0.0280952388725333
9 0.0281302171568485
9.1 0.0281651954411636
9.2 0.0282001737254788
9.3 0.0282351520097939
9.4 0.0282701302941091
9.5 0.0283051085784242
9.6 0.0283400868627394
9.7 0.0283750651470545
9.8 0.0284100434313697
9.9 0.0284450217156848
10 0.02848
10.1 0.0285165
10.2 0.028553
10.3 0.0285895
10.4 0.028626
10.5 0.0286625
10.6 0.028699
10.7 0.0287355
10.8 0.028772
10.9 0.0288085
11 0.028845
11.1 0.0288815
11.2 0.028918
11.3 0.0289545
11.4 0.028991
11.5 0.0290275
11.6 0.029064
11.7 0.0291005
11.8 0.029137
11.9 0.0291735
12 0.02921
12.1 0.0292465
12.2 0.029283
12.3 0.0293195
12.4 0.029356
12.5 0.0293925
12.6 0.029429
12.7 0.0294655
12.8 0.029502
12.9 0.0295385
13 0.029575
13.1 0.0296115
13.2 0.029648
13.3 0.0296845
13.4 0.029721
13.5 0.0297575
13.6 0.029794
13.7 0.0298305
13.8 0.029867
13.9 0.0299035
14 0.02994
14.1 0.0299765
14.2 0.030013
14.3 0.0300495
14.4 0.030086
14.5 0.0301225
14.6 0.030159
14.7 0.0301955
14.8 0.030232
14.9 0.0302685
15 0.030305
15.1 0.0303415
15.2 0.030378
15.3 0.0304145
15.4 0.030451
15.5 0.0304875
15.6 0.030524
15.7 0.0305605
15.8 0.030597
15.9 0.0306335
16 0.03067
16.1 0.0307065
16.2 0.030743
16.3 0.0307795
16.4 0.030816
16.5 0.0308525
16.6 0.030889
16.7 0.0309255
16.8 0.030962
16.9 0.0309985
17 0.031035
17.1 0.0310715
17.2 0.031108
17.3 0.0311445
17.4 0.031181
17.5 0.0312175
17.6 0.031254
17.7 0.0312905
17.8 0.031327
17.9 0.0313635
18 0.0314
18.1 0.0314264912280702
18.2 0.0314529824561404
18.3 0.0314794736842105
18.4 0.0315059649122807
18.5 0.0315324561403509
18.6 0.0315589473684211
18.7 0.0315854385964912
18.8 0.0316119298245614
18.9 0.0316384210526316
19 0.0316649122807018
19.1 0.0316914035087719
19.2 0.0317178947368421
19.3 0.0317443859649123
19.4 0.0317708771929825
19.5 0.0317973684210526
19.6 0.0318238596491228
19.7 0.031850350877193
19.8 0.0318768421052632
19.9 0.0319033333333333
20 0.0319298245614035
20.1 0.031969696969697
20.2 0.0320095693779904
20.3 0.0320494417862839
20.4 0.0320893141945773
20.5 0.0321291866028708
20.6 0.0321690590111643
20.7 0.0322089314194577
20.8 0.0322488038277512
20.9 0.0322886762360447
21 0.0323285486443381
21.1 0.0323684210526316
21.2 0.032408293460925
21.3 0.0324481658692185
21.4 0.032488038277512
21.5 0.0325279106858054
21.6 0.0325677830940989
21.7 0.0326076555023923
21.8 0.0326475279106858
21.9 0.0326874003189793
22 0.0327272727272727
22.1 0.032761961722488
22.2 0.0327966507177033
22.3 0.0328313397129187
22.4 0.032866028708134
22.5 0.0329007177033493
22.6 0.0329354066985646
22.7 0.0329700956937799
22.8 0.0330047846889952
22.9 0.0330394736842105
23 0.0330741626794258
23.1 0.0331088516746411
23.2 0.0331435406698565
23.3 0.0331782296650718
23.4 0.0332129186602871
23.5 0.0332476076555024
23.6 0.0332822966507177
23.7 0.033316985645933
23.8 0.0333516746411483
23.9 0.0333863636363636
24 0.0334210526315789
24.1 0.0334548192771084
24.2 0.0334885859226379
24.3 0.0335223525681674
24.4 0.0335561192136969
24.5 0.0335898858592264
24.6 0.0336236525047559
24.7 0.0336574191502854
24.8 0.0336911857958149
24.9 0.0337249524413443
25 0.0337587190868738
25.1 0.0337924857324033
25.2 0.0338262523779328
25.3 0.0338600190234623
25.4 0.0338937856689918
25.5 0.0339275523145212
25.6 0.0339613189600507
25.7 0.0339950856055802
25.8 0.0340288522511097
25.9 0.0340626188966392
26 0.0340963855421687
26.1 0.0341311495983936
26.2 0.0341659136546185
26.3 0.0342006777108434
26.4 0.0342354417670683
26.5 0.0342702058232932
26.6 0.0343049698795181
26.7 0.034339733935743
26.8 0.0343744979919679
26.9 0.0344092620481928
27 0.0344440261044177
27.1 0.0344787901606426
27.2 0.0345135542168675
27.3 0.0345483182730924
27.4 0.0345830823293173
27.5 0.0346178463855422
27.6 0.0346526104417671
27.7 0.034687374497992
27.8 0.0347221385542169
27.9 0.0347569026104418
28 0.0347916666666667
28.1 0.0348293110561056
28.2 0.0348669554455446
28.3 0.0349045998349835
28.4 0.0349422442244224
28.5 0.0349798886138614
28.6 0.0350175330033003
28.7 0.0350551773927393
28.8 0.0350928217821782
28.9 0.0351304661716172
29 0.0351681105610561
29.1 0.035205754950495
29.2 0.035243399339934
29.3 0.0352810437293729
29.4 0.0353186881188119
29.5 0.0353563325082508
29.6 0.0353939768976898
29.7 0.0354316212871287
29.8 0.0354692656765676
29.9 0.0355069100660066
30 0.0355445544554455
30.1 0.0355786474873902
30.2 0.0356127405193349
30.3 0.0356468335512796
30.4 0.0356809265832244
30.5 0.0357150196151691
30.6 0.0357491126471138
30.7 0.0357832056790585
30.8 0.0358172987110032
30.9 0.0358513917429479
31 0.0358854847748926
31.1 0.0359195778068373
31.2 0.035953670838782
31.3 0.0359877638707267
31.4 0.0360218569026714
31.5 0.0360559499346161
31.6 0.0360900429665608
31.7 0.0361241359985055
31.8 0.0361582290304502
31.9 0.0361923220623949
32 0.0362264150943396
32.1 0.0362585726004922
32.2 0.0362907301066448
32.3 0.0363228876127974
32.4 0.0363550451189499
32.5 0.0363872026251025
32.6 0.0364193601312551
32.7 0.0364515176374077
32.8 0.0364836751435603
32.9 0.0365158326497129
33 0.0365479901558654
33.1 0.036580147662018
33.2 0.0366123051681706
33.3 0.0366444626743232
33.4 0.0366766201804758
33.5 0.0367087776866284
33.6 0.036740935192781
33.7 0.0367730926989336
33.8 0.0368052502050861
33.9 0.0368374077112387
34 0.0368695652173913
34.1 0.0369041357370095
34.2 0.0369387062566278
34.3 0.036973276776246
34.4 0.0370078472958643
34.5 0.0370424178154825
34.6 0.0370769883351008
34.7 0.037111558854719
34.8 0.0371461293743372
34.9 0.0371806998939555
35 0.0372152704135737
35.1 0.037249840933192
35.2 0.0372844114528102
35.3 0.0373189819724284
35.4 0.0373535524920467
35.5 0.0373881230116649
35.6 0.0374226935312831
35.7 0.0374572640509014
35.8 0.0374918345705196
35.9 0.0375264050901379
36 0.0375609756097561
36.1 0.037599593495935
36.2 0.0376382113821138
36.3 0.0376768292682927
36.4 0.0377154471544716
36.5 0.0377540650406504
36.6 0.0377926829268293
36.7 0.0378313008130082
36.8 0.037869918699187
36.9 0.0379085365853659
37 0.0379471544715447
37.1 0.0379857723577236
37.2 0.0380243902439025
37.3 0.0380630081300813
37.4 0.0381016260162602
37.5 0.038140243902439
37.6 0.0381788617886179
37.7 0.0382174796747968
37.8 0.0382560975609756
37.9 0.0382947154471545
38 0.0383333333333333
38.1 0.0383677156177156
38.2 0.0384020979020979
38.3 0.0384364801864802
38.4 0.0384708624708625
38.5 0.0385052447552448
38.6 0.038539627039627
38.7 0.0385740093240093
38.8 0.0386083916083916
38.9 0.0386427738927739
39 0.0386771561771562
39.1 0.0387115384615385
39.2 0.0387459207459208
39.3 0.038780303030303
39.4 0.0388146853146853
39.5 0.0388490675990676
39.6 0.0388834498834499
39.7 0.0389178321678322
39.8 0.0389522144522145
39.9 0.0389865967365967
40 0.039020979020979
40.1 0.0390539044289044
40.2 0.0390868298368298
40.3 0.0391197552447552
40.4 0.0391526806526806
40.5 0.0391856060606061
40.6 0.0392185314685315
40.7 0.0392514568764569
40.8 0.0392843822843823
40.9 0.0393173076923077
41 0.0393502331002331
41.1 0.0393831585081585
41.2 0.0394160839160839
41.3 0.0394490093240093
41.4 0.0394819347319347
41.5 0.0395148601398601
41.6 0.0395477855477855
41.7 0.039580710955711
41.8 0.0396136363636364
41.9 0.0396465617715618
42 0.0396794871794872
42.1 0.0397158616577221
42.2 0.0397522361359571
42.3 0.039788610614192
42.4 0.039824985092427
42.5 0.0398613595706619
42.6 0.0398977340488968
42.7 0.0399341085271318
42.8 0.0399704830053667
42.9 0.0400068574836017
43 0.0400432319618366
43.1 0.0400796064400716
43.2 0.0401159809183065
43.3 0.0401523553965414
43.4 0.0401887298747764
43.5 0.0402251043530113
43.6 0.0402614788312463
43.7 0.0402978533094812
43.8 0.0403342277877162
43.9 0.0403706022659511
44 0.040406976744186
44.1 0.0404428076822576
44.2 0.0404786386203292
44.3 0.0405144695584008
44.4 0.0405503004964724
44.5 0.040586131434544
44.6 0.0406219623726156
44.7 0.0406577933106872
44.8 0.0406936242487588
44.9 0.0407294551868304
45 0.040765286124902
45.1 0.0408011170629736
45.2 0.0408369480010452
45.3 0.0408727789391168
45.4 0.0409086098771884
45.5 0.04094444081526
45.6 0.0409802717533316
45.7 0.0410161026914032
45.8 0.0410519336294748
45.9 0.0410877645675464
46 0.041123595505618
46.1 0.0411578112105631
46.2 0.0411920269155082
46.3 0.0412262426204533
46.4 0.0412604583253983
46.5 0.0412946740303434
46.6 0.0413288897352885
46.7 0.0413631054402336
46.8 0.0413973211451787
46.9 0.0414315368501238
47 0.0414657525550689
47.1 0.041499968260014
47.2 0.0415341839649591
47.3 0.0415683996699042
47.4 0.0416026153748492
47.5 0.0416368310797943
47.6 0.0416710467847394
47.7 0.0417052624896845
47.8 0.0417394781946296
47.9 0.0417736938995747
48 0.0418079096045198
48.1 0.0418431971844031
48.2 0.0418784847642864
48.3 0.0419137723441697
48.4 0.041949059924053
48.5 0.0419843475039363
48.6 0.0420196350838196
48.7 0.0420549226637029
48.8 0.0420902102435862
48.9 0.0421254978234695
49 0.0421607854033528
49.1 0.0421960729832361
49.2 0.0422313605631194
49.3 0.0422666481430027
49.4 0.042301935722886
49.5 0.0423372233027693
49.6 0.0423725108826526
49.7 0.0424077984625359
49.8 0.0424430860424192
49.9 0.0424783736223025
50 0.0425136612021858
50.1 0.042548504457866
50.2 0.0425833477135462
50.3 0.0426181909692264
50.4 0.0426530342249065
50.5 0.0426878774805867
50.6 0.0427227207362669
50.7 0.0427575639919471
50.8 0.0427924072476273
50.9 0.0428272505033075
51 0.0428620937589876
51.1 0.0428969370146678
51.2 0.042931780270348
51.3 0.0429666235260282
51.4 0.0430014667817084
51.5 0.0430363100373886
51.6 0.0430711532930687
51.7 0.0431059965487489
51.8 0.0431408398044291
51.9 0.0431756830601093
52 0.0432105263157895
52.1 0.0432459798994975
52.2 0.0432814334832055
52.3 0.0433168870669135
52.4 0.0433523406506215
52.5 0.0433877942343295
52.6 0.0434232478180376
52.7 0.0434587014017456
52.8 0.0434941549854536
52.9 0.0435296085691616
53 0.0435650621528696
53.1 0.0436005157365776
53.2 0.0436359693202856
53.3 0.0436714229039937
53.4 0.0437068764877017
53.5 0.0437423300714097
53.6 0.0437777836551177
53.7 0.0438132372388257
53.8 0.0438486908225337
53.9 0.0438841444062417
54 0.0439195979899497
54.1 0.0439530866894861
54.2 0.0439865753890224
54.3 0.0440200640885587
54.4 0.0440535527880951
54.5 0.0440870414876314
54.6 0.0441205301871677
54.7 0.0441540188867041
54.8 0.0441875075862404
54.9 0.0442209962857767
55 0.044254484985313
55.1 0.0442879736848494
55.2 0.0443214623843857
55.3 0.044354951083922
55.4 0.0443884397834584
55.5 0.0444219284829947
55.6 0.044455417182531
55.7 0.0444889058820674
55.8 0.0445223945816037
55.9 0.04455588328114
56 0.0445893719806763
56.1 0.044625161597605
56.2 0.0446609512145336
56.3 0.0446967408314622
56.4 0.0447325304483908
56.5 0.0447683200653195
56.6 0.0448041096822481
56.7 0.0448398992991767
56.8 0.0448756889161053
56.9 0.044911478533034
57 0.0449472681499626
57.1 0.0449830577668912
57.2 0.0450188473838198
57.3 0.0450546370007485
57.4 0.0450904266176771
57.5 0.0451262162346057
57.6 0.0451620058515343
57.7 0.045197795468463
57.8 0.0452335850853916
57.9 0.0452693747023202
58 0.0453051643192488
58.1 0.0453458421763457
58.2 0.0453865200334427
58.3 0.0454271978905396
58.4 0.0454678757476365
58.5 0.0455085536047334
58.6 0.0455492314618303
58.7 0.0455899093189273
58.8 0.0456305871760242
58.9 0.0456712650331211
59 0.045711942890218
59.1 0.0457526207473149
59.2 0.0457932986044119
59.3 0.0458339764615088
59.4 0.0458746543186057
59.5 0.0459153321757026
59.6 0.0459560100327995
59.7 0.0459966878898965
59.8 0.0460373657469934
59.9 0.0460780436040903
60 0.0461187214611872
60.1 0.0460350076103501
60.2 0.0459512937595129
60.3 0.0458675799086758
60.4 0.0457838660578387
60.5 0.0457001522070015
60.6 0.0456164383561644
60.7 0.0455327245053273
60.8 0.0454490106544901
60.9 0.045365296803653
61 0.0452815829528158
61.1 0.0451978691019787
61.2 0.0451141552511416
61.3 0.0450304414003044
61.4 0.0449467275494673
61.5 0.0448630136986301
61.6 0.044779299847793
61.7 0.0446955859969559
61.8 0.0446118721461187
61.9 0.0445281582952816
62 0.0444444444444445
62.1 0.044372001957905
62.2 0.0442995594713656
62.3 0.0442271169848262
62.4 0.0441546744982868
62.5 0.0440822320117474
62.6 0.044009789525208
62.7 0.0439373470386686
62.8 0.0438649045521292
62.9 0.0437924620655898
63 0.0437200195790504
63.1 0.043647577092511
63.2 0.0435751346059716
63.3 0.0435026921194322
63.4 0.0434302496328928
63.5 0.0433578071463534
63.6 0.043285364659814
63.7 0.0432129221732746
63.8 0.0431404796867352
63.9 0.0430680372001958
64 0.0429955947136564
64.1 0.0430607272586753
64.2 0.0431258598036943
64.3 0.0431909923487132
64.4 0.0432561248937321
64.5 0.0433212574387511
64.6 0.04338638998377
64.7 0.0434515225287889
64.8 0.0435166550738079
64.9 0.0435817876188268
65 0.0436469201638457
65.1 0.0437120527088647
65.2 0.0437771852538836
65.3 0.0438423177989025
65.4 0.0439074503439215
65.5 0.0439725828889404
65.6 0.0440377154339594
65.7 0.0441028479789783
65.8 0.0441679805239972
65.9 0.0442331130690162
66 0.0442982456140351
66.1 0.0458278267254038
66.2 0.0473574078367726
66.3 0.0488869889481413
66.4 0.05041657005951
66.5 0.0519461511708788
66.6 0.0534757322822475
66.7 0.0550053133936163
66.8 0.056534894504985
66.9 0.0580644756163537
67 0.0595940567277225
67.1 0.0611236378390912
67.2 0.0626532189504599
67.3 0.0641828000618287
67.4 0.0657123811731974
67.5 0.0672419622845661
67.6 0.0687715433959349
67.7 0.0703011245073036
67.8 0.0718307056186723
67.9 0.0733602867300411
68 0.0748898678414097
68.1 0.0747755114356406
68.2 0.0746611550298715
68.3 0.0745467986241024
68.4 0.0744324422183332
68.5 0.0743180858125641
68.6 0.074203729406795
68.7 0.0740893730010259
68.8 0.0739750165952568
68.9 0.0738606601894877
69 0.0737463037837186
69.1 0.0736319473779494
69.2 0.0735175909721803
69.3 0.0734032345664112
69.4 0.0732888781606421
69.5 0.073174521754873
69.6 0.0730601653491039
69.7 0.0729458089433347
69.8 0.0728314525375656
69.9 0.0727170961317965
70 0.0726027397260274
70.1 0.0726881990700013
70.2 0.0727736584139751
70.3 0.072859117757949
70.4 0.0729445771019228
70.5 0.0730300364458967
70.6 0.0731154957898706
70.7 0.0732009551338444
70.8 0.0732864144778183
70.9 0.0733718738217921
71 0.073457333165766
71.1 0.0735427925097399
71.2 0.0736282518537137
71.3 0.0737137111976876
71.4 0.0737991705416614
71.5 0.0738846298856353
71.6 0.0739700892296092
71.7 0.074055548573583
71.8 0.0741410079175569
71.9 0.0742264672615307
72 0.0743119266055046
72.1 0.0743119266055046
72.2 0.0743119266055046
72.3 0.0743119266055046
72.4 0.0742321499800558
72.5 0.0741523733546071
72.6 0.0740725967291583
72.7 0.0739928201037096
72.8 0.0739130434782609
72.9 0.0738332668528121
73 0.0737534902273634
73.1 0.0736737136019146
73.2 0.0735939369764659
73.3 0.0735141603510171
73.4 0.073123698089793
73.5 0.073394495412844
73.6 0.0729095674967234
73.7 0.0724246395806029
73.8 0.0719397116644823
73.9 0.0714547837483617
74 0.0709698558322411
74.1 0.0704849279161205
74.2 0.07
74.3 0.0707546082949309
74.4 0.0715092165898618
74.5 0.0722638248847926
74.6 0.0730184331797235
74.7 0.0737730414746544
74.8 0.0745276497695853
74.9 0.0752822580645162
75 0.076036866359447
75.1 0.0746223495305665
75.2 0.073207832701686
75.3 0.0717933158728054
75.4 0.0703787990439249
75.5 0.0689642822150444
75.6 0.0675497653861639
75.7 0.0661352485572834
75.8 0.0647207317284029
75.9 0.0637305699481865
76 0.0639819456972443
76.1 0.0642333214463021
76.2 0.0644846971953599
76.3 0.0647360729444177
76.4 0.0649874486934754
76.5 0.0652388244425332
76.6 0.065490200191591
76.7 0.0656410256410256
76.8 0.0643702608060305
76.9 0.0630994959710354
77 0.0618287311360403
77.1 0.0605579663010451
77.2 0.05928720146605
77.3 0.0580164366310549
77.4 0.0567456717960597
77.5 0.0554749069610646
77.6 0.0542041421260695
77.7 0.053314606741573
77.8 0.0525586994661988
77.9 0.0518027921908246
78 0.0510468849154504
78.1 0.0502909776400761
78.2 0.0495350703647019
78.3 0.0487791630893276
78.4 0.0480232558139535
78.5 0.0475492764471058
78.6 0.0470752970802581
78.7 0.0466013177134104
78.8 0.0461273383465627
78.9 0.045653358979715
79 0.0451793796128673
79.1 0.0447054002460195
79.2 0.0442314208791718
79.3 0.0437574415123241
79.4 0.0434730538922156
79.5 0.043029628243513
79.6 0.0425862025948104
79.7 0.0421427769461078
79.8 0.0416993512974051
79.9 0.0412559256487025
80 0.0408125
80.1 0.0409996951219512
80.2 0.0416983567913687
80.3 0.0423970184607861
80.4 0.0430956801302036
80.5 0.0437943417996211
80.6 0.0444930034690385
80.7 0.045191665138456
80.8 0.0458903268078734
80.9 0.0463095238095238
81 0.0472939925571505
81.1 0.0482784613047771
81.2 0.0492629300524038
81.3 0.0502473988000304
81.4 0.0512318675476571
81.5 0.0522163362952837
81.6 0.0528070175438596
81.7 0.0536755776812178
81.8 0.054544137818576
81.9 0.0554126979559342
82 0.0562812580932923
82.1 0.0571498182306505
82.2 0.0581920903954802
82.3 0.0591483845721134
82.4 0.0601046787487466
82.5 0.0610609729253797
82.6 0.0620172671020129
82.7 0.0629735612786461
82.8 0.0639298554552793
82.9 0.0648861496319125
83 0.0655555555555556
83.1 0.0662653562653563
83.2 0.066975156975157
83.3 0.0676849576849578
83.4 0.0681818181818182
83.5 0.0705865102639296
83.6 0.07245384147946
83.7 0.0741935483870968
83.8 0.0760786052009457
83.9 0.0779636620147945
84 0.0798487188286434
84.1 0.0817337756424923
84.2 0.0836188324563412
84.3 0.0855038892701901
84.4 0.0877659574468085
84.5 0.0871271024687052
84.6 0.0864882474906018
84.7 0.0858493925124985
84.8 0.0852105375343951
84.9 0.0846994535519126
85 0.0907829268485008
85.1 0.0974747474747475
85.2 0.0963648582600195
85.3 0.0956989247311828
85.4 0.0962032819616897
85.5 0.0968085106382979
85.6 0.100105308403181
85.7 0.101658693943431
85.8 0.10321207948368
85.9 0.10507614213198
86 0.103942565448012
86.1 0.102808988764045
86.2 0.105152426852222
86.3 0.107495864940398
86.4 0.109839303028575
86.5 0.112182741116751
86.6 0.111587391113618
86.7 0.111111111111111
86.8 0.113065326633166
86.9 0.117547827830951
87 0.122926829268293
87.1 0.122880456231747
87.2 0.122815533980583
87.3 0.123797683885299
87.4 0.124878048780488
87.5 0.124878048780488
87.6 0.124878048780488
87.7 0.124878048780488
87.8 0.124878048780488
87.9 0.127053140096618
88 0.126774190896611
88.1 0.126495241696603
88.2 0.126216292496595
88.3 0.125853658536585
88.4 0.129894545342419
88.5 0.133935432148253
88.6 0.13716814159292
88.7 0.137980769230769
88.8 0.137029752654753
88.9 0.136078736078736
89 0.135127719502719
89.1 0.133796296296296
89.2 0.138839076418191
89.3 0.143881856540084
89.4 0.146052631578947
89.5 0.146220061172214
89.6 0.146387490765481
89.7 0.146554920358748
89.8 0.146722349952015
89.9 0.146889779545282
90 0.147107438016529
90.1 0.146125770860427
90.2 0.145144103704325
90.3 0.144162436548223
90.4 0.145641427698196
90.5 0.147120418848168
90.6 0.150334262230479
90.7 0.153548105612791
90.8 0.157083333333333
90.9 0.157851239669421
91 0.161206896551724
91.1 0.160260188087774
91.2 0.154976303317536
91.3 0.155268788083954
91.4 0.155561272850372
91.5 0.157896988194737
91.6 0.160232703539101
91.7 0.161867704280156
91.8 0.163320476441303
91.9 0.164192139737991
92 0.162300258774058
92.1 0.160408377810124
92.2 0.158516496846191
92.3 0.156624615882257
92.4 0.155111111111111
92.5 0.159915611814346
92.6 0.168110236220472
92.7 0.167948717948718
92.8 0.16498826447013
92.9 0.162027810991541
93 0.159067357512953
93.1 0.161192069660334
93.2 0.164166666666667
93.3 0.163040695016004
93.4 0.162139917695473
93.5 0.163829787234043
93.6 0.164090909090909
93.7 0.164614239472318
93.8 0.165137569853727
93.9 0.165660900235136
94 0.166184230616545
94.1 0.166812227074236
94.2 0.164992344488938
94.3 0.161220238472894
94.4 0.160774123813932
94.5 0.160194174757282
94.6 0.160462783171521
94.7 0.160731391585761
94.8 0.161
94.9 0.16504854368932
95 0.162125851974934
95.1 0.158910891089109
95.2 0.158910891089109
95.3 0.16024853786107
95.4 0.161586184633031
95.5 0.162923831404993
95.6 0.164261478176954
95.7 0.165599124948915
95.8 0.167204301075269
95.9 0.166523790168619
96 0.165979381443299
96.1 0.161016949152542
96.2 0.163066248250851
96.3 0.165730337078652
96.4 0.163292796429612
96.5 0.159880239520958
96.6 0.162007408108684
96.7 0.164772727272727
96.8 0.163276836158192
96.9 0.158812331122574
97 0.154347826086956
97.1 0.155261621396807
97.2 0.156175416706658
97.3 0.157089212016508
97.4 0.158003007326359
97.5 0.15891680263621
97.6 0.15983059794606
97.7 0.160927152317881
97.8 0.164238410596026
97.9 0.153532008830022
98 0.142825607064018
98.1 0.132119205298013
98.2 0.121412803532009
98.3 0.110706401766004
98.4 0.1
98.5 0.1
98.6 0.1
98.7 0.1
98.8 0.1
98.9 0.1
99 0.1
99.1 0.1
99.2 0.1
99.3 0.1
99.4 0.1
99.5 0.1
99.6 0.1
99.7 0.1
99.8 0.1
99.9 0.1
100 0.1
100.1 0.1
100.2 0.1
100.3 0.1
100.4 0.1
100.5 0.1
100.6 0.1
100.7 0.1
100.8 0.1
100.9 0.1
101 0.1
101.1 0.1
101.2 0.1
101.3 0.1
101.4 0.1
101.5 0.1
101.6 0.1
101.7 0.1
101.8 0.1
101.9 0.1
102 0.1
102.1 0.1
102.2 0.1
102.3 0.1
102.4 0.1
102.5 0.1
102.6 0.1
102.7 0.1
102.8 0.1
102.9 0.1
103 0.1
103.1 0.1
103.2 0.1
103.3 0.1
103.4 0.1
103.5 0.1
103.6 0.1
103.7 0.1
103.8 0.1
103.9 0.1
104 0.1
104.1 0.1
104.2 0.1
104.3 0.1
104.4 0.1
104.5 0.1
104.6 0.1
104.7 0.1
104.8 0.1
104.9 0.1
105 0.1
105.1 0.1
105.2 0.1
105.3 0.1
105.4 0.1
105.5 0.1
105.6 0.1
105.7 0.1
105.8 0.1
105.9 0.1
106 0.1
106.1 0.1
106.2 0.1
106.3 0.1
106.4 0.1
106.5 0.1
106.6 0.1
106.7 0.1
106.8 0.1
106.9 0.1
107 0.1
107.1 0.1
107.2 0.1
107.3 0.1
107.4 0.1
107.5 0.1
107.6 0.1
107.7 0.1
107.8 0.1
107.9 0.1
108 0.1
108.1 0.1
108.2 0.1
108.3 0.1
108.4 0.1
108.5 0.1
108.6 0.1
108.7 0.1
108.8 0.1
108.9 0.1
109 0.1
109.1 0.1
109.2 0.1
109.3 0.1
109.4 0.1
109.5 0.1
109.6 0.1
109.7 0.1
109.8 0.1
109.9 0.1
110 0.1
110.1 0.1
110.2 0.1
110.3 0.1
110.4 0.1
110.5 0.1
110.6 0.1
110.7 0.1
110.8 0.1
110.9 0.1
111 0.1
111.1 0.1
111.2 0.1
111.3 0.1
111.4 0.1
111.5 0.1
111.6 0.1
111.7 0.1
111.8 0.1
111.9 0.1
112 0.1
112.1 0.1
112.2 0.1
112.3 0.1
112.4 0.1
112.5 0.1
112.6 0.1
112.7 0.1
112.8 0.1
112.9 0.1
113 0.1
113.1 0.1
113.2 0.1
113.3 0.1
113.4 0.1
113.5 0.1
113.6 0.1
113.7 0.1
113.8 0.1
113.9 0.1
114 0.1
114.1 0.1
114.2 0.1
114.3 0.1
114.4 0.1
114.5 0.1
114.6 0.1
114.7 0.1
114.8 0.1
114.9 0.1
115 0.1
115.1 0.1
115.2 0.1
115.3 0.1
115.4 0.1
115.5 0.1
115.6 0.1
115.7 0.1
115.8 0.1
115.9 0.1
116 0.1
116.1 0.1
116.2 0.1
116.3 0.1
116.4 0.1
116.5 0.1
116.6 0.1
116.7 0.1
116.8 0.1
116.9 0.1
117 0.1
117.1 0.1
117.2 0.1
117.3 0.1
117.4 0.1
117.5 0.1
117.6 0.1
117.7 0.1
117.8 0.1
117.9 0.1
118 0.1
118.1 0.1
118.2 0.1
118.3 0.1
118.4 0.1
118.5 0.1
118.6 0.1
118.7 0.1
118.8 0.1
118.9 0.1
119 0.1
119.1 0.1
119.2 0.1
119.3 0.1
119.4 0.1
119.5 0.1
119.6 0.1
119.7 0.1
119.8 0.1
119.9 0.1
120 0.1
120.1 0.1
120.2 0.1
120.3 0.1
120.4 0.1
120.5 0.1
120.6 0.1
120.7 0.1
120.8 0.1
120.9 0.1
121 0.1
121.1 0.1
121.2 0.1
121.3 0.1
121.4 0.1
121.5 0.1
121.6 0.1
121.7 0.1
121.8 0.1
121.9 0.1
122 0.1
122.1 0.1
122.2 0.1
122.3 0.1
122.4 0.1
122.5 0.1
122.6 0.1
122.7 0.1
122.8 0.1
122.9 0.1
123 0.1
123.1 0.1
123.2 0.1
123.3 0.1
123.4 0.1
123.5 0.1
123.6 0.1
123.7 0.1
123.8 0.1
123.9 0.1
124 0.1
124.1 0.1
124.2 0.1
124.3 0.1
124.4 0.1
124.5 0.1
124.6 0.1
124.7 0.1
124.8 0.1
124.9 0.1
125 0.1
125.1 0.1
125.2 0.1
125.3 0.1
125.4 0.1
125.5 0.1
125.6 0.1
125.7 0.1
125.8 0.1
125.9 0.1
126 0.1
126.1 0.1
126.2 0.1
126.3 0.1
126.4 0.1
126.5 0.1
126.6 0.1
126.7 0.1
126.8 0.1
126.9 0.1
127 0.1
127.1 0.1
127.2 0.1
127.3 0.1
127.4 0.1
127.5 0.1
127.6 0.1
127.7 0.1
127.8 0.1
127.9 0.1
128 0.1
128.1 0.1
128.2 0.1
128.3 0.1
128.4 0.1
128.5 0.1
128.6 0.1
128.7 0.1
128.8 0.1
128.9 0.1
129 0.1
129.1 0.1
129.2 0.1
129.3 0.1
129.4 0.1
129.5 0.1
129.6 0.1
129.7 0.1
129.8 0.1
129.9 0.1
130 0.1
130.1 0.1
130.2 0.1
130.3 0.1
130.4 0.249673913043479
130.5 0.249681001890359
130.6 0.24968809073724
130.7 0.249695179584121
130.8 0.249702268431002
130.9 0.249709357277883
131 0.249716446124764
131.1 0.249723534971645
131.2 0.249730623818526
131.3 0.249737712665407
131.4 0.249744801512288
131.5 0.249751890359168
131.6 0.249758979206049
131.7 0.24976606805293
131.8 0.249773156899811
131.9 0.249780245746692
132 0.249787334593573
132.1 0.249794423440454
132.2 0.249801512287335
132.3 0.249808601134216
132.4 0.249815689981097
132.5 0.249822778827977
132.6 0.249829867674858
132.7 0.249836956521739
132.8 0.24984404536862
132.9 0.249851134215501
133 0.249858223062382
133.1 0.249865311909263
133.2 0.249872400756144
133.3 0.249879489603025
133.4 0.249886578449906
133.5 0.249893667296786
133.6 0.249900756143667
133.7 0.249907844990548
133.8 0.249914933837429
133.9 0.24992202268431
134 0.249929111531191
134.1 0.249936200378072
134.2 0.249943289224953
134.3 0.249950378071834
134.4 0.249957466918715
134.5 0.249964555765596
134.6 0.249971644612476
134.7 0.249978733459357
134.8 0.249985822306238
134.9 0.249992911153119
135 0.25
135.1 0.25
135.2 0.25
135.3 0.25
135.4 0.25
135.5 0.25
135.6 0.25
135.7 0.25
135.8 0.25
135.9 0.25
136 0.25
136.1 0.25
136.2 0.25
136.3 0.25
136.4 0.25
136.5 0.25
136.6 0.25
136.7 0.25
136.8 0.25
136.9 0.25
137 0.25
137.1 0.25
137.2 0.25
137.3 0.25
137.4 0.25
137.5 0.25
137.6 0.25
137.7 0.25
137.8 0.25
137.9 0.25
138 0.25
138.1 0.25
138.2 0.25
138.3 0.25
138.4 0.25
138.5 0.25
138.6 0.25
138.7 0.25
138.8 0.25
138.9 0.25
139 0.25
139.1 0.25
139.2 0.25
139.3 0.25
139.4 0.25
139.5 0.25
139.6 0.25
139.7 0.25
139.8 0.25
139.9 0.25
140 0.25
140.1 0.25
140.2 0.25
140.3 0.25
140.4 0.25
140.5 0.25
140.6 0.25
140.7 0.25
140.8 0.25
140.9 0.25
141 0.25
141.1 0.25
141.2 0.25
141.3 0.25
141.4 0.25
141.5 0.25
141.6 0.25
141.7 0.25
141.8 0.25
141.9 0.25
142 0.25
142.1 0.25
142.2 0.25
142.3 0.25
142.4 0.25
142.5 0.25
142.6 0.25
142.7 0.25
142.8 0.25
142.9 0.25
143 0.25
143.1 0.2375
143.2 0.225
143.3 0.2125
143.4 0.2
143.5 0.1875
143.6 0.175
143.7 0.1625
143.8 0.149999999999999
143.9 0.137499999999999
144 0.124999999999999
144.1 0.112499999999999
144.2 0.0999999999999991
144.3 0.087499999999999
144.4 0.0749999999999989
144.5 0.062499999999999
144.6 0.0499999999999992
144.7 0.0374999999999987
144.8 0.0249999999999984
144.9 0.0124999999999985
145 0
145.1 0
145.2 0
145.3 0
145.4 0
145.5 0
145.6 0
145.7 0
145.8 0
145.9 0
146 0
146.1 0
146.2 0
146.3 0
146.4 0
146.5 0
146.6 0
146.7 0
146.8 0
146.9 0
147 0
147.1 0
147.2 0
147.3 0
147.4 0
147.5 0
147.6 0
147.7 0
147.8 0
147.9 0
148 0
148.1 0
148.2 0
148.3 0
148.4 0
148.5 0
148.6 0
148.7 0
148.8 0
148.9 0
149 0
149.1 0
149.2 0
149.3 0
149.4 0
149.5 0
149.6 0
149.7 0
149.8 0
149.9 0
150 0
150.1 0
150.2 0
150.3 0
150.4 0
150.5 0
150.6 0
150.7 0
150.8 0
150.9 0
151 0
151.1 0
151.2 0
151.3 0
151.4 0
151.5 0
151.6 0
151.7 0
151.8 0
151.9 0
152 0
152.1 0
152.2 0
152.3 0
152.4 0
152.5 0
152.6 0
152.7 0
152.8 0
152.9 0
153 0
153.1 0
153.2 0
153.3 0
153.4 0
153.5 0
153.6 0
153.7 0
153.8 0
153.9 0
154 0
154.1 0
154.2 0
154.3 0
154.4 0
154.5 0
154.6 0
154.7 0
154.8 0
154.9 0
155 0
155.1 0
155.2 0
155.3 0
155.4 0
155.5 0
155.6 0
155.7 0
155.8 0
155.9 0
156 0
156.1 0
156.2 0
156.3 0
156.4 0
156.5 0
156.6 0
156.7 0
156.8 0
156.9 0
157 0
157.1 0
157.2 0
157.3 0
157.4 0
157.5 0
157.6 0
157.7 0
157.8 0
157.9 0
158 0
158.1 0
158.2 0
158.3 0
158.4 0
158.5 0
158.6 0
158.7 0
158.8 0
158.9 0
159 0
159.1 0
159.2 0
159.3 0
159.4 0
159.5 0
159.6 0
159.7 0
159.8 0
159.9 0
160 0
160.1 0
160.2 0
160.3 0
160.4 0
160.5 0
160.6 0
160.7 0
160.8 0
160.9 0
161 0
161.1 0
161.2 0
161.3 0
161.4 0
161.5 0
161.6 0
161.7 0
161.8 0
161.9 0
162 0
162.1 0
162.2 0
162.3 0
162.4 0
162.5 0
162.6 0
162.7 0
162.8 0
162.9 0
163 0
163.1 0
163.2 0
163.3 0
163.4 0
163.5 0
163.6 0
163.7 0
163.8 0
163.9 0
164 0
164.1 0
164.2 0
164.3 0
164.4 0
164.5 0
164.6 0
164.7 0
164.8 0
164.9 0
165 0
165.1 0
165.2 0
165.3 0
165.4 0
165.5 0
165.6 0
165.7 0
165.8 0
165.9 0
166 0
166.1 0
166.2 0
166.3 0
166.4 0
166.5 0
166.6 0
166.7 0
166.8 0
166.9 0
167 0
167.1 0
167.2 0
167.3 0
167.4 0
167.5 0
167.6 0
167.7 0
167.8 0
167.9 0
168 0
168.1 0
168.2 0
168.3 0
168.4 0
168.5 0
168.6 0
168.7 0
168.8 0
168.9 0
169 0
169.1 0
169.2 0
169.3 0
169.4 0
169.5 0
169.6 0
169.7 0
169.8 0
169.9 0
170 0
170.1 0
170.2 0
170.3 0
170.4 0
170.5 0
170.6 0
170.7 0
170.8 0
170.9 0
171 0
171.1 0
171.2 0
171.3 0
171.4 0
171.5 0
171.6 0
171.7 0
171.8 0
171.9 0
172 0
172.1 0
172.2 0
172.3 0
172.4 0
172.5 0
172.6 0
172.7 0
172.8 0
172.9 0
173 0
173.1 0
173.2 0
173.3 0
173.4 0
173.5 0
173.6 0
173.7 0
173.8 0
173.9 0
174 0
174.1 0
174.2 0
174.3 0
174.4 0
174.5 0
174.6 0
174.7 0
174.8 0
174.9 0
175 0
175.1 0
175.2 0
175.3 0
175.4 0
175.5 0
175.6 0
175.7 0
175.8 0
175.9 0
176 0
176.1 0
176.2 0
176.3 0
176.4 0
176.5 0
176.6 0
176.7 0
176.8 0
176.9 0
177 0
177.1 0
177.2 0
177.3 0
177.4 0
177.5 0
177.6 0
177.7 0
177.8 0
177.9 0
178 0
178.1 0
178.2 0
178.3 0
178.4 0
178.5 0
178.6 0
178.7 0
178.8 0
178.9 0
179 0
179.1 0
179.2 0
179.3 0
179.4 0
179.5 0
179.6 0
179.7 0
179.8 0
179.9 0
180 0
180.1 0
180.2 0
180.3 0
180.4 0
180.5 0
180.6 0
180.7 0
180.8 0
180.9 0
181 0
181.1 0
181.2 0
181.3 0
181.4 0
181.5 0
181.6 0
181.7 0
181.8 0
181.9 0
182 0
182.1 0
182.2 0
182.3 0
182.4 0
182.5 0
182.6 0
182.7 0
182.8 0
182.9 0
183 0
183.1 0
183.2 0
183.3 0
183.4 0
183.5 0
183.6 0
183.7 0
183.8 0
183.9 0
184 0
184.1 0
184.2 0
184.3 0
184.4 0
184.5 0
184.6 0
184.7 0
184.8 0
184.9 0
185 0
185.1 0
185.2 0
185.3 0
185.4 0
185.5 0
185.6 0
185.7 0
185.8 0
185.9 0
186 0
186.1 0
