0 0.199
0.1 0.199
0.2 0.1985
0.3 0.198
0.4 0.1975
0.5 0.197
0.6 0.196717647058824
0.7 0.196435294117647
0.8 0.196152941176471
0.9 0.195870588235294
1 0.195588235294118
1.1 0.195029411764706
1.2 0.194470588235294
1.3 0.193911764705882
1.4 0.193352941176471
1.5 0.192794117647059
1.6 0.192235294117647
1.7 0.191676470588235
1.8 0.191117647058824
1.9 0.190558823529412
2 0.19
2.1 0.189714285714286
2.2 0.189000985221675
2.3 0.188485587975243
2.4 0.187970190728811
2.5 0.18745479348238
2.6 0.186939396235948
2.7 0.186423998989516
2.8 0.185908601743084
2.9 0.185393204496653
3 0.184877807250221
3.1 0.184362410003789
3.2 0.183847012757358
3.3 0.183331615510926
3.4 0.182816218264494
3.5 0.182300821018062
3.6 0.181785423771631
3.7 0.181270026525199
3.8 0.180754629278767
3.9 0.180239232032335
4 0.179723834785904
4.1 0.179208437539472
4.2 0.17869304029304
4.3 0.178177643046608
4.4 0.177662245800177
4.5 0.177146848553745
4.6 0.176631451307313
4.7 0.176116054060881
4.8 0.17560065681445
4.9 0.175085259568018
5 0.174569862321586
5.1 0.174054465075155
5.2 0.173539067828723
5.3 0.173023670582291
5.4 0.172508273335859
5.5 0.171992876089428
5.6 0.171477478842996
5.7 0.170962081596564
5.8 0.170446684350132
5.9 0.169931287103701
6 0.169415889857269
6.1 0.168900492610837
6.2 0.168385095364405
6.3 0.167869698117974
6.4 0.167354300871542
6.5 0.16683890362511
6.6 0.166323506378679
6.7 0.165808109132247
6.8 0.165292711885815
6.9 0.164777314639383
7 0.164261917392952
7.1 0.16374652014652
7.2 0.163231122900088
7.3 0.162715725653656
7.4 0.162200328407225
7.5 0.161684931160793
7.6 0.161169533914361
7.7 0.16065413666793
7.8 0.160138739421498
7.9 0.159623342175066
8 0.159107944928634
8.1 0.158592547682203
8.2 0.158077150435771
8.3 0.157561753189339
8.4 0.157046355942908
8.5 0.156530958696476
8.6 0.156015561450044
8.7 0.155500164203612
8.8 0.154984766957181
8.9 0.154469369710749
9 0.153953972464317
9.1 0.153438575217886
9.2 0.152923177971454
9.3 0.152407780725022
9.4 0.15189238347859
9.5 0.151376986232159
9.6 0.150861588985727
9.7 0.150346191739295
9.8 0.149830794492863
9.9 0.149315397246432
10 0.1488
10.1 0.1482825
10.2 0.147765
10.3 0.1472475
10.4 0.14673
10.5 0.1462125
10.6 0.145695
10.7 0.1451775
10.8 0.14466
10.9 0.1441425
11 0.143625
11.1 0.1431075
11.2 0.14259
11.3 0.1420725
11.4 0.141555
11.5 0.1410375
11.6 0.14052
11.7 0.1400025
11.8 0.139485
11.9 0.1389675
12 0.13845
12.1 0.1379325
12.2 0.137415
12.3 0.1368975
12.4 0.13638
12.5 0.1358625
12.6 0.135345
12.7 0.1348275
12.8 0.13431
12.9 0.1337925
13 0.133275
13.1 0.1327575
13.2 0.13224
13.3 0.1317225
13.4 0.131205
13.5 0.1306875
13.6 0.13017
13.7 0.1296525
13.8 0.129135
13.9 0.1286175
14 0.1281
14.1 0.1275825
14.2 0.127065
14.3 0.1265475
14.4 0.12603
14.5 0.1255125
14.6 0.124995
14.7 0.1244775
14.8 0.12396
14.9 0.1234425
15 0.122925
15.1 0.1224075
15.2 0.12189
15.3 0.1213725
15.4 0.120855
15.5 0.1203375
15.6 0.11982
15.7 0.1193025
15.8 0.118785
15.9 0.1182675
16 0.11775
16.1 0.1172325
16.2 0.116715
16.3 0.1161975
16.4 0.11568
16.5 0.1151625
16.6 0.114645
16.7 0.1141275
16.8 0.11361
16.9 0.1130925
17 0.112575
17.1 0.1120575
17.2 0.11154
17.3 0.1110225
17.4 0.110505
17.5 0.1099875
17.6 0.10947
17.7 0.1089525
17.8 0.108435
17.9 0.1079175
18 0.1074
18.1 0.106889649122807
18.2 0.106379298245614
18.3 0.105868947368421
18.4 0.105358596491228
18.5 0.104848245614035
18.6 0.104337894736842
18.7 0.103827543859649
18.8 0.103317192982456
18.9 0.102806842105263
19 0.10229649122807
19.1 0.101786140350877
19.2 0.101275789473684
19.3 0.100765438596491
19.4 0.100255087719298
19.5 0.0997447368421053
19.6 0.0992343859649123
19.7 0.0987240350877193
19.8 0.0982136842105263
19.9 0.0977033333333333
20 0.0971929824561404
20.1 0.0966742424242424
20.2 0.0961555023923445
20.3 0.0956367623604466
20.4 0.0951180223285486
20.5 0.0945992822966507
20.6 0.0940805422647528
20.7 0.0935618022328548
20.8 0.0930430622009569
20.9 0.092524322169059
21 0.0920055821371611
21.1 0.0914868421052631
21.2 0.0909681020733652
21.3 0.0904493620414673
21.4 0.0899306220095694
21.5 0.0894118819776714
21.6 0.0888931419457735
21.7 0.0883744019138756
21.8 0.0878556618819777
21.9 0.0873369218500797
22 0.0868181818181818
22.1 0.0863062200956938
22.2 0.0857942583732057
22.3 0.0852822966507177
22.4 0.0847703349282297
22.5 0.0842583732057416
22.6 0.0837464114832536
22.7 0.0832344497607656
22.8 0.0827224880382775
22.9 0.0822105263157895
23 0.0816985645933015
23.1 0.0811866028708134
23.2 0.0806746411483254
23.3 0.0801626794258373
23.4 0.0796507177033493
23.5 0.0791387559808613
23.6 0.0786267942583732
23.7 0.0781148325358852
23.8 0.0776028708133971
23.9 0.0770909090909091
24 0.0765789473684211
24.1 0.0760632530120482
24.2 0.0755475586556753
24.3 0.0750318642993025
24.4 0.0745161699429296
24.5 0.0740004755865568
24.6 0.0734847812301839
24.7 0.072969086873811
24.8 0.0724533925174382
24.9 0.0719376981610653
25 0.0714220038046925
25.1 0.0709063094483196
25.2 0.0703906150919467
25.3 0.0698749207355739
25.4 0.069359226379201
25.5 0.0688435320228282
25.6 0.0683278376664553
25.7 0.0678121433100824
25.8 0.0672964489537096
25.9 0.0667807545973367
26 0.0662650602409638
26.1 0.065753890562249
26.2 0.0652427208835341
26.3 0.0647315512048193
26.4 0.0642203815261044
26.5 0.0637092118473896
26.6 0.0631980421686747
26.7 0.0626868724899599
26.8 0.062175702811245
26.9 0.0616645331325301
27 0.0611533634538153
27.1 0.0606421937751004
27.2 0.0601310240963856
27.3 0.0596198544176707
27.4 0.0591086847389558
27.5 0.058597515060241
27.6 0.0580863453815261
27.7 0.0575751757028112
27.8 0.0570640060240964
27.9 0.0565528363453815
28 0.0560416666666667
28.1 0.0555267120462046
28.2 0.0550117574257426
28.3 0.0544968028052805
28.4 0.0539818481848185
28.5 0.0534668935643564
28.6 0.0529519389438944
28.7 0.0524369843234323
28.8 0.0519220297029703
28.9 0.0514070750825082
29 0.0508921204620462
29.1 0.0503771658415841
29.2 0.0498622112211221
29.3 0.0493472566006601
29.4 0.048832301980198
29.5 0.048317347359736
29.6 0.0478023927392739
29.7 0.0472874381188119
29.8 0.0467724834983498
29.9 0.0462575288778878
30 0.0457425742574257
30.1 0.0454177096954978
30.2 0.04509284513357
30.3 0.0447679805716421
30.4 0.0444431160097142
30.5 0.0441182514477863
30.6 0.0437933868858584
30.7 0.0434685223239305
30.8 0.0431436577620026
30.9 0.0428187932000747
31 0.0424939286381468
31.1 0.0421690640762189
31.2 0.041844199514291
31.3 0.0415193349523632
31.4 0.0411944703904353
31.5 0.0408696058285074
31.6 0.0405447412665795
31.7 0.0402198767046516
31.8 0.0398950121427237
31.9 0.0395701475807958
32 0.0392452830188679
32.1 0.0389656275635767
32.2 0.0386859721082855
32.3 0.0384063166529942
32.4 0.038126661197703
32.5 0.0378470057424118
32.6 0.0375673502871206
32.7 0.0372876948318294
32.8 0.0370080393765381
32.9 0.0367283839212469
33 0.0364487284659557
33.1 0.0361690730106645
33.2 0.0358894175553732
33.3 0.035609762100082
33.4 0.0353301066447908
33.5 0.0350504511894996
33.6 0.0347707957342084
33.7 0.0344911402789171
33.8 0.0342114848236259
33.9 0.0339318293683347
34 0.0336521739130435
34.1 0.0334085896076352
34.2 0.0331650053022269
34.3 0.0329214209968187
34.4 0.0326778366914104
34.5 0.0324342523860021
34.6 0.0321906680805938
34.7 0.0319470837751856
34.8 0.0317034994697773
34.9 0.031459915164369
35 0.0312163308589608
35.1 0.0309727465535525
35.2 0.0307291622481442
35.3 0.0304855779427359
35.4 0.0302419936373277
35.5 0.0299984093319194
35.6 0.0297548250265111
35.7 0.0295112407211029
35.8 0.0292676564156946
35.9 0.0290240721102863
36 0.0287804878048781
36.1 0.0286823725055432
36.2 0.0285842572062084
36.3 0.0284861419068736
36.4 0.0283880266075388
36.5 0.028289911308204
36.6 0.0281917960088692
36.7 0.0280936807095344
36.8 0.0279955654101996
36.9 0.0278974501108647
37 0.0277993348115299
37.1 0.0277012195121951
37.2 0.0276031042128603
37.3 0.0275049889135255
37.4 0.0274068736141907
37.5 0.0273087583148559
37.6 0.0272106430155211
37.7 0.0271125277161863
37.8 0.0270144124168514
37.9 0.0269162971175166
38 0.0268181818181818
38.1 0.0269003496503496
38.2 0.0269825174825175
38.3 0.0270646853146853
38.4 0.0271468531468531
38.5 0.027229020979021
38.6 0.0273111888111888
38.7 0.0273933566433566
38.8 0.0274755244755245
38.9 0.0275576923076923
39 0.0276398601398601
39.1 0.027722027972028
39.2 0.0278041958041958
39.3 0.0278863636363636
39.4 0.0279685314685315
39.5 0.0280506993006993
39.6 0.0281328671328671
39.7 0.028215034965035
39.8 0.0282972027972028
39.9 0.0283793706293706
40 0.0284615384615385
40.1 0.0285288461538462
40.2 0.0285961538461538
40.3 0.0286634615384615
40.4 0.0287307692307692
40.5 0.0287980769230769
40.6 0.0288653846153846
40.7 0.0289326923076923
40.8 0.029
40.9 0.0290673076923077
41 0.0291346153846154
41.1 0.0292019230769231
41.2 0.0292692307692308
41.3 0.0293365384615385
41.4 0.0294038461538462
41.5 0.0294711538461539
41.6 0.0295384615384615
41.7 0.0296057692307692
41.8 0.0296730769230769
41.9 0.0297403846153846
42 0.0298076923076923
42.1 0.0298463774597496
42.2 0.0298850626118068
42.3 0.029923747763864
42.4 0.0299624329159213
42.5 0.0300011180679785
42.6 0.0300398032200358
42.7 0.030078488372093
42.8 0.0301171735241503
42.9 0.0301558586762075
43 0.0301945438282648
43.1 0.030233228980322
43.2 0.0302719141323793
43.3 0.0303105992844365
43.4 0.0303492844364937
43.5 0.030387969588551
43.6 0.0304266547406082
43.7 0.0304653398926655
43.8 0.0305040250447227
43.9 0.03054271019678
44 0.0305813953488372
44.1 0.0306422132218448
44.2 0.0307030310948524
44.3 0.0307638489678599
44.4 0.0308246668408675
44.5 0.0308854847138751
44.6 0.0309463025868827
44.7 0.0310071204598903
44.8 0.0310679383328978
44.9 0.0311287562059054
45 0.031189574078913
45.1 0.0312503919519206
45.2 0.0313112098249281
45.3 0.0313720276979357
45.4 0.0314328455709433
45.5 0.0314936634439509
45.6 0.0315544813169585
45.7 0.031615299189966
45.8 0.0316761170629736
45.9 0.0317369349359812
46 0.0317977528089888
46.1 0.0318660572589348
46.2 0.0319343617088809
46.3 0.0320026661588269
46.4 0.0320709706087729
46.5 0.032139275058719
46.6 0.032207579508665
46.7 0.0322758839586111
46.8 0.0323441884085571
46.9 0.0324124928585032
47 0.0324807973084492
47.1 0.0325491017583952
47.2 0.0326174062083413
47.3 0.0326857106582873
47.4 0.0327540151082334
47.5 0.0328223195581794
47.6 0.0328906240081254
47.7 0.0329589284580715
47.8 0.0330272329080175
47.9 0.0330955373579636
48 0.0331638418079096
48.1 0.0332296934333611
48.2 0.0332955450588126
48.3 0.0333613966842642
48.4 0.0334272483097157
48.5 0.0334930999351672
48.6 0.0335589515606187
48.7 0.0336248031860702
48.8 0.0336906548115217
48.9 0.0337565064369732
49 0.0338223580624248
49.1 0.0338882096878763
49.2 0.0339540613133278
49.3 0.0340199129387793
49.4 0.0340857645642308
49.5 0.0341516161896823
49.6 0.0342174678151338
49.7 0.0342833194405854
49.8 0.0343491710660369
49.9 0.0344150226914884
50 0.0344808743169399
50.1 0.0345173569168824
50.2 0.0345538395168248
50.3 0.0345903221167673
50.4 0.0346268047167098
50.5 0.0346632873166523
50.6 0.0346997699165948
50.7 0.0347362525165373
50.8 0.0347727351164797
50.9 0.0348092177164222
51 0.0348457003163647
51.1 0.0348821829163072
51.2 0.0349186655162496
51.3 0.0349551481161921
51.4 0.0349916307161346
51.5 0.0350281133160771
51.6 0.0350645959160196
51.7 0.035101078515962
51.8 0.0351375611159045
51.9 0.035174043715847
52 0.0352105263157895
52.1 0.0352565326633166
52.2 0.0353025390108437
52.3 0.0353485453583708
52.4 0.0353945517058979
52.5 0.035440558053425
52.6 0.0354865644009521
52.7 0.0355325707484792
52.8 0.0355785770960063
52.9 0.0356245834435335
53 0.0356705897910606
53.1 0.0357165961385877
53.2 0.0357626024861148
53.3 0.0358086088336419
53.4 0.035854615181169
53.5 0.0359006215286961
53.6 0.0359466278762232
53.7 0.0359926342237503
53.8 0.0360386405712774
53.9 0.0360846469188046
54 0.0361306532663317
54.1 0.0362033476561552
54.2 0.0362760420459787
54.3 0.0363487364358022
54.4 0.0364214308256257
54.5 0.0364941252154492
54.6 0.0365668196052727
54.7 0.0366395139950962
54.8 0.0367122083849198
54.9 0.0367849027747433
55 0.0368575971645668
55.1 0.0369302915543903
55.2 0.0370029859442138
55.3 0.0370756803340373
55.4 0.0371483747238608
55.5 0.0372210691136844
55.6 0.0372937635035079
55.7 0.0373664578933314
55.8 0.0374391522831549
55.9 0.0375118466729784
56 0.0375845410628019
56.1 0.037656018235014
56.2 0.037727495407226
56.3 0.037798972579438
56.4 0.03787044975165
56.5 0.037941926923862
56.6 0.038013404096074
56.7 0.038084881268286
56.8 0.0381563584404981
56.9 0.0382278356127101
57 0.0382993127849221
57.1 0.0383707899571341
57.2 0.0384422671293461
57.3 0.0385137443015581
57.4 0.0385852214737702
57.5 0.0386566986459822
57.6 0.0387281758181942
57.7 0.0387996529904062
57.8 0.0388711301626182
57.9 0.0389426073348302
58 0.0390140845070423
58.1 0.0387871245739276
58.2 0.0385601646408129
58.3 0.0383332047076983
58.4 0.0381062447745836
58.5 0.0378792848414689
58.6 0.0376523249083543
58.7 0.0374253649752396
58.8 0.0371984050421249
58.9 0.0369714451090102
59 0.0367444851758956
59.1 0.0365175252427809
59.2 0.0362905653096662
59.3 0.0360636053765516
59.4 0.0358366454434369
59.5 0.0356096855103222
59.6 0.0353827255772075
59.7 0.0351557656440929
59.8 0.0349288057109782
59.9 0.0347018457778635
60 0.0344748858447489
60.1 0.0341711415525114
60.2 0.033867397260274
60.3 0.0335636529680365
60.4 0.0332599086757991
60.5 0.0329561643835616
60.6 0.0326524200913242
60.7 0.0323486757990867
60.8 0.0320449315068493
60.9 0.0317411872146119
61 0.0314374429223744
61.1 0.031133698630137
61.2 0.0308299543378995
61.3 0.0305262100456621
61.4 0.0302224657534246
61.5 0.0299187214611872
61.6 0.0296149771689498
61.7 0.0293112328767123
61.8 0.0290074885844749
61.9 0.0287037442922374
62 0.0284
62.1 0.0277399118942731
62.2 0.0270798237885463
62.3 0.0264197356828194
62.4 0.0257596475770925
62.5 0.0250995594713656
62.6 0.0244394713656388
62.7 0.0237793832599119
62.8 0.023119295154185
62.9 0.0224592070484581
63 0.0217991189427313
63.1 0.0211390308370044
63.2 0.0204789427312775
63.3 0.0198188546255507
63.4 0.0191587665198238
63.5 0.0184986784140969
63.6 0.01783859030837
63.7 0.0171785022026432
63.8 0.0165184140969163
63.9 0.0158583259911894
64 0.0151982378854626
64.1 0.014537448798207
64.2 0.0138766597109514
64.3 0.0132158706236958
64.4 0.0125550815364402
64.5 0.0118942924491846
64.6 0.011233503361929
64.7 0.0105727142746734
64.8 0.00991192518741786
64.9 0.00925113610016227
65 0.00859034701290669
65.1 0.0079295579256511
65.2 0.00726876883839551
65.3 0.00660797975113993
65.4 0.00594719066388434
65.5 0.00528640157662876
65.6 0.00462561248937316
65.7 0.00396482340211758
65.8 0.003304034314862
65.9 0.0026432452276064
66 0.00198245614035088
66.1 0.00188333333333333
66.2 0.00178421052631579
66.3 0.00168508771929824
66.4 0.0015859649122807
66.5 0.00148684210526316
66.6 0.00138771929824561
66.7 0.00128859649122807
66.8 0.00118947368421052
66.9 0.00109035087719298
67 0.000991228070175435
67.1 0.00089210526315789
67.2 0.000792982456140346
67.3 0.000693859649122802
67.4 0.000594736842105257
67.5 0.000495614035087713
67.6 0.000396491228070168
67.7 0.000297368421052624
67.8 0.000198245614035082
67.9 9.91228070175351e-05
68 0
68.1 0
68.2 0
68.3 0
68.4 0
68.5 0
68.6 0
68.7 0
68.8 0
68.9 0
69 0
69.1 0
69.2 0
69.3 0
69.4 0
69.5 0
69.6 0
69.7 0
69.8 0
69.9 0
70 0
70.1 0
70.2 0
70.3 0
70.4 0
70.5 0
70.6 0
70.7 0
70.8 0
70.9 0
71 0
71.1 0
71.2 0
71.3 0
71.4 0
71.5 0
71.6 0
71.7 0
71.8 0
71.9 0
72 0
72.1 0
72.2 0
72.3 0
72.4 0
72.5 0
72.6 0
72.7 0
72.8 0
72.9 0
73 0
73.1 0
73.2 0
73.3 0
73.4 0
73.5 0
73.6 0
73.7 0
73.8 0
73.9 0
74 0
74.1 0
74.2 0
74.3 0
74.4 0
74.5 0
74.6 0
74.7 0
74.8 0
74.9 0
75 0
75.1 0
75.2 0
75.3 0
75.4 0
75.5 0
75.6 0
75.7 0
75.8 0
75.9 0
76 0
76.1 0
76.2 0
76.3 0
76.4 0
76.5 0
76.6 0
76.7 0
76.8 0
76.9 0
77 0
77.1 0
77.2 0
77.3 0
77.4 0
77.5 0
77.6 0
77.7 0
77.8 0
77.9 0
78 0
78.1 0
78.2 0
78.3 0
78.4 0
78.5 0
78.6 0
78.7 0
78.8 0
78.9 0
79 0
79.1 0
79.2 0
79.3 0
79.4 0
79.5 0
79.6 0
79.7 0
79.8 0
79.9 0
80 0
80.1 0
80.2 0
80.3 0
80.4 0
80.5 0
80.6 0
80.7 0
80.8 0
80.9 0
81 0
81.1 0
81.2 0
81.3 0
81.4 0
81.5 0
81.6 0
81.7 0
81.8 0
81.9 0
82 0
82.1 0
82.2 0
82.3 0
82.4 0
82.5 0
82.6 0
82.7 0
82.8 0
82.9 0
83 0
83.1 0
83.2 0
83.3 0
83.4 0
83.5 0
83.6 0
83.7 0
83.8 0
83.9 0
84 0
84.1 0
84.2 0
84.3 0
84.4 0
84.5 0
84.6 0
84.7 0
84.8 0
84.9 0
85 0
85.1 0
85.2 0
85.3 0
85.4 0
85.5 0
85.6 0
85.7 0
85.8 0
85.9 0
86 0
86.1 0
86.2 0
86.3 0
86.4 0
86.5 0
86.6 0
86.7 0
86.8 0
86.9 0
87 0
87.1 0
87.2 0
87.3 0
87.4 0
87.5 0
87.6 0
87.7 0
87.8 0
87.9 0
88 0
88.1 0
88.2 0
88.3 0
88.4 0
88.5 0
88.6 0
88.7 0
88.8 0
88.9 0
89 0
89.1 0
89.2 0
89.3 0
89.4 0
89.5 0
89.6 0
89.7 0
89.8 0
89.9 0
90 0
90.1 0
90.2 0
90.3 0
90.4 0
90.5 0
90.6 0
90.7 0
90.8 0
90.9 0
91 0
91.1 0
91.2 0
91.3 0
91.4 0
91.5 0
91.6 0
91.7 0
91.8 0
91.9 0
92 0
92.1 0
92.2 0
92.3 0
92.4 0
92.5 0
92.6 0
92.7 0
92.8 0
92.9 0
93 0
93.1 0
93.2 0
93.3 0
93.4 0
93.5 0
93.6 0
93.7 0
93.8 0
93.9 0
94 0
94.1 0
94.2 0
94.3 0
94.4 0
94.5 0
94.6 0
94.7 0
94.8 0
94.9 0
95 0
95.1 0
95.2 0
95.3 0
95.4 0
95.5 0
95.6 0
95.7 0
95.8 0
95.9 0
96 0
96.1 0
96.2 0
96.3 0
96.4 0
96.5 0
96.6 0
96.7 0
96.8 0
96.9 0
97 0
97.1 0
97.2 0
97.3 0
97.4 0
97.5 0
97.6 0
97.7 0
97.8 0
97.9 0
98 0
98.1 0
98.2 0
98.3 0
98.4 0
98.5 0
98.6 0
98.7 0
98.8 0
98.9 0
99 0
99.1 0
99.2 0
99.3 0
99.4 0
99.5 0
99.6 0
99.7 0
99.8 0
99.9 0
100 0
100.1 0
100.2 0
100.3 0
100.4 0
100.5 0
100.6 0
100.7 0
100.8 0
100.9 0
101 0
101.1 0
101.2 0
101.3 0
101.4 0
101.5 0
101.6 0
101.7 0
101.8 0
101.9 0
102 0
102.1 0
102.2 0
102.3 0
102.4 0
102.5 0
102.6 0
102.7 0
102.8 0
102.9 0
103 0
103.1 0
103.2 0
103.3 0
103.4 0
103.5 0
103.6 0
103.7 0
103.8 0
103.9 0
104 0
104.1 0
104.2 0
104.3 0
104.4 0
104.5 0
104.6 0
104.7 0
104.8 0
104.9 0
105 0
105.1 0
105.2 0
105.3 0
105.4 0
105.5 0
105.6 0
105.7 0
105.8 0
105.9 0
106 0
106.1 0
106.2 0
106.3 0
106.4 0
106.5 0
106.6 0
106.7 0
106.8 0
106.9 0
107 0
107.1 0
107.2 0
107.3 0
107.4 0
107.5 0
107.6 0
107.7 0
107.8 0
107.9 0
108 0
108.1 0
108.2 0
108.3 0
108.4 0
108.5 0
108.6 0
108.7 0
108.8 0
108.9 0
109 0
109.1 0
109.2 0
109.3 0
109.4 0
109.5 0
109.6 0
109.7 0
109.8 0
109.9 0
110 0
110.1 0
110.2 0
110.3 0
110.4 0
110.5 0
110.6 0
110.7 0
110.8 0
110.9 0
111 0
111.1 0
111.2 0
111.3 0
111.4 0
111.5 0
111.6 0
111.7 0
111.8 0
111.9 0
112 0
112.1 0
112.2 0
112.3 0
112.4 0
112.5 0
112.6 0
112.7 0
112.8 0
112.9 0
113 0
113.1 0
113.2 0
113.3 0
113.4 0
113.5 0
113.6 0
113.7 0
113.8 0
113.9 0
114 0
114.1 0
114.2 0
114.3 0
114.4 0
114.5 0
114.6 0
114.7 0
114.8 0
114.9 0
115 0
115.1 0
115.2 0
115.3 0
115.4 0
115.5 0
115.6 0
115.7 0
115.8 0
115.9 0
116 0
116.1 0
116.2 0
116.3 0
116.4 0
116.5 0
116.6 0
116.7 0
116.8 0
116.9 0
117 0
117.1 0
117.2 0
117.3 0
117.4 0
117.5 0
117.6 0
117.7 0
117.8 0
117.9 0
118 0
118.1 0
118.2 0
118.3 0
118.4 0
118.5 0
118.6 0
118.7 0
118.8 0
118.9 0
119 0
119.1 0
119.2 0
119.3 0
119.4 0
119.5 0
119.6 0
119.7 0
119.8 0
119.9 0
120 0
120.1 0
120.2 0
120.3 0
120.4 0
120.5 0
120.6 0
120.7 0
120.8 0
120.9 0
121 0
121.1 0
121.2 0
121.3 0
121.4 0
121.5 0
121.6 0
121.7 0
121.8 0
121.9 0
122 0
122.1 0
122.2 0
122.3 0
122.4 0
122.5 0
122.6 0
122.7 0
122.8 0
122.9 0
123 0
123.1 0
123.2 0
123.3 0
123.4 0
123.5 0
123.6 0
123.7 0
123.8 0
123.9 0
124 0
124.1 0
124.2 0
124.3 0
124.4 0
124.5 0
124.6 0
124.7 0
124.8 0
124.9 0
125 0
125.1 0
125.2 0
125.3 0
125.4 0
125.5 0
125.6 0
125.7 0
125.8 0
125.9 0
126 0
126.1 0
126.2 0
126.3 0
126.4 0
126.5 0
126.6 0
126.7 0
126.8 0
126.9 0
127 0
127.1 0
127.2 0
127.3 0
127.4 0
127.5 0
127.6 0
127.7 0
127.8 0
127.9 0
128 0
128.1 0
128.2 0
128.3 0
128.4 0
128.5 0
128.6 0
128.7 0
128.8 0
128.9 0
129 0
129.1 0
129.2 0
129.3 0
129.4 0
129.5 0
129.6 0
129.7 0
129.8 0
129.9 0
130 0
130.1 0
130.2 0
130.3 0
130.4 0
130.5 0
130.6 0
130.7 0
130.8 0
130.9 0
131 0
131.1 0
131.2 0
131.3 0
131.4 0
131.5 0
131.6 0
131.7 0
131.8 0
131.9 0
132 0
132.1 0
132.2 0
132.3 0
132.4 0
132.5 0
132.6 0
132.7 0
132.8 0
132.9 0
133 0
133.1 0
133.2 0
133.3 0
133.4 0
133.5 0
133.6 0
133.7 0
133.8 0
133.9 0
134 0
134.1 0
134.2 0
134.3 0
134.4 0
134.5 0
134.6 0
134.7 0
134.8 0
134.9 0
135 0
135.1 0
135.2 0
135.3 0
135.4 0
135.5 0
135.6 0
135.7 0
135.8 0
135.9 0
136 0
136.1 0
136.2 0
136.3 0
136.4 0
136.5 0
136.6 0
136.7 0
136.8 0
136.9 0
137 0
137.1 0
137.2 0
137.3 0
137.4 0
137.5 0
137.6 0
137.7 0
137.8 0
137.9 0
138 0
138.1 0
138.2 0
138.3 0
138.4 0
138.5 0
138.6 0
138.7 0
138.8 0
138.9 0
139 0
139.1 0
139.2 0
139.3 0
139.4 0
139.5 0
139.6 0
139.7 0
139.8 0
139.9 0
140 0
140.1 0
140.2 0
140.3 0
140.4 0
140.5 0
140.6 0
140.7 0
140.8 0
140.9 0
141 0
141.1 0
141.2 0
141.3 0
141.4 0
141.5 0
141.6 0
141.7 0
141.8 0
141.9 0
142 0
142.1 0
142.2 0
142.3 0
142.4 0
142.5 0
142.6 0
142.7 0
142.8 0
142.9 0
143 0
143.1 0
143.2 0
143.3 0
143.4 0
143.5 0
143.6 0
143.7 0
143.8 0
143.9 0
144 0
144.1 0
144.2 0
144.3 0
144.4 0
144.5 0
144.6 0
144.7 0
144.8 0
144.9 0
145 0
145.1 0
145.2 0
145.3 0
145.4 0
145.5 0
145.6 0
145.7 0
145.8 0
145.9 0
146 0
146.1 0
146.2 0
146.3 0
146.4 0
146.5 0
146.6 0
146.7 0
146.8 0
146.9 0
147 0
147.1 0
147.2 0
147.3 0
147.4 0
147.5 0
147.6 0
147.7 0
147.8 0
147.9 0
148 0
148.1 0
148.2 0
148.3 0
148.4 0
148.5 0
148.6 0
148.7 0
148.8 0
148.9 0
149 0
149.1 0
149.2 0
149.3 0
149.4 0
149.5 0
149.6 0
149.7 0
149.8 0
149.9 0
150 0
150.1 0
150.2 0
150.3 0
150.4 0
150.5 0
150.6 0
150.7 0
150.8 0
150.9 0
151 0
151.1 0
151.2 0
151.3 0
151.4 0
151.5 0
151.6 0
151.7 0
151.8 0
151.9 0
152 0
152.1 0
152.2 0
152.3 0
152.4 0
152.5 0
152.6 0
152.7 0
152.8 0
152.9 0
153 0
153.1 0
153.2 0
153.3 0
153.4 0
153.5 0
153.6 0
153.7 0
153.8 0
153.9 0
154 0
154.1 0
154.2 0
154.3 0
154.4 0
154.5 0
154.6 0
154.7 0
154.8 0
154.9 0
155 0
155.1 0
155.2 0
155.3 0
155.4 0
155.5 0
155.6 0
155.7 0
155.8 0
155.9 0
156 0
156.1 0
156.2 0
156.3 0
156.4 0
156.5 0
156.6 0
156.7 0
156.8 0
156.9 0
157 0
157.1 0
157.2 0
157.3 0
157.4 0
157.5 0
157.6 0
157.7 0
157.8 0
157.9 0
158 0
158.1 0
158.2 0
158.3 0
158.4 0
158.5 0
158.6 0
158.7 0
158.8 0
158.9 0
159 0
159.1 0
159.2 0
159.3 0
159.4 0
159.5 0
159.6 0
159.7 0
159.8 0
159.9 0
160 0
160.1 0
160.2 0
160.3 0
160.4 0
160.5 0
160.6 0
160.7 0
160.8 0
160.9 0
161 0
161.1 0
161.2 0
161.3 0
161.4 0
161.5 0
161.6 0
161.7 0
161.8 0
161.9 0
162 0
162.1 0
162.2 0
162.3 0
162.4 0
162.5 0
162.6 0
162.7 0
162.8 0
162.9 0
163 0
163.1 0
163.2 0
163.3 0
163.4 0
163.5 0
163.6 0
163.7 0
163.8 0
163.9 0
164 0
164.1 0
164.2 0
164.3 0
164.4 0
164.5 0
164.6 0
164.7 0
164.8 0
164.9 0
165 0
165.1 0
165.2 0
165.3 0
165.4 0
165.5 0
165.6 0
165.7 0
165.8 0
165.9 0
166 0
166.1 0
166.2 0
166.3 0
166.4 0
166.5 0
166.6 0
166.7 0
166.8 0
166.9 0
167 0
167.1 0
167.2 0
167.3 0
167.4 0
167.5 0
167.6 0
167.7 0
167.8 0
167.9 0
168 0
168.1 0
168.2 0
168.3 0
168.4 0
168.5 0
168.6 0
168.7 0
168.8 0
168.9 0
169 0
169.1 0
169.2 0
169.3 0
169.4 0
169.5 0
169.6 0
169.7 0
169.8 0
169.9 0
170 0
170.1 0
170.2 0
170.3 0
170.4 0
170.5 0
170.6 0
170.7 0
170.8 0
170.9 0
171 0
171.1 0
171.2 0
171.3 0
171.4 0
171.5 0
171.6 0
171.7 0
171.8 0
171.9 0
172 0
172.1 0
172.2 0
172.3 0
172.4 0
172.5 0
172.6 0
172.7 0
172.8 0
172.9 0
173 0
173.1 0
173.2 0
173.3 0
173.4 0
173.5 0
173.6 0
173.7 0
173.8 0
173.9 0
174 0
174.1 0
174.2 0
174.3 0
174.4 0
174.5 0
174.6 0
174.7 0
174.8 0
174.9 0
175 0
175.1 0
175.2 0
175.3 0
175.4 0
175.5 0
175.6 0
175.7 0
175.8 0
175.9 0
176 0
176.1 0
176.2 0
176.3 0
176.4 0
176.5 0
176.6 0
176.7 0
176.8 0
176.9 0
177 0
177.1 0
177.2 0
177.3 0
177.4 0
177.5 0
177.6 0
177.7 0
177.8 0
177.9 0
178 0
178.1 0
178.2 0
178.3 0
178.4 0
178.5 0
178.6 0
178.7 0
178.8 0
178.9 0
179 0
179.1 0
179.2 0
179.3 0
179.4 0
179.5 0
179.6 0
179.7 0
179.8 0
179.9 0
180 0
180.1 0
180.2 0
180.3 0
180.4 0
180.5 0
180.6 0
180.7 0
180.8 0
180.9 0
181 0
181.1 0
181.2 0
181.3 0
181.4 0
181.5 0
181.6 0
181.7 0
181.8 0
181.9 0
182 0
182.1 0
182.2 0
182.3 0
182.4 0
182.5 0
182.6 0
182.7 0
182.8 0
182.9 0
183 0
183.1 0
183.2 0
183.3 0
183.4 0
183.5 0
183.6 0
183.7 0
183.8 0
183.9 0
184 0
184.1 0
184.2 0
184.3 0
184.4 0
184.5 0
184.6 0
184.7 0
184.8 0
184.9 0
185 0
185.1 0
185.2 0
185.3 0
185.4 0
185.5 0
185.6 0
185.7 0
185.8 0
185.9 0
186 0
186.1 0
