0 0.25
0.1 0.25
0.2 0.24975
0.3 0.2495
0.4 0.24925
0.5 0.249
0.6 0.248905882352941
0.7 0.248811764705882
0.8 0.248717647058824
0.9 0.248623529411765
1 0.248529411764706
1.1 0.248214932126697
1.2 0.247900452488688
1.3 0.247585972850679
1.4 0.24727149321267
1.5 0.246957013574661
1.6 0.246642533936652
1.7 0.246328054298643
1.8 0.246013574660633
1.9 0.245699095022624
2 0.245384615384615
2.1 0.245087912087912
2.2 0.244983781735506
2.3 0.244766040944025
2.4 0.244548300152544
2.5 0.244330559361063
2.6 0.244112818569582
2.7 0.243895077778102
2.8 0.243677336986621
2.9 0.24345959619514
3 0.243241855403659
3.1 0.243024114612178
3.2 0.242806373820697
3.3 0.242588633029217
3.4 0.242370892237736
3.5 0.242153151446255
3.6 0.241935410654774
3.7 0.241717669863293
3.8 0.241499929071812
3.9 0.241282188280331
4 0.241064447488851
4.1 0.24084670669737
4.2 0.240628965905889
4.3 0.240411225114408
4.4 0.240193484322927
4.5 0.239975743531446
4.6 0.239758002739966
4.7 0.239540261948485
4.8 0.239322521157004
4.9 0.239104780365523
5 0.238887039574042
5.1 0.238669298782561
5.2 0.23845155799108
5.3 0.2382338171996
5.4 0.238016076408119
5.5 0.237798335616638
5.6 0.237580594825157
5.7 0.237362854033676
5.8 0.237145113242195
5.9 0.236927372450715
6 0.236709631659234
6.1 0.236491890867753
6.2 0.236274150076272
6.3 0.236056409284791
6.4 0.23583866849331
6.5 0.235620927701829
6.6 0.235403186910349
6.7 0.235185446118868
6.8 0.234967705327387
6.9 0.234749964535906
7 0.234532223744425
7.1 0.234314482952944
7.2 0.234096742161464
7.3 0.233879001369983
7.4 0.233661260578502
7.5 0.233443519787021
7.6 0.23322577899554
7.7 0.233008038204059
7.8 0.232790297412578
7.9 0.232572556621098
8 0.232354815829617
8.1 0.232137075038136
8.2 0.231919334246655
8.3 0.231701593455174
8.4 0.231483852663693
8.5 0.231266111872212
8.6 0.231048371080732
8.7 0.230830630289251
8.8 0.23061288949777
8.9 0.230395148706289
9 0.230177407914808
9.1 0.229959667123327
9.2 0.229741926331847
9.3 0.229524185540366
9.4 0.229306444748885
9.5 0.229088703957404
9.6 0.228870963165923
9.7 0.228653222374442
9.8 0.228435481582962
9.9 0.228217740791481
10 0.228
10.1 0.227775
10.2 0.22755
10.3 0.227325
10.4 0.2271
10.5 0.226875
10.6 0.22665
10.7 0.226425
10.8 0.2262
10.9 0.225975
11 0.22575
11.1 0.225525
11.2 0.2253
11.3 0.225075
11.4 0.22485
11.5 0.224625
11.6 0.2244
11.7 0.224175
11.8 0.22395
11.9 0.223725
12 0.2235
12.1 0.223275
12.2 0.22305
12.3 0.222825
12.4 0.2226
12.5 0.222375
12.6 0.22215
12.7 0.221925
12.8 0.2217
12.9 0.221475
13 0.22125
13.1 0.221025
13.2 0.2208
13.3 0.220575
13.4 0.22035
13.5 0.220125
13.6 0.2199
13.7 0.219675
13.8 0.21945
13.9 0.219225
14 0.219
14.1 0.218775
14.2 0.21855
14.3 0.218325
14.4 0.2181
14.5 0.217875
14.6 0.21765
14.7 0.217425
14.8 0.2172
14.9 0.216975
15 0.21675
15.1 0.216525
15.2 0.2163
15.3 0.216075
15.4 0.21585
15.5 0.215625
15.6 0.2154
15.7 0.215175
15.8 0.21495
15.9 0.214725
16 0.2145
16.1 0.214275
16.2 0.21405
16.3 0.213825
16.4 0.2136
16.5 0.213375
16.6 0.21315
16.7 0.212925
16.8 0.2127
16.9 0.212475
17 0.21225
17.1 0.212025
17.2 0.2118
17.3 0.211575
17.4 0.21135
17.5 0.211125
17.6 0.2109
17.7 0.210675
17.8 0.21045
17.9 0.210225
18 0.21
18.1 0.209850877192982
18.2 0.209701754385965
18.3 0.209552631578947
18.4 0.20940350877193
18.5 0.209254385964912
18.6 0.209105263157895
18.7 0.208956140350877
18.8 0.20880701754386
18.9 0.208657894736842
19 0.208508771929825
19.1 0.208359649122807
19.2 0.20821052631579
19.3 0.208061403508772
19.4 0.207912280701754
19.5 0.207763157894737
19.6 0.207614035087719
19.7 0.207464912280702
19.8 0.207315789473684
19.9 0.207166666666667
20 0.207017543859649
20.1 0.206742424242424
20.2 0.206467304625199
20.3 0.206192185007975
20.4 0.20591706539075
20.5 0.205641945773525
20.6 0.2053668261563
20.7 0.205091706539075
20.8 0.20481658692185
20.9 0.204541467304625
21 0.2042663476874
21.1 0.203991228070176
21.2 0.203716108452951
21.3 0.203440988835726
21.4 0.203165869218501
21.5 0.202890749601276
21.6 0.202615629984051
21.7 0.202340510366826
21.8 0.202065390749601
21.9 0.201790271132376
22 0.201515151515152
22.1 0.201307814992026
22.2 0.2011004784689
22.3 0.200893141945774
22.4 0.200685805422648
22.5 0.200478468899522
22.6 0.200271132376396
22.7 0.20006379585327
22.8 0.199856459330144
22.9 0.199649122807018
23 0.199441786283892
23.1 0.199234449760766
23.2 0.19902711323764
23.3 0.198819776714514
23.4 0.198612440191388
23.5 0.198405103668262
23.6 0.198197767145136
23.7 0.19799043062201
23.8 0.197783094098884
23.9 0.197575757575758
24 0.197368421052632
24.1 0.197198795180723
24.2 0.197029169308814
24.3 0.196859543436906
24.4 0.196689917564997
24.5 0.196520291693088
24.6 0.196350665821179
24.7 0.196181039949271
24.8 0.196011414077362
24.9 0.195841788205453
25 0.195672162333545
25.1 0.195502536461636
25.2 0.195332910589727
25.3 0.195163284717819
25.4 0.19499365884591
25.5 0.194824032974001
25.6 0.194654407102093
25.7 0.194484781230184
25.8 0.194315155358275
25.9 0.194145529486366
26 0.193975903614458
26.1 0.193756275100402
26.2 0.193536646586345
26.3 0.193317018072289
26.4 0.193097389558233
26.5 0.192877761044177
26.6 0.192658132530121
26.7 0.192438504016064
26.8 0.192218875502008
26.9 0.191999246987952
27 0.191779618473896
27.1 0.191559989959839
27.2 0.191340361445783
27.3 0.191120732931727
27.4 0.190901104417671
27.5 0.190681475903614
27.6 0.190461847389558
27.7 0.190242218875502
27.8 0.190022590361446
27.9 0.18980296184739
28 0.189583333333333
28.1 0.189361592409241
28.2 0.189139851485149
28.3 0.188918110561056
28.4 0.188696369636964
28.5 0.188474628712871
28.6 0.188252887788779
28.7 0.188031146864686
28.8 0.187809405940594
28.9 0.187587665016502
29 0.187365924092409
29.1 0.187144183168317
29.2 0.186922442244224
29.3 0.186700701320132
29.4 0.18647896039604
29.5 0.186257219471947
29.6 0.186035478547855
29.7 0.185813737623762
29.8 0.18559199669967
29.9 0.185370255775578
30 0.185148514851485
30.1 0.1851835419391
30.2 0.185218569026714
30.3 0.185253596114328
30.4 0.185288623201943
30.5 0.185323650289557
30.6 0.185358677377172
30.7 0.185393704464786
30.8 0.1854287315524
30.9 0.185463758640015
31 0.185498785727629
31.1 0.185533812815244
31.2 0.185568839902858
31.3 0.185603866990473
31.4 0.185638894078087
31.5 0.185673921165701
31.6 0.185708948253316
31.7 0.18574397534093
31.8 0.185779002428545
31.9 0.185814029516159
32 0.185849056603774
32.1 0.185947908121411
32.2 0.186046759639048
32.3 0.186145611156686
32.4 0.186244462674323
32.5 0.186343314191961
32.6 0.186442165709598
32.7 0.186541017227235
32.8 0.186639868744873
32.9 0.18673872026251
33 0.186837571780148
33.1 0.186936423297785
33.2 0.187035274815423
33.3 0.18713412633306
33.4 0.187232977850697
33.5 0.187331829368335
33.6 0.187430680885972
33.7 0.18752953240361
33.8 0.187628383921247
33.9 0.187727235438884
34 0.187826086956522
34.1 0.187946977730647
34.2 0.188067868504772
34.3 0.188188759278897
34.4 0.188309650053022
34.5 0.188430540827147
34.6 0.188551431601273
34.7 0.188672322375398
34.8 0.188793213149523
34.9 0.188914103923648
35 0.189034994697773
35.1 0.189155885471898
35.2 0.189276776246023
35.3 0.189397667020149
35.4 0.189518557794274
35.5 0.189639448568399
35.6 0.189760339342524
35.7 0.189881230116649
35.8 0.190002120890774
35.9 0.190123011664899
36 0.190243902439024
36.1 0.190352919438285
36.2 0.190461936437546
36.3 0.190570953436807
36.4 0.190679970436068
36.5 0.190788987435329
36.6 0.19089800443459
36.7 0.191007021433851
36.8 0.191116038433112
36.9 0.191225055432373
37 0.191334072431633
37.1 0.191443089430894
37.2 0.191552106430155
37.3 0.191661123429416
37.4 0.191770140428677
37.5 0.191879157427938
37.6 0.191988174427199
37.7 0.19209719142646
37.8 0.192206208425721
37.9 0.192315225424982
38 0.192424242424242
38.1 0.19245337995338
38.2 0.192482517482517
38.3 0.192511655011655
38.4 0.192540792540793
38.5 0.19256993006993
38.6 0.192599067599068
38.7 0.192628205128205
38.8 0.192657342657343
38.9 0.19268648018648
39 0.192715617715618
39.1 0.192744755244755
39.2 0.192773892773893
39.3 0.19280303030303
39.4 0.192832167832168
39.5 0.192861305361305
39.6 0.192890442890443
39.7 0.19291958041958
39.8 0.192948717948718
39.9 0.192977855477855
40 0.193006993006993
40.1 0.19326048951049
40.2 0.193513986013986
40.3 0.193767482517483
40.4 0.194020979020979
40.5 0.194274475524476
40.6 0.194527972027972
40.7 0.194781468531469
40.8 0.195034965034965
40.9 0.195288461538462
41 0.195541958041958
41.1 0.195795454545455
41.2 0.196048951048951
41.3 0.196302447552448
41.4 0.196555944055944
41.5 0.196809440559441
41.6 0.197062937062937
41.7 0.197316433566434
41.8 0.19756993006993
41.9 0.197823426573427
42 0.198076923076923
42.1 0.19869633273703
42.2 0.199315742397138
42.3 0.199935152057245
42.4 0.200554561717352
42.5 0.20117397137746
42.6 0.201793381037567
42.7 0.202412790697674
42.8 0.203032200357782
42.9 0.203651610017889
43 0.204271019677996
43.1 0.204890429338104
43.2 0.205509838998211
43.3 0.206129248658318
43.4 0.206748658318426
43.5 0.207368067978533
43.6 0.20798747763864
43.7 0.208606887298748
43.8 0.209226296958855
43.9 0.209845706618962
44 0.21046511627907
44.1 0.210896916644892
44.2 0.211328717010713
44.3 0.211760517376535
44.4 0.212192317742357
44.5 0.212624118108179
44.6 0.213055918474001
44.7 0.213487718839822
44.8 0.213919519205644
44.9 0.214351319571466
45 0.214783119937288
45.1 0.21521492030311
45.2 0.215646720668931
45.3 0.216078521034753
45.4 0.216510321400575
45.5 0.216942121766397
45.6 0.217373922132218
45.7 0.21780572249804
45.8 0.218237522863862
45.9 0.218669323229684
46 0.219101123595506
46.1 0.218852282104996
46.2 0.218603440614486
46.3 0.218354599123976
46.4 0.218105757633467
46.5 0.217856916142957
46.6 0.217608074652447
46.7 0.217359233161937
46.8 0.217110391671428
46.9 0.216861550180918
47 0.216612708690408
47.1 0.216363867199898
47.2 0.216115025709389
47.3 0.215866184218879
47.4 0.215617342728369
47.5 0.215368501237859
47.6 0.21511965974735
47.7 0.21487081825684
47.8 0.21462197676633
47.9 0.21437313527582
48 0.214124293785311
48.1 0.213909882374734
48.2 0.213695470964157
48.3 0.21348105955358
48.4 0.213266648143003
48.5 0.213052236732426
48.6 0.212837825321849
48.7 0.212623413911272
48.8 0.212409002500695
48.9 0.212194591090118
49 0.211980179679541
49.1 0.211765768268964
49.2 0.211551356858387
49.3 0.21133694544781
49.4 0.211122534037233
49.5 0.210908122626656
49.6 0.210693711216079
49.7 0.210479299805502
49.8 0.210264888394925
49.9 0.210050476984348
50 0.209836065573771
50.1 0.209844262295082
50.2 0.209852459016393
50.3 0.209860655737705
50.4 0.209868852459016
50.5 0.209877049180328
50.6 0.209885245901639
50.7 0.209893442622951
50.8 0.209901639344262
50.9 0.209909836065574
51 0.209918032786885
51.1 0.209926229508197
51.2 0.209934426229508
51.3 0.20994262295082
51.4 0.209950819672131
51.5 0.209959016393443
51.6 0.209967213114754
51.7 0.209975409836066
51.8 0.209983606557377
51.9 0.209991803278689
52 0.21
52.1 0.210052763819095
52.2 0.210105527638191
52.3 0.210158291457286
52.4 0.210211055276382
52.5 0.210263819095477
52.6 0.210316582914573
52.7 0.210369346733668
52.8 0.210422110552764
52.9 0.210474874371859
53 0.210527638190955
53.1 0.21058040201005
53.2 0.210633165829146
53.3 0.210685929648241
53.4 0.210738693467337
53.5 0.210791457286432
53.6 0.210844221105528
53.7 0.210896984924623
53.8 0.210949748743719
53.9 0.211002512562814
54 0.21105527638191
54.1 0.211444541548321
54.2 0.211833806714733
54.3 0.212223071881145
54.4 0.212612337047557
54.5 0.213001602213968
54.6 0.21339086738038
54.7 0.213780132546792
54.8 0.214169397713204
54.9 0.214558662879616
55 0.214947928046027
55.1 0.215337193212439
55.2 0.215726458378851
55.3 0.216115723545263
55.4 0.216504988711674
55.5 0.216894253878086
55.6 0.217283519044498
55.7 0.21767278421091
55.8 0.218062049377321
55.9 0.218451314543733
56 0.218840579710145
56.1 0.219213104715248
56.2 0.219585629720351
56.3 0.219958154725454
56.4 0.220330679730557
56.5 0.22070320473566
56.6 0.221075729740763
56.7 0.221448254745866
56.8 0.22182077975097
56.9 0.222193304756073
57 0.222565829761176
57.1 0.222938354766279
57.2 0.223310879771382
57.3 0.223683404776485
57.4 0.224055929781588
57.5 0.224428454786691
57.6 0.224800979791794
57.7 0.225173504796897
57.8 0.225546029802
57.9 0.225918554807103
58 0.226291079812207
58.1 0.225844105730272
58.2 0.225397131648337
58.3 0.224950157566403
58.4 0.224503183484468
58.5 0.224056209402534
58.6 0.223609235320599
58.7 0.223162261238665
58.8 0.22271528715673
58.9 0.222268313074796
59 0.221821338992861
59.1 0.221374364910927
59.2 0.220927390828992
59.3 0.220480416747058
59.4 0.220033442665123
59.5 0.219586468583189
59.6 0.219139494501254
59.7 0.21869252041932
59.8 0.218245546337385
59.9 0.21779857225545
60 0.217351598173516
60.1 0.21668401826484
60.2 0.216016438356164
60.3 0.215348858447489
60.4 0.214681278538813
60.5 0.214013698630137
60.6 0.213346118721461
60.7 0.212678538812785
60.8 0.21201095890411
60.9 0.211343378995434
61 0.210675799086758
61.1 0.210008219178082
61.2 0.209340639269406
61.3 0.208673059360731
61.4 0.208005479452055
61.5 0.207337899543379
61.6 0.206670319634703
61.7 0.206002739726027
61.8 0.205335159817352
61.9 0.204667579908676
62 0.204
62.1 0.202236123348018
62.2 0.200472246696035
62.3 0.198708370044053
62.4 0.19694449339207
62.5 0.195180616740088
62.6 0.193416740088106
62.7 0.191652863436123
62.8 0.189888986784141
62.9 0.188125110132159
63 0.186361233480176
63.1 0.184597356828194
63.2 0.182833480176211
63.3 0.181069603524229
63.4 0.179305726872247
63.5 0.177541850220264
63.6 0.175777973568282
63.7 0.1740140969163
63.8 0.172250220264317
63.9 0.170486343612335
64 0.168722466960352
64.1 0.166953010279001
64.2 0.16518355359765
64.3 0.1634140969163
64.4 0.161644640234949
64.5 0.159875183553598
64.6 0.158105726872247
64.7 0.156336270190896
64.8 0.154566813509545
64.9 0.152797356828194
65 0.151027900146843
65.1 0.149258443465492
65.2 0.147488986784141
65.3 0.14571953010279
65.4 0.143950073421439
65.5 0.142180616740088
65.6 0.140411160058737
65.7 0.138641703377386
65.8 0.136872246696035
65.9 0.135102790014684
66 0.133333333333333
66.1 0.126777900146843
66.2 0.120222466960352
66.3 0.113667033773862
66.4 0.107111600587371
66.5 0.100556167400881
66.6 0.0940007342143904
66.7 0.0874453010278999
66.8 0.0808898678414095
66.9 0.074334434654919
67 0.0677790014684285
67.1 0.061223568281938
67.2 0.0546681350954475
67.3 0.0481127019089571
67.4 0.0415572687224666
67.5 0.0350018355359761
67.6 0.0284464023494856
67.7 0.0218909691629951
67.8 0.0153355359765047
67.9 0.00878010279001411
68 0.00222466960352423
68.1 0.00211343612334802
68.2 0.0020022026431718
68.3 0.00189096916299559
68.4 0.00177973568281938
68.5 0.00166850220264317
68.6 0.00155726872246696
68.7 0.00144603524229075
68.8 0.00133480176211453
68.9 0.00122356828193832
69 0.00111233480176211
69.1 0.0010011013215859
69.2 0.000889867841409685
69.3 0.000778634361233474
69.4 0.000667400881057262
69.5 0.000556167400881051
69.6 0.000444933920704837
69.7 0.000333700440528626
69.8 0.000222466960352416
69.9 0.000111233480176202
70 0
70.1 0
70.2 0
70.3 0
70.4 0
70.5 0
70.6 0
70.7 0
70.8 0
70.9 0
71 0
71.1 0
71.2 0
71.3 0
71.4 0
71.5 0
71.6 0
71.7 0
71.8 0
71.9 0
72 0
72.1 0
72.2 0
72.3 0
72.4 0
72.5 0
72.6 0
72.7 0
72.8 0
72.9 0
73 0
73.1 0
73.2 0
73.3 0
73.4 0
73.5 0
73.6 0
73.7 0
73.8 0
73.9 0
74 0
74.1 0
74.2 0
74.3 0
74.4 0
74.5 0
74.6 0
74.7 0
74.8 0
74.9 0
75 0
75.1 0
75.2 0
75.3 0
75.4 0
75.5 0
75.6 0
75.7 0
75.8 0
75.9 0
76 0
76.1 0
76.2 0
76.3 0
76.4 0
76.5 0
76.6 0
76.7 0
76.8 0
76.9 0
77 0
77.1 0
77.2 0
77.3 0
77.4 0
77.5 0
77.6 0
77.7 0
77.8 0
77.9 0
78 0
78.1 0
78.2 0
78.3 0
78.4 0
78.5 0
78.6 0
78.7 0
78.8 0
78.9 0
79 0
79.1 0
79.2 0
79.3 0
79.4 0
79.5 0
79.6 0
79.7 0
79.8 0
79.9 0
80 0
80.1 0
80.2 0
80.3 0
80.4 0
80.5 0
80.6 0
80.7 0
80.8 0
80.9 0
81 0
81.1 0
81.2 0
81.3 0
81.4 0
81.5 0
81.6 0
81.7 0
81.8 0
81.9 0
82 0
82.1 0
82.2 0
82.3 0
82.4 0
82.5 0
82.6 0
82.7 0
82.8 0
82.9 0
83 0
83.1 0
83.2 0
83.3 0
83.4 0
83.5 0
83.6 0
83.7 0
83.8 0
83.9 0
84 0
84.1 0
84.2 0
84.3 0
84.4 0
84.5 0
84.6 0
84.7 0
84.8 0
84.9 0
85 0
85.1 0
85.2 0
85.3 0
85.4 0
85.5 0
85.6 0
85.7 0
85.8 0
85.9 0
86 0
86.1 0
86.2 0
86.3 0
86.4 0
86.5 0
86.6 0
86.7 0
86.8 0
86.9 0
87 0
87.1 0
87.2 0
87.3 0
87.4 0
87.5 0
87.6 0
87.7 0
87.8 0
87.9 0
88 0
88.1 0
88.2 0
88.3 0
88.4 0
88.5 0
88.6 0
88.7 0
88.8 0
88.9 0
89 0
89.1 0
89.2 0
89.3 0
89.4 0
89.5 0
89.6 0
89.7 0
89.8 0
89.9 0
90 0
90.1 0
90.2 0
90.3 0
90.4 0
90.5 0
90.6 0
90.7 0
90.8 0
90.9 0
91 0
91.1 0
91.2 0
91.3 0
91.4 0
91.5 0
91.6 0
91.7 0
91.8 0
91.9 0
92 0
92.1 0
92.2 0
92.3 0
92.4 0
92.5 0
92.6 0
92.7 0
92.8 0
92.9 0
93 0
93.1 0
93.2 0
93.3 0
93.4 0
93.5 0
93.6 0
93.7 0
93.8 0
93.9 0
94 0
94.1 0
94.2 0
94.3 0
94.4 0
94.5 0
94.6 0
94.7 0
94.8 0
94.9 0
95 0
95.1 0
95.2 0
95.3 0
95.4 0
95.5 0
95.6 0
95.7 0
95.8 0
95.9 0
96 0
96.1 0
96.2 0
96.3 0
96.4 0
96.5 0
96.6 0
96.7 0
96.8 0
96.9 0
97 0
97.1 0
97.2 0
97.3 0
97.4 0
97.5 0
97.6 0
97.7 0
97.8 0
97.9 0
98 0
98.1 0
98.2 0
98.3 0
98.4 0
98.5 0
98.6 0
98.7 0
98.8 0
98.9 0
99 0
99.1 0
99.2 0
99.3 0
99.4 0
99.5 0
99.6 0
99.7 0
99.8 0
99.9 0
100 0
100.1 0
100.2 0
100.3 0
100.4 0
100.5 0
100.6 0
100.7 0
100.8 0
100.9 0
101 0
101.1 0
101.2 0
101.3 0
101.4 0
101.5 0
101.6 0
101.7 0
101.8 0
101.9 0
102 0
102.1 0
102.2 0
102.3 0
102.4 0
102.5 0
102.6 0
102.7 0
102.8 0
102.9 0
103 0
103.1 0
103.2 0
103.3 0
103.4 0
103.5 0
103.6 0
103.7 0
103.8 0
103.9 0
104 0
104.1 0
104.2 0
104.3 0
104.4 0
104.5 0
104.6 0
104.7 0
104.8 0
104.9 0
105 0
105.1 0
105.2 0
105.3 0
105.4 0
105.5 0
105.6 0
105.7 0
105.8 0
105.9 0
106 0
106.1 0
106.2 0
106.3 0
106.4 0
106.5 0
106.6 0
106.7 0
106.8 0
106.9 0
107 0
107.1 0
107.2 0
107.3 0
107.4 0
107.5 0
107.6 0
107.7 0
107.8 0
107.9 0
108 0
108.1 0
108.2 0
108.3 0
108.4 0
108.5 0
108.6 0
108.7 0
108.8 0
108.9 0
109 0
109.1 0
109.2 0
109.3 0
109.4 0
109.5 0
109.6 0
109.7 0
109.8 0
109.9 0
110 0
110.1 0
110.2 0
110.3 0
110.4 0
110.5 0
110.6 0
110.7 0
110.8 0
110.9 0
111 0
111.1 0
111.2 0
111.3 0
111.4 0
111.5 0
111.6 0
111.7 0
111.8 0
111.9 0
112 0
112.1 0
112.2 0
112.3 0
112.4 0
112.5 0
112.6 0
112.7 0
112.8 0
112.9 0
113 0
113.1 0
113.2 0
113.3 0
113.4 0
113.5 0
113.6 0
113.7 0
113.8 0
113.9 0
114 0
114.1 0
114.2 0
114.3 0
114.4 0
114.5 0
114.6 0
114.7 0
114.8 0
114.9 0
115 0
115.1 0
115.2 0
115.3 0
115.4 0
115.5 0
115.6 0
115.7 0
115.8 0
115.9 0
116 0
116.1 0
116.2 0
116.3 0
116.4 0
116.5 0
116.6 0
116.7 0
116.8 0
116.9 0
117 0
117.1 0
117.2 0
117.3 0
117.4 0
117.5 0
117.6 0
117.7 0
117.8 0
117.9 0
118 0
118.1 0
118.2 0
118.3 0
118.4 0
118.5 0
118.6 0
118.7 0
118.8 0
118.9 0
119 0
119.1 0
119.2 0
119.3 0
119.4 0
119.5 0
119.6 0
119.7 0
119.8 0
119.9 0
120 0
120.1 0
120.2 0
120.3 0
120.4 0
120.5 0
120.6 0
120.7 0
120.8 0
120.9 0
121 0
121.1 0
121.2 0
121.3 0
121.4 0
121.5 0
121.6 0
121.7 0
121.8 0
121.9 0
122 0
122.1 0
122.2 0
122.3 0
122.4 0
122.5 0
122.6 0
122.7 0
122.8 0
122.9 0
123 0
123.1 0
123.2 0
123.3 0
123.4 0
123.5 0
123.6 0
123.7 0
123.8 0
123.9 0
124 0
124.1 0
124.2 0
124.3 0
124.4 0
124.5 0
124.6 0
124.7 0
124.8 0
124.9 0
125 0
125.1 0
125.2 0
125.3 0
125.4 0
125.5 0
125.6 0
125.7 0
125.8 0
125.9 0
126 0
126.1 0
126.2 0
126.3 0
126.4 0
126.5 0
126.6 0
126.7 0
126.8 0
126.9 0
127 0
127.1 0
127.2 0
127.3 0
127.4 0
127.5 0
127.6 0
127.7 0
127.8 0
127.9 0
128 0
128.1 0
128.2 0
128.3 0
128.4 0
128.5 0
128.6 0
128.7 0
128.8 0
128.9 0
129 0
129.1 0
129.2 0
129.3 0
129.4 0
129.5 0
129.6 0
129.7 0
129.8 0
129.9 0
130 0
130.1 0
130.2 0
130.3 0
130.4 0
130.5 0
130.6 0
130.7 0
130.8 0
130.9 0
131 0
131.1 0
131.2 0
131.3 0
131.4 0
131.5 0
131.6 0
131.7 0
131.8 0
131.9 0
132 0
132.1 0
132.2 0
132.3 0
132.4 0
132.5 0
132.6 0
132.7 0
132.8 0
132.9 0
133 0
133.1 0
133.2 0
133.3 0
133.4 0
133.5 0
133.6 0
133.7 0
133.8 0
133.9 0
134 0
134.1 0
134.2 0
134.3 0
134.4 0
134.5 0
134.6 0
134.7 0
134.8 0
134.9 0
135 0
135.1 0
135.2 0
135.3 0
135.4 0
135.5 0
135.6 0
135.7 0
135.8 0
135.9 0
136 0
136.1 0
136.2 0
136.3 0
136.4 0
136.5 0
136.6 0
136.7 0
136.8 0
136.9 0
137 0
137.1 0
137.2 0
137.3 0
137.4 0
137.5 0
137.6 0
137.7 0
137.8 0
137.9 0
138 0
138.1 0
138.2 0
138.3 0
138.4 0
138.5 0
138.6 0
138.7 0
138.8 0
138.9 0
139 0
139.1 0
139.2 0
139.3 0
139.4 0
139.5 0
139.6 0
139.7 0
139.8 0
139.9 0
140 0
140.1 0
140.2 0
140.3 0
140.4 0
140.5 0
140.6 0
140.7 0
140.8 0
140.9 0
141 0
141.1 0
141.2 0
141.3 0
141.4 0
141.5 0
141.6 0
141.7 0
141.8 0
141.9 0
142 0
142.1 0
142.2 0
142.3 0
142.4 0
142.5 0
142.6 0
142.7 0
142.8 0
142.9 0
143 0
143.1 0
143.2 0
143.3 0
143.4 0
143.5 0
143.6 0
143.7 0
143.8 0
143.9 0
144 0
144.1 0
144.2 0
144.3 0
144.4 0
144.5 0
144.6 0
144.7 0
144.8 0
144.9 0
145 0
145.1 0
145.2 0
145.3 0
145.4 0
145.5 0
145.6 0
145.7 0
145.8 0
145.9 0
146 0
146.1 0
146.2 0
146.3 0
146.4 0
146.5 0
146.6 0
146.7 0
146.8 0
146.9 0
147 0
147.1 0
147.2 0
147.3 0
147.4 0
147.5 0
147.6 0
147.7 0
147.8 0
147.9 0
148 0
148.1 0
148.2 0
148.3 0
148.4 0
148.5 0
148.6 0
148.7 0
148.8 0
148.9 0
149 0
149.1 0
149.2 0
149.3 0
149.4 0
149.5 0
149.6 0
149.7 0
149.8 0
149.9 0
150 0
150.1 0
150.2 0
150.3 0
150.4 0
150.5 0
150.6 0
150.7 0
150.8 0
150.9 0
151 0
151.1 0
151.2 0
151.3 0
151.4 0
151.5 0
151.6 0
151.7 0
151.8 0
151.9 0
152 0
152.1 0
152.2 0
152.3 0
152.4 0
152.5 0
152.6 0
152.7 0
152.8 0
152.9 0
153 0
153.1 0
153.2 0
153.3 0
153.4 0
153.5 0
153.6 0
153.7 0
153.8 0
153.9 0
154 0
154.1 0
154.2 0
154.3 0
154.4 0
154.5 0
154.6 0
154.7 0
154.8 0
154.9 0
155 0
155.1 0
155.2 0
155.3 0
155.4 0
155.5 0
155.6 0
155.7 0
155.8 0
155.9 0
156 0
156.1 0
156.2 0
156.3 0
156.4 0
156.5 0
156.6 0
156.7 0
156.8 0
156.9 0
157 0
157.1 0
157.2 0
157.3 0
157.4 0
157.5 0
157.6 0
157.7 0
157.8 0
157.9 0
158 0
158.1 0
158.2 0
158.3 0
158.4 0
158.5 0
158.6 0
158.7 0
158.8 0
158.9 0
159 0
159.1 0
159.2 0
159.3 0
159.4 0
159.5 0
159.6 0
159.7 0
159.8 0
159.9 0
160 0
160.1 0
160.2 0
160.3 0
160.4 0
160.5 0
160.6 0
160.7 0
160.8 0
160.9 0
161 0
161.1 0
161.2 0
161.3 0
161.4 0
161.5 0
161.6 0
161.7 0
161.8 0
161.9 0
162 0
162.1 0
162.2 0
162.3 0
162.4 0
162.5 0
162.6 0
162.7 0
162.8 0
162.9 0
163 0
163.1 0
163.2 0
163.3 0
163.4 0
163.5 0
163.6 0
163.7 0
163.8 0
163.9 0
164 0
164.1 0
164.2 0
164.3 0
164.4 0
164.5 0
164.6 0
164.7 0
164.8 0
164.9 0
165 0
165.1 0
165.2 0
165.3 0
165.4 0
165.5 0
165.6 0
165.7 0
165.8 0
165.9 0
166 0
166.1 0
166.2 0
166.3 0
166.4 0
166.5 0
166.6 0
166.7 0
166.8 0
166.9 0
167 0
167.1 0
167.2 0
167.3 0
167.4 0
167.5 0
167.6 0
167.7 0
167.8 0
167.9 0
168 0
168.1 0
168.2 0
168.3 0
168.4 0
168.5 0
168.6 0
168.7 0
168.8 0
168.9 0
169 0
169.1 0
169.2 0
169.3 0
169.4 0
169.5 0
169.6 0
169.7 0
169.8 0
169.9 0
170 0
170.1 0
170.2 0
170.3 0
170.4 0
170.5 0
170.6 0
170.7 0
170.8 0
170.9 0
171 0
171.1 0
171.2 0
171.3 0
171.4 0
171.5 0
171.6 0
171.7 0
171.8 0
171.9 0
172 0
172.1 0
172.2 0
172.3 0
172.4 0
172.5 0
172.6 0
172.7 0
172.8 0
172.9 0
173 0
173.1 0
173.2 0
173.3 0
173.4 0
173.5 0
173.6 0
173.7 0
173.8 0
173.9 0
174 0
174.1 0
174.2 0
174.3 0
174.4 0
174.5 0
174.6 0
174.7 0
174.8 0
174.9 0
175 0
175.1 0
175.2 0
175.3 0
175.4 0
175.5 0
175.6 0
175.7 0
175.8 0
175.9 0
176 0
176.1 0
176.2 0
176.3 0
176.4 0
176.5 0
176.6 0
176.7 0
176.8 0
176.9 0
177 0
177.1 0
177.2 0
177.3 0
177.4 0
177.5 0
177.6 0
177.7 0
177.8 0
177.9 0
178 0
178.1 0
178.2 0
178.3 0
178.4 0
178.5 0
178.6 0
178.7 0
178.8 0
178.9 0
179 0
179.1 0
179.2 0
179.3 0
179.4 0
179.5 0
179.6 0
179.7 0
179.8 0
179.9 0
180 0
180.1 0
180.2 0
180.3 0
180.4 0
180.5 0
180.6 0
180.7 0
180.8 0
180.9 0
181 0
181.1 0
181.2 0
181.3 0
181.4 0
181.5 0
181.6 0
181.7 0
181.8 0
181.9 0
182 0
182.1 0
182.2 0
182.3 0
182.4 0
182.5 0
182.6 0
182.7 0
182.8 0
182.9 0
183 0
183.1 0
183.2 0
183.3 0
183.4 0
183.5 0
183.6 0
183.7 0
183.8 0
183.9 0
184 0
184.1 0
184.2 0
184.3 0
184.4 0
184.5 0
184.6 0
184.7 0
184.8 0
184.9 0
185 0
185.1 0
185.2 0
185.3 0
185.4 0
185.5 0
185.6 0
185.7 0
185.8 0
185.9 0
186 0
186.1 0
