0 1
0.1 1
0.2 1
0.3 1
0.4 1
0.5 1
0.6 1
0.7 1
0.8 1
0.9 1
1 1
1.1 1
1.2 1
1.3 1
1.4 1
1.5 1
1.6 1
1.7 1
1.8 1
1.9 1
2 1
2.1 1
2.2 1
2.3 1
2.4 1
2.5 1
2.6 1
2.7 1
2.8 1
2.9 1
3 1
3.1 1
3.2 1
3.3 1
3.4 1
3.5 1
3.6 1
3.7 1
3.8 1
3.9 1
4 1
4.1 1
4.2 1
4.3 1
4.4 1
4.5 1
4.6 1
4.7 1
4.8 1
4.9 1
5 1
5.1 0.9999
5.2 0.9998
5.3 0.9997
5.4 0.9996
5.5 0.9995
5.6 0.9994
5.7 0.9993
5.8 0.9992
5.9 0.9991
6 0.999
6.1 0.9989
6.2 0.9988
6.3 0.9987
6.4 0.9986
6.5 0.9985
6.6 0.9984
6.7 0.9983
6.8 0.9982
6.9 0.9981
7 0.998
7.1 0.9979
7.2 0.9978
7.3 0.9977
7.4 0.9976
7.5 0.9975
7.6 0.9974
7.7 0.9973
7.8 0.9972
7.9 0.9971
8 0.997
8.1 0.9969
8.2 0.9968
8.3 0.9967
8.4 0.9966
8.5 0.9965
8.6 0.9964
8.7 0.9963
8.8 0.9962
8.9 0.9961
9 0.996
9.1 0.9959
9.2 0.9958
9.3 0.9957
9.4 0.9956
9.5 0.9955
9.6 0.9954
9.7 0.9953
9.8 0.9952
9.9 0.9951
10 0.995
10.1 0.994989759036145
10.2 0.994979518072289
10.3 0.994969277108434
10.4 0.994959036144578
10.5 0.994948795180723
10.6 0.994938554216868
10.7 0.994928313253012
10.8 0.994918072289157
10.9 0.994907831325301
11 0.994897590361446
11.1 0.994887349397591
11.2 0.994877108433735
11.3 0.99486686746988
11.4 0.994856626506025
11.5 0.994846385542169
11.6 0.994836144578314
11.7 0.994825903614458
11.8 0.994815662650603
11.9 0.994805421686748
12 0.994795180722892
12.1 0.994784939759037
12.2 0.994774698795182
12.3 0.994764457831326
12.4 0.994754216867471
12.5 0.994743975903615
12.6 0.99473373493976
12.7 0.994723493975904
12.8 0.994713253012049
12.9 0.994703012048194
13 0.994692771084338
13.1 0.994682530120483
13.2 0.994672289156627
13.3 0.994662048192772
13.4 0.994651807228916
13.5 0.994641566265061
13.6 0.994631325301206
13.7 0.99462108433735
13.8 0.994610843373495
13.9 0.994600602409639
14 0.994590361445784
14.1 0.994580120481928
14.2 0.994569879518073
14.3 0.994559638554217
14.4 0.994549397590362
14.5 0.994539156626507
14.6 0.994528915662651
14.7 0.994518674698796
14.8 0.99450843373494
14.9 0.994498192771085
15 0.994487951807229
15.1 0.994477710843374
15.2 0.994467469879519
15.3 0.994457228915663
15.4 0.994446987951808
15.5 0.994436746987952
15.6 0.994426506024097
15.7 0.994416265060241
15.8 0.994406024096386
15.9 0.994395783132531
16 0.994385542168675
16.1 0.99437530120482
16.2 0.994365060240964
16.3 0.994354819277109
16.4 0.994344578313253
16.5 0.994334337349398
16.6 0.994324096385543
16.7 0.994313855421687
16.8 0.994303614457832
16.9 0.994293373493976
17 0.994283132530121
17.1 0.994272891566265
17.2 0.99426265060241
17.3 0.994252409638555
17.4 0.994242168674699
17.5 0.994231927710844
17.6 0.994221686746988
17.7 0.994211445783133
17.8 0.994201204819277
17.9 0.994190963855422
18 0.994180722891566
18.1 0.994170481927711
18.2 0.994160240963856
18.3 0.99415
18.4 0.994139759036145
18.5 0.994129518072289
18.6 0.994119277108434
18.7 0.994109036144578
18.8 0.994098795180723
18.9 0.994088554216867
19 0.994078313253012
19.1 0.994068072289157
19.2 0.994057831325301
19.3 0.994047590361446
19.4 0.99403734939759
19.5 0.994027108433735
19.6 0.994016867469879
19.7 0.994006626506024
19.8 0.993996385542169
19.9 0.993986144578313
20 0.993975903614458
20.1 0.993815183119088
20.2 0.993654462623718
20.3 0.993493742128349
20.4 0.993333021632979
20.5 0.993172301137609
20.6 0.993011580642239
20.7 0.992850860146869
20.8 0.992690139651499
20.9 0.992481203007519
21 0.992187291255858
21.1 0.991893379504198
21.2 0.991599467752537
21.3 0.991305556000876
21.4 0.991011644249216
21.5 0.990717732497555
21.6 0.990423820745895
21.7 0.990129908994234
21.8 0.989835997242573
21.9 0.989542085490913
22 0.989248173739252
22.1 0.988954261987592
22.2 0.988660350235931
22.3 0.98836643848427
22.4 0.98807252673261
22.5 0.987778614980949
22.6 0.987484703229288
22.7 0.987190791477628
22.8 0.986896879725967
22.9 0.986602967974307
23 0.986309056222646
23.1 0.986015144470985
23.2 0.985721232719325
23.3 0.985427320967664
23.4 0.985074626865671
23.5 0.984078954398201
23.6 0.98308328193073
23.7 0.98208760946326
23.8 0.981091936995789
23.9 0.980096264528318
24 0.979498861047836
24.1 0.977847815906802
24.2 0.976196770765767
24.3 0.974545725624733
24.4 0.972894680483699
24.5 0.971243635342664
24.6 0.96959259020163
24.7 0.967611336032389
24.8 0.964637247429721
24.9 0.961663158827053
25 0.958689070224385
25.1 0.955714981621717
25.2 0.95274089301905
25.3 0.949766804416382
25.4 0.946792715813714
25.5 0.943818627211046
25.6 0.940844538608378
25.7 0.93787045000571
25.8 0.934896361403043
25.9 0.931922272800375
26 0.927721128375022
26.1 0.927461139896373
26.2 0.922516381141453
26.3 0.917571622386533
26.4 0.912626863631613
26.5 0.907682104876694
26.6 0.901253918495298
26.7 0.895250982103885
26.8 0.889248045712472
26.9 0.883245109321059
27 0.877242172929646
27.1 0.871239236538233
27.2 0.86523630014682
27.3 0.859233363755407
27.4 0.853230427363994
27.5 0.847227490972581
27.6 0.841224554581168
27.7 0.835221618189755
27.8 0.829218681798342
27.9 0.823215745406928
28 0.817212809015515
28.1 0.811209872624102
28.2 0.805206936232689
28.3 0.798307542641269
28.4 0.79620253164557
28.5 0.788950609922111
28.6 0.781698688198652
28.7 0.774446766475194
28.8 0.767194844751735
28.9 0.759942923028277
29 0.752691001304818
29.1 0.74543907958136
29.2 0.738187157857901
29.3 0.730935236134443
29.4 0.723683314410984
29.5 0.716431392687526
29.6 0.709179470964067
29.7 0.701927549240608
29.8 0.697576396206533
29.9 0.689208859849235
30 0.680841323491937
30.1 0.672473787134639
30.2 0.664106250777342
30.3 0.654901960784314
30.4 0.647362180166184
30.5 0.639822399548054
30.6 0.632282618929925
30.7 0.624742838311795
30.8 0.617203057693666
30.9 0.609663277075536
31 0.602123496457406
31.1 0.594583715839277
31.2 0.587043935221147
31.3 0.579504154603018
31.4 0.571964373984888
31.5 0.565178571428571
31.6 0.557790289199935
31.7 0.550402006971298
31.8 0.543013724742661
31.9 0.535625442514024
32 0.528237160285387
32.1 0.520848878056751
32.2 0.513460595828114
32.3 0.506072313599477
32.4 0.501639344262295
32.5 0.493410044567229
32.6 0.485180744872162
32.7 0.476951445177096
32.8 0.46872214548203
32.9 0.460492845786964
33 0.452263546091897
33.1 0.444034246396831
33.2 0.435804946701765
33.3 0.427575647006698
33.4 0.419346347311632
33.5 0.410294117647059
33.6 0.401865547871499
33.7 0.39343697809594
33.8 0.38500840832038
33.9 0.376579838544821
34 0.368151268769261
34.1 0.359722698993702
34.2 0.351294129218142
34.3 0.342865559442583
34.4 0.334436989667023
34.5 0.325165562913907
34.6 0.31805276989383
34.7 0.310939976873752
34.8 0.303827183853674
34.9 0.296714390833596
35 0.289601597813518
35.1 0.282488804793441
35.2 0.275376011773363
35.3 0.268263218753285
35.4 0.261150425733207
35.5 0.25403763271313
35.6 0.246924839693052
35.7 0.239812046672974
35.8 0.234261736625233
35.9 0.229142857142857
36 0.223481923873228
36.1 0.217820990603599
36.2 0.21216005733397
36.3 0.207065217391304
36.4 0.202022663285263
36.5 0.196980109179222
36.6 0.19193755507318
36.7 0.186895000967139
36.8 0.181852446861097
36.9 0.176809892755056
37 0.171767338649014
37.1 0.166724784542973
37.2 0.161682230436932
37.3 0.15663967633089
37.4 0.151597122224849
37.5 0.147058823529412
37.6 0.143763328911353
37.7 0.140467834293295
37.8 0.137172339675236
37.9 0.133876845057178
38 0.130581350439119
38.1 0.127285855821061
38.2 0.123990361203002
38.3 0.120694866584944
38.4 0.117399371966885
38.5 0.114103877348827
38.6 0.110808382730768
38.7 0.106194690265487
38.8 0.104296423781157
38.9 0.102398157296828
39 0.100499890812498
39.1 0.0986016243281687
39.2 0.0967033578438392
39.3 0.0948050913595097
39.4 0.0929068248751802
39.5 0.0910085583908507
39.6 0.0891102919065212
39.7 0.0872120254221917
39.8 0.0853137589378622
39.9 0.0834154924535327
40 0.0815172259692032
40.1 0.0796189594848737
40.2 0.0777206930005442
40.3 0.0758224265162147
40.4 0.0739241600318852
40.5 0.0720258935475557
40.6 0.0701276270632262
40.7 0.0682293605788967
40.8 0.0663310940945672
40.9 0.0644328276102377
41 0.0625345611259081
41.1 0.0606362946415786
41.2 0.0587380281572491
41.3 0.0568397616729196
41.4 0.0549414951885901
41.5 0.0530432287042606
41.6 0.0511449622199311
41.7 0.0492466957356016
41.8 0.0473484292512721
41.9 0.0454501627669426
42 0.0435518962826131
42.1 0.0416536297982836
42.2 0.039755363313954
42.3 0.0378570968296245
42.4 0.035958830345295
42.5 0.0340605638609655
42.6 0.032162297376636
42.7 0.0302640308923065
42.8 0.0279861111111111
42.9 0.0276698041860845
43 0.027353497261058
43.1 0.0270371903360314
43.2 0.0267208834110048
43.3 0.0264045764859782
43.4 0.0259933774834437
43.5 0.0258841773315018
43.6 0.0257749771795599
43.7 0.025665777027618
43.8 0.0255565768756761
43.9 0.0254473767237341
44 0.0253381765717922
44.1 0.0252289764198503
44.2 0.0251197762679084
44.3 0.0250105761159665
44.4 0.0249013759640246
44.5 0.0247921758120827
44.6 0.0246829756601407
44.7 0.0245737755081988
44.8 0.0244645753562569
44.9 0.024355375204315
45 0.0242461750523731
45.1 0.0241369749004312
45.2 0.0240059347181009
45.3 0.0239639203971369
45.4 0.0239219060761729
45.5 0.0238798917552088
45.6 0.0238378774342448
45.7 0.0237958631132808
45.8 0.0237538487923168
45.9 0.0237118344713528
46 0.0236698201503887
46.1 0.0236278058294247
46.2 0.0235857915084607
46.3 0.0235437771874967
46.4 0.0235017628665327
46.5 0.0234597485455686
46.6 0.0234177342246046
46.7 0.0233757199036406
46.8 0.0233337055826766
46.9 0.0232916912617126
47 0.0232496769407485
47.1 0.0232076626197845
47.2 0.0231656482988205
47.3 0.0231236339778565
47.4 0.0230816196568925
47.5 0.0230396053359284
47.6 0.0229975910149644
47.7 0.0229555766940004
47.8 0.0229135623730364
47.9 0.0228715480520724
48 0.0228295337311084
48.1 0.0227875194101443
48.2 0.0227455050891803
48.3 0.0227034907682163
48.4 0.0226614764472523
48.5 0.0226194621262883
48.6 0.0225774478053242
48.7 0.0225354334843602
48.8 0.0224934191633962
48.9 0.0224514048424322
49 0.0224093905214682
49.1 0.0223673762005041
49.2 0.0223253618795401
49.3 0.0222833475585761
49.4 0.0222413332376121
49.5 0.0221993189166481
49.6 0.022157304595684
49.7 0.02211529027472
49.8 0.022073275953756
49.9 0.022031261632792
50 0.021989247311828
50.1 0.0219686931348222
50.2 0.0219481389578164
50.3 0.0219275847808106
50.4 0.0219070306038048
50.5 0.021886476426799
50.6 0.0218659222497932
50.7 0.0218453680727874
50.8 0.0218248138957816
50.9 0.0218042597187758
51 0.02178370554177
51.1 0.0217631513647643
51.2 0.0217425971877585
51.3 0.0217220430107527
51.4 0.0217014888337469
51.5 0.0216809346567411
51.6 0.0216603804797353
51.7 0.0216398263027295
51.8 0.0216192721257237
51.9 0.0215987179487179
52 0.0215781637717121
52.1 0.0215576095947064
52.2 0.0215370554177006
52.3 0.0215165012406948
52.4 0.021495947063689
52.5 0.0214753928866832
52.6 0.0214548387096774
52.7 0.0214342845326716
52.8 0.0214137303556658
52.9 0.02139317617866
53 0.0213726220016542
53.1 0.0213520678246485
53.2 0.0213315136476427
53.3 0.0213109594706369
53.4 0.0212904052936311
53.5 0.0212698511166253
53.6 0.0212492969396195
53.7 0.0212287427626137
53.8 0.0212081885856079
53.9 0.0211876344086021
54 0.0211670802315964
54.1 0.0211465260545906
54.2 0.0211259718775848
54.3 0.021105417700579
54.4 0.0210848635235732
54.5 0.0210643093465674
54.6 0.0210437551695616
54.7 0.0210232009925558
54.8 0.02100264681555
54.9 0.0209820926385442
55 0.0209615384615385
55.1 0.0209350734595833
55.2 0.0209086084576281
55.3 0.0208821434556729
55.4 0.0208556784537177
55.5 0.0208292134517625
55.6 0.0208027484498073
55.7 0.0207762834478521
55.8 0.0207498184458969
55.9 0.0207233534439417
56 0.0206968884419865
56.1 0.0206704234400313
56.2 0.0206439584380761
56.3 0.0206174934361209
56.4 0.0205910284341657
56.5 0.0205645634322105
56.6 0.0205380984302553
56.7 0.0205116334283001
56.8 0.0204851684263449
56.9 0.0204587034243897
57 0.0204322384224345
57.1 0.0204057734204793
57.2 0.0203793084185241
57.3 0.0203528434165689
57.4 0.0203263784146137
57.5 0.0202999134126585
57.6 0.0202734484107033
57.7 0.0202469834087481
57.8 0.0202205184067929
57.9 0.0201940534048377
58 0.0201675884028825
58.1 0.0201411234009273
58.2 0.0201146583989721
58.3 0.0200881933970169
58.4 0.0200617283950617
58.5 0.0200578703703704
58.6 0.020054012345679
58.7 0.0200501543209877
58.8 0.0200462962962963
58.9 0.0200424382716049
59 0.0200385802469136
59.1 0.0200347222222222
59.2 0.0200308641975309
59.3 0.0200270061728395
59.4 0.0200231481481481
59.5 0.0200192901234568
59.6 0.0200154320987654
59.7 0.0200115740740741
59.8 0.0200077160493827
59.9 0.0200038580246914
60 0.02
60.1 0.0199204301075269
60.2 0.0198408602150538
60.3 0.0197612903225806
60.4 0.0196817204301075
60.5 0.0196021505376344
60.6 0.0195225806451613
60.7 0.0194430107526882
60.8 0.0193634408602151
60.9 0.0192838709677419
61 0.0192043010752688
61.1 0.0191247311827957
61.2 0.0190451612903226
61.3 0.0189655913978495
61.4 0.0188860215053763
61.5 0.0188064516129032
61.6 0.0187268817204301
61.7 0.018647311827957
61.8 0.0185677419354839
61.9 0.0184881720430108
62 0.0184086021505376
62.1 0.0183290322580645
62.2 0.0182494623655914
62.3 0.0181698924731183
62.4 0.0180903225806452
62.5 0.0180107526881721
62.6 0.0179311827956989
62.7 0.0178516129032258
62.8 0.0177720430107527
62.9 0.0176924731182796
63 0.0176129032258065
63.1 0.0175333333333333
63.2 0.0174537634408602
63.3 0.0173741935483871
63.4 0.017294623655914
63.5 0.0172150537634409
63.6 0.0171354838709678
63.7 0.0170559139784946
63.8 0.0169763440860215
63.9 0.0168967741935484
64 0.0168172043010753
64.1 0.0167376344086022
64.2 0.016658064516129
64.3 0.0165784946236559
64.4 0.0164989247311828
64.5 0.0164193548387097
64.6 0.0163397849462366
64.7 0.0162602150537634
64.8 0.0161806451612903
64.9 0.0161010752688172
65 0.0160215053763441
65.1 0.0157010752688172
65.2 0.0153806451612903
65.3 0.0150602150537634
65.4 0.0147397849462366
65.5 0.0144193548387097
65.6 0.0140989247311828
65.7 0.0137784946236559
65.8 0.013458064516129
65.9 0.0131376344086021
66 0.0128172043010753
66.1 0.0124967741935484
66.2 0.0121763440860215
66.3 0.0118559139784946
66.4 0.0115354838709677
66.5 0.0112150537634409
66.6 0.010894623655914
66.7 0.0105741935483871
66.8 0.0102537634408602
66.9 0.00993333333333332
67 0.00961290322580644
67.1 0.00929247311827956
67.2 0.00897204301075268
67.3 0.0086516129032258
67.4 0.00833118279569891
67.5 0.00801075268817203
67.6 0.00769032258064515
67.7 0.00736989247311827
67.8 0.00704946236559138
67.9 0.0067290322580645
68 0.00640860215053762
68.1 0.00608817204301074
68.2 0.00576774193548385
68.3 0.00544731182795697
68.4 0.00512688172043009
68.5 0.00480645161290321
68.6 0.00448602150537632
68.7 0.00416559139784944
68.8 0.00384516129032256
68.9 0.00352473118279568
69 0.0032043010752688
69.1 0.00288387096774191
69.2 0.00256344086021503
69.3 0.00224301075268815
69.4 0.00192258064516127
69.5 0.00160215053763439
69.6 0.0012817204301075
69.7 0.000961290322580618
69.8 0.000640860215053742
69.9 0.000320430107526853
70 0
70.1 0
70.2 0
70.3 0
70.4 0
70.5 0
70.6 0
70.7 0
70.8 0
70.9 0
71 0
71.1 0
71.2 0
71.3 0
71.4 0
71.5 0
71.6 0
71.7 0
71.8 0
71.9 0
72 0
72.1 0
72.2 0
72.3 0
72.4 0
72.5 0
72.6 0
72.7 0
72.8 0
72.9 0
73 0
73.1 0
73.2 0
73.3 0
73.4 0
73.5 0
73.6 0
73.7 0
73.8 0
73.9 0
74 0
74.1 0
74.2 0
74.3 0
74.4 0
74.5 0
74.6 0
74.7 0
74.8 0
74.9 0
75 0
75.1 0
75.2 0
75.3 0
75.4 0
75.5 0
75.6 0
75.7 0
75.8 0
75.9 0
76 0
76.1 0
76.2 0
76.3 0
76.4 0
76.5 0
76.6 0
76.7 0
76.8 0
76.9 0
77 0
77.1 0
77.2 0
77.3 0
77.4 0
77.5 0
77.6 0
77.7 0
77.8 0
77.9 0
78 0
78.1 0
78.2 0
78.3 0
78.4 0
78.5 0
78.6 0
78.7 0
78.8 0
78.9 0
79 0
79.1 0
79.2 0
79.3 0
79.4 0
79.5 0
79.6 0
79.7 0
79.8 0
79.9 0
80 0
80.1 0
80.2 0
80.3 0
80.4 0
80.5 0
80.6 0
80.7 0
80.8 0
80.9 0
81 0
81.1 0
81.2 0
81.3 0
81.4 0
81.5 0
81.6 0
81.7 0
81.8 0
81.9 0
82 0
82.1 0
82.2 0
82.3 0
82.4 0
82.5 0
82.6 0
82.7 0
82.8 0
82.9 0
83 0
83.1 0
83.2 0
83.3 0
83.4 0
83.5 0
83.6 0
83.7 0
83.8 0
83.9 0
84 0
84.1 0
84.2 0
84.3 0
84.4 0
84.5 0
84.6 0
84.7 0
84.8 0
84.9 0
85 0
85.1 0
85.2 0
85.3 0
85.4 0
85.5 0
85.6 0
85.7 0
85.8 0
85.9 0
86 0
86.1 0
86.2 0
86.3 0
86.4 0
86.5 0
86.6 0
86.7 0
86.8 0
86.9 0
87 0
87.1 0
87.2 0
87.3 0
87.4 0
87.5 0
87.6 0
87.7 0
87.8 0
87.9 0
88 0
88.1 0
88.2 0
88.3 0
88.4 0
88.5 0
88.6 0
88.7 0
88.8 0
88.9 0
89 0
89.1 0
89.2 0
89.3 0
89.4 0
89.5 0
89.6 0
89.7 0
89.8 0
89.9 0
90 0
90.1 0
90.2 0
90.3 0
90.4 0
90.5 0
90.6 0
90.7 0
90.8 0
90.9 0
91 0
91.1 0
91.2 0
91.3 0
91.4 0
91.5 0
91.6 0
91.7 0
91.8 0
91.9 0
92 0
92.1 0
92.2 0
92.3 0
92.4 0
92.5 0
92.6 0
92.7 0
92.8 0
92.9 0
93 0
93.1 0
93.2 0
93.3 0
93.4 0
93.5 0
93.6 0
93.7 0
93.8 0
93.9 0
94 0
94.1 0
94.2 0
94.3 0
94.4 0
94.5 0
94.6 0
94.7 0
94.8 0
94.9 0
95 0
95.1 0
95.2 0
95.3 0
95.4 0
95.5 0
95.6 0
95.7 0
95.8 0
95.9 0
96 0
96.1 0
96.2 0
96.3 0
96.4 0
96.5 0
96.6 0
96.7 0
96.8 0
96.9 0
97 0
97.1 0
97.2 0
97.3 0
97.4 0
97.5 0
97.6 0
97.7 0
97.8 0
97.9 0
98 0
98.1 0
98.2 0
98.3 0
98.4 0
98.5 0
98.6 0
98.7 0
98.8 0
98.9 0
99 0
99.1 0
99.2 0
99.3 0
99.4 0
99.5 0
99.6 0
99.7 0
99.8 0
99.9 0
100 0
100.1 0
100.2 0
100.3 0
100.4 0
100.5 0
100.6 0
100.7 0
100.8 0
100.9 0
101 0
101.1 0
101.2 0
101.3 0
101.4 0
101.5 0
101.6 0
101.7 0
101.8 0
101.9 0
102 0
102.1 0
102.2 0
102.3 0
102.4 0
102.5 0
102.6 0
102.7 0
102.8 0
102.9 0
103 0
103.1 0
103.2 0
103.3 0
103.4 0
103.5 0
103.6 0
103.7 0
103.8 0
103.9 0
104 0
104.1 0
104.2 0
104.3 0
104.4 0
104.5 0
104.6 0
104.7 0
104.8 0
104.9 0
105 0
105.1 0
105.2 0
105.3 0
105.4 0
105.5 0
105.6 0
105.7 0
105.8 0
105.9 0
106 0
106.1 0
106.2 0
106.3 0
106.4 0
106.5 0
106.6 0
106.7 0
106.8 0
106.9 0
107 0
107.1 0
107.2 0
107.3 0
107.4 0
107.5 0
107.6 0
107.7 0
107.8 0
107.9 0
108 0
108.1 0
108.2 0
108.3 0
108.4 0
108.5 0
108.6 0
108.7 0
108.8 0
108.9 0
109 0
109.1 0
109.2 0
109.3 0
109.4 0
109.5 0
109.6 0
109.7 0
109.8 0
109.9 0
110 0
110.1 0
110.2 0
110.3 0
110.4 0
110.5 0
110.6 0
110.7 0
110.8 0
110.9 0
111 0
