0 0.199
0.1 0.199
0.2 0.1985
0.3 0.198
0.4 0.1975
0.5 0.197
0.6 0.196423529411765
0.7 0.195847058823529
0.8 0.195270588235294
0.9 0.194694117647059
1 0.194117647058824
1.1 0.193475113122172
1.2 0.19283257918552
1.3 0.192190045248869
1.4 0.191547511312217
1.5 0.190904977375566
1.6 0.190262443438914
1.7 0.189619909502262
1.8 0.188977375565611
1.9 0.188334841628959
2 0.187692307692308
2.1 0.186901098901099
2.2 0.186485486926866
2.3 0.185879262735496
2.4 0.185273038544126
2.5 0.184666814352756
2.6 0.184060590161386
2.7 0.183454365970016
2.8 0.182848141778646
2.9 0.182241917587276
3 0.181635693395906
3.1 0.181029469204536
3.2 0.180423245013165
3.3 0.179817020821795
3.4 0.179210796630425
3.5 0.178604572439055
3.6 0.177998348247685
3.7 0.177392124056315
3.8 0.176785899864945
3.9 0.176179675673575
4 0.175573451482205
4.1 0.174967227290835
4.2 0.174361003099465
4.3 0.173754778908095
4.4 0.173148554716725
4.5 0.172542330525355
4.6 0.171936106333984
4.7 0.171329882142614
4.8 0.170723657951244
4.9 0.170117433759874
5 0.169511209568504
5.1 0.168904985377134
5.2 0.168298761185764
5.3 0.167692536994394
5.4 0.167086312803024
5.5 0.166480088611654
5.6 0.165873864420284
5.7 0.165267640228914
5.8 0.164661416037544
5.9 0.164055191846173
6 0.163448967654803
6.1 0.162842743463433
6.2 0.162236519272063
6.3 0.161630295080693
6.4 0.161024070889323
6.5 0.160417846697953
6.6 0.159811622506583
6.7 0.159205398315213
6.8 0.158599174123843
6.9 0.157992949932473
7 0.157386725741103
7.1 0.156780501549733
7.2 0.156174277358362
7.3 0.155568053166992
7.4 0.154961828975622
7.5 0.154355604784252
7.6 0.153749380592882
7.7 0.153143156401512
7.8 0.152536932210142
7.9 0.151930708018772
8 0.151324483827402
8.1 0.150718259636032
8.2 0.150112035444662
8.3 0.149505811253291
8.4 0.148899587061921
8.5 0.148293362870551
8.6 0.147687138679181
8.7 0.147080914487811
8.8 0.146474690296441
8.9 0.145868466105071
9 0.145262241913701
9.1 0.144656017722331
9.2 0.144049793530961
9.3 0.143443569339591
9.4 0.142837345148221
9.5 0.14223112095685
9.6 0.14162489676548
9.7 0.14101867257411
9.8 0.14041244838274
9.9 0.13980622419137
10 0.1392
10.1 0.1386
10.2 0.138
10.3 0.1374
10.4 0.1368
10.5 0.1362
10.6 0.1356
10.7 0.135
10.8 0.1344
10.9 0.1338
11 0.1332
11.1 0.1326
11.2 0.132
11.3 0.1314
11.4 0.1308
11.5 0.1302
11.6 0.1296
11.7 0.129
11.8 0.1284
11.9 0.1278
12 0.1272
12.1 0.1266
12.2 0.126
12.3 0.1254
12.4 0.1248
12.5 0.1242
12.6 0.1236
12.7 0.123
12.8 0.1224
12.9 0.1218
13 0.1212
13.1 0.1206
13.2 0.12
13.3 0.1194
13.4 0.1188
13.5 0.1182
13.6 0.1176
13.7 0.117
13.8 0.1164
13.9 0.1158
14 0.1152
14.1 0.1146
14.2 0.114
14.3 0.1134
14.4 0.1128
14.5 0.1122
14.6 0.1116
14.7 0.111
14.8 0.1104
14.9 0.1098
15 0.1092
15.1 0.1086
15.2 0.108
15.3 0.1074
15.4 0.1068
15.5 0.1062
15.6 0.1056
15.7 0.105
15.8 0.1044
15.9 0.1038
16 0.1032
16.1 0.1026
16.2 0.102
16.3 0.1014
16.4 0.1008
16.5 0.1002
16.6 0.0996
16.7 0.099
16.8 0.0984
16.9 0.0978
17 0.0972
17.1 0.0966
17.2 0.096
17.3 0.0954
17.4 0.0948
17.5 0.0942
17.6 0.0936
17.7 0.093
17.8 0.0924
17.9 0.0918
18 0.0912
18.1 0.0905961403508772
18.2 0.0899922807017544
18.3 0.0893884210526316
18.4 0.0887845614035088
18.5 0.088180701754386
18.6 0.0875768421052631
18.7 0.0869729824561403
18.8 0.0863691228070175
18.9 0.0857652631578947
19 0.0851614035087719
19.1 0.0845575438596491
19.2 0.0839536842105263
19.3 0.0833498245614035
19.4 0.0827459649122807
19.5 0.0821421052631579
19.6 0.0815382456140351
19.7 0.0809343859649123
19.8 0.0803305263157895
19.9 0.0797266666666667
20 0.0791228070175439
20.1 0.0785227272727273
20.2 0.0779226475279107
20.3 0.0773225677830941
20.4 0.0767224880382775
20.5 0.0761224082934609
20.6 0.0755223285486444
20.7 0.0749222488038278
20.8 0.0743221690590112
20.9 0.0737220893141946
21 0.073122009569378
21.1 0.0725219298245614
21.2 0.0719218500797448
21.3 0.0713217703349282
21.4 0.0707216905901117
21.5 0.0701216108452951
21.6 0.0695215311004785
21.7 0.0689214513556619
21.8 0.0683213716108453
21.9 0.0677212918660287
22 0.0671212121212121
22.1 0.0665151515151515
22.2 0.0659090909090909
22.3 0.0653030303030303
22.4 0.0646969696969697
22.5 0.0640909090909091
22.6 0.0634848484848484
22.7 0.0628787878787878
22.8 0.0622727272727272
22.9 0.0616666666666666
23 0.061060606060606
23.1 0.0604545454545454
23.2 0.0598484848484848
23.3 0.0592424242424242
23.4 0.0586363636363636
23.5 0.058030303030303
23.6 0.0574242424242424
23.7 0.0568181818181818
23.8 0.0562121212121212
23.9 0.0556060606060606
24 0.055
24.1 0.054394578313253
24.2 0.053789156626506
24.3 0.053183734939759
24.4 0.0525783132530121
24.5 0.0519728915662651
24.6 0.0513674698795181
24.7 0.0507620481927711
24.8 0.0501566265060241
24.9 0.0495512048192771
25 0.0489457831325301
25.1 0.0483403614457831
25.2 0.0477349397590362
25.3 0.0471295180722892
25.4 0.0465240963855422
25.5 0.0459186746987952
25.6 0.0453132530120482
25.7 0.0447078313253012
25.8 0.0441024096385542
25.9 0.0434969879518072
26 0.0428915662650602
26.1 0.0422886546184739
26.2 0.0416857429718876
26.3 0.0410828313253012
26.4 0.0404799196787149
26.5 0.0398770080321285
26.6 0.0392740963855422
26.7 0.0386711847389558
26.8 0.0380682730923695
26.9 0.0374653614457831
27 0.0368624497991968
27.1 0.0362595381526105
27.2 0.0356566265060241
27.3 0.0350537148594378
27.4 0.0344508032128514
27.5 0.0338478915662651
27.6 0.0332449799196787
27.7 0.0326420682730924
27.8 0.032039156626506
27.9 0.0314362449799197
28 0.0308333333333333
28.1 0.0302273102310231
28.2 0.0296212871287129
28.3 0.0290152640264026
28.4 0.0284092409240924
28.5 0.0278032178217822
28.6 0.027197194719472
28.7 0.0265911716171617
28.8 0.0259851485148515
28.9 0.0253791254125413
29 0.024773102310231
29.1 0.0241670792079208
29.2 0.0235610561056106
29.3 0.0229550330033003
29.4 0.0223490099009901
29.5 0.0217429867986799
29.6 0.0211369636963696
29.7 0.0205309405940594
29.8 0.0199249174917492
29.9 0.0193188943894389
30 0.0187128712871287
30.1 0.0184942088548477
30.2 0.0182755464225668
30.3 0.0180568839902858
30.4 0.0178382215580049
30.5 0.0176195591257239
30.6 0.0174008966934429
30.7 0.017182234261162
30.8 0.016963571828881
30.9 0.0167449093966
31 0.0165262469643191
31.1 0.0163075845320381
31.2 0.0160889220997571
31.3 0.0158702596674762
31.4 0.0156515972351952
31.5 0.0154329348029143
31.6 0.0152142723706333
31.7 0.0149956099383523
31.8 0.0147769475060714
31.9 0.0145582850737904
32 0.0143396226415094
32.1 0.014218293683347
32.2 0.0140969647251846
32.3 0.0139756357670221
32.4 0.0138543068088597
32.5 0.0137329778506973
32.6 0.0136116488925349
32.7 0.0134903199343724
32.8 0.01336899097621
32.9 0.0132476620180476
33 0.0131263330598851
33.1 0.0130050041017227
33.2 0.0128836751435603
33.3 0.0127623461853979
33.4 0.0126410172272354
33.5 0.012519688269073
33.6 0.0123983593109106
33.7 0.0122770303527482
33.8 0.0121557013945857
33.9 0.0120343724364233
34 0.0119130434782609
34.1 0.011788936019795
34.2 0.0116648285613291
34.3 0.0115407211028632
34.4 0.0114166136443973
34.5 0.0112925061859314
34.6 0.0111683987274655
34.7 0.0110442912689996
34.8 0.0109201838105338
34.9 0.0107960763520679
35 0.010671968893602
35.1 0.0105478614351361
35.2 0.0104237539766702
35.3 0.0102996465182043
35.4 0.0101755390597384
35.5 0.0100514316012725
35.6 0.00992732414280665
35.7 0.00980321668434076
35.8 0.00967910922587487
35.9 0.00955500176740898
36 0.00943089430894309
36.1 0.00930821322985957
36.2 0.00918553215077605
36.3 0.00906285107169253
36.4 0.00894016999260902
36.5 0.0088174889135255
36.6 0.00869480783444198
36.7 0.00857212675535846
36.8 0.00844944567627494
36.9 0.00832676459719143
37 0.00820408351810791
37.1 0.00808140243902439
37.2 0.00795872135994087
37.3 0.00783604028085735
37.4 0.00771335920177383
37.5 0.00759067812269032
37.6 0.0074679970436068
37.7 0.00734531596452328
37.8 0.00722263488543976
37.9 0.00709995380635625
38 0.00697727272727273
38.1 0.00686791958041958
38.2 0.00675856643356643
38.3 0.00664921328671329
38.4 0.00653986013986014
38.5 0.00643050699300699
38.6 0.00632115384615385
38.7 0.0062118006993007
38.8 0.00610244755244755
38.9 0.0059930944055944
39 0.00588374125874126
39.1 0.00577438811188811
39.2 0.00566503496503496
39.3 0.00555568181818182
39.4 0.00544632867132867
39.5 0.00533697552447552
39.6 0.00522762237762238
39.7 0.00511826923076923
39.8 0.00500891608391608
39.9 0.00489956293706293
40 0.00479020979020979
40.1 0.00470390442890443
40.2 0.00461759906759907
40.3 0.00453129370629371
40.4 0.00444498834498834
40.5 0.00435868298368298
40.6 0.00427237762237762
40.7 0.00418607226107226
40.8 0.0040997668997669
40.9 0.00401346153846154
41 0.00392715617715618
41.1 0.00384085081585081
41.2 0.00375454545454545
41.3 0.00366824009324009
41.4 0.00358193473193473
41.5 0.00349562937062937
41.6 0.00340932400932401
41.7 0.00332301864801865
41.8 0.00323671328671329
41.9 0.00315040792540792
42 0.00306410256410256
42.1 0.00302049045915325
42.2 0.00297687835420394
42.3 0.00293326624925462
42.4 0.00288965414430531
42.5 0.00284604203935599
42.6 0.00280242993440668
42.7 0.00275881782945736
42.8 0.00271520572450805
42.9 0.00267159361955874
43 0.00262798151460942
43.1 0.00258436940966011
43.2 0.00254075730471079
43.3 0.00249714519976148
43.4 0.00245353309481216
43.5 0.00240992098986285
43.6 0.00236630888491354
43.7 0.00232269677996422
43.8 0.00227908467501491
43.9 0.00223547257006559
44 0.00219186046511628
44.1 0.0021656944081526
44.2 0.00213952835118892
44.3 0.00211336229422524
44.4 0.00208719623726156
44.5 0.00206103018029788
44.6 0.0020348641233342
44.7 0.00200869806637052
44.8 0.00198253200940685
44.9 0.00195636595244317
45 0.00193019989547949
45.1 0.00190403383851581
45.2 0.00187786778155213
45.3 0.00185170172458845
45.4 0.00182553566762477
45.5 0.00179936961066109
45.6 0.00177320355369741
45.7 0.00174703749673373
45.8 0.00172087143977005
45.9 0.00169470538280637
46 0.0016685393258427
46.1 0.0016639259188726
46.2 0.00165931251190249
46.3 0.00165469910493239
46.4 0.00165008569796229
46.5 0.00164547229099219
46.6 0.00164085888402209
46.7 0.00163624547705199
46.8 0.00163163207008189
46.9 0.00162701866311179
47 0.00162240525614169
47.1 0.00161779184917159
47.2 0.00161317844220149
47.3 0.00160856503523138
47.4 0.00160395162826128
47.5 0.00159933822129118
47.6 0.00159472481432108
47.7 0.00159011140735098
47.8 0.00158549800038088
47.9 0.00158088459341078
48 0.00157627118644068
48.1 0.00157122811892192
48.2 0.00156618505140317
48.3 0.00156114198388441
48.4 0.00155609891636566
48.5 0.0015510558488469
48.6 0.00154601278132815
48.7 0.00154096971380939
48.8 0.00153592664629064
48.9 0.00153088357877188
49 0.00152584051125313
49.1 0.00152079744373437
49.2 0.00151575437621562
49.3 0.00151071130869686
49.4 0.0015056682411781
49.5 0.00150062517365935
49.6 0.00149558210614059
49.7 0.00149053903862184
49.8 0.00148549597110308
49.9 0.00148045290358433
50 0.00147540983606557
50.1 0.00146900776531493
50.2 0.00146260569456428
50.3 0.00145620362381363
50.4 0.00144980155306299
50.5 0.00144339948231234
50.6 0.00143699741156169
50.7 0.00143059534081104
50.8 0.0014241932700604
50.9 0.00141779119930975
51 0.0014113891285591
51.1 0.00140498705780846
51.2 0.00139858498705781
51.3 0.00139218291630716
51.4 0.00138578084555651
51.5 0.00137937877480587
51.6 0.00137297670405522
51.7 0.00136657463330457
51.8 0.00136017256255393
51.9 0.00135377049180328
52 0.00134736842105263
52.1 0.0013405527638191
52.2 0.00133373710658556
52.3 0.00132692144935202
52.4 0.00132010579211849
52.5 0.00131329013488495
52.6 0.00130647447765141
52.7 0.00129965882041788
52.8 0.00129284316318434
52.9 0.00128602750595081
53 0.00127921184871727
53.1 0.00127239619148373
53.2 0.0012655805342502
53.3 0.00125876487701666
53.4 0.00125194921978313
53.5 0.00124513356254959
53.6 0.00123831790531605
53.7 0.00123150224808252
53.8 0.00122468659084898
53.9 0.00121787093361545
54 0.00121105527638191
54.1 0.00120219333381885
54.2 0.0011933313912558
54.3 0.00118446944869274
54.4 0.00117560750612968
54.5 0.00116674556356663
54.6 0.00115788362100357
54.7 0.00114902167844051
54.8 0.00114015973587745
54.9 0.0011312977933144
55 0.00112243585075134
55.1 0.00111357390818828
55.2 0.00110471196562523
55.3 0.00109585002306217
55.4 0.00108698808049911
55.5 0.00107812613793606
55.6 0.001069264195373
55.7 0.00106040225280994
55.8 0.00105154031024689
55.9 0.00104267836768383
56 0.00103381642512077
56.1 0.00102484860855957
56.2 0.00101588079199837
56.3 0.00100691297543716
56.4 0.000997945158875961
56.5 0.000988977342314758
56.6 0.000980009525753555
56.7 0.000971041709192352
56.8 0.000962073892631149
56.9 0.000953106076069946
57 0.000944138259508743
57.1 0.00093517044294754
57.2 0.000926202626386337
57.3 0.000917234809825134
57.4 0.000908266993263931
57.5 0.000899299176702729
57.6 0.000890331360141525
57.7 0.000881363543580322
57.8 0.000872395727019119
57.9 0.000863427910457916
58 0.000854460093896714
58.1 0.000843472249019229
58.2 0.000832484404141745
58.3 0.000821496559264261
58.4 0.000810508714386777
58.5 0.000799520869509293
58.6 0.000788533024631809
58.7 0.000777545179754325
58.8 0.000766557334876841
58.9 0.000755569489999357
59 0.000744581645121873
59.1 0.000733593800244389
59.2 0.000722605955366904
59.3 0.00071161811048942
59.4 0.000700630265611936
59.5 0.000689642420734452
59.6 0.000678654575856968
59.7 0.000667666730979484
59.8 0.000656678886102
59.9 0.000645691041224516
60 0.000634703196347032
60.1 0.000623412480974125
60.2 0.000612121765601218
60.3 0.000600831050228311
60.4 0.000589540334855403
60.5 0.000578249619482496
60.6 0.000566958904109589
60.7 0.000555668188736682
60.8 0.000544377473363775
60.9 0.000533086757990868
61 0.00052179604261796
61.1 0.000510505327245053
61.2 0.000499214611872146
61.3 0.000487923896499239
61.4 0.000476633181126332
61.5 0.000465342465753425
61.6 0.000454051750380518
61.7 0.00044276103500761
61.8 0.000431470319634703
61.9 0.000420179604261796
62 0.000408888888888889
62.1 0.000399810083210964
62.2 0.00039073127753304
62.3 0.000381652471855115
62.4 0.00037257366617719
62.5 0.000363494860499266
62.6 0.000354416054821341
62.7 0.000345337249143416
62.8 0.000336258443465492
62.9 0.000327179637787567
63 0.000318100832109643
63.1 0.000309022026431718
63.2 0.000299943220753793
63.3 0.000290864415075869
63.4 0.000281785609397944
63.5 0.000272706803720019
63.6 0.000263627998042095
63.7 0.00025454919236417
63.8 0.000245470386686246
63.9 0.000236391581008321
64 0.000227312775330396
64.1 0.000218227838318263
64.2 0.000209142901306129
64.3 0.000200057964293995
64.4 0.000190973027281861
64.5 0.000181888090269727
64.6 0.000172803153257593
64.7 0.000163718216245459
64.8 0.000154633279233325
64.9 0.000145548342221191
65 0.000136463405209058
65.1 0.000127378468196924
65.2 0.00011829353118479
65.3 0.000109208594172656
65.4 0.000100123657160522
65.5 9.10387201483881e-05
65.6 8.1953783136254e-05
65.7 7.28688461241202e-05
65.8 6.37839091119865e-05
65.9 5.46989720998524e-05
66 4.56140350877193e-05
66.1 4.33333333333333e-05
66.2 4.10526315789473e-05
66.3 3.87719298245614e-05
66.4 3.64912280701754e-05
66.5 3.42105263157894e-05
66.6 3.19298245614034e-05
66.7 2.96491228070175e-05
66.8 2.73684210526315e-05
66.9 2.50877192982455e-05
67 2.28070175438596e-05
67.1 2.05263157894736e-05
67.2 1.82456140350876e-05
67.3 1.59649122807016e-05
67.4 1.36842105263156e-05
67.5 1.14035087719297e-05
67.6 9.12280701754368e-06
67.7 6.84210526315771e-06
67.8 4.56140350877179e-06
67.9 2.28070175438576e-06
68 0
68.1 0
68.2 0
68.3 0
68.4 0
68.5 0
68.6 0
68.7 0
68.8 0
68.9 0
69 0
69.1 0
69.2 0
69.3 0
69.4 0
69.5 0
69.6 0
69.7 0
69.8 0
69.9 0
70 0
70.1 0
70.2 0
70.3 0
70.4 0
70.5 0
70.6 0
70.7 0
70.8 0
70.9 0
71 0
71.1 0
71.2 0
71.3 0
71.4 0
71.5 0
71.6 0
71.7 0
71.8 0
71.9 0
72 0
72.1 0
72.2 0
72.3 0
72.4 0
72.5 0
72.6 0
72.7 0
72.8 0
72.9 0
73 0
73.1 0
73.2 0
73.3 0
73.4 0
73.5 0
73.6 0
73.7 0
73.8 0
73.9 0
74 0
74.1 0
74.2 0
74.3 0
74.4 0
74.5 0
74.6 0
74.7 0
74.8 0
74.9 0
75 0
75.1 0
75.2 0
75.3 0
75.4 0
75.5 0
75.6 0
75.7 0
75.8 0
75.9 0
76 0
76.1 0
76.2 0
76.3 0
76.4 0
76.5 0
76.6 0
76.7 0
76.8 0
76.9 0
77 0
77.1 0
77.2 0
77.3 0
77.4 0
77.5 0
77.6 0
77.7 0
77.8 0
77.9 0
78 0
78.1 0
78.2 0
78.3 0
78.4 0
78.5 0
78.6 0
78.7 0
78.8 0
78.9 0
79 0
79.1 0
79.2 0
79.3 0
79.4 0
79.5 0
79.6 0
79.7 0
79.8 0
79.9 0
80 0
80.1 0
80.2 0
80.3 0
80.4 0
80.5 0
80.6 0
80.7 0
80.8 0
80.9 0
81 0
81.1 0
81.2 0
81.3 0
81.4 0
81.5 0
81.6 0
81.7 0
81.8 0
81.9 0
82 0
82.1 0
82.2 0
82.3 0
82.4 0
82.5 0
82.6 0
82.7 0
82.8 0
82.9 0
83 0
83.1 0
83.2 0
83.3 0
83.4 0
83.5 0
83.6 0
83.7 0
83.8 0
83.9 0
84 0
84.1 0
84.2 0
84.3 0
84.4 0
84.5 0
84.6 0
84.7 0
84.8 0
84.9 0
85 0
85.1 0
85.2 0
85.3 0
85.4 0
85.5 0
85.6 0
85.7 0
85.8 0
85.9 0
86 0
86.1 0
86.2 0
86.3 0
86.4 0
86.5 0
86.6 0
86.7 0
86.8 0
86.9 0
87 0
87.1 0
87.2 0
87.3 0
87.4 0
87.5 0
87.6 0
87.7 0
87.8 0
87.9 0
88 0
88.1 0
88.2 0
88.3 0
88.4 0
88.5 0
88.6 0
88.7 0
88.8 0
88.9 0
89 0
89.1 0
89.2 0
89.3 0
89.4 0
89.5 0
89.6 0
89.7 0
89.8 0
89.9 0
90 0
90.1 0
90.2 0
90.3 0
90.4 0
90.5 0
90.6 0
90.7 0
90.8 0
90.9 0
91 0
91.1 0
91.2 0
91.3 0
91.4 0
91.5 0
91.6 0
91.7 0
91.8 0
91.9 0
92 0
92.1 0
92.2 0
92.3 0
92.4 0
92.5 0
92.6 0
92.7 0
92.8 0
92.9 0
93 0
93.1 0
93.2 0
93.3 0
93.4 0
93.5 0
93.6 0
93.7 0
93.8 0
93.9 0
94 0
94.1 0
94.2 0
94.3 0
94.4 0
94.5 0
94.6 0
94.7 0
94.8 0
94.9 0
95 0
95.1 0
95.2 0
95.3 0
95.4 0
95.5 0
95.6 0
95.7 0
95.8 0
95.9 0
96 0
96.1 0
96.2 0
96.3 0
96.4 0
96.5 0
96.6 0
96.7 0
96.8 0
96.9 0
97 0
97.1 0
97.2 0
97.3 0
97.4 0
97.5 0
97.6 0
97.7 0
97.8 0
97.9 0
98 0
98.1 0
98.2 0
98.3 0
98.4 0
98.5 0
98.6 0
98.7 0
98.8 0
98.9 0
99 0
99.1 0
99.2 0
99.3 0
99.4 0
99.5 0
99.6 0
99.7 0
99.8 0
99.9 0
100 0
100.1 0
100.2 0
100.3 0
100.4 0
100.5 0
100.6 0
100.7 0
100.8 0
100.9 0
101 0
101.1 0
101.2 0
101.3 0
101.4 0
101.5 0
101.6 0
101.7 0
101.8 0
101.9 0
102 0
102.1 0
102.2 0
102.3 0
102.4 0
102.5 0
102.6 0
102.7 0
102.8 0
102.9 0
103 0
103.1 0
103.2 0
103.3 0
103.4 0
103.5 0
103.6 0
103.7 0
103.8 0
103.9 0
104 0
104.1 0
104.2 0
104.3 0
104.4 0
104.5 0
104.6 0
104.7 0
104.8 0
104.9 0
105 0
105.1 0
105.2 0
105.3 0
105.4 0
105.5 0
105.6 0
105.7 0
105.8 0
105.9 0
106 0
106.1 0
106.2 0
106.3 0
106.4 0
106.5 0
106.6 0
106.7 0
106.8 0
106.9 0
107 0
107.1 0
107.2 0
107.3 0
107.4 0
107.5 0
107.6 0
107.7 0
107.8 0
107.9 0
108 0
108.1 0
108.2 0
108.3 0
108.4 0
108.5 0
108.6 0
108.7 0
108.8 0
108.9 0
109 0
109.1 0
109.2 0
109.3 0
109.4 0
109.5 0
109.6 0
109.7 0
109.8 0
109.9 0
110 0
110.1 0
110.2 0
110.3 0
110.4 0
110.5 0
110.6 0
110.7 0
110.8 0
110.9 0
111 0
111.1 0
111.2 0
111.3 0
111.4 0
111.5 0
111.6 0
111.7 0
111.8 0
111.9 0
112 0
112.1 0
112.2 0
112.3 0
112.4 0
112.5 0
112.6 0
112.7 0
112.8 0
112.9 0
113 0
113.1 0
113.2 0
113.3 0
113.4 0
113.5 0
113.6 0
113.7 0
113.8 0
113.9 0
114 0
114.1 0
114.2 0
114.3 0
114.4 0
114.5 0
114.6 0
114.7 0
114.8 0
114.9 0
115 0
115.1 0
115.2 0
115.3 0
115.4 0
115.5 0
115.6 0
115.7 0
115.8 0
115.9 0
116 0
116.1 0
116.2 0
116.3 0
116.4 0
116.5 0
116.6 0
116.7 0
116.8 0
116.9 0
117 0
117.1 0
117.2 0
117.3 0
117.4 0
117.5 0
117.6 0
117.7 0
117.8 0
117.9 0
118 0
118.1 0
118.2 0
118.3 0
118.4 0
118.5 0
118.6 0
118.7 0
118.8 0
118.9 0
119 0
119.1 0
119.2 0
119.3 0
119.4 0
119.5 0
119.6 0
119.7 0
119.8 0
119.9 0
120 0
120.1 0
120.2 0
120.3 0
120.4 0
120.5 0
120.6 0
120.7 0
120.8 0
120.9 0
121 0
121.1 0
121.2 0
121.3 0
121.4 0
121.5 0
121.6 0
121.7 0
121.8 0
121.9 0
122 0
122.1 0
122.2 0
122.3 0
122.4 0
122.5 0
122.6 0
122.7 0
122.8 0
122.9 0
123 0
123.1 0
123.2 0
123.3 0
123.4 0
123.5 0
123.6 0
123.7 0
123.8 0
123.9 0
124 0
124.1 0
124.2 0
124.3 0
124.4 0
124.5 0
124.6 0
124.7 0
124.8 0
124.9 0
125 0
125.1 0
125.2 0
125.3 0
125.4 0
125.5 0
125.6 0
125.7 0
125.8 0
125.9 0
126 0
126.1 0
126.2 0
126.3 0
126.4 0
126.5 0
126.6 0
126.7 0
126.8 0
126.9 0
127 0
127.1 0
127.2 0
127.3 0
127.4 0
127.5 0
127.6 0
127.7 0
127.8 0
127.9 0
128 0
128.1 0
128.2 0
128.3 0
128.4 0
128.5 0
128.6 0
128.7 0
128.8 0
128.9 0
129 0
129.1 0
129.2 0
129.3 0
129.4 0
129.5 0
129.6 0
129.7 0
129.8 0
129.9 0
130 0
130.1 0
130.2 0
130.3 0
130.4 0
130.5 0
130.6 0
130.7 0
130.8 0
130.9 0
131 0
131.1 0
131.2 0
131.3 0
131.4 0
131.5 0
131.6 0
131.7 0
131.8 0
131.9 0
132 0
132.1 0
132.2 0
132.3 0
132.4 0
132.5 0
132.6 0
132.7 0
132.8 0
132.9 0
133 0
133.1 0
133.2 0
133.3 0
133.4 0
133.5 0
133.6 0
133.7 0
133.8 0
133.9 0
134 0
134.1 0
134.2 0
134.3 0
134.4 0
134.5 0
134.6 0
134.7 0
134.8 0
134.9 0
135 0
135.1 0
135.2 0
135.3 0
135.4 0
135.5 0
135.6 0
135.7 0
135.8 0
135.9 0
136 0
136.1 0
136.2 0
136.3 0
136.4 0
136.5 0
136.6 0
136.7 0
136.8 0
136.9 0
137 0
137.1 0
137.2 0
137.3 0
137.4 0
137.5 0
137.6 0
137.7 0
137.8 0
137.9 0
138 0
138.1 0
138.2 0
138.3 0
138.4 0
138.5 0
138.6 0
138.7 0
138.8 0
138.9 0
139 0
139.1 0
139.2 0
139.3 0
139.4 0
139.5 0
139.6 0
139.7 0
139.8 0
139.9 0
140 0
140.1 0
140.2 0
140.3 0
140.4 0
140.5 0
140.6 0
140.7 0
140.8 0
140.9 0
141 0
141.1 0
141.2 0
141.3 0
141.4 0
141.5 0
141.6 0
141.7 0
141.8 0
141.9 0
142 0
142.1 0
142.2 0
142.3 0
142.4 0
142.5 0
142.6 0
142.7 0
142.8 0
142.9 0
143 0
143.1 0
143.2 0
143.3 0
143.4 0
143.5 0
143.6 0
143.7 0
143.8 0
143.9 0
144 0
144.1 0
144.2 0
144.3 0
144.4 0
144.5 0
144.6 0
144.7 0
144.8 0
144.9 0
145 0
145.1 0
145.2 0
145.3 0
145.4 0
145.5 0
145.6 0
145.7 0
145.8 0
145.9 0
146 0
146.1 0
146.2 0
146.3 0
146.4 0
146.5 0
146.6 0
146.7 0
146.8 0
146.9 0
147 0
147.1 0
147.2 0
147.3 0
147.4 0
147.5 0
147.6 0
147.7 0
147.8 0
147.9 0
148 0
148.1 0
148.2 0
148.3 0
148.4 0
148.5 0
148.6 0
148.7 0
148.8 0
148.9 0
149 0
149.1 0
149.2 0
149.3 0
149.4 0
149.5 0
149.6 0
149.7 0
149.8 0
149.9 0
150 0
150.1 0
150.2 0
150.3 0
150.4 0
150.5 0
150.6 0
150.7 0
150.8 0
150.9 0
151 0
151.1 0
151.2 0
151.3 0
151.4 0
151.5 0
151.6 0
151.7 0
151.8 0
151.9 0
152 0
152.1 0
152.2 0
152.3 0
152.4 0
152.5 0
152.6 0
152.7 0
152.8 0
152.9 0
153 0
153.1 0
153.2 0
153.3 0
153.4 0
153.5 0
153.6 0
153.7 0
153.8 0
153.9 0
154 0
154.1 0
154.2 0
154.3 0
154.4 0
154.5 0
154.6 0
154.7 0
154.8 0
154.9 0
155 0
155.1 0
155.2 0
155.3 0
155.4 0
155.5 0
155.6 0
155.7 0
155.8 0
155.9 0
156 0
156.1 0
156.2 0
156.3 0
156.4 0
156.5 0
156.6 0
156.7 0
156.8 0
156.9 0
157 0
157.1 0
157.2 0
157.3 0
157.4 0
157.5 0
157.6 0
157.7 0
157.8 0
157.9 0
158 0
158.1 0
158.2 0
158.3 0
158.4 0
158.5 0
158.6 0
158.7 0
158.8 0
158.9 0
159 0
159.1 0
159.2 0
159.3 0
159.4 0
159.5 0
159.6 0
159.7 0
159.8 0
159.9 0
160 0
160.1 0
160.2 0
160.3 0
160.4 0
160.5 0
160.6 0
160.7 0
160.8 0
160.9 0
161 0
161.1 0
161.2 0
161.3 0
161.4 0
161.5 0
161.6 0
161.7 0
161.8 0
161.9 0
162 0
162.1 0
162.2 0
162.3 0
162.4 0
162.5 0
162.6 0
162.7 0
162.8 0
162.9 0
163 0
163.1 0
163.2 0
163.3 0
163.4 0
163.5 0
163.6 0
163.7 0
163.8 0
163.9 0
164 0
164.1 0
164.2 0
164.3 0
164.4 0
164.5 0
164.6 0
164.7 0
164.8 0
164.9 0
165 0
165.1 0
165.2 0
165.3 0
165.4 0
165.5 0
165.6 0
165.7 0
165.8 0
165.9 0
166 0
166.1 0
166.2 0
166.3 0
166.4 0
166.5 0
166.6 0
166.7 0
166.8 0
166.9 0
167 0
167.1 0
167.2 0
167.3 0
167.4 0
167.5 0
167.6 0
167.7 0
167.8 0
167.9 0
168 0
168.1 0
168.2 0
168.3 0
168.4 0
168.5 0
168.6 0
168.7 0
168.8 0
168.9 0
169 0
169.1 0
169.2 0
169.3 0
169.4 0
169.5 0
169.6 0
169.7 0
169.8 0
169.9 0
170 0
170.1 0
170.2 0
170.3 0
170.4 0
170.5 0
170.6 0
170.7 0
170.8 0
170.9 0
171 0
171.1 0
171.2 0
171.3 0
171.4 0
171.5 0
171.6 0
171.7 0
171.8 0
171.9 0
172 0
172.1 0
172.2 0
172.3 0
172.4 0
172.5 0
172.6 0
172.7 0
172.8 0
172.9 0
173 0
173.1 0
173.2 0
173.3 0
173.4 0
173.5 0
173.6 0
173.7 0
173.8 0
173.9 0
174 0
174.1 0
174.2 0
174.3 0
174.4 0
174.5 0
174.6 0
174.7 0
174.8 0
174.9 0
175 0
175.1 0
175.2 0
175.3 0
175.4 0
175.5 0
175.6 0
175.7 0
175.8 0
175.9 0
176 0
176.1 0
176.2 0
176.3 0
176.4 0
176.5 0
176.6 0
176.7 0
176.8 0
176.9 0
177 0
177.1 0
177.2 0
177.3 0
177.4 0
177.5 0
177.6 0
177.7 0
177.8 0
177.9 0
178 0
178.1 0
178.2 0
178.3 0
178.4 0
178.5 0
178.6 0
178.7 0
178.8 0
178.9 0
179 0
179.1 0
179.2 0
179.3 0
179.4 0
179.5 0
179.6 0
179.7 0
179.8 0
179.9 0
180 0
180.1 0
180.2 0
180.3 0
180.4 0
180.5 0
180.6 0
180.7 0
180.8 0
180.9 0
181 0
181.1 0
181.2 0
181.3 0
181.4 0
181.5 0
181.6 0
181.7 0
181.8 0
181.9 0
182 0
182.1 0
182.2 0
182.3 0
182.4 0
182.5 0
182.6 0
182.7 0
182.8 0
182.9 0
183 0
183.1 0
183.2 0
183.3 0
183.4 0
183.5 0
183.6 0
183.7 0
183.8 0
183.9 0
184 0
184.1 0
184.2 0
184.3 0
184.4 0
184.5 0
184.6 0
184.7 0
184.8 0
184.9 0
185 0
185.1 0
185.2 0
185.3 0
185.4 0
185.5 0
185.6 0
185.7 0
185.8 0
185.9 0
186 0
186.1 0
