0 7.9e-24
0.1 5.59666666666667e-23
0.2 6.7e-22
0.3 3.12952380952381e-21
0.4 5.58904761904762e-21
0.5 8.04857142857143e-21
0.6 1.1e-20
0.7 2.2969696969697e-20
0.8 3.49393939393939e-20
0.9 4.69090909090909e-20
1 5.88787878787879e-20
1.1 7.08484848484849e-20
1.2 8.28181818181818e-20
1.3 9e-20
1.4 1.31379310344828e-19
1.5 1.72758620689655e-19
1.6 2.14137931034483e-19
1.7 2.5551724137931e-19
1.8 2.96896551724138e-19
1.9 3.38275862068966e-19
2 3.79655172413793e-19
2.1 4.21034482758621e-19
2.2 4.62413793103448e-19
2.3 5.03793103448276e-19
2.4 5.45172413793104e-19
2.5 5.7e-19
2.6 6.73164556962025e-19
2.7 7.76329113924051e-19
2.8 8.79493670886076e-19
2.9 9.82658227848101e-19
3 1.08582278481013e-18
3.1 1.18898734177215e-18
3.2 1.29215189873418e-18
3.3 1.3953164556962e-18
3.4 1.49848101265823e-18
3.5 1.60164556962025e-18
3.6 1.70481012658228e-18
3.7 1.8079746835443e-18
3.8 1.91113924050633e-18
3.9 2.01430379746835e-18
4 2.11746835443038e-18
4.1 2.2e-18
4.2 2.11042654028436e-18
4.3 9e-20
4.4 1.0151832460733e-19
4.5 1.1303664921466e-19
4.6 1.2455497382199e-19
4.7 1.36073298429319e-19
4.8 1.47591623036649e-19
4.9 1.59109947643979e-19
5 1.70628272251309e-19
5.1 1.82146596858639e-19
5.2 1.93664921465969e-19
5.3 2.05183246073298e-19
5.4 2.16701570680628e-19
5.5 2.28219895287958e-19
5.6 2.39738219895288e-19
5.7 2.51256544502618e-19
5.8 2.62774869109948e-19
5.9 2.74293193717278e-19
6 2.85811518324607e-19
6.1 2.97329842931937e-19
6.2 3.1e-19
6.3 3.23232830820771e-19
6.4 3.36465661641541e-19
6.5 3.49698492462312e-19
6.6 3.62931323283082e-19
6.7 3.76164154103853e-19
6.8 3.89396984924623e-19
6.9 4.02629815745394e-19
7 4.15862646566164e-19
7.1 4.29095477386935e-19
7.2 4.42328308207705e-19
7.3 4.55561139028476e-19
7.4 4.68793969849246e-19
7.5 4.82026800670017e-19
7.6 4.95259631490787e-19
7.7 5.08492462311558e-19
7.8 5.21725293132328e-19
7.9 5.34958123953099e-19
8 5.48190954773869e-19
8.1 5.6142378559464e-19
8.2 5.7465661641541e-19
8.3 5.87889447236181e-19
8.4 6.01122278056951e-19
8.5 6.14355108877722e-19
8.6 6.27587939698492e-19
8.7 6.40820770519263e-19
8.8 6.54053601340033e-19
8.9 6.67286432160804e-19
9 6.80519262981574e-19
9.1 6.93752093802345e-19
9.2 7.06984924623115e-19
9.3 7.20217755443886e-19
9.4 7.33450586264656e-19
9.5 7.46683417085427e-19
9.6 7.59916247906197e-19
9.7 7.73149078726968e-19
9.8 7.86381909547738e-19
9.9 7.99614740368509e-19
10 8.12847571189279e-19
10.1 8.2608040201005e-19
10.2 8.3931323283082e-19
10.3 8.52546063651591e-19
10.4 8.65778894472361e-19
10.5 8.79011725293132e-19
10.6 8.92244556113903e-19
10.7 9.05477386934673e-19
10.8 9.18710217755444e-19
10.9 9.31943048576214e-19
11 9.45175879396985e-19
11.1 9.58408710217756e-19
11.2 9.71641541038526e-19
11.3 9.84874371859297e-19
11.4 9.98107202680067e-19
11.5 1.01134003350084e-18
11.6 1.02457286432161e-18
11.7 1.03780569514238e-18
11.8 1.05103852596315e-18
11.9 1.06427135678392e-18
12 1.07750418760469e-18
12.1 1.09073701842546e-18
12.2 1.1e-18
12.3 1.12922590837283e-18
12.4 1.15845181674566e-18
12.5 1.18767772511848e-18
12.6 1.21690363349131e-18
12.7 1.24612954186414e-18
12.8 1.27535545023697e-18
12.9 1.3045813586098e-18
13 1.33380726698262e-18
13.1 1.36303317535545e-18
13.2 1.39225908372828e-18
13.3 1.42148499210111e-18
13.4 1.45071090047393e-18
13.5 1.47993680884676e-18
13.6 1.50916271721959e-18
13.7 1.53838862559242e-18
13.8 1.56761453396525e-18
13.9 1.59684044233807e-18
14 1.6260663507109e-18
14.1 1.65529225908373e-18
14.2 1.68451816745656e-18
14.3 1.71374407582938e-18
14.4 1.74296998420221e-18
14.5 1.77219589257504e-18
14.6 1.80142180094787e-18
14.7 1.8306477093207e-18
14.8 1.85987361769352e-18
14.9 1.88909952606635e-18
15 1.91832543443918e-18
15.1 1.94755134281201e-18
15.2 1.97677725118483e-18
15.3 2.00600315955766e-18
15.4 2.03522906793049e-18
15.5 2.06445497630332e-18
15.6 2.09368088467614e-18
15.7 2.12290679304897e-18
15.8 2.1521327014218e-18
15.9 2.18135860979463e-18
16 2.21058451816746e-18
16.1 2.23981042654028e-18
16.2 2.26903633491311e-18
16.3 2.29826224328594e-18
16.4 2.32748815165877e-18
16.5 2.35671406003159e-18
16.6 2.38593996840442e-18
16.7 2.41516587677725e-18
16.8 2.44439178515008e-18
16.9 2.4736176935229e-18
17 2.50284360189573e-18
17.1 2.53206951026856e-18
17.2 2.56129541864139e-18
17.3 2.59052132701422e-18
17.4 2.61974723538704e-18
17.5 2.64897314375987e-18
17.6 2.6781990521327e-18
17.7 2.70742496050553e-18
17.8 2.73665086887835e-18
17.9 2.76587677725118e-18
18 2.79510268562401e-18
18.1 2.82432859399684e-18
18.2 2.85355450236966e-18
18.3 2.88278041074249e-18
18.4 2.91200631911532e-18
18.5 2.94123222748815e-18
18.6 2.97045813586098e-18
18.7 2.9996840442338e-18
18.8 3.02890995260663e-18
18.9 3.05813586097946e-18
19 3.08736176935229e-18
19.1 3.11658767772511e-18
19.2 3.14581358609794e-18
19.3 3.17503949447077e-18
19.4 3.2042654028436e-18
19.5 3.23349131121642e-18
19.6 3.26271721958925e-18
19.7 3.29194312796208e-18
19.8 3.32116903633491e-18
19.9 3.35039494470774e-18
20 3.37962085308056e-18
20.1 3.40884676145339e-18
20.2 3.43807266982622e-18
20.3 3.46729857819905e-18
20.4 3.49652448657188e-18
20.5 3.5257503949447e-18
20.6 3.55497630331753e-18
20.7 3.58420221169036e-18
20.8 3.61342812006319e-18
20.9 3.64265402843601e-18
21 3.67187993680884e-18
21.1 3.70110584518167e-18
21.2 3.7303317535545e-18
21.3 3.75955766192733e-18
21.4 3.78878357030015e-18
21.5 3.81800947867298e-18
21.6 3.84723538704581e-18
21.7 3.87646129541864e-18
21.8 3.90568720379146e-18
21.9 3.93491311216429e-18
22 3.96413902053712e-18
22.1 3.99336492890995e-18
22.2 4.02259083728277e-18
22.3 4.0518167456556e-18
22.4 4.08104265402843e-18
22.5 4.11026856240126e-18
22.6 4.13949447077409e-18
22.7 4.16872037914691e-18
22.8 4.19794628751974e-18
22.9 4.22717219589257e-18
23 4.2563981042654e-18
23.1 4.28562401263823e-18
23.2 4.31484992101105e-18
23.3 4.34407582938388e-18
23.4 4.37330173775671e-18
23.5 4.40252764612954e-18
23.6 4.43175355450237e-18
23.7 4.46097946287519e-18
23.8 4.49020537124802e-18
23.9 4.51943127962085e-18
24 4.54865718799368e-18
24.1 4.57788309636651e-18
24.2 4.60710900473933e-18
24.3 4.63633491311216e-18
24.4 4.66556082148499e-18
24.5 4.69478672985782e-18
24.6 4.72401263823065e-18
24.7 4.75323854660348e-18
24.8 4.7824644549763e-18
24.9 4.8e-18
25 4.84952380952381e-18
25.1 4.89904761904762e-18
25.2 4.94857142857143e-18
25.3 4.99809523809524e-18
25.4 5.04761904761905e-18
25.5 5.09714285714286e-18
25.6 5.14666666666666e-18
25.7 5.19619047619047e-18
25.8 5.24571428571428e-18
25.9 5.29523809523809e-18
26 5.3447619047619e-18
26.1 5.39428571428571e-18
26.2 5.44380952380952e-18
26.3 5.49333333333333e-18
26.4 5.54285714285714e-18
26.5 5.59238095238095e-18
26.6 5.64190476190476e-18
26.7 5.69142857142857e-18
26.8 5.74095238095238e-18
26.9 5.79047619047619e-18
27 5.83999999999999e-18
27.1 5.8895238095238e-18
27.2 5.93904761904761e-18
27.3 5.98857142857142e-18
27.4 6.03809523809523e-18
27.5 6.08761904761904e-18
27.6 6.13714285714285e-18
27.7 6.18666666666666e-18
27.8 6.23619047619047e-18
27.9 6.28571428571428e-18
28 6.33523809523809e-18
28.1 6.3847619047619e-18
28.2 6.43428571428571e-18
28.3 6.48380952380952e-18
28.4 6.53333333333333e-18
28.5 6.58285714285714e-18
28.6 6.63238095238094e-18
28.7 6.68190476190475e-18
28.8 6.73142857142856e-18
28.9 6.78095238095237e-18
29 6.83047619047618e-18
29.1 6.87999999999999e-18
29.2 6.9295238095238e-18
29.3 6.97904761904761e-18
29.4 7.02857142857142e-18
29.5 7.07809523809523e-18
29.6 7.12761904761904e-18
29.7 7.17714285714285e-18
29.8 7.22666666666666e-18
29.9 7.27619047619047e-18
30 7.32571428571428e-18
30.1 7.37523809523809e-18
30.2 7.4247619047619e-18
30.3 7.47428571428571e-18
30.4 7.52380952380951e-18
30.5 7.57333333333332e-18
30.6 7.62285714285713e-18
30.7 7.67238095238094e-18
30.8 7.72190476190475e-18
30.9 7.77142857142856e-18
31 7.82095238095237e-18
31.1 7.87047619047618e-18
31.2 7.91999999999999e-18
31.3 7.9695238095238e-18
31.4 8.01904761904761e-18
31.5 8.06857142857142e-18
31.6 8.11809523809523e-18
31.7 8.16761904761903e-18
31.8 8.21714285714284e-18
31.9 8.26666666666665e-18
32 8.31619047619046e-18
32.1 8.36571428571427e-18
32.2 8.41523809523808e-18
32.3 8.46476190476189e-18
32.4 8.5142857142857e-18
32.5 8.56380952380951e-18
32.6 8.61333333333332e-18
32.7 8.66285714285713e-18
32.8 8.71238095238094e-18
32.9 8.76190476190475e-18
33 8.81142857142856e-18
33.1 8.86095238095237e-18
33.2 8.91047619047618e-18
33.3 8.95999999999999e-18
33.4 9.0095238095238e-18
33.5 9.05904761904761e-18
33.6 9.10857142857142e-18
33.7 9.15809523809523e-18
33.8 9.20761904761904e-18
33.9 9.25714285714285e-18
34 9.30666666666666e-18
34.1 9.35619047619047e-18
34.2 9.40571428571428e-18
34.3 9.45523809523809e-18
34.4 9.5047619047619e-18
34.5 9.55428571428571e-18
34.6 9.60380952380952e-18
34.7 9.65333333333333e-18
34.8 9.70285714285714e-18
34.9 9.75238095238095e-18
35 9.80190476190476e-18
35.1 9.85142857142857e-18
35.2 9.90095238095238e-18
35.3 9.95047619047619e-18
35.4 1e-17
35.5 1.00909090909091e-17
35.6 1.01818181818182e-17
35.7 1.02727272727273e-17
35.8 1.03636363636364e-17
35.9 1.04545454545455e-17
36 1.05454545454545e-17
36.1 1.06363636363636e-17
36.2 1.07272727272727e-17
36.3 1.08181818181818e-17
36.4 1.09090909090909e-17
36.5 1.1e-17
36.6 1.10909090909091e-17
36.7 1.11818181818182e-17
36.8 1.12727272727273e-17
36.9 1.13636363636364e-17
37 1.14545454545455e-17
37.1 1.15454545454545e-17
37.2 1.16363636363636e-17
37.3 1.17272727272727e-17
37.4 1.18181818181818e-17
37.5 1.19090909090909e-17
37.6 1.2e-17
37.7 1.20909090909091e-17
37.8 1.21818181818182e-17
37.9 1.22727272727273e-17
38 1.23636363636364e-17
38.1 1.24545454545455e-17
38.2 1.25454545454545e-17
38.3 1.26363636363636e-17
38.4 1.27272727272727e-17
38.5 1.28181818181818e-17
38.6 1.29090909090909e-17
38.7 1.3e-17
38.8 1.30769230769231e-17
38.9 1.31538461538462e-17
39 1.32307692307692e-17
39.1 1.33076923076923e-17
39.2 1.33846153846154e-17
39.3 1.34615384615385e-17
39.4 1.35384615384615e-17
39.5 1.36153846153846e-17
39.6 1.36923076923077e-17
39.7 1.37692307692308e-17
39.8 1.38461538461538e-17
39.9 1.39230769230769e-17
40 1.4e-17
40.1 1.40769230769231e-17
40.2 1.41538461538462e-17
40.3 1.42307692307692e-17
40.4 1.43076923076923e-17
40.5 1.43846153846154e-17
40.6 1.44615384615385e-17
40.7 1.45384615384615e-17
40.8 1.46153846153846e-17
40.9 1.46923076923077e-17
41 1.47692307692308e-17
41.1 1.48461538461539e-17
41.2 1.49230769230769e-17
41.3 1.5e-17
41.4 1.52e-17
41.5 1.54e-17
41.6 1.56e-17
41.7 1.58e-17
41.8 1.6e-17
41.9 1.62e-17
42 1.64e-17
42.1 1.66e-17
42.2 1.68e-17
42.3 1.7e-17
42.4 1.72e-17
42.5 1.74e-17
42.6 1.76e-17
42.7 1.78e-17
42.8 1.8e-17
42.9 1.81428571428571e-17
43 1.82857142857143e-17
43.1 1.84285714285714e-17
43.2 1.85714285714286e-17
43.3 1.87142857142857e-17
43.4 1.88571428571429e-17
43.5 1.9e-17
43.6 1.91428571428571e-17
43.7 1.92857142857143e-17
43.8 1.94285714285714e-17
43.9 1.95714285714286e-17
44 1.97142857142857e-17
44.1 1.98571428571429e-17
44.2 2e-17
44.3 2.02941176470588e-17
44.4 2.05882352941176e-17
44.5 2.08823529411765e-17
44.6 2.11764705882353e-17
44.7 2.14705882352941e-17
44.8 2.17647058823529e-17
44.9 2.20588235294118e-17
45 2.23529411764706e-17
45.1 2.26470588235294e-17
45.2 2.29411764705882e-17
45.3 2.32352941176471e-17
45.4 2.35294117647059e-17
45.5 2.38235294117647e-17
45.6 2.41176470588235e-17
45.7 2.44117647058824e-17
45.8 2.47058823529412e-17
45.9 2.5e-17
46 2.52777777777778e-17
46.1 2.55555555555556e-17
46.2 2.58333333333333e-17
46.3 2.61111111111111e-17
46.4 2.63888888888889e-17
46.5 2.66666666666667e-17
46.6 2.69444444444444e-17
46.7 2.72222222222222e-17
46.8 2.75e-17
46.9 2.77777777777778e-17
47 2.80555555555555e-17
47.1 2.83333333333333e-17
47.2 2.86111111111111e-17
47.3 2.88888888888889e-17
47.4 2.91666666666667e-17
47.5 2.94444444444444e-17
47.6 2.97222222222222e-17
47.7 3e-17
47.8 3.02631578947368e-17
47.9 3.05263157894737e-17
48 3.07894736842105e-17
48.1 3.10526315789474e-17
48.2 3.13157894736842e-17
48.3 3.1578947368421e-17
48.4 3.18421052631579e-17
48.5 3.21052631578947e-17
48.6 3.23684210526316e-17
48.7 3.26315789473684e-17
48.8 3.28947368421053e-17
48.9 3.31578947368421e-17
49 3.34210526315789e-17
49.1 3.36842105263158e-17
49.2 3.39473684210526e-17
49.3 3.42105263157895e-17
49.4 3.44736842105263e-17
49.5 3.47368421052632e-17
49.6 3.5e-17
49.7 3.51428571428571e-17
49.8 3.52857142857143e-17
49.9 3.54285714285714e-17
50 3.55714285714286e-17
50.1 3.57142857142857e-17
50.2 3.58571428571429e-17
50.3 3.6e-17
50.4 3.61428571428572e-17
50.5 3.62857142857143e-17
50.6 3.64285714285714e-17
50.7 3.65714285714286e-17
50.8 3.67142857142857e-17
50.9 3.68571428571429e-17
51 3.7e-17
51.1 3.71428571428571e-17
51.2 3.72857142857143e-17
51.3 3.74285714285714e-17
51.4 3.75714285714286e-17
51.5 3.77142857142857e-17
51.6 3.78571428571429e-17
51.7 3.8e-17
51.8 3.81818181818182e-17
51.9 3.83636363636364e-17
52 3.85454545454546e-17
52.1 3.87272727272727e-17
52.2 3.89090909090909e-17
52.3 3.90909090909091e-17
52.4 3.92727272727273e-17
52.5 3.94545454545455e-17
52.6 3.96363636363636e-17
52.7 3.98181818181818e-17
52.8 4e-17
52.9 4.01818181818182e-17
53 4.03636363636364e-17
53.1 4.05454545454546e-17
53.2 4.07272727272727e-17
53.3 4.09090909090909e-17
53.4 4.10909090909091e-17
53.5 4.12727272727273e-17
53.6 4.14545454545455e-17
53.7 4.16363636363636e-17
53.8 4.18181818181818e-17
53.9 4.2e-17
54 4.22e-17
54.1 4.24e-17
54.2 4.26e-17
54.3 4.28e-17
54.4 4.3e-17
54.5 4.32e-17
54.6 4.34e-17
54.7 4.36e-17
54.8 4.38e-17
54.9 4.4e-17
55 4.42e-17
55.1 4.44e-17
55.2 4.46e-17
55.3 4.48e-17
55.4 4.5e-17
55.5 4.52e-17
55.6 4.54e-17
55.7 4.56e-17
55.8 4.58e-17
55.9 4.6e-17
56 4.62e-17
56.1 4.64e-17
56.2 4.66e-17
56.3 4.68e-17
56.4 4.7e-17
56.5 4.71923076923077e-17
56.6 4.73846153846154e-17
56.7 4.75769230769231e-17
56.8 4.77692307692308e-17
56.9 4.79615384615385e-17
57 4.81538461538462e-17
57.1 4.83461538461538e-17
57.2 4.85384615384615e-17
57.3 4.87307692307692e-17
57.4 4.89230769230769e-17
57.5 4.91153846153846e-17
57.6 4.93076923076923e-17
57.7 4.95e-17
57.8 4.96923076923077e-17
57.9 4.98846153846154e-17
58 5.00769230769231e-17
58.1 5.02692307692308e-17
58.2 5.04615384615385e-17
58.3 5.06538461538461e-17
58.4 5.08461538461538e-17
58.5 5.10384615384615e-17
58.6 5.12307692307692e-17
58.7 5.14230769230769e-17
58.8 5.16153846153846e-17
58.9 5.18076923076923e-17
59 5.2e-17
59.1 5.21e-17
59.2 5.22e-17
59.3 5.23e-17
59.4 5.24e-17
59.5 5.25e-17
59.6 5.26e-17
59.7 5.27e-17
59.8 5.28e-17
59.9 5.29e-17
60 5.3e-17
60.1 5.31e-17
60.2 5.32e-17
60.3 5.33e-17
60.4 5.34e-17
60.5 5.35e-17
60.6 5.36e-17
60.7 5.37e-17
60.8 5.38e-17
60.9 5.39e-17
61 5.4e-17
61.1 5.41e-17
61.2 5.42e-17
61.3 5.43e-17
61.4 5.44e-17
61.5 5.45e-17
61.6 5.46e-17
61.7 5.47e-17
61.8 5.48e-17
61.9 5.49e-17
62 5.5e-17
62.1 5.52121212121212e-17
62.2 5.54242424242424e-17
62.3 5.56363636363636e-17
62.4 5.58484848484849e-17
62.5 5.60606060606061e-17
62.6 5.62727272727273e-17
62.7 5.64848484848485e-17
62.8 5.66969696969697e-17
62.9 5.69090909090909e-17
63 5.71212121212121e-17
63.1 5.73333333333333e-17
63.2 5.75454545454545e-17
63.3 5.77575757575758e-17
63.4 5.7969696969697e-17
63.5 5.81818181818182e-17
63.6 5.83939393939394e-17
63.7 5.86060606060606e-17
63.8 5.88181818181818e-17
63.9 5.9030303030303e-17
64 5.92424242424242e-17
64.1 5.94545454545455e-17
64.2 5.96666666666667e-17
64.3 5.98787878787879e-17
64.4 6.00909090909091e-17
64.5 6.03030303030303e-17
64.6 6.05151515151515e-17
64.7 6.07272727272727e-17
64.8 6.09393939393939e-17
64.9 6.11515151515151e-17
65 6.13636363636364e-17
65.1 6.15757575757576e-17
65.2 6.17878787878788e-17
65.3 6.2e-17
65.4 6.21388888888889e-17
65.5 6.22777777777778e-17
65.6 6.24166666666667e-17
65.7 6.25555555555556e-17
65.8 6.26944444444444e-17
65.9 6.28333333333333e-17
66 6.29722222222222e-17
66.1 6.31111111111111e-17
66.2 6.325e-17
66.3 6.33888888888889e-17
66.4 6.35277777777778e-17
66.5 6.36666666666667e-17
66.6 6.38055555555555e-17
66.7 6.39444444444444e-17
66.8 6.40833333333333e-17
66.9 6.42222222222222e-17
67 6.43611111111111e-17
67.1 6.45e-17
67.2 6.46388888888889e-17
67.3 6.47777777777778e-17
67.4 6.49166666666667e-17
67.5 6.50555555555555e-17
67.6 6.51944444444444e-17
67.7 6.53333333333333e-17
67.8 6.54722222222222e-17
67.9 6.56111111111111e-17
68 6.575e-17
68.1 6.58888888888889e-17
68.2 6.60277777777778e-17
68.3 6.61666666666666e-17
68.4 6.63055555555555e-17
68.5 6.64444444444444e-17
68.6 6.65833333333333e-17
68.7 6.67222222222222e-17
68.8 6.68611111111111e-17
68.9 6.7e-17
69 6.7125e-17
69.1 6.725e-17
69.2 6.7375e-17
69.3 6.75e-17
69.4 6.7625e-17
69.5 6.775e-17
69.6 6.7875e-17
69.7 6.8e-17
69.8 6.8125e-17
69.9 6.825e-17
70 6.8375e-17
70.1 6.85e-17
70.2 6.8625e-17
70.3 6.875e-17
70.4 6.8875e-17
70.5 6.9e-17
70.6 6.9125e-17
70.7 6.925e-17
70.8 6.9375e-17
70.9 6.95e-17
71 6.9625e-17
71.1 6.975e-17
71.2 6.98750000000001e-17
71.3 7.00000000000001e-17
71.4 7.01250000000001e-17
71.5 7.02500000000001e-17
71.6 7.03750000000001e-17
71.7 7.05e-17
71.8 7.0625e-17
71.9 7.075e-17
72 7.0875e-17
72.1 7.1e-17
72.2 7.1125e-17
72.3 7.125e-17
72.4 7.1375e-17
72.5 7.15e-17
72.6 7.1625e-17
72.7 7.175e-17
72.8 7.1875e-17
72.9 7.2e-17
73 7.20869565217391e-17
73.1 7.21739130434783e-17
73.2 7.22608695652174e-17
73.3 7.23478260869565e-17
73.4 7.24347826086957e-17
73.5 7.25217391304348e-17
73.6 7.26086956521739e-17
73.7 7.26956521739131e-17
73.8 7.27826086956522e-17
73.9 7.28695652173913e-17
74 7.29565217391305e-17
74.1 7.30434782608696e-17
74.2 7.31304347826087e-17
74.3 7.32173913043478e-17
74.4 7.3304347826087e-17
74.5 7.33913043478261e-17
74.6 7.34782608695652e-17
74.7 7.35652173913044e-17
74.8 7.36521739130435e-17
74.9 7.37391304347826e-17
75 7.38260869565218e-17
75.1 7.39130434782609e-17
75.2 7.4e-17
75.3 7.40869565217391e-17
75.4 7.41739130434783e-17
75.5 7.42608695652174e-17
75.6 7.43478260869565e-17
75.7 7.44347826086957e-17
75.8 7.45217391304348e-17
75.9 7.46086956521739e-17
76 7.46956521739131e-17
76.1 7.47826086956522e-17
76.2 7.48695652173913e-17
76.3 7.49565217391304e-17
76.4 7.50434782608696e-17
76.5 7.51304347826087e-17
76.6 7.52173913043478e-17
76.7 7.5304347826087e-17
76.8 7.53913043478261e-17
76.9 7.54782608695652e-17
77 7.55652173913044e-17
77.1 7.56521739130435e-17
77.2 7.57391304347826e-17
77.3 7.58260869565218e-17
77.4 7.59130434782609e-17
77.5 7.6e-17
77.6 7.59807692307692e-17
77.7 7.59615384615385e-17
77.8 7.59423076923077e-17
77.9 7.59230769230769e-17
78 7.59038461538462e-17
78.1 7.58846153846154e-17
78.2 7.58653846153846e-17
78.3 7.58461538461539e-17
78.4 7.58269230769231e-17
78.5 7.58076923076923e-17
78.6 7.57884615384615e-17
78.7 7.57692307692308e-17
78.8 7.575e-17
78.9 7.57307692307692e-17
79 7.57115384615385e-17
79.1 7.56923076923077e-17
79.2 7.56730769230769e-17
79.3 7.56538461538462e-17
79.4 7.56346153846154e-17
79.5 7.56153846153846e-17
79.6 7.55961538461539e-17
79.7 7.55769230769231e-17
79.8 7.55576923076923e-17
79.9 7.55384615384616e-17
80 7.55192307692308e-17
80.1 7.55e-17
80.2 7.54807692307693e-17
80.3 7.54615384615385e-17
80.4 7.54423076923077e-17
80.5 7.54230769230769e-17
80.6 7.54038461538462e-17
80.7 7.53846153846154e-17
80.8 7.53653846153846e-17
80.9 7.53461538461539e-17
81 7.53269230769231e-17
81.1 7.53076923076923e-17
81.2 7.52884615384616e-17
81.3 7.52692307692308e-17
81.4 7.525e-17
81.5 7.52307692307693e-17
81.6 7.52115384615385e-17
81.7 7.51923076923077e-17
81.8 7.5173076923077e-17
81.9 7.51538461538462e-17
82 7.51346153846154e-17
82.1 7.51153846153846e-17
82.2 7.50961538461539e-17
82.3 7.50769230769231e-17
82.4 7.50576923076923e-17
82.5 7.50384615384615e-17
82.6 7.50192307692308e-17
82.7 7.5e-17
82.8 7.49830508474576e-17
82.9 7.49661016949152e-17
83 7.49491525423729e-17
83.1 7.49322033898305e-17
83.2 7.49152542372881e-17
83.3 7.48983050847457e-17
83.4 7.48813559322034e-17
83.5 7.4864406779661e-17
83.6 7.48474576271186e-17
83.7 7.48305084745762e-17
83.8 7.48135593220339e-17
83.9 7.47966101694915e-17
84 7.47796610169491e-17
84.1 7.47627118644067e-17
84.2 7.47457627118644e-17
84.3 7.4728813559322e-17
84.4 7.47118644067796e-17
84.5 7.46949152542372e-17
84.6 7.46779661016948e-17
84.7 7.46610169491525e-17
84.8 7.46440677966101e-17
84.9 7.46271186440677e-17
85 7.46101694915253e-17
85.1 7.4593220338983e-17
85.2 7.45762711864406e-17
85.3 7.45593220338982e-17
85.4 7.45423728813558e-17
85.5 7.45254237288135e-17
85.6 7.45084745762711e-17
85.7 7.44915254237287e-17
85.8 7.44745762711863e-17
85.9 7.4457627118644e-17
86 7.44406779661016e-17
86.1 7.44237288135592e-17
86.2 7.44067796610169e-17
86.3 7.43898305084745e-17
86.4 7.43728813559321e-17
86.5 7.43559322033897e-17
86.6 7.43389830508474e-17
86.7 7.4322033898305e-17
86.8 7.43050847457626e-17
86.9 7.42881355932203e-17
87 7.42711864406779e-17
87.1 7.42542372881355e-17
87.2 7.42372881355932e-17
87.3 7.42203389830508e-17
87.4 7.42033898305084e-17
87.5 7.4186440677966e-17
87.6 7.41694915254237e-17
87.7 7.41525423728813e-17
87.8 7.41355932203389e-17
87.9 7.41186440677966e-17
88 7.41016949152542e-17
88.1 7.40847457627118e-17
88.2 7.40677966101695e-17
88.3 7.40508474576271e-17
88.4 7.40338983050847e-17
88.5 7.40169491525423e-17
88.6 7.4e-17
88.7 7.38676470588235e-17
88.8 7.3735294117647e-17
88.9 7.36029411764706e-17
89 7.34705882352941e-17
89.1 7.33382352941176e-17
89.2 7.32058823529411e-17
89.3 7.30735294117647e-17
89.4 7.29411764705882e-17
89.5 7.28088235294117e-17
89.6 7.26764705882352e-17
89.7 7.25441176470588e-17
89.8 7.24117647058823e-17
89.9 7.22794117647058e-17
90 7.21470588235294e-17
90.1 7.20147058823529e-17
90.2 7.18823529411764e-17
90.3 7.17499999999999e-17
90.4 7.16176470588235e-17
90.5 7.1485294117647e-17
90.6 7.13529411764705e-17
90.7 7.1220588235294e-17
90.8 7.10882352941176e-17
90.9 7.09558823529411e-17
91 7.08235294117646e-17
91.1 7.06911764705881e-17
91.2 7.05588235294117e-17
91.3 7.04264705882352e-17
91.4 7.02941176470587e-17
91.5 7.01617647058823e-17
91.6 7.00294117647058e-17
91.7 6.98970588235293e-17
91.8 6.97647058823528e-17
91.9 6.96323529411764e-17
92 6.94999999999999e-17
92.1 6.93676470588234e-17
92.2 6.92352941176469e-17
92.3 6.91029411764705e-17
92.4 6.8970588235294e-17
92.5 6.88382352941175e-17
92.6 6.87058823529411e-17
92.7 6.85735294117646e-17
92.8 6.84411764705881e-17
92.9 6.83088235294117e-17
93 6.81764705882352e-17
93.1 6.80441176470587e-17
93.2 6.79117647058823e-17
93.3 6.77794117647058e-17
93.4 6.76470588235293e-17
93.5 6.75147058823529e-17
93.6 6.73823529411764e-17
93.7 6.72499999999999e-17
93.8 6.71176470588235e-17
93.9 6.6985294117647e-17
94 6.68529411764705e-17
94.1 6.67205882352941e-17
94.2 6.65882352941176e-17
94.3 6.64558823529411e-17
94.4 6.63235294117647e-17
94.5 6.61911764705882e-17
94.6 6.60588235294117e-17
94.7 6.59264705882353e-17
94.8 6.57941176470588e-17
94.9 6.56617647058823e-17
95 6.55294117647059e-17
95.1 6.53970588235294e-17
95.2 6.52647058823529e-17
95.3 6.51323529411765e-17
95.4 6.5e-17
95.5 6.48481012658228e-17
95.6 6.46962025316456e-17
95.7 6.45443037974683e-17
95.8 6.43924050632911e-17
95.9 6.42405063291139e-17
96 6.40886075949367e-17
96.1 6.39367088607595e-17
96.2 6.37848101265823e-17
96.3 6.36329113924051e-17
96.4 6.34810126582278e-17
96.5 6.33291139240506e-17
96.6 6.31772151898734e-17
96.7 6.30253164556962e-17
96.8 6.2873417721519e-17
96.9 6.27215189873418e-17
97 6.25696202531645e-17
97.1 6.24177215189873e-17
97.2 6.22658227848101e-17
97.3 6.21139240506329e-17
97.4 6.19620253164557e-17
97.5 6.18101265822785e-17
97.6 6.16582278481012e-17
97.7 6.1506329113924e-17
97.8 6.13544303797468e-17
97.9 6.12025316455696e-17
98 6.10506329113924e-17
98.1 6.08987341772152e-17
98.2 6.07468354430379e-17
98.3 6.05949367088607e-17
98.4 6.04430379746835e-17
98.5 6.02911392405063e-17
98.6 6.01392405063291e-17
98.7 5.99873417721519e-17
98.8 5.98354430379746e-17
98.9 5.96835443037974e-17
99 5.95316455696202e-17
99.1 5.9379746835443e-17
99.2 5.92278481012658e-17
99.3 5.90759493670886e-17
99.4 5.89240506329114e-17
99.5 5.87721518987341e-17
99.6 5.86202531645569e-17
99.7 5.84683544303797e-17
99.8 5.83164556962025e-17
99.9 5.81645569620253e-17
100 5.80126582278481e-17
100.1 5.78607594936708e-17
100.2 5.77088607594936e-17
100.3 5.75569620253164e-17
100.4 5.74050632911392e-17
100.5 5.7253164556962e-17
100.6 5.71012658227848e-17
100.7 5.69493670886075e-17
100.8 5.67974683544303e-17
100.9 5.66455696202531e-17
101 5.64936708860759e-17
101.1 5.63417721518987e-17
101.2 5.61898734177215e-17
101.3 5.60379746835442e-17
101.4 5.5886075949367e-17
101.5 5.57341772151898e-17
101.6 5.55822784810126e-17
101.7 5.54303797468354e-17
101.8 5.52784810126582e-17
101.9 5.5126582278481e-17
102 5.49746835443038e-17
102.1 5.48227848101265e-17
102.2 5.46708860759493e-17
102.3 5.45189873417721e-17
102.4 5.43670886075949e-17
102.5 5.42151898734177e-17
102.6 5.40632911392405e-17
102.7 5.39113924050633e-17
102.8 5.3759493670886e-17
102.9 5.36075949367088e-17
103 5.34556962025316e-17
103.1 5.33037974683544e-17
103.2 5.31518987341772e-17
103.3 5.3e-17
103.4 5.29032258064516e-17
103.5 5.28064516129032e-17
103.6 5.27096774193548e-17
103.7 5.26129032258064e-17
103.8 5.25161290322581e-17
103.9 5.24193548387097e-17
104 5.23225806451613e-17
104.1 5.22258064516129e-17
104.2 5.21290322580645e-17
104.3 5.20322580645161e-17
104.4 5.19354838709677e-17
104.5 5.18387096774193e-17
104.6 5.17419354838709e-17
104.7 5.16451612903226e-17
104.8 5.15483870967742e-17
104.9 5.14516129032258e-17
105 5.13548387096774e-17
105.1 5.1258064516129e-17
105.2 5.11612903225806e-17
105.3 5.10645161290322e-17
105.4 5.09677419354839e-17
105.5 5.08709677419355e-17
105.6 5.07741935483871e-17
105.7 5.06774193548387e-17
105.8 5.05806451612903e-17
105.9 5.04838709677419e-17
106 5.03870967741935e-17
106.1 5.02903225806452e-17
106.2 5.01935483870968e-17
106.3 5.00967741935484e-17
106.4 5e-17
106.5 4.98730158730159e-17
106.6 4.97460317460318e-17
106.7 4.96190476190476e-17
106.8 4.94920634920635e-17
106.9 4.93650793650794e-17
107 4.92380952380952e-17
107.1 4.91111111111111e-17
107.2 4.8984126984127e-17
107.3 4.88571428571429e-17
107.4 4.87301587301587e-17
107.5 4.86031746031746e-17
107.6 4.84761904761905e-17
107.7 4.83492063492064e-17
107.8 4.82222222222222e-17
107.9 4.80952380952381e-17
108 4.7968253968254e-17
108.1 4.78412698412698e-17
108.2 4.77142857142857e-17
108.3 4.75873015873016e-17
108.4 4.74603174603175e-17
108.5 4.73333333333333e-17
108.6 4.72063492063492e-17
108.7 4.70793650793651e-17
108.8 4.6952380952381e-17
108.9 4.68253968253968e-17
109 4.66984126984127e-17
109.1 4.65714285714286e-17
109.2 4.64444444444444e-17
109.3 4.63174603174603e-17
109.4 4.61904761904762e-17
109.5 4.60634920634921e-17
109.6 4.59365079365079e-17
109.7 4.58095238095238e-17
109.8 4.56825396825397e-17
109.9 4.55555555555556e-17
110 4.54285714285714e-17
110.1 4.53015873015873e-17
110.2 4.51746031746032e-17
110.3 4.5047619047619e-17
110.4 4.49206349206349e-17
110.5 4.47936507936508e-17
110.6 4.46666666666667e-17
110.7 4.45396825396825e-17
110.8 4.44126984126984e-17
110.9 4.42857142857143e-17
111 4.41587301587302e-17
111.1 4.4031746031746e-17
111.2 4.39047619047619e-17
111.3 4.37777777777778e-17
111.4 4.36507936507936e-17
111.5 4.35238095238095e-17
111.6 4.33968253968254e-17
111.7 4.32698412698413e-17
111.8 4.31428571428571e-17
111.9 4.3015873015873e-17
112 4.28888888888889e-17
112.1 4.27619047619048e-17
112.2 4.26349206349206e-17
112.3 4.25079365079365e-17
112.4 4.23809523809524e-17
112.5 4.22539682539682e-17
112.6 4.21269841269841e-17
112.7 4.2e-17
112.8 4.17393939393939e-17
112.9 4.14787878787879e-17
113 4.12181818181818e-17
113.1 4.09575757575757e-17
113.2 4.06969696969697e-17
113.3 4.04363636363636e-17
113.4 4.01757575757576e-17
113.5 3.99151515151515e-17
113.6 3.96545454545454e-17
113.7 3.93939393939394e-17
113.8 3.91333333333333e-17
113.9 3.88727272727272e-17
114 3.86121212121212e-17
114.1 3.83515151515151e-17
114.2 3.80909090909091e-17
114.3 3.7830303030303e-17
114.4 3.75696969696969e-17
114.5 3.73090909090909e-17
114.6 3.70484848484848e-17
114.7 3.67878787878788e-17
114.8 3.65272727272727e-17
114.9 3.62666666666666e-17
115 3.60060606060606e-17
115.1 3.57454545454545e-17
115.2 3.54848484848485e-17
115.3 3.52242424242424e-17
115.4 3.49636363636363e-17
115.5 3.47030303030303e-17
115.6 3.44424242424242e-17
115.7 3.41818181818182e-17
115.8 3.39212121212121e-17
115.9 3.3660606060606e-17
116 3.34e-17
116.1 3.326e-17
116.2 3.312e-17
116.3 3.298e-17
116.4 3.284e-17
116.5 3.27e-17
116.6 3.256e-17
116.7 3.242e-17
116.8 3.228e-17
116.9 3.214e-17
117 3.2e-17
117.1 3.186e-17
117.2 3.172e-17
117.3 3.158e-17
117.4 3.144e-17
117.5 3.13e-17
117.6 3.116e-17
117.7 3.102e-17
117.8 3.088e-17
117.9 3.074e-17
118 3.06e-17
118.1 3.029e-17
118.2 2.998e-17
118.3 2.967e-17
118.4 2.936e-17
118.5 2.905e-17
118.6 2.874e-17
118.7 2.843e-17
118.8 2.812e-17
118.9 2.781e-17
119 2.75e-17
119.1 2.719e-17
119.2 2.688e-17
119.3 2.657e-17
119.4 2.626e-17
119.5 2.595e-17
119.6 2.564e-17
119.7 2.533e-17
119.8 2.502e-17
119.9 2.471e-17
120 2.44e-17
120.1 2.4295e-17
120.2 2.419e-17
120.3 2.4085e-17
120.4 2.398e-17
120.5 2.3875e-17
120.6 2.377e-17
120.7 2.3665e-17
120.8 2.356e-17
120.9 2.3455e-17
121 2.335e-17
121.1 2.3245e-17
121.2 2.314e-17
121.3 2.3035e-17
121.4 2.293e-17
121.5 2.2825e-17
121.6 2.272e-17
121.7 2.2615e-17
121.8 2.251e-17
121.9 2.2405e-17
122 2.23e-17
122.1 2.232e-17
122.2 2.234e-17
122.3 2.236e-17
122.4 2.238e-17
122.5 2.24e-17
122.6 2.242e-17
122.7 2.244e-17
122.8 2.246e-17
122.9 2.248e-17
123 2.25e-17
123.1 2.252e-17
123.2 2.254e-17
123.3 2.256e-17
123.4 2.258e-17
123.5 2.26e-17
123.6 2.262e-17
123.7 2.264e-17
123.8 2.266e-17
123.9 2.268e-17
124 2.27e-17
124.1 2.274e-17
124.2 2.278e-17
124.3 2.282e-17
124.4 2.286e-17
124.5 2.29e-17
124.6 2.294e-17
124.7 2.298e-17
124.8 2.302e-17
124.9 2.306e-17
125 2.31e-17
125.1 2.314e-17
125.2 2.318e-17
125.3 2.322e-17
125.4 2.326e-17
125.5 2.33e-17
125.6 2.334e-17
125.7 2.338e-17
125.8 2.342e-17
125.9 2.346e-17
126 2.35e-17
126.1 2.3545e-17
126.2 2.359e-17
126.3 2.3635e-17
126.4 2.368e-17
126.5 2.3725e-17
126.6 2.377e-17
126.7 2.3815e-17
126.8 2.386e-17
126.9 2.3905e-17
127 2.395e-17
127.1 2.3995e-17
127.2 2.404e-17
127.3 2.4085e-17
127.4 2.413e-17
127.5 2.4175e-17
127.6 2.422e-17
127.7 2.4265e-17
127.8 2.431e-17
127.9 2.4355e-17
128 2.44e-17
128.1 2.4295e-17
128.2 2.419e-17
128.3 2.4085e-17
128.4 2.398e-17
128.5 2.3875e-17
128.6 2.377e-17
128.7 2.3665e-17
128.8 2.356e-17
128.9 2.3455e-17
129 2.335e-17
129.1 2.3245e-17
129.2 2.314e-17
129.3 2.3035e-17
129.4 2.293e-17
129.5 2.2825e-17
129.6 2.272e-17
129.7 2.2615e-17
129.8 2.251e-17
129.9 2.2405e-17
130 2.23e-17
130.1 2.21e-17
130.2 2.19e-17
130.3 2.17e-17
130.4 2.15e-17
130.5 2.13e-17
130.6 2.11e-17
130.7 2.09e-17
130.8 2.07e-17
130.9 2.05e-17
131 2.03e-17
131.1 2.01e-17
131.2 1.99e-17
131.3 1.97e-17
131.4 1.95e-17
131.5 1.93e-17
131.6 1.91e-17
131.7 1.89e-17
131.8 1.87e-17
131.9 1.85e-17
132 1.83e-17
132.1 1.8095e-17
132.2 1.789e-17
132.3 1.7685e-17
132.4 1.748e-17
132.5 1.7275e-17
132.6 1.707e-17
132.7 1.6865e-17
132.8 1.666e-17
132.9 1.6455e-17
133 1.625e-17
133.1 1.6045e-17
133.2 1.584e-17
133.3 1.5635e-17
133.4 1.543e-17
133.5 1.5225e-17
133.6 1.502e-17
133.7 1.4815e-17
133.8 1.461e-17
133.9 1.4405e-17
134 1.42e-17
134.1 1.403e-17
134.2 1.386e-17
134.3 1.369e-17
134.4 1.352e-17
134.5 1.335e-17
134.6 1.318e-17
134.7 1.301e-17
134.8 1.284e-17
134.9 1.267e-17
135 1.25e-17
135.1 1.233e-17
135.2 1.216e-17
135.3 1.199e-17
135.4 1.182e-17
135.5 1.165e-17
135.6 1.148e-17
135.7 1.131e-17
135.8 1.114e-17
135.9 1.097e-17
136 1.08e-17
136.1 1.074e-17
136.2 1.068e-17
136.3 1.062e-17
136.4 1.056e-17
136.5 1.05e-17
136.6 1.044e-17
136.7 1.038e-17
136.8 1.032e-17
136.9 1.026e-17
137 1.02e-17
137.1 1.014e-17
137.2 1.008e-17
137.3 1.002e-17
137.4 9.95999999999999e-18
137.5 9.9e-18
137.6 9.84e-18
137.7 9.77999999999999e-18
137.8 9.71999999999999e-18
137.9 9.65999999999999e-18
138 9.6e-18
138.1 9.39375e-18
138.2 9.1875e-18
138.3 8.98124999999999e-18
138.4 8.77499999999999e-18
138.5 8.56874999999999e-18
138.6 8.36249999999999e-18
138.7 8.15624999999998e-18
138.8 7.94999999999998e-18
138.9 7.74374999999998e-18
139 7.53749999999998e-18
139.1 7.33124999999998e-18
139.2 7.12499999999997e-18
139.3 6.91874999999997e-18
139.4 6.71249999999997e-18
139.5 6.50624999999997e-18
139.6 6.3e-18
139.7 6.72500000000002e-18
139.8 7.15000000000004e-18
139.9 7.57500000000004e-18
140 8e-18
140.1 7.77777777777778e-18
140.2 7.55555555555555e-18
140.3 7.33333333333333e-18
140.4 7.1111111111111e-18
140.5 6.88888888888888e-18
140.6 6.66666666666667e-18
140.7 6.44444444444443e-18
140.8 6.2222222222222e-18
140.9 6e-18
141 5.68749999999999e-18
141.1 5.37499999999999e-18
141.2 5.06249999999997e-18
141.3 4.74999999999996e-18
141.4 4.43749999999995e-18
141.5 4.12499999999995e-18
141.6 3.81249999999996e-18
141.7 3.5e-18
141.8 4.56666666666673e-18
141.9 5.63333333333342e-18
142 6.7e-18
142.1 6.19999999999999e-18
142.2 5.69999999999996e-18
142.3 5.19999999999994e-18
142.4 4.69999999999993e-18
142.5 4.19999999999992e-18
142.6 3.69999999999993e-18
142.7 3.2e-18
142.8 3.16153846153846e-18
142.9 3.12307692307692e-18
143 3.08461538461538e-18
143.1 3.04615384615384e-18
143.2 3.00769230769231e-18
143.3 2.96923076923077e-18
143.4 2.93076923076923e-18
143.5 2.89230769230769e-18
143.6 2.85384615384615e-18
143.7 2.81538461538461e-18
143.8 2.77692307692307e-18
143.9 2.73846153846153e-18
144 2.7e-18
144.1 2.67e-18
144.2 2.64e-18
144.3 2.61e-18
144.4 2.58e-18
144.5 2.55e-18
144.6 2.52e-18
144.7 2.49e-18
144.8 2.46e-18
144.9 2.43e-18
145 2.4e-18
145.1 2.36e-18
145.2 2.32e-18
145.3 2.28e-18
145.4 2.24e-18
145.5 2.2e-18
145.6 2.16e-18
145.7 2.12e-18
145.8 2.08e-18
145.9 2.04e-18
146 2e-18
146.1 1.98e-18
146.2 1.96e-18
146.3 1.94e-18
146.4 1.92e-18
146.5 1.9e-18
146.6 1.88e-18
146.7 1.86e-18
146.8 1.84e-18
146.9 1.82e-18
147 1.8e-18
147.1 1.77e-18
147.2 1.74e-18
147.3 1.71e-18
147.4 1.68e-18
147.5 1.65e-18
147.6 1.62e-18
147.7 1.59e-18
147.8 1.56e-18
147.9 1.53e-18
148 1.5e-18
148.1 1.47e-18
148.2 1.44e-18
148.3 1.41e-18
148.4 1.38e-18
148.5 1.35e-18
148.6 1.32e-18
148.7 1.29e-18
148.8 1.26e-18
148.9 1.23e-18
149 1.2e-18
149.1 1.172e-18
149.2 1.144e-18
149.3 1.116e-18
149.4 1.088e-18
149.5 1.06e-18
149.6 1.032e-18
149.7 1.004e-18
149.8 9.75999999999997e-19
149.9 9.47999999999997e-19
150 9.2e-19
150.1 8.93e-19
150.2 8.65999999999999e-19
150.3 8.38999999999999e-19
150.4 8.11999999999999e-19
150.5 7.84999999999999e-19
150.6 7.57999999999999e-19
150.7 7.30999999999998e-19
150.8 7.03999999999997e-19
150.9 6.76999999999997e-19
151 6.5e-19
151.1 6.28e-19
151.2 6.06e-19
151.3 5.83999999999999e-19
151.4 5.61999999999999e-19
151.5 5.39999999999999e-19
151.6 5.17999999999999e-19
151.7 4.95999999999998e-19
151.8 4.73999999999997e-19
151.9 4.51999999999997e-19
152 4.3e-19
152.1 4.13e-19
152.2 3.96e-19
152.3 3.78999999999999e-19
152.4 3.61999999999999e-19
152.5 3.44999999999999e-19
152.6 3.27999999999999e-19
152.7 3.10999999999998e-19
152.8 2.93999999999998e-19
152.9 2.76999999999998e-19
153 2.6e-19
153.1 2.46e-19
153.2 2.32e-19
153.3 2.17999999999999e-19
153.4 2.03999999999999e-19
153.5 1.89999999999999e-19
153.6 1.75999999999999e-19
153.7 1.61999999999998e-19
153.8 1.47999999999998e-19
153.9 1.33999999999998e-19
154 1.2e-19
154.1 1.15e-19
154.2 1.1e-19
154.3 1.05e-19
154.4 9.99999999999996e-20
154.5 9.49999999999997e-20
154.6 8.99999999999994e-20
154.7 8.49999999999993e-20
154.8 7.99999999999992e-20
154.9 7.49999999999993e-20
155 7e-20
155.1 6.57999999999999e-20
155.2 6.15999999999998e-20
155.3 5.73999999999997e-20
155.4 5.31999999999997e-20
155.5 4.89999999999997e-20
155.6 4.47999999999995e-20
155.7 4.05999999999994e-20
155.8 3.63999999999994e-20
155.9 3.21999999999994e-20
156 2.8e-20
156.1 2.64e-20
156.2 2.47999999999999e-20
156.3 2.31999999999999e-20
156.4 2.15999999999999e-20
156.5 1.99999999999999e-20
156.6 1.83999999999998e-20
156.7 1.67999999999998e-20
156.8 1.51999999999998e-20
156.9 1.35999999999998e-20
157 1.2e-20
157.1 1.128e-20
157.2 1.056e-20
157.3 9.83999999999995e-21
157.4 9.11999999999995e-21
157.5 8.39999999999995e-21
157.6 7.67999999999992e-21
157.7 6.9599999999999e-21
157.8 6.23999999999989e-21
157.9 5.5199999999999e-21
158 4.8e-21
158.1 4.52999999999999e-21
158.2 4.25999999999999e-21
158.3 3.98999999999998e-21
158.4 3.71999999999998e-21
158.5 3.44999999999998e-21
158.6 3.17999999999997e-21
158.7 2.90999999999996e-21
158.8 2.63999999999996e-21
158.9 2.36999999999996e-21
159 2.1e-21
159.1 2e-21
159.2 1.89999999999999e-21
159.3 1.79999999999999e-21
159.4 1.69999999999999e-21
159.5 1.59999999999999e-21
159.6 1.49999999999999e-21
159.7 1.39999999999999e-21
159.8 1.29999999999998e-21
159.9 1.19999999999999e-21
160 1.1e-21
160.1 1.09902309058703e-21
160.2 1.09804618117407e-21
160.3 1.0970692717611e-21
160.4 1.09609236234814e-21
160.5 1.09511545293517e-21
160.6 1.0941385435222e-21
160.7 1.09316163410924e-21
160.8 1.09218472469627e-21
160.9 1.0912078152833e-21
161 1.09023090587034e-21
161.1 1.08925399645737e-21
161.2 1.08827708704441e-21
161.3 1.08730017763144e-21
161.4 1.08632326821847e-21
161.5 1.08534635880551e-21
161.6 1.08436944939254e-21
161.7 1.08339253997957e-21
161.8 1.08241563056661e-21
161.9 1.08143872115364e-21
162 1.08046181174068e-21
162.1 1.07948490232771e-21
162.2 1.07850799291474e-21
162.3 1.07753108350178e-21
162.4 1.07655417408881e-21
162.5 1.07557726467584e-21
162.6 1.07460035526288e-21
162.7 1.07362344584991e-21
162.8 1.07264653643695e-21
162.9 1.07166962702398e-21
163 1.07069271761101e-21
163.1 1.06971580819805e-21
163.2 1.06873889878508e-21
163.3 1.06776198937211e-21
163.4 1.06678507995915e-21
163.5 1.06580817054618e-21
163.6 1.06483126113322e-21
163.7 1.06385435172025e-21
163.8 1.06287744230728e-21
163.9 1.06190053289432e-21
164 1.06092362348135e-21
164.1 1.05994671406839e-21
164.2 1.05896980465542e-21
164.3 1.05799289524245e-21
164.4 1.05701598582949e-21
164.5 1.05603907641652e-21
164.6 1.05506216700355e-21
164.7 1.05408525759059e-21
164.8 1.05310834817762e-21
164.9 1.05213143876466e-21
165 1.05115452935169e-21
165.1 1.05017761993872e-21
165.2 1.04920071052576e-21
165.3 1.04822380111279e-21
165.4 1.04724689169982e-21
165.5 1.04626998228686e-21
165.6 1.04529307287389e-21
165.7 1.04431616346093e-21
165.8 1.04333925404796e-21
165.9 1.04236234463499e-21
166 1.04138543522203e-21
166.1 1.04040852580906e-21
166.2 1.03943161639609e-21
166.3 1.03845470698313e-21
166.4 1.03747779757016e-21
166.5 1.0365008881572e-21
166.6 1.03552397874423e-21
166.7 1.03454706933126e-21
166.8 1.0335701599183e-21
166.9 1.03259325050533e-21
167 1.03161634109237e-21
167.1 1.0306394316794e-21
167.2 1.02966252226643e-21
167.3 1.02868561285347e-21
167.4 1.0277087034405e-21
167.5 1.02673179402753e-21
167.6 1.02575488461457e-21
167.7 1.0247779752016e-21
167.8 1.02380106578864e-21
167.9 1.02282415637567e-21
168 1.0218472469627e-21
168.1 1.02087033754974e-21
168.2 1.01989342813677e-21
168.3 1.0189165187238e-21
168.4 1.01793960931084e-21
168.5 1.01696269989787e-21
168.6 1.01598579048491e-21
168.7 1.01500888107194e-21
168.8 1.01403197165897e-21
168.9 1.01305506224601e-21
169 1.01207815283304e-21
169.1 1.01110124342007e-21
169.2 1.01012433400711e-21
169.3 1.00914742459414e-21
169.4 1.00817051518118e-21
169.5 1.00719360576821e-21
169.6 1.00621669635524e-21
169.7 1.00523978694228e-21
169.8 1.00426287752931e-21
169.9 1.00328596811634e-21
170 1.00230905870338e-21
170.1 1.00133214929041e-21
170.2 1.00035523987745e-21
170.3 9.9937833046448e-22
170.4 9.98401421051514e-22
170.5 9.97424511638548e-22
170.6 9.96447602225581e-22
170.7 9.95470692812615e-22
170.8 9.94493783399649e-22
170.9 9.93516873986683e-22
171 9.92539964573716e-22
171.1 9.9156305516075e-22
171.2 9.90586145747784e-22
171.3 9.89609236334818e-22
171.4 9.88632326921852e-22
171.5 9.87655417508885e-22
171.6 9.86678508095919e-22
171.7 9.85701598682953e-22
171.8 9.84724689269987e-22
171.9 9.83747779857021e-22
172 9.82770870444054e-22
172.1 9.81793961031088e-22
172.2 9.80817051618122e-22
172.3 9.79840142205156e-22
172.4 9.78863232792189e-22
172.5 9.77886323379223e-22
172.6 9.76909413966257e-22
172.7 9.75932504553291e-22
172.8 9.74955595140325e-22
172.9 9.73978685727358e-22
173 9.73001776314392e-22
173.1 9.72024866901426e-22
173.2 9.7104795748846e-22
173.3 9.70071048075494e-22
173.4 9.69094138662527e-22
173.5 9.68117229249561e-22
173.6 9.67140319836595e-22
173.7 9.66163410423629e-22
173.8 9.65186501010662e-22
173.9 9.64209591597696e-22
174 9.6323268218473e-22
174.1 9.62255772771764e-22
174.2 9.61278863358798e-22
174.3 9.60301953945831e-22
174.4 9.59325044532865e-22
174.5 9.58348135119899e-22
174.6 9.57371225706933e-22
174.7 9.56394316293966e-22
174.8 9.55417406881e-22
174.9 9.54440497468034e-22
175 9.53463588055068e-22
175.1 9.52486678642102e-22
175.2 9.51509769229135e-22
175.3 9.50532859816169e-22
175.4 9.49555950403203e-22
175.5 9.48579040990237e-22
175.6 9.47602131577271e-22
175.7 9.46625222164304e-22
175.8 9.45648312751338e-22
175.9 9.44671403338372e-22
176 9.43694493925406e-22
176.1 9.42717584512439e-22
176.2 9.41740675099473e-22
176.3 9.40763765686507e-22
176.4 9.39786856273541e-22
176.5 9.38809946860575e-22
176.6 9.37833037447608e-22
176.7 9.36856128034642e-22
176.8 9.35879218621676e-22
176.9 9.3490230920871e-22
177 9.33925399795744e-22
177.1 9.32948490382777e-22
177.2 9.31971580969811e-22
177.3 9.30994671556845e-22
177.4 9.30017762143879e-22
177.5 9.29040852730912e-22
177.6 9.28063943317946e-22
177.7 9.2708703390498e-22
177.8 9.26110124492014e-22
177.9 9.25133215079048e-22
178 9.24156305666081e-22
178.1 9.23179396253115e-22
178.2 9.22202486840149e-22
178.3 9.21225577427183e-22
178.4 9.20248668014217e-22
178.5 9.1927175860125e-22
178.6 9.18294849188284e-22
178.7 9.17317939775318e-22
178.8 9.16341030362352e-22
178.9 9.15364120949385e-22
179 9.14387211536419e-22
179.1 9.13410302123453e-22
179.2 9.12433392710487e-22
179.3 9.11456483297521e-22
179.4 9.10479573884554e-22
179.5 9.09502664471588e-22
179.6 9.08525755058622e-22
179.7 9.07548845645656e-22
179.8 9.0657193623269e-22
179.9 9.05595026819723e-22
180 9.04618117406757e-22
180.1 9.03641207993791e-22
180.2 9.02664298580825e-22
180.3 9.01687389167858e-22
180.4 9.00710479754892e-22
180.5 8.99733570341926e-22
180.6 8.9875666092896e-22
180.7 8.97779751515994e-22
180.8 8.96802842103027e-22
180.9 8.95825932690061e-22
181 8.94849023277095e-22
181.1 8.93872113864129e-22
181.2 8.92895204451163e-22
181.3 8.91918295038196e-22
181.4 8.9094138562523e-22
181.5 8.89964476212264e-22
181.6 8.88987566799298e-22
181.7 8.88010657386331e-22
181.8 8.87033747973365e-22
181.9 8.86056838560399e-22
182 8.85079929147433e-22
182.1 8.84103019734467e-22
182.2 8.831261103215e-22
182.3 8.82149200908534e-22
182.4 8.81172291495568e-22
182.5 8.80195382082602e-22
182.6 8.79218472669636e-22
182.7 8.78241563256669e-22
182.8 8.77264653843703e-22
182.9 8.76287744430737e-22
183 8.75310835017771e-22
183.1 8.74333925604804e-22
183.2 8.73357016191838e-22
183.3 8.72380106778872e-22
183.4 8.71403197365906e-22
183.5 8.7042628795294e-22
183.6 8.69449378539973e-22
183.7 8.68472469127007e-22
183.8 8.67495559714041e-22
183.9 8.66518650301075e-22
184 8.65541740888109e-22
184.1 8.64564831475142e-22
184.2 8.63587922062176e-22
184.3 8.6261101264921e-22
184.4 8.61634103236244e-22
184.5 8.60657193823277e-22
184.6 8.59680284410311e-22
184.7 8.58703374997345e-22
184.8 8.57726465584379e-22
184.9 8.56749556171413e-22
185 8.55772646758446e-22
185.1 8.5479573734548e-22
185.2 8.53818827932514e-22
185.3 8.52841918519548e-22
185.4 8.51865009106582e-22
185.5 8.50888099693615e-22
185.6 8.49911190280649e-22
185.7 8.48934280867683e-22
185.8 8.47957371454717e-22
185.9 8.4698046204175e-22
186 8.46003552628784e-22
186.1 8.45026643215818e-22
186.2 8.44049733802851e-22
186.3 8.43072824389885e-22
186.4 8.42095914976919e-22
186.5 8.41119005563953e-22
186.6 8.40142096150986e-22
186.7 8.3916518673802e-22
186.8 8.38188277325054e-22
186.9 8.37211367912087e-22
187 8.36234458499121e-22
187.1 8.35257549086155e-22
187.2 8.34280639673188e-22
187.3 8.33303730260222e-22
187.4 8.32326820847256e-22
187.5 8.31349911434289e-22
187.6 8.30373002021323e-22
187.7 8.29396092608357e-22
187.8 8.28419183195391e-22
187.9 8.27442273782424e-22
188 8.26465364369458e-22
188.1 8.25488454956492e-22
188.2 8.24511545543525e-22
188.3 8.23534636130559e-22
188.4 8.22557726717593e-22
188.5 8.21580817304626e-22
188.6 8.2060390789166e-22
188.7 8.19626998478694e-22
188.8 8.18650089065727e-22
188.9 8.17673179652761e-22
189 8.16696270239795e-22
189.1 8.15719360826829e-22
189.2 8.14742451413862e-22
189.3 8.13765542000896e-22
189.4 8.1278863258793e-22
189.5 8.11811723174964e-22
189.6 8.10834813761997e-22
189.7 8.09857904349031e-22
189.8 8.08880994936065e-22
189.9 8.07904085523098e-22
190 8.06927176110132e-22
190.1 8.05950266697166e-22
190.2 8.04973357284199e-22
190.3 8.03996447871233e-22
190.4 8.03019538458267e-22
190.5 8.02042629045301e-22
190.6 8.01065719632335e-22
190.7 8.00088810219368e-22
190.8 7.99111900806402e-22
190.9 7.98134991393436e-22
191 7.9715808198047e-22
191.1 7.96181172567503e-22
191.2 7.95204263154537e-22
191.3 7.94227353741571e-22
191.4 7.93250444328605e-22
191.5 7.92273534915638e-22
191.6 7.91296625502672e-22
191.7 7.90319716089706e-22
191.8 7.89342806676739e-22
191.9 7.88365897263773e-22
192 7.87388987850807e-22
192.1 7.86412078437841e-22
192.2 7.85435169024874e-22
192.3 7.84458259611908e-22
192.4 7.83481350198942e-22
192.5 7.82504440785976e-22
192.6 7.81527531373009e-22
192.7 7.80550621960043e-22
192.8 7.79573712547077e-22
192.9 7.78596803134111e-22
193 7.77619893721144e-22
193.1 7.76642984308178e-22
193.2 7.75666074895212e-22
193.3 7.74689165482246e-22
193.4 7.73712256069279e-22
193.5 7.72735346656313e-22
193.6 7.71758437243347e-22
193.7 7.7078152783038e-22
193.8 7.69804618417414e-22
193.9 7.68827709004448e-22
194 7.67850799591482e-22
194.1 7.66873890178515e-22
194.2 7.65896980765549e-22
194.3 7.64920071352583e-22
194.4 7.63943161939617e-22
194.5 7.6296625252665e-22
194.6 7.61989343113684e-22
194.7 7.61012433700718e-22
194.8 7.60035524287752e-22
194.9 7.59058614874785e-22
195 7.58081705461819e-22
195.1 7.57104796048853e-22
195.2 7.56127886635887e-22
195.3 7.5515097722292e-22
195.4 7.54174067809954e-22
195.5 7.53197158396988e-22
195.6 7.52220248984022e-22
195.7 7.51243339571055e-22
195.8 7.50266430158089e-22
195.9 7.49289520745123e-22
196 7.48312611332156e-22
196.1 7.4733570191919e-22
196.2 7.46358792506224e-22
196.3 7.45381883093258e-22
196.4 7.44404973680291e-22
196.5 7.43428064267325e-22
196.6 7.42451154854359e-22
196.7 7.41474245441393e-22
196.8 7.40497336028426e-22
196.9 7.3952042661546e-22
197 7.38543517202494e-22
197.1 7.37566607789528e-22
197.2 7.36589698376561e-22
197.3 7.35612788963595e-22
197.4 7.34635879550629e-22
197.5 7.33658970137663e-22
197.6 7.32682060724696e-22
197.7 7.3170515131173e-22
197.8 7.30728241898764e-22
197.9 7.29751332485797e-22
198 7.28774423072831e-22
198.1 7.27797513659865e-22
198.2 7.26820604246899e-22
198.3 7.25843694833932e-22
198.4 7.24866785420966e-22
198.5 7.23889876008e-22
198.6 7.22912966595034e-22
198.7 7.21936057182067e-22
198.8 7.20959147769101e-22
198.9 7.19982238356135e-22
199 7.19005328943169e-22
199.1 7.18028419530202e-22
199.2 7.17051510117236e-22
199.3 7.1607460070427e-22
199.4 7.15097691291304e-22
199.5 7.14120781878337e-22
199.6 7.13143872465371e-22
199.7 7.12166963052405e-22
199.8 7.11190053639438e-22
199.9 7.10213144226472e-22
200 7.09236234813506e-22
200.1 7.0825932540054e-22
200.2 7.07282415987573e-22
200.3 7.06305506574607e-22
200.4 7.05328597161641e-22
200.5 7.04351687748675e-22
200.6 7.03374778335708e-22
200.7 7.02397868922742e-22
200.8 7.01420959509776e-22
200.9 7.0044405009681e-22
201 6.99467140683843e-22
201.1 6.98490231270877e-22
201.2 6.97513321857911e-22
201.3 6.96536412444945e-22
201.4 6.95559503031978e-22
201.5 6.94582593619012e-22
201.6 6.93605684206046e-22
201.7 6.9262877479308e-22
201.8 6.91651865380113e-22
201.9 6.90674955967147e-22
202 6.89698046554181e-22
202.1 6.88721137141214e-22
202.2 6.87744227728248e-22
202.3 6.86767318315282e-22
202.4 6.85790408902316e-22
202.5 6.84813499489349e-22
202.6 6.83836590076383e-22
202.7 6.82859680663417e-22
202.8 6.81882771250451e-22
202.9 6.80905861837484e-22
203 6.79928952424518e-22
203.1 6.78952043011552e-22
203.2 6.77975133598586e-22
203.3 6.76998224185619e-22
203.4 6.76021314772653e-22
203.5 6.75044405359687e-22
203.6 6.74067495946721e-22
203.7 6.73090586533754e-22
203.8 6.72113677120788e-22
203.9 6.71136767707822e-22
204 6.70159858294855e-22
204.1 6.69182948881889e-22
204.2 6.68206039468923e-22
204.3 6.67229130055957e-22
204.4 6.6625222064299e-22
204.5 6.65275311230024e-22
204.6 6.64298401817058e-22
204.7 6.63321492404092e-22
204.8 6.62344582991125e-22
204.9 6.61367673578159e-22
205 6.60390764165193e-22
205.1 6.59413854752227e-22
205.2 6.5843694533926e-22
205.3 6.57460035926294e-22
205.4 6.56483126513328e-22
205.5 6.55506217100362e-22
205.6 6.54529307687395e-22
205.7 6.53552398274429e-22
205.8 6.52575488861463e-22
205.9 6.51598579448496e-22
206 6.5062167003553e-22
206.1 6.49644760622564e-22
206.2 6.48667851209598e-22
206.3 6.47690941796631e-22
206.4 6.46714032383665e-22
206.5 6.45737122970699e-22
206.6 6.44760213557733e-22
206.7 6.43783304144766e-22
206.8 6.428063947318e-22
206.9 6.41829485318834e-22
207 6.40852575905868e-22
207.1 6.39875666492901e-22
207.2 6.38898757079935e-22
207.3 6.37921847666969e-22
207.4 6.36944938254003e-22
207.5 6.35968028841036e-22
207.6 6.3499111942807e-22
207.7 6.34014210015104e-22
207.8 6.33037300602138e-22
207.9 6.32060391189171e-22
208 6.31083481776205e-22
208.1 6.30106572363239e-22
208.2 6.29129662950272e-22
208.3 6.28152753537306e-22
208.4 6.2717584412434e-22
208.5 6.26198934711374e-22
208.6 6.25222025298407e-22
208.7 6.24245115885441e-22
208.8 6.23268206472475e-22
208.9 6.22291297059509e-22
209 6.21314387646543e-22
209.1 6.20337478233576e-22
209.2 6.1936056882061e-22
209.3 6.18383659407644e-22
209.4 6.17406749994677e-22
209.5 6.16429840581711e-22
209.6 6.15452931168745e-22
209.7 6.14476021755779e-22
209.8 6.13499112342812e-22
209.9 6.12522202929846e-22
210 6.1154529351688e-22
210.1 6.10568384103913e-22
210.2 6.09591474690947e-22
210.3 6.08614565277981e-22
210.4 6.07637655865015e-22
210.5 6.06660746452049e-22
210.6 6.05683837039082e-22
210.7 6.04706927626116e-22
210.8 6.0373001821315e-22
210.9 6.02753108800183e-22
211 6.01776199387217e-22
211.1 6.00799289974251e-22
211.2 5.99822380561285e-22
211.3 5.98845471148318e-22
211.4 5.97868561735352e-22
211.5 5.96891652322386e-22
211.6 5.9591474290942e-22
211.7 5.94937833496453e-22
211.8 5.93960924083487e-22
211.9 5.92984014670521e-22
212 5.92007105257555e-22
212.1 5.91030195844588e-22
212.2 5.90053286431622e-22
212.3 5.89076377018656e-22
212.4 5.8809946760569e-22
212.5 5.87122558192723e-22
212.6 5.86145648779757e-22
212.7 5.85168739366791e-22
212.8 5.84191829953824e-22
212.9 5.83214920540858e-22
213 5.82238011127892e-22
213.1 5.81261101714926e-22
213.2 5.80284192301959e-22
213.3 5.79307282888993e-22
213.4 5.78330373476027e-22
213.5 5.77353464063061e-22
213.6 5.76376554650094e-22
213.7 5.75399645237128e-22
213.8 5.74422735824162e-22
213.9 5.73445826411196e-22
214 5.72468916998229e-22
214.1 5.71492007585263e-22
214.2 5.70515098172297e-22
214.3 5.69538188759331e-22
214.4 5.68561279346364e-22
214.5 5.67584369933398e-22
214.6 5.66607460520432e-22
214.7 5.65630551107465e-22
214.8 5.64653641694499e-22
214.9 5.63676732281533e-22
215 5.62699822868567e-22
215.1 5.61722913455601e-22
215.2 5.60746004042634e-22
215.3 5.59769094629668e-22
215.4 5.58792185216702e-22
215.5 5.57815275803736e-22
215.6 5.56838366390769e-22
215.7 5.55861456977803e-22
215.8 5.54884547564837e-22
215.9 5.5390763815187e-22
216 5.52930728738904e-22
216.1 5.51953819325938e-22
216.2 5.50976909912971e-22
216.3 5.50000000500005e-22
216.4 5.49023091087039e-22
216.5 5.48046181674073e-22
216.6 5.47069272261107e-22
216.7 5.4609236284814e-22
216.8 5.45115453435174e-22
216.9 5.44138544022208e-22
217 5.43161634609242e-22
217.1 5.42184725196275e-22
217.2 5.41207815783309e-22
217.3 5.40230906370343e-22
217.4 5.39253996957377e-22
217.5 5.3827708754441e-22
217.6 5.37300178131444e-22
217.7 5.36323268718478e-22
217.8 5.35346359305511e-22
217.9 5.34369449892545e-22
218 5.33392540479579e-22
218.1 5.32415631066613e-22
218.2 5.31438721653646e-22
218.3 5.3046181224068e-22
218.4 5.29484902827714e-22
218.5 5.28507993414748e-22
218.6 5.27531084001781e-22
218.7 5.26554174588815e-22
218.8 5.25577265175849e-22
218.9 5.24600355762883e-22
219 5.23623446349916e-22
219.1 5.2264653693695e-22
219.2 5.21669627523984e-22
219.3 5.20692718111018e-22
219.4 5.19715808698051e-22
219.5 5.18738899285085e-22
219.6 5.17761989872119e-22
219.7 5.16785080459152e-22
219.8 5.15808171046186e-22
219.9 5.1483126163322e-22
220 5.13854352220254e-22
220.1 5.12877442807287e-22
220.2 5.11900533394321e-22
220.3 5.10923623981355e-22
220.4 5.09946714568389e-22
220.5 5.08969805155422e-22
220.6 5.07992895742456e-22
220.7 5.0701598632949e-22
220.8 5.06039076916524e-22
220.9 5.05062167503557e-22
221 5.04085258090591e-22
221.1 5.03108348677625e-22
221.2 5.02131439264659e-22
221.3 5.01154529851692e-22
221.4 5.00177620438726e-22
221.5 4.9920071102576e-22
221.6 4.98223801612793e-22
221.7 4.97246892199827e-22
221.8 4.96269982786861e-22
221.9 4.95293073373895e-22
222 4.94316163960928e-22
222.1 4.93339254547962e-22
222.2 4.92362345134996e-22
222.3 4.9138543572203e-22
222.4 4.90408526309063e-22
222.5 4.89431616896097e-22
222.6 4.88454707483131e-22
222.7 4.87477798070165e-22
222.8 4.86500888657198e-22
222.9 4.85523979244232e-22
223 4.84547069831266e-22
223.1 4.835701604183e-22
223.2 4.82593251005333e-22
223.3 4.81616341592367e-22
223.4 4.80639432179401e-22
223.5 4.79662522766435e-22
223.6 4.78685613353468e-22
223.7 4.77708703940502e-22
223.8 4.76731794527536e-22
223.9 4.75754885114569e-22
224 4.74777975701603e-22
224.1 4.73801066288637e-22
224.2 4.72824156875671e-22
224.3 4.71847247462704e-22
224.4 4.70870338049738e-22
224.5 4.69893428636772e-22
224.6 4.68916519223806e-22
224.7 4.67939609810839e-22
224.8 4.66962700397873e-22
224.9 4.65985790984907e-22
225 4.65008881571941e-22
225.1 4.64031972158974e-22
225.2 4.63055062746008e-22
225.3 4.62078153333042e-22
225.4 4.61101243920076e-22
225.5 4.60124334507109e-22
225.6 4.59147425094143e-22
225.7 4.58170515681177e-22
225.8 4.5719360626821e-22
225.9 4.56216696855244e-22
226 4.55239787442278e-22
226.1 4.54262878029312e-22
226.2 4.53285968616345e-22
226.3 4.52309059203379e-22
226.4 4.51332149790413e-22
226.5 4.50355240377447e-22
226.6 4.4937833096448e-22
226.7 4.48401421551514e-22
226.8 4.47424512138548e-22
226.9 4.46447602725582e-22
227 4.45470693312615e-22
227.1 4.44493783899649e-22
227.2 4.43516874486683e-22
227.3 4.42539965073717e-22
227.4 4.4156305566075e-22
227.5 4.40586146247784e-22
227.6 4.39609236834818e-22
227.7 4.38632327421851e-22
227.8 4.37655418008885e-22
227.9 4.36678508595919e-22
228 4.35701599182953e-22
228.1 4.34724689769986e-22
228.2 4.3374778035702e-22
228.3 4.32770870944054e-22
228.4 4.31793961531088e-22
228.5 4.30817052118121e-22
228.6 4.29840142705155e-22
228.7 4.28863233292189e-22
228.8 4.27886323879223e-22
228.9 4.26909414466256e-22
229 4.2593250505329e-22
229.1 4.24955595640324e-22
229.2 4.23978686227358e-22
229.3 4.23001776814391e-22
229.4 4.22024867401425e-22
229.5 4.21047957988459e-22
229.6 4.20071048575493e-22
229.7 4.19094139162526e-22
229.8 4.1811722974956e-22
229.9 4.17140320336594e-22
230 4.16163410923628e-22
230.1 4.15186501510661e-22
230.2 4.14209592097695e-22
230.3 4.13232682684729e-22
230.4 4.12255773271762e-22
230.5 4.11278863858796e-22
230.6 4.1030195444583e-22
230.7 4.09325045032864e-22
230.8 4.08348135619897e-22
230.9 4.07371226206931e-22
231 4.06394316793965e-22
231.1 4.05417407380999e-22
231.2 4.04440497968032e-22
231.3 4.03463588555066e-22
231.4 4.024866791421e-22
231.5 4.01509769729134e-22
231.6 4.00532860316167e-22
231.7 3.99555950903201e-22
231.8 3.98579041490235e-22
231.9 3.97602132077269e-22
232 3.96625222664302e-22
232.1 3.95648313251336e-22
232.2 3.9467140383837e-22
232.3 3.93694494425403e-22
232.4 3.92717585012437e-22
232.5 3.91740675599471e-22
232.6 3.90763766186505e-22
232.7 3.89786856773538e-22
232.8 3.88809947360572e-22
232.9 3.87833037947606e-22
233 3.8685612853464e-22
233.1 3.85879219121673e-22
233.2 3.84902309708707e-22
233.3 3.83925400295741e-22
233.4 3.82948490882775e-22
233.5 3.81971581469808e-22
233.6 3.80994672056842e-22
233.7 3.80017762643876e-22
233.8 3.7904085323091e-22
233.9 3.78063943817943e-22
234 3.77087034404977e-22
234.1 3.76110124992011e-22
234.2 3.75133215579045e-22
234.3 3.74156306166078e-22
234.4 3.73179396753112e-22
234.5 3.72202487340146e-22
234.6 3.71225577927179e-22
234.7 3.70248668514213e-22
234.8 3.69271759101247e-22
234.9 3.68294849688281e-22
235 3.67317940275314e-22
235.1 3.66341030862348e-22
235.2 3.65364121449382e-22
235.3 3.64387212036416e-22
235.4 3.63410302623449e-22
235.5 3.62433393210483e-22
235.6 3.61456483797517e-22
235.7 3.60479574384551e-22
235.8 3.59502664971584e-22
235.9 3.58525755558618e-22
236 3.57548846145652e-22
236.1 3.56571936732686e-22
236.2 3.55595027319719e-22
236.3 3.54618117906753e-22
236.4 3.53641208493787e-22
236.5 3.52664299080821e-22
236.6 3.51687389667854e-22
236.7 3.50710480254888e-22
236.8 3.49733570841922e-22
236.9 3.48756661428955e-22
237 3.47779752015989e-22
237.1 3.46802842603023e-22
237.2 3.45825933190057e-22
237.3 3.4484902377709e-22
237.4 3.43872114364124e-22
237.5 3.42895204951158e-22
237.6 3.41918295538192e-22
237.7 3.40941386125225e-22
237.8 3.39964476712259e-22
237.9 3.38987567299293e-22
238 3.38010657886327e-22
238.1 3.3703374847336e-22
238.2 3.36056839060394e-22
238.3 3.35079929647428e-22
238.4 3.34103020234462e-22
238.5 3.33126110821495e-22
238.6 3.32149201408529e-22
238.7 3.31172291995563e-22
238.8 3.30195382582596e-22
238.9 3.2921847316963e-22
239 3.28241563756664e-22
239.1 3.27264654343698e-22
239.2 3.26287744930731e-22
239.3 3.25310835517765e-22
239.4 3.24333926104799e-22
239.5 3.23357016691833e-22
239.6 3.22380107278866e-22
239.7 3.214031978659e-22
239.8 3.20426288452934e-22
239.9 3.19449379039968e-22
240 3.18472469627001e-22
240.1 3.17495560214035e-22
240.2 3.16518650801069e-22
240.3 3.15541741388103e-22
240.4 3.14564831975136e-22
240.5 3.1358792256217e-22
240.6 3.12611013149204e-22
240.7 3.11634103736238e-22
240.8 3.10657194323271e-22
240.9 3.09680284910305e-22
241 3.08703375497339e-22
241.1 3.07726466084372e-22
241.2 3.06749556671406e-22
241.3 3.0577264725844e-22
241.4 3.04795737845474e-22
241.5 3.03818828432507e-22
241.6 3.02841919019541e-22
241.7 3.01865009606575e-22
241.8 3.00888100193609e-22
241.9 2.99911190780642e-22
242 2.98934281367676e-22
242.1 2.9795737195471e-22
242.2 2.96980462541744e-22
242.3 2.96003553128777e-22
242.4 2.95026643715811e-22
242.5 2.94049734302845e-22
242.6 2.93072824889879e-22
242.7 2.92095915476912e-22
242.8 2.91119006063946e-22
242.9 2.9014209665098e-22
243 2.89165187238014e-22
243.1 2.88188277825047e-22
243.2 2.87211368412081e-22
243.3 2.86234458999115e-22
243.4 2.85257549586148e-22
243.5 2.84280640173182e-22
243.6 2.83303730760216e-22
243.7 2.8232682134725e-22
243.8 2.81349911934283e-22
243.9 2.80373002521317e-22
244 2.79396093108351e-22
244.1 2.78419183695385e-22
244.2 2.77442274282418e-22
244.3 2.76465364869452e-22
244.4 2.75488455456486e-22
244.5 2.7451154604352e-22
244.6 2.73534636630553e-22
244.7 2.72557727217587e-22
244.8 2.71580817804621e-22
244.9 2.70603908391655e-22
245 2.69626998978688e-22
245.1 2.68650089565722e-22
245.2 2.67673180152756e-22
245.3 2.66696270739789e-22
245.4 2.65719361326823e-22
245.5 2.64742451913857e-22
245.6 2.63765542500891e-22
245.7 2.62788633087924e-22
245.8 2.61811723674958e-22
245.9 2.60834814261992e-22
246 2.59857904849026e-22
246.1 2.58880995436059e-22
246.2 2.57904086023093e-22
246.3 2.56927176610127e-22
246.4 2.55950267197161e-22
246.5 2.54973357784194e-22
246.6 2.53996448371228e-22
246.7 2.53019538958262e-22
246.8 2.52042629545296e-22
246.9 2.51065720132329e-22
247 2.50088810719363e-22
247.1 2.49111901306397e-22
247.2 2.48134991893431e-22
247.3 2.47158082480464e-22
247.4 2.46181173067498e-22
247.5 2.45204263654532e-22
247.6 2.44227354241565e-22
247.7 2.43250444828599e-22
247.8 2.42273535415633e-22
247.9 2.41296626002667e-22
248 2.403197165897e-22
248.1 2.39342807176734e-22
248.2 2.38365897763768e-22
248.3 2.37388988350802e-22
248.4 2.36412078937835e-22
248.5 2.35435169524869e-22
248.6 2.34458260111903e-22
248.7 2.33481350698937e-22
248.8 2.3250444128597e-22
248.9 2.31527531873004e-22
249 2.30550622460038e-22
249.1 2.29573713047072e-22
249.2 2.28596803634105e-22
249.3 2.27619894221139e-22
249.4 2.26642984808173e-22
249.5 2.25666075395207e-22
249.6 2.2468916598224e-22
249.7 2.23712256569274e-22
249.8 2.22735347156308e-22
249.9 2.21758437743341e-22
250 2.20781528330375e-22
250.1 2.19804618917409e-22
250.2 2.18827709504443e-22
250.3 2.17850800091476e-22
250.4 2.1687389067851e-22
250.5 2.15896981265544e-22
250.6 2.14920071852578e-22
250.7 2.13943162439611e-22
250.8 2.12966253026645e-22
250.9 2.11989343613679e-22
251 2.11012434200713e-22
251.1 2.10035524787746e-22
251.2 2.0905861537478e-22
251.3 2.08081705961814e-22
251.4 2.07104796548848e-22
251.5 2.06127887135881e-22
251.6 2.05150977722915e-22
251.7 2.04174068309949e-22
251.8 2.03197158896982e-22
251.9 2.02220249484016e-22
252 2.0124334007105e-22
252.1 2.00266430658084e-22
252.2 1.99289521245117e-22
252.3 1.98312611832151e-22
252.4 1.97335702419185e-22
252.5 1.96358793006219e-22
252.6 1.95381883593252e-22
252.7 1.94404974180286e-22
252.8 1.9342806476732e-22
252.9 1.92451155354354e-22
253 1.91474245941387e-22
253.1 1.90497336528421e-22
253.2 1.89520427115455e-22
253.3 1.88543517702489e-22
253.4 1.87566608289522e-22
253.5 1.86589698876556e-22
253.6 1.8561278946359e-22
253.7 1.84635880050624e-22
253.8 1.83658970637657e-22
253.9 1.82682061224691e-22
254 1.81705151811725e-22
254.1 1.80728242398758e-22
254.2 1.79751332985792e-22
254.3 1.78774423572826e-22
254.4 1.7779751415986e-22
254.5 1.76820604746893e-22
254.6 1.75843695333927e-22
254.7 1.74866785920961e-22
254.8 1.73889876507995e-22
254.9 1.72912967095028e-22
255 1.71936057682062e-22
255.1 1.70959148269096e-22
255.2 1.6998223885613e-22
255.3 1.69005329443163e-22
255.4 1.68028420030197e-22
255.5 1.67051510617231e-22
255.6 1.66074601204265e-22
255.7 1.65097691791298e-22
255.8 1.64120782378332e-22
255.9 1.63143872965366e-22
256 1.621669635524e-22
256.1 1.61190054139433e-22
256.2 1.60213144726467e-22
256.3 1.59236235313501e-22
256.4 1.58259325900534e-22
256.5 1.57282416487568e-22
256.6 1.56305507074602e-22
256.7 1.55328597661636e-22
256.8 1.54351688248669e-22
256.9 1.53374778835703e-22
257 1.52397869422737e-22
257.1 1.51420960009771e-22
257.2 1.50444050596804e-22
257.3 1.49467141183838e-22
257.4 1.48490231770872e-22
257.5 1.47513322357906e-22
257.6 1.46536412944939e-22
257.7 1.45559503531973e-22
257.8 1.44582594119007e-22
257.9 1.43605684706041e-22
258 1.42628775293074e-22
258.1 1.41651865880108e-22
258.2 1.40674956467142e-22
258.3 1.39698047054175e-22
258.4 1.38721137641209e-22
258.5 1.37744228228243e-22
258.6 1.36767318815277e-22
258.7 1.3579040940231e-22
258.8 1.34813499989344e-22
258.9 1.33836590576378e-22
259 1.32859681163412e-22
259.1 1.31882771750445e-22
259.2 1.30905862337479e-22
259.3 1.29928952924513e-22
259.4 1.28952043511547e-22
259.5 1.2797513409858e-22
259.6 1.26998224685614e-22
259.7 1.26021315272648e-22
259.8 1.25044405859682e-22
259.9 1.24067496446715e-22
260 1.23090587033749e-22
260.1 1.22113677620783e-22
260.2 1.21136768207817e-22
260.3 1.2015985879485e-22
260.4 1.19182949381884e-22
260.5 1.18206039968918e-22
260.6 1.17229130555951e-22
260.7 1.16252221142985e-22
260.8 1.15275311730019e-22
260.9 1.14298402317053e-22
261 1.13321492904086e-22
261.1 1.1234458349112e-22
261.2 1.11367674078154e-22
261.3 1.10390764665188e-22
261.4 1.09413855252221e-22
261.5 1.08436945839255e-22
261.6 1.07460036426289e-22
261.7 1.06483127013323e-22
261.8 1.05506217600356e-22
261.9 1.0452930818739e-22
262 1.03552398774424e-22
262.1 1.02575489361458e-22
262.2 1.01598579948491e-22
262.3 1.00621670535525e-22
262.4 9.96447611225588e-23
262.5 9.86678517095925e-23
262.6 9.76909422966262e-23
262.7 9.671403288366e-23
262.8 9.57371234706937e-23
262.9 9.47602140577275e-23
263 9.37833046447612e-23
263.1 9.28063952317949e-23
263.2 9.18294858188287e-23
263.3 9.08525764058624e-23
263.4 8.98756669928962e-23
263.5 8.88987575799299e-23
263.6 8.79218481669636e-23
263.7 8.69449387539974e-23
263.8 8.59680293410311e-23
263.9 8.49911199280648e-23
264 8.40142105150986e-23
264.1 8.30373011021323e-23
264.2 8.20603916891661e-23
264.3 8.10834822761998e-23
264.4 8.01065728632335e-23
264.5 7.91296634502673e-23
264.6 7.8152754037301e-23
264.7 7.71758446243348e-23
264.8 7.61989352113685e-23
264.9 7.52220257984022e-23
265 7.4245116385436e-23
265.1 7.32682069724697e-23
265.2 7.22912975595035e-23
265.3 7.13143881465372e-23
265.4 7.03374787335709e-23
265.5 6.93605693206047e-23
265.6 6.83836599076384e-23
265.7 6.74067504946722e-23
265.8 6.64298410817059e-23
265.9 6.54529316687396e-23
266 6.44760222557734e-23
266.1 6.34991128428071e-23
266.2 6.25222034298409e-23
266.3 6.15452940168746e-23
266.4 6.05683846039083e-23
266.5 5.95914751909421e-23
266.6 5.86145657779758e-23
266.7 5.76376563650096e-23
266.8 5.66607469520433e-23
266.9 5.56838375390771e-23
267 5.47069281261108e-23
267.1 5.37300187131445e-23
267.2 5.27531093001783e-23
267.3 5.1776199887212e-23
267.4 5.07992904742458e-23
267.5 4.98223810612795e-23
267.6 4.88454716483132e-23
267.7 4.7868562235347e-23
267.8 4.68916528223807e-23
267.9 4.59147434094145e-23
268 4.49378339964482e-23
268.1 4.39609245834819e-23
268.2 4.29840151705157e-23
268.3 4.20071057575494e-23
268.4 4.10301963445832e-23
268.5 4.00532869316169e-23
268.6 3.90763775186507e-23
268.7 3.80994681056844e-23
268.8 3.71225586927181e-23
268.9 3.61456492797519e-23
269 3.51687398667856e-23
269.1 3.41918304538194e-23
269.2 3.32149210408531e-23
269.3 3.22380116278869e-23
269.4 3.12611022149206e-23
269.5 3.02841928019543e-23
269.6 2.93072833889881e-23
269.7 2.83303739760218e-23
269.8 2.73534645630556e-23
269.9 2.63765551500893e-23
270 2.5399645737123e-23
270.1 2.44227363241568e-23
270.2 2.34458269111905e-23
270.3 2.24689174982243e-23
270.4 2.1492008085258e-23
270.5 2.05150986722918e-23
270.6 1.95381892593255e-23
270.7 1.85612798463592e-23
270.8 1.7584370433393e-23
270.9 1.66074610204267e-23
271 1.56305516074605e-23
271.1 1.46536421944942e-23
271.2 1.3676732781528e-23
271.3 1.26998233685617e-23
271.4 1.17229139555954e-23
271.5 1.07460045426292e-23
271.6 9.76909512966291e-24
271.7 8.79218571669667e-24
271.8 7.81527630373041e-24
271.9 6.83836689076412e-24
272 5.86145747779788e-24
272.1 4.88454806483161e-24
272.2 3.9076386518654e-24
272.3 2.93072923889913e-24
272.4 1.95381982593279e-24
272.5 9.76910412966617e-25
272.6 1e-30
