0 4e-23
0.1 4e-23
0.2 1.53e-21
0.3 3.02e-21
0.4 4.51e-21
0.5 6e-21
0.6 1.4e-20
0.7 2.2e-20
0.8 3e-20
0.9 3.8e-20
1 4.6e-20
1.1 6.64e-20
1.2 8.68e-20
1.3 1.072e-19
1.4 1.276e-19
1.5 1.48e-19
1.6 1.864e-19
1.7 2.248e-19
1.8 2.632e-19
1.9 3.016e-19
2 3.4e-19
2.1 3.92e-19
2.2 4.44e-19
2.3 4.96e-19
2.4 5.48e-19
2.5 6e-19
2.6 6.72e-19
2.7 7.44e-19
2.8 8.16e-19
2.9 8.88e-19
3 9.6e-19
3.1 1.056e-18
3.2 1.152e-18
3.3 1.248e-18
3.4 1.344e-18
3.5 1.44e-18
3.6 1.53333333333333e-18
3.7 1.62666666666667e-18
3.8 1.72e-18
3.9 1.81333333333333e-18
4 1.90666666666667e-18
4.1 2e-18
4.2 1.0435e-18
4.3 8.7e-20
4.4 9.38571428571429e-20
4.5 1.00714285714286e-19
4.6 1.07571428571429e-19
4.7 1.14428571428571e-19
4.8 1.21285714285714e-19
4.9 1.28142857142857e-19
5 1.35e-19
5.1 1.415e-19
5.2 1.48e-19
5.3 1.545e-19
5.4 1.61e-19
5.5 1.675e-19
5.6 1.74e-19
5.7 1.805e-19
5.8 1.87e-19
5.9 1.935e-19
6 2e-19
6.1 2.08e-19
6.2 2.16e-19
6.3 2.24e-19
6.4 2.32e-19
6.5 2.4e-19
6.6 2.48e-19
6.7 2.56e-19
6.8 2.64e-19
6.9 2.72e-19
7 2.8e-19
7.1 2.92e-19
7.2 3.04e-19
7.3 3.16e-19
7.4 3.28e-19
7.5 3.4e-19
7.6 3.52e-19
7.7 3.64e-19
7.8 3.76e-19
7.9 3.88e-19
8 4e-19
8.1 4.1e-19
8.2 4.2e-19
8.3 4.3e-19
8.4 4.4e-19
8.5 4.5e-19
8.6 4.6e-19
8.7 4.7e-19
8.8 4.8e-19
8.9 4.9e-19
9 5e-19
9.1 5.16e-19
9.2 5.32e-19
9.3 5.48e-19
9.4 5.64e-19
9.5 5.8e-19
9.6 5.96e-19
9.7 6.12e-19
9.8 6.28e-19
9.9 6.44e-19
10 6.6e-19
10.1 6.72e-19
10.2 6.84e-19
10.3 6.96e-19
10.4 7.08e-19
10.5 7.2e-19
10.6 7.32e-19
10.7 7.44e-19
10.8 7.56e-19
10.9 7.68e-19
11 7.8e-19
11.1 7.92e-19
11.2 8.04e-19
11.3 8.16e-19
11.4 8.28e-19
11.5 8.4e-19
11.6 8.52e-19
11.7 8.64e-19
11.8 8.76e-19
11.9 8.88e-19
12 9e-19
12.1 9.2e-19
12.2 9.4e-19
12.3 9.6e-19
12.4 9.8e-19
12.5 1e-18
12.6 1.02e-18
12.7 1.04e-18
12.8 1.06e-18
12.9 1.08e-18
13 1.1e-18
13.1 1.12e-18
13.2 1.14e-18
13.3 1.16e-18
13.4 1.18e-18
13.5 1.2e-18
13.6 1.22e-18
13.7 1.24e-18
13.8 1.26e-18
13.9 1.28e-18
14 1.3e-18
14.1 1.32e-18
14.2 1.34e-18
14.3 1.36e-18
14.4 1.38e-18
14.5 1.4e-18
14.6 1.42e-18
14.7 1.44e-18
14.8 1.46e-18
14.9 1.48e-18
15 1.5e-18
15.1 1.5198e-18
15.2 1.5396e-18
15.3 1.5594e-18
15.4 1.5792e-18
15.5 1.599e-18
15.6 1.6188e-18
15.7 1.6386e-18
15.8 1.6584e-18
15.9 1.6782e-18
16 1.698e-18
16.1 1.7178e-18
16.2 1.7376e-18
16.3 1.7574e-18
16.4 1.7772e-18
16.5 1.797e-18
16.6 1.8168e-18
16.7 1.8366e-18
16.8 1.8564e-18
16.9 1.8762e-18
17 1.896e-18
17.1 1.9158e-18
17.2 1.9356e-18
17.3 1.9554e-18
17.4 1.9752e-18
17.5 1.995e-18
17.6 2.0148e-18
17.7 2.0346e-18
17.8 2.0544e-18
17.9 2.0742e-18
18 2.094e-18
18.1 2.1138e-18
18.2 2.1336e-18
18.3 2.1534e-18
18.4 2.1732e-18
18.5 2.193e-18
18.6 2.2128e-18
18.7 2.2326e-18
18.8 2.2524e-18
18.9 2.2722e-18
19 2.292e-18
19.1 2.3118e-18
19.2 2.3316e-18
19.3 2.3514e-18
19.4 2.3712e-18
19.5 2.391e-18
19.6 2.4108e-18
19.7 2.4306e-18
19.8 2.4504e-18
19.9 2.4702e-18
20 2.49e-18
20.1 2.5202e-18
20.2 2.5504e-18
20.3 2.5806e-18
20.4 2.6108e-18
20.5 2.641e-18
20.6 2.6712e-18
20.7 2.7014e-18
20.8 2.7316e-18
20.9 2.7618e-18
21 2.792e-18
21.1 2.8222e-18
21.2 2.8524e-18
21.3 2.8826e-18
21.4 2.9128e-18
21.5 2.943e-18
21.6 2.9732e-18
21.7 3.0034e-18
21.8 3.0336e-18
21.9 3.0638e-18
22 3.094e-18
22.1 3.1242e-18
22.2 3.1544e-18
22.3 3.1846e-18
22.4 3.2148e-18
22.5 3.245e-18
22.6 3.2752e-18
22.7 3.3054e-18
22.8 3.3356e-18
22.9 3.3658e-18
23 3.396e-18
23.1 3.4262e-18
23.2 3.4564e-18
23.3 3.4866e-18
23.4 3.5168e-18
23.5 3.547e-18
23.6 3.5772e-18
23.7 3.6074e-18
23.8 3.6376e-18
23.9 3.6678e-18
24 3.698e-18
24.1 3.7282e-18
24.2 3.7584e-18
24.3 3.7886e-18
24.4 3.8188e-18
24.5 3.849e-18
24.6 3.8792e-18
24.7 3.9094e-18
24.8 3.9396e-18
24.9 3.9698e-18
25 4e-18
25.1 4.028e-18
25.2 4.056e-18
25.3 4.084e-18
25.4 4.112e-18
25.5 4.14e-18
25.6 4.168e-18
25.7 4.196e-18
25.8 4.224e-18
25.9 4.252e-18
26 4.28e-18
26.1 4.308e-18
26.2 4.336e-18
26.3 4.364e-18
26.4 4.392e-18
26.5 4.42e-18
26.6 4.448e-18
26.7 4.476e-18
26.8 4.504e-18
26.9 4.532e-18
27 4.56e-18
27.1 4.588e-18
27.2 4.616e-18
27.3 4.644e-18
27.4 4.672e-18
27.5 4.7e-18
27.6 4.728e-18
27.7 4.756e-18
27.8 4.784e-18
27.9 4.812e-18
28 4.84e-18
28.1 4.868e-18
28.2 4.896e-18
28.3 4.924e-18
28.4 4.952e-18
28.5 4.98e-18
28.6 5.008e-18
28.7 5.036e-18
28.8 5.064e-18
28.9 5.092e-18
29 5.12e-18
29.1 5.148e-18
29.2 5.176e-18
29.3 5.204e-18
29.4 5.232e-18
29.5 5.26e-18
29.6 5.288e-18
29.7 5.316e-18
29.8 5.344e-18
29.9 5.372e-18
30 5.4e-18
30.1 5.4384e-18
30.2 5.4768e-18
30.3 5.5152e-18
30.4 5.5536e-18
30.5 5.592e-18
30.6 5.6304e-18
30.7 5.6688e-18
30.8 5.7072e-18
30.9 5.7456e-18
31 5.784e-18
31.1 5.8224e-18
31.2 5.8608e-18
31.3 5.8992e-18
31.4 5.9376e-18
31.5 5.976e-18
31.6 6.0144e-18
31.7 6.0528e-18
31.8 6.09119999999999e-18
31.9 6.12959999999999e-18
32 6.16799999999999e-18
32.1 6.20639999999999e-18
32.2 6.24479999999999e-18
32.3 6.28319999999999e-18
32.4 6.32159999999999e-18
32.5 6.35999999999999e-18
32.6 6.39839999999999e-18
32.7 6.43679999999999e-18
32.8 6.47519999999999e-18
32.9 6.51359999999999e-18
33 6.55199999999999e-18
33.1 6.59039999999999e-18
33.2 6.62879999999999e-18
33.3 6.66719999999999e-18
33.4 6.70559999999999e-18
33.5 6.74399999999999e-18
33.6 6.78239999999999e-18
33.7 6.82079999999999e-18
33.8 6.85919999999999e-18
33.9 6.89759999999999e-18
34 6.93599999999999e-18
34.1 6.97439999999999e-18
34.2 7.01279999999999e-18
34.3 7.05119999999999e-18
34.4 7.08959999999999e-18
34.5 7.12799999999999e-18
34.6 7.16639999999999e-18
34.7 7.20479999999999e-18
34.8 7.24319999999999e-18
34.9 7.28159999999999e-18
35 7.31999999999999e-18
35.1 7.35839999999999e-18
35.2 7.39679999999999e-18
35.3 7.43519999999999e-18
35.4 7.47359999999999e-18
35.5 7.51199999999999e-18
35.6 7.55039999999999e-18
35.7 7.58879999999999e-18
35.8 7.62719999999999e-18
35.9 7.66559999999999e-18
36 7.70399999999999e-18
36.1 7.74239999999999e-18
36.2 7.78079999999999e-18
36.3 7.81919999999999e-18
36.4 7.85759999999999e-18
36.5 7.89599999999999e-18
36.6 7.93439999999999e-18
36.7 7.97279999999999e-18
36.8 8.01119999999999e-18
36.9 8.04959999999999e-18
37 8.08799999999999e-18
37.1 8.12639999999998e-18
37.2 8.16479999999999e-18
37.3 8.20319999999999e-18
37.4 8.24159999999999e-18
37.5 8.27999999999999e-18
37.6 8.31839999999999e-18
37.7 8.35679999999999e-18
37.8 8.39519999999999e-18
37.9 8.43359999999999e-18
38 8.47199999999999e-18
38.1 8.51039999999999e-18
38.2 8.54879999999999e-18
38.3 8.58719999999999e-18
38.4 8.62559999999999e-18
38.5 8.66399999999999e-18
38.6 8.70239999999999e-18
38.7 8.74079999999999e-18
38.8 8.7792e-18
38.9 8.8176e-18
39 8.856e-18
39.1 8.8944e-18
39.2 8.9328e-18
39.3 8.9712e-18
39.4 9.0096e-18
39.5 9.048e-18
39.6 9.0864e-18
39.7 9.1248e-18
39.8 9.1632e-18
39.9 9.2016e-18
40 9.24e-18
40.1 9.3356e-18
40.2 9.4312e-18
40.3 9.5268e-18
40.4 9.6224e-18
40.5 9.718e-18
40.6 9.8136e-18
40.7 9.9092e-18
40.8 1.00048e-17
40.9 1.01004e-17
41 1.0196e-17
41.1 1.02916e-17
41.2 1.03872e-17
41.3 1.04828e-17
41.4 1.05784e-17
41.5 1.0674e-17
41.6 1.07696e-17
41.7 1.08652e-17
41.8 1.09608e-17
41.9 1.10564e-17
42 1.1152e-17
42.1 1.12476e-17
42.2 1.13432e-17
42.3 1.14388e-17
42.4 1.15344e-17
42.5 1.163e-17
42.6 1.17256e-17
42.7 1.18212e-17
42.8 1.19168e-17
42.9 1.20124e-17
43 1.2108e-17
43.1 1.22036e-17
43.2 1.22992e-17
43.3 1.23948e-17
43.4 1.24904e-17
43.5 1.2586e-17
43.6 1.26816e-17
43.7 1.27772e-17
43.8 1.28728e-17
43.9 1.29684e-17
44 1.3064e-17
44.1 1.31596e-17
44.2 1.32552e-17
44.3 1.33508e-17
44.4 1.34464e-17
44.5 1.3542e-17
44.6 1.36376e-17
44.7 1.37332e-17
44.8 1.38288e-17
44.9 1.39244e-17
45 1.402e-17
45.1 1.41156e-17
45.2 1.42112e-17
45.3 1.43068e-17
45.4 1.44024e-17
45.5 1.4498e-17
45.6 1.45936e-17
45.7 1.46892e-17
45.8 1.47848e-17
45.9 1.48804e-17
46 1.4976e-17
46.1 1.50716e-17
46.2 1.51672e-17
46.3 1.52628e-17
46.4 1.53584e-17
46.5 1.5454e-17
46.6 1.55496e-17
46.7 1.56452e-17
46.8 1.57408e-17
46.9 1.58364e-17
47 1.5932e-17
47.1 1.60276e-17
47.2 1.61232e-17
47.3 1.62188e-17
47.4 1.63144e-17
47.5 1.641e-17
47.6 1.65056e-17
47.7 1.66012e-17
47.8 1.66968e-17
47.9 1.67924e-17
48 1.6888e-17
48.1 1.69836e-17
48.2 1.70792e-17
48.3 1.71748e-17
48.4 1.72704e-17
48.5 1.7366e-17
48.6 1.74616e-17
48.7 1.75572e-17
48.8 1.76528e-17
48.9 1.77484e-17
49 1.7844e-17
49.1 1.79396e-17
49.2 1.80352e-17
49.3 1.81308e-17
49.4 1.82264e-17
49.5 1.8322e-17
49.6 1.84176e-17
49.7 1.85132e-17
49.8 1.86088e-17
49.9 1.87044e-17
50 1.88e-17
50.1 1.8852e-17
50.2 1.8904e-17
50.3 1.8956e-17
50.4 1.9008e-17
50.5 1.906e-17
50.6 1.9112e-17
50.7 1.9164e-17
50.8 1.9216e-17
50.9 1.9268e-17
51 1.932e-17
51.1 1.9372e-17
51.2 1.9424e-17
51.3 1.9476e-17
51.4 1.9528e-17
51.5 1.958e-17
51.6 1.9632e-17
51.7 1.9684e-17
51.8 1.9736e-17
51.9 1.9788e-17
52 1.984e-17
52.1 1.9892e-17
52.2 1.9944e-17
52.3 1.9996e-17
52.4 2.0048e-17
52.5 2.01e-17
52.6 2.0152e-17
52.7 2.0204e-17
52.8 2.0256e-17
52.9 2.0308e-17
53 2.036e-17
53.1 2.0412e-17
53.2 2.0464e-17
53.3 2.0516e-17
53.4 2.0568e-17
53.5 2.062e-17
53.6 2.0672e-17
53.7 2.0724e-17
53.8 2.0776e-17
53.9 2.0828e-17
54 2.088e-17
54.1 2.0932e-17
54.2 2.0984e-17
54.3 2.1036e-17
54.4 2.1088e-17
54.5 2.114e-17
54.6 2.1192e-17
54.7 2.1244e-17
54.8 2.1296e-17
54.9 2.1348e-17
55 2.14e-17
55.1 2.1452e-17
55.2 2.1504e-17
55.3 2.1556e-17
55.4 2.1608e-17
55.5 2.166e-17
55.6 2.1712e-17
55.7 2.1764e-17
55.8 2.1816e-17
55.9 2.1868e-17
56 2.192e-17
56.1 2.1972e-17
56.2 2.2024e-17
56.3 2.2076e-17
56.4 2.2128e-17
56.5 2.218e-17
56.6 2.2232e-17
56.7 2.2284e-17
56.8 2.2336e-17
56.9 2.2388e-17
57 2.244e-17
57.1 2.2492e-17
57.2 2.2544e-17
57.3 2.2596e-17
57.4 2.2648e-17
57.5 2.27e-17
57.6 2.2752e-17
57.7 2.2804e-17
57.8 2.2856e-17
57.9 2.2908e-17
58 2.296e-17
58.1 2.3012e-17
58.2 2.3064e-17
58.3 2.3116e-17
58.4 2.3168e-17
58.5 2.322e-17
58.6 2.3272e-17
58.7 2.3324e-17
58.8 2.3376e-17
58.9 2.3428e-17
59 2.348e-17
59.1 2.3532e-17
59.2 2.3584e-17
59.3 2.3636e-17
59.4 2.3688e-17
59.5 2.374e-17
59.6 2.3792e-17
59.7 2.3844e-17
59.8 2.3896e-17
59.9 2.3948e-17
60 2.4e-17
60.1 2.415e-17
60.2 2.43e-17
60.3 2.445e-17
60.4 2.46e-17
60.5 2.475e-17
60.6 2.49e-17
60.7 2.505e-17
60.8 2.52e-17
60.9 2.535e-17
61 2.55e-17
61.1 2.565e-17
61.2 2.58e-17
61.3 2.595e-17
61.4 2.61e-17
61.5 2.625e-17
61.6 2.64e-17
61.7 2.655e-17
61.8 2.67e-17
61.9 2.685e-17
62 2.7e-17
62.1 2.71e-17
62.2 2.72e-17
62.3 2.73e-17
62.4 2.74e-17
62.5 2.75e-17
62.6 2.76e-17
62.7 2.77e-17
62.8 2.78e-17
62.9 2.79e-17
63 2.8e-17
63.1 2.81e-17
63.2 2.82e-17
63.3 2.83e-17
63.4 2.84e-17
63.5 2.85e-17
63.6 2.86e-17
63.7 2.87e-17
63.8 2.88e-17
63.9 2.89e-17
64 2.9e-17
64.1 2.91e-17
64.2 2.92e-17
64.3 2.93e-17
64.4 2.94e-17
64.5 2.95e-17
64.6 2.96e-17
64.7 2.97e-17
64.8 2.98e-17
64.9 2.99e-17
65 3e-17
65.1 3.01e-17
65.2 3.02e-17
65.3 3.03e-17
65.4 3.04e-17
65.5 3.05e-17
65.6 3.06e-17
65.7 3.07e-17
65.8 3.08e-17
65.9 3.09e-17
66 3.1e-17
66.1 3.105e-17
66.2 3.11e-17
66.3 3.115e-17
66.4 3.12e-17
66.5 3.125e-17
66.6 3.13e-17
66.7 3.135e-17
66.8 3.14e-17
66.9 3.145e-17
67 3.15e-17
67.1 3.155e-17
67.2 3.16e-17
67.3 3.165e-17
67.4 3.17e-17
67.5 3.175e-17
67.6 3.18e-17
67.7 3.185e-17
67.8 3.19e-17
67.9 3.195e-17
68 3.2e-17
68.1 3.20235294117647e-17
68.2 3.20470588235294e-17
68.3 3.20705882352941e-17
68.4 3.20941176470588e-17
68.5 3.21176470588235e-17
68.6 3.21411764705882e-17
68.7 3.21647058823529e-17
68.8 3.21882352941177e-17
68.9 3.22117647058824e-17
69 3.22352941176471e-17
69.1 3.22588235294118e-17
69.2 3.22823529411765e-17
69.3 3.23058823529412e-17
69.4 3.23294117647059e-17
69.5 3.23529411764706e-17
69.6 3.23764705882353e-17
69.7 3.24e-17
69.8 3.24333333333333e-17
69.9 3.24666666666667e-17
70 3.25e-17
70.1 3.255e-17
70.2 3.26e-17
70.3 3.265e-17
70.4 3.27e-17
70.5 3.275e-17
70.6 3.28e-17
70.7 3.285e-17
70.8 3.29e-17
70.9 3.295e-17
71 3.3e-17
71.1 3.305e-17
71.2 3.31e-17
71.3 3.315e-17
71.4 3.32e-17
71.5 3.325e-17
71.6 3.33e-17
71.7 3.335e-17
71.8 3.34e-17
71.9 3.345e-17
72 3.35e-17
72.1 3.3675e-17
72.2 3.385e-17
72.3 3.4025e-17
72.4 3.42e-17
72.5 3.4375e-17
72.6 3.455e-17
72.7 3.4725e-17
72.8 3.49e-17
72.9 3.5075e-17
73 3.525e-17
73.1 3.5425e-17
73.2 3.56e-17
73.3 3.5775e-17
73.4 3.595e-17
73.5 3.6125e-17
73.6 3.63e-17
73.7 3.6475e-17
73.8 3.665e-17
73.9 3.6825e-17
74 3.7e-17
74.1 3.7375e-17
74.2 3.775e-17
74.3 3.8125e-17
74.4 3.85e-17
74.5 3.8875e-17
74.6 3.925e-17
74.7 3.9625e-17
74.8 4e-17
74.9 4.0375e-17
75 4.075e-17
75.1 4.1125e-17
75.2 4.15e-17
75.3 4.1875e-17
75.4 4.225e-17
75.5 4.2625e-17
75.6 4.3e-17
75.7 4.3375e-17
75.8 4.375e-17
75.9 4.4125e-17
76 4.45e-17
76.1 4.47e-17
76.2 4.49e-17
76.3 4.51e-17
76.4 4.53e-17
76.5 4.55e-17
76.6 4.57e-17
76.7 4.59e-17
76.8 4.61e-17
76.9 4.63e-17
77 4.65e-17
77.1 4.67e-17
77.2 4.69e-17
77.3 4.71e-17
77.4 4.73e-17
77.5 4.75e-17
77.6 4.77e-17
77.7 4.79e-17
77.8 4.81e-17
77.9 4.83e-17
78 4.85e-17
78.1 4.85e-17
78.2 4.85e-17
78.3 4.85e-17
78.4 4.85e-17
78.5 4.85e-17
78.6 4.85e-17
78.7 4.85e-17
78.8 4.85e-17
78.9 4.85e-17
79 4.85e-17
79.1 4.85e-17
79.2 4.85e-17
79.3 4.85e-17
79.4 4.85e-17
79.5 4.85e-17
79.6 4.85e-17
79.7 4.85e-17
79.8 4.85e-17
79.9 4.85e-17
80 4.85e-17
80.1 4.84e-17
80.2 4.83e-17
80.3 4.82e-17
80.4 4.81e-17
80.5 4.8e-17
80.6 4.79e-17
80.7 4.78e-17
80.8 4.77e-17
80.9 4.76e-17
81 4.75e-17
81.1 4.74e-17
81.2 4.73e-17
81.3 4.72e-17
81.4 4.71e-17
81.5 4.7e-17
81.6 4.69e-17
81.7 4.68e-17
81.8 4.67e-17
81.9 4.66e-17
82 4.65e-17
82.1 4.5975e-17
82.2 4.545e-17
82.3 4.4925e-17
82.4 4.44e-17
82.5 4.3875e-17
82.6 4.335e-17
82.7 4.2825e-17
82.8 4.23e-17
82.9 4.1775e-17
83 4.125e-17
83.1 4.0725e-17
83.2 4.02e-17
83.3 3.9675e-17
83.4 3.915e-17
83.5 3.8625e-17
83.6 3.80999999999999e-17
83.7 3.75749999999999e-17
83.8 3.70499999999999e-17
83.9 3.65249999999999e-17
84 3.6e-17
84.1 3.58e-17
84.2 3.56e-17
84.3 3.54e-17
84.4 3.52e-17
84.5 3.5e-17
84.6 3.48e-17
84.7 3.46e-17
84.8 3.44e-17
84.9 3.42e-17
85 3.4e-17
85.1 3.38e-17
85.2 3.36e-17
85.3 3.34e-17
85.4 3.32e-17
85.5 3.3e-17
85.6 3.28e-17
85.7 3.26e-17
85.8 3.24e-17
85.9 3.22e-17
86 3.2e-17
86.1 3.2025e-17
86.2 3.205e-17
86.3 3.2075e-17
86.4 3.21e-17
86.5 3.2125e-17
86.6 3.215e-17
86.7 3.2175e-17
86.8 3.22e-17
86.9 3.2225e-17
87 3.225e-17
87.1 3.2275e-17
87.2 3.23e-17
87.3 3.2325e-17
87.4 3.235e-17
87.5 3.2375e-17
87.6 3.24e-17
87.7 3.2425e-17
87.8 3.245e-17
87.9 3.2475e-17
88 3.25e-17
88.1 3.2675e-17
88.2 3.285e-17
88.3 3.3025e-17
88.4 3.32e-17
88.5 3.3375e-17
88.6 3.355e-17
88.7 3.3725e-17
88.8 3.39e-17
88.9 3.4075e-17
89 3.425e-17
89.1 3.4425e-17
89.2 3.46e-17
89.3 3.4775e-17
89.4 3.495e-17
89.5 3.5125e-17
89.6 3.53e-17
89.7 3.5475e-17
89.8 3.565e-17
89.9 3.5825e-17
90 3.6e-17
90.1 3.615e-17
90.2 3.63e-17
90.3 3.645e-17
90.4 3.66e-17
90.5 3.675e-17
90.6 3.69e-17
90.7 3.705e-17
90.8 3.72e-17
90.9 3.735e-17
91 3.75e-17
91.1 3.765e-17
91.2 3.78e-17
91.3 3.795e-17
91.4 3.81e-17
91.5 3.825e-17
91.6 3.84e-17
91.7 3.855e-17
91.8 3.87e-17
91.9 3.885e-17
92 3.9e-17
92.1 3.89e-17
92.2 3.88e-17
92.3 3.87e-17
92.4 3.86e-17
92.5 3.85e-17
92.6 3.84e-17
92.7 3.83e-17
92.8 3.82e-17
92.9 3.81e-17
93 3.8e-17
93.1 3.79e-17
93.2 3.78e-17
93.3 3.77e-17
93.4 3.76e-17
93.5 3.75e-17
93.6 3.74e-17
93.7 3.73e-17
93.8 3.72e-17
93.9 3.71e-17
94 3.7e-17
94.1 3.6775e-17
94.2 3.655e-17
94.3 3.6325e-17
94.4 3.61e-17
94.5 3.5875e-17
94.6 3.565e-17
94.7 3.5425e-17
94.8 3.52e-17
94.9 3.4975e-17
95 3.475e-17
95.1 3.4525e-17
95.2 3.43e-17
95.3 3.4075e-17
95.4 3.385e-17
95.5 3.3625e-17
95.6 3.34e-17
95.7 3.3175e-17
95.8 3.295e-17
95.9 3.2725e-17
96 3.25e-17
96.1 3.2375e-17
96.2 3.225e-17
96.3 3.2125e-17
96.4 3.2e-17
96.5 3.1875e-17
96.6 3.175e-17
96.7 3.1625e-17
96.8 3.15e-17
96.9 3.1375e-17
97 3.125e-17
97.1 3.1125e-17
97.2 3.1e-17
97.3 3.0875e-17
97.4 3.075e-17
97.5 3.0625e-17
97.6 3.05e-17
97.7 3.0375e-17
97.8 3.025e-17
97.9 3.0125e-17
98 3e-17
98.1 2.99e-17
98.2 2.98e-17
98.3 2.97e-17
98.4 2.96e-17
98.5 2.95e-17
98.6 2.94e-17
98.7 2.93e-17
98.8 2.92e-17
98.9 2.91e-17
99 2.9e-17
99.1 2.89e-17
99.2 2.88e-17
99.3 2.87e-17
99.4 2.86e-17
99.5 2.85e-17
99.6 2.84e-17
99.7 2.83e-17
99.8 2.82e-17
99.9 2.81e-17
100 2.8e-17
100.1 2.7898e-17
100.2 2.7796e-17
100.3 2.7694e-17
100.4 2.7592e-17
100.5 2.749e-17
100.6 2.7388e-17
100.7 2.7286e-17
100.8 2.7184e-17
100.9 2.7082e-17
101 2.698e-17
101.1 2.6878e-17
101.2 2.6776e-17
101.3 2.6674e-17
101.4 2.6572e-17
101.5 2.647e-17
101.6 2.6368e-17
101.7 2.6266e-17
101.8 2.6164e-17
101.9 2.6062e-17
102 2.596e-17
102.1 2.5858e-17
102.2 2.5756e-17
102.3 2.5654e-17
102.4 2.5552e-17
102.5 2.545e-17
102.6 2.5348e-17
102.7 2.5246e-17
102.8 2.5144e-17
102.9 2.5042e-17
103 2.494e-17
103.1 2.4838e-17
103.2 2.4736e-17
103.3 2.4634e-17
103.4 2.4532e-17
103.5 2.443e-17
103.6 2.4328e-17
103.7 2.4226e-17
103.8 2.4124e-17
103.9 2.4022e-17
104 2.392e-17
104.1 2.3818e-17
104.2 2.3716e-17
104.3 2.3614e-17
104.4 2.3512e-17
104.5 2.341e-17
104.6 2.3308e-17
104.7 2.3206e-17
104.8 2.3104e-17
104.9 2.3002e-17
105 2.29e-17
105.1 2.299e-17
105.2 2.308e-17
105.3 2.317e-17
105.4 2.326e-17
105.5 2.335e-17
105.6 2.344e-17
105.7 2.353e-17
105.8 2.362e-17
105.9 2.371e-17
106 2.38e-17
106.1 2.38933333333333e-17
106.2 2.39866666666667e-17
106.3 2.408e-17
106.4 2.41733333333333e-17
106.5 2.42666666666667e-17
106.6 2.436e-17
106.7 2.44533333333333e-17
106.8 2.45466666666667e-17
106.9 2.464e-17
107 2.47333333333333e-17
107.1 2.48266666666667e-17
107.2 2.492e-17
107.3 2.50133333333333e-17
107.4 2.51066666666667e-17
107.5 2.52e-17
107.6 2.492e-17
107.7 2.464e-17
107.8 2.436e-17
107.9 2.408e-17
108 2.38e-17
108.1 2.352e-17
108.2 2.324e-17
108.3 2.296e-17
108.4 2.268e-17
108.5 2.24e-17
108.6 2.88e-17
108.7 3.51e-17
108.8 3.17499999999998e-17
108.9 2.83999999999997e-17
109 2.50499999999997e-17
109.1 2.17e-17
109.2 2.36666666666667e-17
109.3 2.56333333333335e-17
109.4 2.76e-17
109.5 2.64e-17
109.6 2.52e-17
109.7 2.39999999999999e-17
109.8 2.27999999999999e-17
109.9 2.15999999999999e-17
110 2.04e-17
110.1 1.66e-17
110.2 4.27e-17
110.3 3.93249999999998e-17
110.4 3.59499999999997e-17
110.5 3.25749999999996e-17
110.6 2.92e-17
110.7 2.766e-17
110.8 2.61199999999999e-17
110.9 2.45799999999998e-17
111 2.30399999999998e-17
111.1 2.15e-17
111.2 1.78666666666666e-17
111.3 1.42333333333331e-17
111.4 1.06e-17
111.5 1.46000000000002e-17
111.6 1.86e-17
111.7 2.66500000000002e-17
111.8 3.47000000000006e-17
111.9 4.27500000000007e-17
112 5.08e-17
112.1 2.93799999999988e-17
112.2 7.96e-18
112.3 1.68950000000005e-17
112.4 2.58300000000008e-17
112.5 3.47650000000009e-17
112.6 4.37e-17
112.7 3.30666666666666e-17
112.8 2.24333333333327e-17
112.9 1.18e-17
113 3.86666666666669e-17
113.1 6.5533333333335e-17
113.2 9.24e-17
113.3 7.07424999999988e-17
113.4 4.90849999999979e-17
113.5 2.74274999999977e-17
113.6 5.77e-18
113.7 1.0725e-17
113.8 1.56800000000002e-17
113.9 2.06350000000002e-17
114 2.55900000000002e-17
114.1 3.05450000000004e-17
114.2 3.55e-17
114.3 2.51733333333327e-17
114.4 1.48466666666658e-17
114.5 4.52e-18
114.6 7.84000000000007e-18
114.7 1.11600000000001e-17
114.8 1.44800000000002e-17
114.9 1.78e-17
115 1.68666666666667e-17
115.1 1.59333333333333e-17
115.2 1.5e-17
115.3 3.77500000000013e-17
115.4 6.05000000000022e-17
115.5 8.32500000000024e-17
115.6 1.06e-16
115.7 7.44666666666664e-17
115.8 4.29333333333314e-17
115.9 1.14e-17
116 1.054e-17
116.1 9.67999999999995e-18
116.2 8.82e-18
116.3 6.88999999999989e-18
116.4 4.95999999999983e-18
116.5 3.03e-18
116.6 7.01500000000023e-18
116.7 1.1e-17
116.8 1.017e-17
116.9 9.34e-18
117 4.13700000000018e-17
117.1 7.34e-17
117.2 5.47999999999998e-17
117.3 3.61999999999989e-17
117.4 1.76e-17
117.5 1.7e-17
117.6 1.64e-17
117.7 1.58e-17
117.8 6.29000000000027e-17
117.9 1.1e-16
118 8.8994e-17
118.1 6.79879999999995e-17
118.2 4.69819999999995e-17
118.3 2.59759999999985e-17
118.4 4.97e-18
118.5 7.42375000000001e-18
118.6 9.87750000000005e-18
118.7 1.23312500000001e-17
118.8 1.47850000000001e-17
118.9 1.72387500000001e-17
119 1.96925000000001e-17
119.1 2.21462500000002e-17
119.2 2.46e-17
119.3 2.20749999999999e-17
119.4 1.95499999999999e-17
119.5 1.70249999999998e-17
119.6 1.44999999999997e-17
119.7 1.19749999999997e-17
119.8 9.45e-18
119.9 3.82083333333336e-17
120 6.69666666666669e-17
120.1 9.57250000000008e-17
120.2 1.24483333333334e-16
120.3 1.53241666666669e-16
120.4 1.82e-16
120.5 1.56447142857142e-16
120.6 1.30894285714285e-16
120.7 1.05341428571427e-16
120.8 7.97885714285687e-17
120.9 5.4235714285711e-17
121 2.86828571428541e-17
121.1 3.13e-18
121.2 1.48640000000003e-17
121.3 2.65980000000009e-17
121.4 3.83320000000013e-17
121.5 5.00660000000013e-17
121.6 6.18e-17
121.7 4.68666666666665e-17
121.8 3.19333333333324e-17
121.9 1.7e-17
122 3.57000000000011e-17
122.1 5.44e-17
122.2 3.78499999999998e-17
122.3 2.1299999999999e-17
122.4 4.75e-18
122.5 5.39285714285715e-18
122.6 6.03571428571432e-18
122.7 6.67857142857147e-18
122.8 7.32142857142864e-18
122.9 7.9642857142858e-18
123 8.60714285714293e-18
123.1 9.25e-18
123.2 8.25599999999997e-18
123.3 7.26199999999992e-18
123.4 6.26799999999989e-18
123.5 5.27399999999989e-18
123.6 4.28e-18
123.7 1.97450000000001e-17
123.8 3.52100000000003e-17
123.9 5.06750000000004e-17
124 6.61400000000003e-17
124.1 8.16050000000006e-17
124.2 9.70700000000005e-17
124.3 1.12535000000001e-16
124.4 1.28e-16
124.5 9.59999999999997e-17
124.6 6.3999999999998e-17
124.7 3.2e-17
124.8 9.70000000000037e-17
124.9 1.62e-16
125 1.12766666666666e-16
125.1 6.35333333333303e-17
125.2 1.43e-17
125.3 1.84750000000002e-17
125.4 2.26500000000004e-17
125.5 2.68250000000004e-17
125.6 3.1e-17
125.7 2.44999999999996e-17
125.8 1.8e-17
125.9 1.788e-17
126 1.776e-17
126.1 1.764e-17
126.2 1.752e-17
126.3 1.74e-17
126.4 1.57999999999999e-17
126.5 1.41999999999999e-17
126.6 1.26e-17
126.7 1.60500000000001e-17
126.8 1.95000000000002e-17
126.9 2.29500000000003e-17
127 2.64e-17
127.1 2.69833333333334e-17
127.2 2.75666666666667e-17
127.3 2.81500000000001e-17
127.4 2.87333333333334e-17
127.5 2.93166666666667e-17
127.6 2.99e-17
127.7 3.70625e-17
127.8 4.42250000000001e-17
127.9 5.13875000000002e-17
128 5.85500000000001e-17
128.1 6.57125e-17
128.2 7.28750000000004e-17
128.3 8.00375000000006e-17
128.4 8.72e-17
128.5 6.8799999999999e-17
128.6 5.03999999999984e-17
128.7 3.2e-17
128.8 4.17000000000006e-17
128.9 5.14e-17
129 4.738e-17
129.1 4.33600000000001e-17
129.2 3.93399999999998e-17
129.3 3.53199999999997e-17
129.4 3.13e-17
129.5 3.54499999999999e-17
129.6 3.95999999999998e-17
129.7 4.37500000000001e-17
129.8 4.79e-17
129.9 4.47666666666665e-17
130 4.16333333333331e-17
130.1 3.85e-17
130.2 7.47142857142863e-17
130.3 1.10928571428572e-16
130.4 1.47142857142858e-16
130.5 1.83357142857143e-16
130.6 2.19571428571427e-16
130.7 2.55785714285716e-16
130.8 2.92e-16
130.9 2.17499999999996e-16
131 1.43e-16
131.1 1.290875e-16
131.2 1.15175e-16
131.3 1.012625e-16
131.4 8.73499999999999e-17
131.5 7.34375000000001e-17
131.6 5.95250000000006e-17
131.7 4.56124999999995e-17
131.8 3.17e-17
131.9 6.20500000000017e-17
132 9.24e-17
132.1 8.52750000000001e-17
132.2 7.81499999999997e-17
132.3 7.10249999999994e-17
132.4 6.39e-17
132.5 5.74500000000001e-17
132.6 5.10000000000003e-17
132.7 4.45499999999998e-17
132.8 3.81e-17
132.9 5.6200000000001e-17
133 7.43e-17
133.1 6.39333333333337e-17
133.2 5.35666666666663e-17
133.3 4.32e-17
133.4 1.1256e-16
133.5 1.81919999999999e-16
133.6 2.51279999999997e-16
133.7 3.20640000000002e-16
133.8 3.9e-16
133.9 2.54999999999992e-16
134 1.2e-16
134.1 1.06675e-16
134.2 9.33499999999999e-17
134.3 8.00249999999998e-17
134.4 6.66999999999999e-17
134.5 5.33750000000001e-17
134.6 4.00500000000006e-17
134.7 2.67249999999995e-17
134.8 1.34e-17
134.9 2.03750000000004e-17
135 2.73500000000007e-17
135.1 3.43250000000007e-17
135.2 4.13e-17
135.3 3.62771428571428e-17
135.4 3.12542857142856e-17
135.5 2.62314285714285e-17
135.6 2.12085714285714e-17
135.7 1.6185714285714e-17
135.8 1.11628571428567e-17
135.9 6.14e-18
136 1.10600000000003e-17
136.1 1.59800000000004e-17
136.2 2.09e-17
136.3 1.70974999999998e-17
136.4 1.32949999999996e-17
136.5 9.4924999999996e-18
136.6 5.69e-18
136.7 5.47625e-18
136.8 5.26249999999999e-18
136.9 5.04874999999999e-18
137 4.83499999999999e-18
137.1 4.62125e-18
137.2 4.40749999999999e-18
137.3 4.19374999999998e-18
137.4 3.98e-18
137.5 4.055e-18
137.6 4.13e-18
137.7 4.205e-18
137.8 4.28e-18
137.9 4.134e-18
138 3.988e-18
138.1 3.842e-18
138.2 3.696e-18
138.3 3.55e-18
138.4 3.404e-18
138.5 3.258e-18
138.6 3.11200000000001e-18
138.7 2.96599999999999e-18
138.8 2.82e-18
138.9 2.82e-18
139 2.82e-18
139.1 2.82e-18
139.2 2.82e-18
139.3 2.82e-18
139.4 2.82e-18
139.5 2.82e-18
139.6 2.82e-18
139.7 2.82e-18
139.8 3.55200000000004e-18
139.9 4.28400000000007e-18
140 5.01600000000009e-18
140.1 5.74800000000009e-18
140.2 6.48e-18
140.3 5.94428571428571e-18
140.4 5.40857142857142e-18
140.5 4.87285714285713e-18
140.6 4.33714285714286e-18
140.7 3.80142857142854e-18
140.8 3.26571428571424e-18
140.9 2.73e-18
141 2.76105263157895e-18
141.1 2.79210526315789e-18
141.2 2.82315789473684e-18
141.3 2.85421052631579e-18
141.4 2.88526315789474e-18
141.5 2.91631578947368e-18
141.6 2.94736842105263e-18
141.7 2.97842105263158e-18
141.8 3.00947368421053e-18
141.9 3.04052631578947e-18
142 3.07157894736842e-18
142.1 3.10263157894737e-18
142.2 3.13368421052632e-18
142.3 3.16473684210526e-18
142.4 3.19578947368421e-18
142.5 3.22684210526316e-18
142.6 3.2578947368421e-18
142.7 3.28894736842105e-18
142.8 3.32e-18
142.9 5.008e-18
143 6.69599999999999e-18
143.1 8.38399999999997e-18
143.2 1.0072e-17
143.3 1.176e-17
143.4 1.3448e-17
143.5 1.5136e-17
143.6 1.68239999999999e-17
143.7 1.85120000000001e-17
143.8 2.02e-17
143.9 1.80033333333333e-17
144 1.58066666666666e-17
144.1 1.361e-17
144.2 1.14133333333332e-17
144.3 9.21666666666648e-18
144.4 7.02e-18
144.5 6.95411764705882e-18
144.6 6.88823529411765e-18
144.7 6.82235294117647e-18
144.8 6.75647058823529e-18
144.9 6.69058823529411e-18
145 6.62470588235294e-18
145.1 6.55882352941176e-18
145.2 6.49294117647058e-18
145.3 6.42705882352941e-18
145.4 6.36117647058823e-18
145.5 6.29529411764705e-18
145.6 6.22941176470588e-18
145.7 6.1635294117647e-18
145.8 6.09764705882352e-18
145.9 6.03176470588234e-18
146 5.96588235294117e-18
146.1 5.9e-18
146.2 9.14705882352943e-18
146.3 1.23941176470589e-17
146.4 1.56411764705883e-17
146.5 1.88882352941177e-17
146.6 2.2135294117647e-17
146.7 2.53823529411765e-17
146.8 2.86294117647059e-17
146.9 3.18764705882353e-17
147 3.51235294117647e-17
147.1 3.83705882352941e-17
147.2 4.16176470588235e-17
147.3 4.4864705882353e-17
147.4 4.81117647058824e-17
147.5 5.13588235294117e-17
147.6 5.4605882352941e-17
147.7 5.78529411764707e-17
147.8 6.11e-17
147.9 5.64e-17
148 5.17e-17
148.1 4.70000000000001e-17
148.2 4.23e-17
148.3 3.76e-17
148.4 3.29e-17
148.5 2.82e-17
148.6 2.35000000000002e-17
148.7 1.87999999999998e-17
148.8 1.41e-17
148.9 1.382375e-17
149 1.35475e-17
149.1 1.327125e-17
149.2 1.2995e-17
149.3 1.271875e-17
149.4 1.24425e-17
149.5 1.216625e-17
149.6 1.189e-17
149.7 1.161375e-17
149.8 1.13375e-17
149.9 1.106125e-17
150 1.0785e-17
150.1 1.050875e-17
150.2 1.02325e-17
150.3 9.95624999999998e-18
150.4 9.68e-18
150.5 3.54500000000001e-17
150.6 6.12200000000001e-17
150.7 8.69900000000005e-17
150.8 1.12760000000001e-16
150.9 1.38530000000001e-16
151 1.64300000000001e-16
151.1 1.90070000000001e-16
151.2 2.15840000000001e-16
151.3 2.41610000000002e-16
151.4 2.67380000000002e-16
151.5 2.93150000000002e-16
151.6 3.18920000000002e-16
151.7 3.44690000000003e-16
151.8 3.70460000000003e-16
151.9 3.96230000000003e-16
152 4.22e-16
152.1 3.75501111111111e-16
152.2 3.29002222222221e-16
152.3 2.82503333333332e-16
152.4 2.36004444444443e-16
152.5 1.89505555555554e-16
152.6 1.43006666666666e-16
152.7 9.6507777777775e-17
152.8 5.00088888888848e-17
152.9 3.51e-18
153 3.36847619047619e-18
153.1 3.22695238095238e-18
153.2 3.08542857142857e-18
153.3 2.94390476190476e-18
153.4 2.80238095238095e-18
153.5 2.66085714285714e-18
153.6 2.51933333333333e-18
153.7 2.37780952380952e-18
153.8 2.2362857142857e-18
153.9 2.09476190476189e-18
154 1.95323809523809e-18
154.1 1.81171428571427e-18
154.2 1.67019047619046e-18
154.3 1.52866666666665e-18
154.4 1.38714285714284e-18
154.5 1.24561904761903e-18
154.6 1.10409523809522e-18
154.7 9.62571428571405e-19
154.8 8.21047619047596e-19
154.9 6.7952380952379e-19
155 5.38e-19
155.1 5.58e-19
155.2 5.5275e-19
155.3 5.475e-19
155.4 5.4225e-19
155.5 5.37e-19
155.6 5.3175e-19
155.7 5.265e-19
155.8 5.2125e-19
155.9 5.16e-19
156 5.1075e-19
156.1 5.055e-19
156.2 5.0025e-19
156.3 4.95e-19
156.4 5.04461538461539e-19
156.5 5.13923076923077e-19
156.6 5.23384615384616e-19
156.7 5.32846153846155e-19
156.8 5.42307692307693e-19
156.9 5.51769230769232e-19
157 5.6123076923077e-19
157.1 5.70692307692309e-19
157.2 5.80153846153848e-19
157.3 5.89615384615386e-19
157.4 5.99076923076925e-19
157.5 6.08538461538463e-19
157.6 6.18e-19
157.7 6.03666666666666e-19
157.8 5.89333333333332e-19
157.9 5.74999999999998e-19
158 5.60666666666665e-19
158.1 5.46333333333329e-19
158.2 5.32e-19
158.3 5.52222222222223e-19
158.4 5.72444444444445e-19
158.5 5.92666666666668e-19
158.6 6.12888888888891e-19
158.7 6.33111111111114e-19
158.8 6.53333333333337e-19
158.9 6.73555555555559e-19
159 6.93777777777781e-19
159.1 7.14e-19
159.2 6.92285714285714e-19
159.3 6.70571428571428e-19
159.4 6.48857142857143e-19
159.5 6.27142857142857e-19
159.6 6.0542857142857e-19
159.7 5.83714285714284e-19
159.8 5.62e-19
159.9 5.914e-19
160 6.208e-19
160.1 6.502e-19
160.2 6.79600000000001e-19
160.3 7.09000000000001e-19
160.4 7.38400000000001e-19
160.5 7.678e-19
160.6 7.97200000000002e-19
160.7 8.26600000000003e-19
160.8 8.56e-19
160.9 8.3975e-19
161 8.23499999999999e-19
161.1 8.07249999999999e-19
161.2 7.90999999999998e-19
161.3 7.74749999999997e-19
161.4 7.58499999999997e-19
161.5 7.42249999999998e-19
161.6 7.26e-19
161.7 7.45357142857143e-19
161.8 7.64714285714286e-19
161.9 7.84071428571429e-19
162 8.03428571428572e-19
162.1 8.22785714285715e-19
162.2 8.42142857142859e-19
162.3 8.61500000000002e-19
162.4 8.80857142857145e-19
162.5 9.00214285714287e-19
162.6 9.19571428571431e-19
162.7 9.38928571428574e-19
162.8 9.58285714285717e-19
162.9 9.7764285714286e-19
163 9.97e-19
163.1 9.66374999999999e-19
163.2 9.35749999999999e-19
163.3 9.05124999999999e-19
163.4 8.74499999999999e-19
163.5 8.43875e-19
163.6 8.13249999999998e-19
163.7 7.82624999999997e-19
163.8 7.52e-19
163.9 7.86833333333334e-19
164 8.21666666666667e-19
164.1 8.56500000000001e-19
164.2 8.91333333333335e-19
164.3 9.26166666666669e-19
164.4 9.61000000000003e-19
164.5 9.95833333333336e-19
164.6 1.03066666666667e-18
164.7 1.06550000000001e-18
164.8 1.10033333333334e-18
164.9 1.13516666666667e-18
165 1.17e-18
165.1 1.131e-18
165.2 1.092e-18
165.3 1.05299999999999e-18
165.4 1.01399999999999e-18
165.5 9.74999999999993e-19
165.6 9.35999999999989e-19
165.7 8.97e-19
165.8 9.49090909090909e-19
165.9 1.00118181818182e-18
166 1.05327272727273e-18
166.1 1.10536363636364e-18
166.2 1.15745454545455e-18
166.3 1.20954545454546e-18
166.4 1.26163636363637e-18
166.5 1.31372727272727e-18
166.6 1.36581818181819e-18
166.7 1.4179090909091e-18
166.8 1.47e-18
166.9 1.4168e-18
167 1.3636e-18
167.1 1.3104e-18
167.2 1.2572e-18
167.3 1.204e-18
167.4 1.1508e-18
167.5 1.0976e-18
167.6 1.0444e-18
167.7 9.91199999999995e-19
167.8 9.38e-19
167.9 1.04075e-18
168 1.1435e-18
168.1 1.24625000000001e-18
168.2 1.34900000000001e-18
168.3 1.45175000000002e-18
168.4 1.55450000000002e-18
168.5 1.65725000000001e-18
168.6 1.76e-18
168.7 1.652625e-18
168.8 1.54525e-18
168.9 1.437875e-18
169 1.3305e-18
169.1 1.22312499999999e-18
169.2 1.11574999999999e-18
169.3 1.00837499999999e-18
169.4 9.01e-19
169.5 9.14e-19
169.6 9.27000000000001e-19
169.7 9.40000000000001e-19
169.8 9.53000000000002e-19
169.9 9.66000000000001e-19
170 9.79e-19
170.1 1.08485714285715e-18
170.2 1.1907142857143e-18
170.3 1.29657142857144e-18
170.4 1.40242857142859e-18
170.5 1.50828571428573e-18
170.6 1.61414285714289e-18
170.7 1.72e-18
170.8 1.64285714285714e-18
170.9 1.56571428571428e-18
171 1.48857142857143e-18
171.1 1.41142857142857e-18
171.2 1.33428571428571e-18
171.3 1.25714285714285e-18
171.4 1.18e-18
171.5 1.131e-18
171.6 1.082e-18
171.7 1.03299999999999e-18
171.8 9.83999999999994e-19
171.9 9.34999999999994e-19
172 8.86e-19
172.1 9.85250000000002e-19
172.2 1.0845e-18
172.3 1.18375e-18
172.4 1.283e-18
172.5 1.38225e-18
172.6 1.48150000000001e-18
172.7 1.58075000000001e-18
172.8 1.68e-18
172.9 1.61407692307692e-18
173 1.54815384615384e-18
173.1 1.48223076923077e-18
173.2 1.41630769230769e-18
173.3 1.35038461538461e-18
173.4 1.28446153846153e-18
173.5 1.21853846153845e-18
173.6 1.15261538461538e-18
173.7 1.0866923076923e-18
173.8 1.02076923076922e-18
173.9 9.54846153846142e-19
174 8.88923076923067e-19
174.1 8.23e-19
174.2 8.97625000000002e-19
174.3 9.72250000000003e-19
174.4 1.046875e-18
174.5 1.1215e-18
174.6 1.19612500000001e-18
174.7 1.27075000000001e-18
174.8 1.34537500000001e-18
174.9 1.42e-18
175 1.45666666666667e-18
175.1 1.49333333333334e-18
175.2 1.53e-18
175.3 1.56666666666667e-18
175.4 1.60333333333334e-18
175.5 1.64e-18
175.6 1.556e-18
175.7 1.472e-18
175.8 1.38799999999999e-18
175.9 1.30399999999999e-18
176 1.21999999999999e-18
176.1 1.13599999999999e-18
176.2 1.05199999999999e-18
176.3 9.67999999999987e-19
176.4 8.83999999999989e-19
176.5 8e-19
176.6 8.68333333333337e-19
176.7 9.36666666666674e-19
176.8 1.00500000000001e-18
176.9 1.07333333333334e-18
177 1.14166666666668e-18
177.1 1.21e-18
177.2 1.264e-18
177.3 1.31800000000001e-18
177.4 1.37200000000001e-18
177.5 1.42600000000001e-18
177.6 1.48e-18
177.7 1.39366666666666e-18
177.8 1.30733333333333e-18
177.9 1.221e-18
178 1.13466666666666e-18
178.1 1.04833333333332e-18
178.2 9.61999999999989e-19
178.3 8.75666666666654e-19
178.4 7.89333333333322e-19
178.5 7.03e-19
178.6 7.23500000000001e-19
178.7 7.44000000000002e-19
178.8 7.64500000000002e-19
178.9 7.85e-19
179 7.665e-19
179.1 7.47999999999999e-19
179.2 7.29499999999999e-19
179.3 7.11e-19
179.4 7.58666666666668e-19
179.5 8.06333333333335e-19
179.6 8.54000000000004e-19
179.7 9.01666666666673e-19
179.8 9.49333333333341e-19
179.9 9.97000000000008e-19
180 1.04466666666667e-18
180.1 1.09233333333335e-18
180.2 1.14e-18
180.3 1.06133333333333e-18
180.4 9.82666666666663e-19
180.5 9.03999999999996e-19
180.6 8.25333333333325e-19
180.7 7.46666666666656e-19
180.8 6.67999999999987e-19
180.9 5.8933333333332e-19
181 5.10666666666656e-19
181.1 4.32e-19
181.2 4.62076923076923e-19
181.3 4.92153846153847e-19
181.4 5.2223076923077e-19
181.5 5.52307692307693e-19
181.6 5.82384615384617e-19
181.7 6.1246153846154e-19
181.8 6.42538461538464e-19
181.9 6.72615384615387e-19
182 7.02692307692309e-19
182.1 7.32769230769234e-19
182.2 7.62846153846157e-19
182.3 7.9292307692308e-19
182.4 8.23e-19
182.5 7.18750000000001e-19
182.6 6.14499999999995e-19
182.7 5.10249999999992e-19
182.8 4.06e-19
182.9 4.24125e-19
183 4.42250000000001e-19
183.1 4.60375000000002e-19
183.2 4.78500000000002e-19
183.3 4.96625000000003e-19
183.4 5.14750000000003e-19
183.5 5.32875000000002e-19
183.6 5.51e-19
183.7 4.36999999999994e-19
183.8 3.23e-19
183.9 3.29833333333333e-19
184 3.36666666666667e-19
184.1 3.435e-19
184.2 3.50333333333334e-19
184.3 3.57166666666667e-19
184.4 3.64e-19
184.5 5.50500000000011e-19
184.6 7.37e-19
184.7 6.42999999999995e-19
184.8 5.48999999999991e-19
184.9 4.54999999999988e-19
185 3.60999999999989e-19
185.1 2.67e-19
185.2 2.68142857142857e-19
185.3 2.69285714285714e-19
185.4 2.70428571428571e-19
185.5 2.71571428571429e-19
185.6 2.72714285714286e-19
185.7 2.73857142857143e-19
185.8 2.75e-19
185.9 3.198e-19
186 3.64599999999999e-19
186.1 4.09400000000002e-19
186.2 4.54200000000004e-19
186.3 4.99e-19
186.4 4.422e-19
186.5 3.85400000000001e-19
186.6 3.28599999999997e-19
186.7 2.71799999999995e-19
186.8 2.15e-19
186.9 2.13666666666667e-19
187 2.12333333333333e-19
187.1 2.11e-19
187.2 2.09666666666667e-19
187.3 2.08333333333333e-19
187.4 2.07e-19
187.5 2.195e-19
187.6 2.32000000000001e-19
187.7 2.44500000000001e-19
187.8 2.57000000000002e-19
187.9 2.69500000000002e-19
188 2.82e-19
188.1 2.49999999999998e-19
188.2 2.17999999999997e-19
188.3 1.85999999999996e-19
188.4 1.53999999999996e-19
188.5 1.22e-19
188.6 1.31200000000001e-19
188.7 1.40400000000001e-19
188.8 1.49600000000001e-19
188.9 1.58800000000001e-19
189 1.68e-19
189.1 2.2466666666667e-19
189.2 2.81333333333338e-19
189.3 3.38e-19
189.4 3.03485714285714e-19
189.5 2.68971428571428e-19
189.6 2.3445714285714e-19
189.7 1.99942857142853e-19
189.8 1.65428571428567e-19
189.9 1.30914285714281e-19
190 9.64e-20
190.1 9.94857142857145e-20
190.2 1.02571428571429e-19
190.3 1.05657142857143e-19
190.4 1.08742857142858e-19
190.5 1.11828571428572e-19
190.6 1.14914285714287e-19
190.7 1.18e-19
190.8 1.65250000000003e-19
190.9 2.12500000000004e-19
191 2.59750000000005e-19
191.1 3.07e-19
191.2 2.75428571428571e-19
191.3 2.43857142857142e-19
191.4 2.12285714285714e-19
191.5 1.80714285714286e-19
191.6 1.49142857142855e-19
191.7 1.17571428571426e-19
191.8 8.6e-20
191.9 8.9e-20
192 9.2e-20
192.1 9.50000000000002e-20
192.2 9.80000000000003e-20
192.3 1.01e-19
192.4 1.04e-19
192.5 1.37333333333335e-19
192.6 1.70666666666674e-19
192.7 2.04e-19
192.8 1.90555555555555e-19
192.9 1.77111111111111e-19
193 1.63666666666666e-19
193.1 1.50222222222221e-19
193.2 1.36777777777776e-19
193.3 1.23333333333331e-19
193.4 1.09888888888887e-19
193.5 9.64444444444426e-20
193.6 8.3e-20
193.7 1.04700000000001e-19
193.8 1.26400000000001e-19
193.9 1.48100000000001e-19
194 1.69800000000002e-19
194.1 1.91500000000003e-19
194.2 2.13200000000003e-19
194.3 2.34900000000004e-19
194.4 2.56600000000004e-19
194.5 2.78300000000003e-19
194.6 3e-19
194.7 2.58239999999998e-19
194.8 2.16479999999996e-19
194.9 1.74719999999995e-19
195 1.32959999999995e-19
195.1 9.12e-20
195.2 8.88571428571428e-20
195.3 8.65142857142857e-20
195.4 8.41714285714285e-20
195.5 8.18285714285714e-20
195.6 7.94857142857142e-20
195.7 7.71428571428569e-20
195.8 7.48e-20
195.9 1.0144e-19
196 1.2808e-19
196.1 1.54720000000001e-19
196.2 1.81360000000002e-19
196.3 2.08e-19
196.4 1.905125e-19
196.5 1.73024999999999e-19
196.6 1.55537499999999e-19
196.7 1.38049999999998e-19
196.8 1.20562499999997e-19
196.9 1.03074999999997e-19
197 8.55874999999976e-20
197.1 6.81e-20
197.2 8.27333333333342e-20
197.3 9.73666666666679e-20
197.4 1.12e-19
197.5 9.98250000000002e-20
197.6 8.76499999999994e-20
197.7 7.5474999999999e-20
197.8 6.33e-20
197.9 8.18666666666677e-20
198 1.00433333333335e-19
198.1 1.19e-19
198.2 1.12233333333333e-19
198.3 1.05466666666666e-19
198.4 9.86999999999997e-20
198.5 9.1933333333333e-20
198.6 8.5166666666666e-20
198.7 7.83999999999991e-20
198.8 7.16333333333324e-20
198.9 6.48666666666658e-20
199 5.81e-20
199.1 6.66900000000002e-20
199.2 7.52800000000004e-20
199.3 8.38700000000006e-20
199.4 9.24600000000006e-20
199.5 1.01050000000001e-19
199.6 1.09640000000001e-19
199.7 1.18230000000001e-19
199.8 1.26820000000001e-19
199.9 1.35410000000001e-19
200 1.44e-19
200.1 1.34290909090909e-19
200.2 1.24581818181818e-19
200.3 1.14872727272727e-19
200.4 1.05163636363636e-19
200.5 9.54545454545446e-20
200.6 8.57454545454532e-20
200.7 7.6036363636362e-20
200.8 6.6327272727271e-20
200.9 5.66181818181801e-20
201 4.69090909090895e-20
201.1 3.72e-20
