0 1e-21
0.1 1e-21
0.2 1.24601769911504e-20
0.3 2.39203539823009e-20
0.4 3.53805309734513e-20
0.5 4.68407079646018e-20
0.6 5.83008849557522e-20
0.7 6.97610619469026e-20
0.8 8.12212389380531e-20
0.9 9.26814159292035e-20
1 1.04141592920354e-19
1.1 1.15601769911504e-19
1.2 1.27061946902655e-19
1.3 1.38522123893805e-19
1.4 1.49982300884956e-19
1.5 1.61442477876106e-19
1.6 1.72902654867257e-19
1.7 1.84362831858407e-19
1.8 1.95823008849557e-19
1.9 2.07283185840708e-19
2 2.18743362831858e-19
2.1 2.30203539823009e-19
2.2 2.41663716814159e-19
2.3 2.5312389380531e-19
2.4 2.6e-19
2.5 2.95526315789474e-19
2.6 3.31052631578947e-19
2.7 3.66578947368421e-19
2.8 4.02105263157895e-19
2.9 4.37631578947368e-19
3 4.73157894736842e-19
3.1 5.08684210526316e-19
3.2 5.3e-19
3.3 5.9025641025641e-19
3.4 6.50512820512821e-19
3.5 7.10769230769231e-19
3.6 7.71025641025641e-19
3.7 8.31282051282052e-19
3.8 8.91538461538462e-19
3.9 9.51794871794872e-19
4 1.64362934362935e-19
4.1 5.84969254969256e-19
4.2 1.00557557557558e-18
4.3 1.3e-18
4.4 1.2425e-18
4.5 1.185e-18
4.6 1.1275e-18
4.7 1.07e-18
4.8 1.0125e-18
4.9 9.55e-19
5 8.97499999999999e-19
5.1 8.39999999999999e-19
5.2 7.82499999999999e-19
5.3 7.25e-19
5.4 6.675e-19
5.5 6.1e-19
5.6 5.525e-19
5.7 4.95e-19
5.8 4.375e-19
5.9 3.79999999999999e-19
6 3.225e-19
6.1 2.64999999999999e-19
6.2 2.075e-19
6.3 1.5e-19
6.4 1.55945945945946e-19
6.5 1.61891891891892e-19
6.6 1.67837837837838e-19
6.7 1.73783783783784e-19
6.8 1.7972972972973e-19
6.9 1.85675675675676e-19
7 1.91621621621622e-19
7.1 1.97567567567568e-19
7.2 2.03513513513513e-19
7.3 2.09459459459459e-19
7.4 2.15405405405405e-19
7.5 2.21351351351351e-19
7.6 2.27297297297297e-19
7.7 2.33243243243243e-19
7.8 2.39189189189189e-19
7.9 2.45135135135135e-19
8 2.51081081081081e-19
8.1 2.57027027027027e-19
8.2 2.62972972972973e-19
8.3 2.68918918918919e-19
8.4 2.74864864864865e-19
8.5 2.80810810810811e-19
8.6 2.86756756756757e-19
8.7 2.92702702702703e-19
8.8 2.98648648648649e-19
8.9 3.04594594594594e-19
9 3.1054054054054e-19
9.1 3.16486486486486e-19
9.2 3.22432432432432e-19
9.3 3.28378378378378e-19
9.4 3.34324324324324e-19
9.5 3.4027027027027e-19
9.6 3.46216216216216e-19
9.7 3.52162162162162e-19
9.8 3.58108108108108e-19
9.9 3.64054054054054e-19
10 3.7e-19
10.1 3.86034482758621e-19
10.2 4.02068965517241e-19
10.3 4.18103448275862e-19
10.4 4.34137931034483e-19
10.5 4.50172413793103e-19
10.6 4.66206896551724e-19
10.7 4.82241379310345e-19
10.8 4.98275862068965e-19
10.9 5.14310344827586e-19
11 5.30344827586207e-19
11.1 5.46379310344828e-19
11.2 5.62413793103448e-19
11.3 5.78448275862069e-19
11.4 5.9448275862069e-19
11.5 6.1051724137931e-19
11.6 6.26551724137931e-19
11.7 6.42586206896552e-19
11.8 6.58620689655172e-19
11.9 6.74655172413793e-19
12 6.90689655172414e-19
12.1 7.06724137931034e-19
12.2 7.22758620689655e-19
12.3 7.38793103448276e-19
12.4 7.54827586206896e-19
12.5 7.70862068965517e-19
12.6 7.86896551724138e-19
12.7 8.02931034482758e-19
12.8 8.18965517241379e-19
12.9 8.35e-19
13 8.5103448275862e-19
13.1 8.67068965517241e-19
13.2 8.83103448275862e-19
13.3 8.99137931034483e-19
13.4 9.15172413793103e-19
13.5 9.31206896551724e-19
13.6 9.47241379310345e-19
13.7 9.63275862068965e-19
13.8 9.79310344827586e-19
13.9 9.95344827586207e-19
14 1.01137931034483e-18
14.1 1.02741379310345e-18
14.2 1.04344827586207e-18
14.3 1.05948275862069e-18
14.4 1.07551724137931e-18
14.5 1.09155172413793e-18
14.6 1.10758620689655e-18
14.7 1.12362068965517e-18
14.8 1.13965517241379e-18
14.9 1.15568965517241e-18
15 1.17172413793103e-18
15.1 1.18775862068965e-18
15.2 1.20379310344828e-18
15.3 1.2198275862069e-18
15.4 1.23586206896552e-18
15.5 1.25189655172414e-18
15.6 1.26793103448276e-18
15.7 1.28396551724138e-18
15.8 1.3e-18
15.9 1.32608695652174e-18
16 1.35217391304348e-18
16.1 1.37826086956522e-18
16.2 1.40434782608696e-18
16.3 1.4304347826087e-18
16.4 1.45652173913044e-18
16.5 1.48260869565217e-18
16.6 1.50869565217391e-18
16.7 1.53478260869565e-18
16.8 1.56086956521739e-18
16.9 1.58695652173913e-18
17 1.61304347826087e-18
17.1 1.63913043478261e-18
17.2 1.66521739130435e-18
17.3 1.69130434782609e-18
17.4 1.71739130434783e-18
17.5 1.74347826086957e-18
17.6 1.7695652173913e-18
17.7 1.79565217391304e-18
17.8 1.82173913043478e-18
17.9 1.84782608695652e-18
18 1.87391304347826e-18
18.1 1.9e-18
18.2 1.92608695652174e-18
18.3 1.95217391304348e-18
18.4 1.97826086956522e-18
18.5 2.00434782608696e-18
18.6 2.03043478260869e-18
18.7 2.05652173913043e-18
18.8 2.08260869565217e-18
18.9 2.10869565217391e-18
19 2.13478260869565e-18
19.1 2.16086956521739e-18
19.2 2.18695652173913e-18
19.3 2.21304347826087e-18
19.4 2.23913043478261e-18
19.5 2.26521739130435e-18
19.6 2.29130434782608e-18
19.7 2.31739130434782e-18
19.8 2.34347826086956e-18
19.9 2.3695652173913e-18
20 2.39565217391304e-18
20.1 2.42173913043478e-18
20.2 2.44782608695652e-18
20.3 2.47391304347826e-18
20.4 2.5e-18
20.5 2.52608695652174e-18
20.6 2.55217391304348e-18
20.7 2.57826086956522e-18
20.8 2.60434782608695e-18
20.9 2.63043478260869e-18
21 2.65652173913043e-18
21.1 2.68260869565217e-18
21.2 2.70869565217391e-18
21.3 2.73478260869565e-18
21.4 2.76086956521739e-18
21.5 2.78695652173913e-18
21.6 2.81304347826087e-18
21.7 2.83913043478261e-18
21.8 2.86521739130435e-18
21.9 2.89130434782609e-18
22 2.91739130434782e-18
22.1 2.94347826086956e-18
22.2 2.9695652173913e-18
22.3 2.99565217391304e-18
22.4 3.02173913043478e-18
22.5 3.04782608695652e-18
22.6 3.07391304347826e-18
22.7 3.1e-18
22.8 3.12608695652174e-18
22.9 3.15217391304348e-18
23 3.17826086956522e-18
23.1 3.20434782608696e-18
23.2 3.2304347826087e-18
23.3 3.25652173913043e-18
23.4 3.28260869565217e-18
23.5 3.30869565217391e-18
23.6 3.33478260869565e-18
23.7 3.36086956521739e-18
23.8 3.38695652173913e-18
23.9 3.41304347826087e-18
24 3.43913043478261e-18
24.1 3.46521739130435e-18
24.2 3.49130434782609e-18
24.3 3.51739130434783e-18
24.4 3.54347826086956e-18
24.5 3.5695652173913e-18
24.6 3.59565217391304e-18
24.7 3.62173913043478e-18
24.8 3.64782608695652e-18
24.9 3.67391304347826e-18
25 3.7e-18
25.1 3.71071428571429e-18
25.2 3.72142857142857e-18
25.3 3.73214285714286e-18
25.4 3.74285714285714e-18
25.5 3.75357142857143e-18
25.6 3.76428571428572e-18
25.7 3.775e-18
25.8 3.78571428571429e-18
25.9 3.79642857142857e-18
26 3.80714285714286e-18
26.1 3.81785714285714e-18
26.2 3.82857142857143e-18
26.3 3.83928571428572e-18
26.4 3.85e-18
26.5 3.86071428571429e-18
26.6 3.87142857142857e-18
26.7 3.88214285714286e-18
26.8 3.89285714285714e-18
26.9 3.90357142857143e-18
27 3.91428571428572e-18
27.1 3.925e-18
27.2 3.93571428571429e-18
27.3 3.94642857142857e-18
27.4 3.95714285714286e-18
27.5 3.96785714285714e-18
27.6 3.97857142857143e-18
27.7 3.98928571428572e-18
27.8 4e-18
27.9 4e-18
28 4e-18
28.1 4e-18
28.2 4e-18
28.3 4e-18
28.4 4e-18
28.5 4e-18
28.6 4e-18
28.7 4e-18
28.8 4e-18
28.9 4e-18
29 4e-18
29.1 4e-18
29.2 4e-18
29.3 4e-18
29.4 4e-18
29.5 4e-18
29.6 4e-18
29.7 4e-18
29.8 4e-18
29.9 4e-18
30 4e-18
30.1 4e-18
30.2 4e-18
30.3 4e-18
30.4 4e-18
30.5 4.14154411764706e-18
30.6 4.28308823529412e-18
30.7 4.42463235294118e-18
30.8 4.56617647058824e-18
30.9 4.70772058823529e-18
31 4.84926470588235e-18
31.1 4.99080882352941e-18
31.2 5.13235294117647e-18
31.3 5.27389705882353e-18
31.4 5.41544117647059e-18
31.5 5.55698529411765e-18
31.6 5.69852941176471e-18
31.7 5.84007352941177e-18
31.8 5.98161764705882e-18
31.9 6.12316176470588e-18
32 6.26470588235294e-18
32.1 6.40625e-18
32.2 6.54779411764706e-18
32.3 6.68933823529412e-18
32.4 6.83088235294118e-18
32.5 6.97242647058824e-18
32.6 7.1139705882353e-18
32.7 7.25551470588236e-18
32.8 7.39705882352942e-18
32.9 7.53860294117647e-18
33 7.68014705882353e-18
33.1 7.82169117647059e-18
33.2 7.96323529411765e-18
33.3 8.10477941176471e-18
33.4 8.24632352941177e-18
33.5 8.38786764705883e-18
33.6 8.52941176470589e-18
33.7 8.67095588235294e-18
33.8 8.8125e-18
33.9 8.95404411764706e-18
34 9.09558823529412e-18
34.1 9.23713235294118e-18
34.2 9.37867647058824e-18
34.3 9.5202205882353e-18
34.4 9.66176470588236e-18
34.5 9.80330882352942e-18
34.6 9.94485294117647e-18
34.7 1.00863970588235e-17
34.8 1.02279411764706e-17
34.9 1.03694852941177e-17
35 1.05110294117647e-17
35.1 1.06525735294118e-17
35.2 1.07941176470588e-17
35.3 1.09356617647059e-17
35.4 1.10772058823529e-17
35.5 1.121875e-17
35.6 1.13602941176471e-17
35.7 1.15018382352941e-17
35.8 1.17e-17
35.9 1.132e-17
36 1.094e-17
36.1 1.056e-17
36.2 1.018e-17
36.3 9.8e-18
36.4 1.01e-17
36.5 1.04e-17
36.6 1.07e-17
36.7 1.1e-17
36.8 1.13e-17
36.9 1.16e-17
37 1.19e-17
37.1 1.22e-17
37.2 1.25e-17
37.3 1.28e-17
37.4 1.31e-17
37.5 1.31825892857143e-17
37.6 1.32651785714286e-17
37.7 1.33477678571429e-17
37.8 1.34303571428571e-17
37.9 1.35129464285714e-17
38 1.35955357142857e-17
38.1 1.3678125e-17
38.2 1.37607142857143e-17
38.3 1.38433035714286e-17
38.4 1.39258928571429e-17
38.5 1.40084821428571e-17
38.6 1.40910714285714e-17
38.7 1.41736607142857e-17
38.8 1.425625e-17
38.9 1.43388392857143e-17
39 1.44214285714286e-17
39.1 1.45040178571429e-17
39.2 1.45866071428571e-17
39.3 1.46691964285714e-17
39.4 1.47517857142857e-17
39.5 1.4834375e-17
39.6 1.49169642857143e-17
39.7 1.49995535714286e-17
39.8 1.50821428571429e-17
39.9 1.51647321428571e-17
40 1.52473214285714e-17
40.1 1.53299107142857e-17
40.2 1.54125e-17
40.3 1.54950892857143e-17
40.4 1.55776785714286e-17
40.5 1.56602678571429e-17
40.6 1.57428571428571e-17
40.7 1.58254464285714e-17
40.8 1.59080357142857e-17
40.9 1.5990625e-17
41 1.60732142857143e-17
41.1 1.61558035714286e-17
41.2 1.62383928571429e-17
41.3 1.63209821428571e-17
41.4 1.64035714285714e-17
41.5 1.64861607142857e-17
41.6 1.656875e-17
41.7 1.66513392857143e-17
41.8 1.67339285714286e-17
41.9 1.68e-17
42 1.67533333333333e-17
42.1 1.67066666666667e-17
42.2 1.666e-17
42.3 1.66133333333333e-17
42.4 1.65666666666667e-17
42.5 1.652e-17
42.6 1.64733333333333e-17
42.7 1.64266666666667e-17
42.8 1.638e-17
42.9 1.63333333333333e-17
43 1.62866666666667e-17
43.1 1.624e-17
43.2 1.61933333333333e-17
43.3 1.61466666666667e-17
43.4 1.61e-17
43.5 1.62944444444444e-17
43.6 1.64888888888889e-17
43.7 1.66833333333333e-17
43.8 1.68777777777778e-17
43.9 1.70722222222222e-17
44 1.72666666666667e-17
44.1 1.74611111111111e-17
44.2 1.76555555555556e-17
44.3 1.785e-17
44.4 1.80444444444444e-17
44.5 1.82388888888889e-17
44.6 1.84333333333333e-17
44.7 1.86277777777778e-17
44.8 1.88222222222222e-17
44.9 1.90166666666667e-17
45 1.92111111111111e-17
45.1 1.94055555555556e-17
45.2 1.96e-17
45.3 1.94157894736842e-17
45.4 1.92315789473684e-17
45.5 1.90473684210526e-17
45.6 1.88631578947368e-17
45.7 1.86789473684211e-17
45.8 1.84947368421053e-17
45.9 1.83105263157895e-17
46 1.82e-17
46.1 1.83e-17
46.2 1.84e-17
46.3 1.85e-17
46.4 1.86e-17
46.5 1.87e-17
46.6 1.88e-17
46.7 1.89e-17
46.8 1.9e-17
46.9 1.91e-17
47 1.92e-17
47.1 1.93e-17
47.2 1.94e-17
47.3 1.95e-17
47.4 1.96e-17
47.5 1.97e-17
47.6 1.97988023952096e-17
47.7 1.98976047904192e-17
47.8 1.99964071856287e-17
47.9 2.00952095808383e-17
48 2.01940119760479e-17
48.1 2.02928143712575e-17
48.2 2.03916167664671e-17
48.3 2.04904191616766e-17
48.4 2.05892215568862e-17
48.5 2.06880239520958e-17
48.6 2.07868263473054e-17
48.7 2.0885628742515e-17
48.8 2.09844311377246e-17
48.9 2.10832335329341e-17
49 2.11820359281437e-17
49.1 2.12808383233533e-17
49.2 2.13796407185629e-17
49.3 2.14784431137725e-17
49.4 2.1577245508982e-17
49.5 2.16760479041916e-17
49.6 2.17748502994012e-17
49.7 2.18736526946108e-17
49.8 2.19724550898204e-17
49.9 2.20712574850299e-17
50 2.21700598802395e-17
50.1 2.22688622754491e-17
50.2 2.23676646706587e-17
50.3 2.24664670658683e-17
50.4 2.25652694610778e-17
50.5 2.26640718562874e-17
50.6 2.2762874251497e-17
50.7 2.28616766467066e-17
50.8 2.3e-17
50.9 2.30449438202247e-17
51 2.30898876404494e-17
51.1 2.31348314606742e-17
51.2 2.31797752808989e-17
51.3 2.32247191011236e-17
51.4 2.32696629213483e-17
51.5 2.3314606741573e-17
51.6 2.33595505617977e-17
51.7 2.34044943820225e-17
51.8 2.34494382022472e-17
51.9 2.34943820224719e-17
52 2.35393258426966e-17
52.1 2.35842696629213e-17
52.2 2.36292134831461e-17
52.3 2.36741573033708e-17
52.4 2.37191011235955e-17
52.5 2.37640449438202e-17
52.6 2.38e-17
52.7 2.31714285714286e-17
52.8 2.25428571428571e-17
52.9 2.23030612244898e-17
53 2.16e-17
53.1 2.14888888888889e-17
53.2 2.13777777777778e-17
53.3 2.12666666666667e-17
53.4 2.12e-17
53.5 2.196e-17
53.6 2.272e-17
53.7 2.348e-17
53.8 2.424e-17
53.9 2.5e-17
54 2.5e-17
54.1 2.5e-17
54.2 2.5e-17
54.3 2.5e-17
54.4 2.5e-17
54.5 2.5e-17
54.6 2.5e-17
54.7 2.5e-17
54.8 2.5e-17
54.9 2.5e-17
55 2.5e-17
55.1 2.5e-17
55.2 2.5e-17
55.3 2.5e-17
55.4 2.5e-17
55.5 2.5e-17
55.6 2.5238578680203e-17
55.7 2.54771573604061e-17
55.8 2.57157360406091e-17
55.9 2.59543147208122e-17
56 2.61928934010152e-17
56.1 2.64314720812183e-17
56.2 2.66700507614213e-17
56.3 2.69086294416244e-17
56.4 2.71472081218274e-17
56.5 2.73857868020305e-17
56.6 2.76243654822335e-17
56.7 2.78629441624365e-17
56.8 2.81015228426396e-17
56.9 2.83401015228426e-17
57 2.85786802030457e-17
57.1 2.88172588832487e-17
57.2 2.90558375634518e-17
57.3 2.92944162436548e-17
57.4 2.95329949238579e-17
57.5 2.97e-17
57.6 2.93842105263158e-17
57.7 2.90684210526316e-17
57.8 2.87526315789474e-17
57.9 2.84368421052632e-17
58 2.8121052631579e-17
58.1 2.79e-17
58.2 2.80827956989247e-17
58.3 2.82655913978495e-17
58.4 2.84483870967742e-17
58.5 2.86311827956989e-17
58.6 2.88139784946237e-17
58.7 2.89967741935484e-17
58.8 2.91795698924731e-17
58.9 2.93623655913979e-17
59 2.95451612903226e-17
59.1 2.97279569892473e-17
59.2 2.9910752688172e-17
59.3 3.00935483870968e-17
59.4 3.02763440860215e-17
59.5 3.04591397849462e-17
59.6 3.0641935483871e-17
59.7 3.08247311827957e-17
59.8 3.10075268817204e-17
59.9 3.11903225806452e-17
60 3.13e-17
60.1 3.09428571428571e-17
60.2 3.05857142857143e-17
60.3 3.02285714285714e-17
60.4 2.98e-17
60.5 3.0149593495935e-17
60.6 3.04991869918699e-17
60.7 3.08487804878049e-17
60.8 3.11983739837398e-17
60.9 3.15479674796748e-17
61 3.18975609756098e-17
61.1 3.22471544715447e-17
61.2 3.25967479674797e-17
61.3 3.29463414634146e-17
61.4 3.32959349593496e-17
61.5 3.36455284552846e-17
61.6 3.41e-17
61.7 3.41827067669173e-17
61.8 3.42654135338346e-17
61.9 3.43481203007519e-17
62 3.44308270676692e-17
62.1 3.45135338345865e-17
62.2 3.45962406015038e-17
62.3 3.46789473684211e-17
62.4 3.47616541353383e-17
62.5 3.48443609022556e-17
62.6 3.49270676691729e-17
62.7 3.50097744360902e-17
62.8 3.50924812030075e-17
62.9 3.52e-17
63 3.52120481927711e-17
63.1 3.52240963855422e-17
63.2 3.52361445783132e-17
63.3 3.52481927710843e-17
63.4 3.52602409638554e-17
63.5 3.52722891566265e-17
63.6 3.52843373493976e-17
63.7 3.53e-17
63.8 3.53557939914163e-17
63.9 3.54115879828326e-17
64 3.54673819742489e-17
64.1 3.55231759656652e-17
64.2 3.55789699570816e-17
64.3 3.56347639484979e-17
64.4 3.56905579399142e-17
64.5 3.57463519313305e-17
64.6 3.58021459227468e-17
64.7 3.58579399141631e-17
64.8 3.59137339055794e-17
64.9 3.59695278969957e-17
65 3.6025321888412e-17
65.1 3.60811158798283e-17
65.2 3.61369098712446e-17
65.3 3.6192703862661e-17
65.4 3.62484978540773e-17
65.5 3.63042918454936e-17
65.6 3.63600858369099e-17
65.7 3.64158798283262e-17
65.8 3.64716738197425e-17
65.9 3.65274678111588e-17
66 3.66e-17
66.1 3.60736842105263e-17
66.2 3.56e-17
66.3 3.58340425531915e-17
66.4 3.6068085106383e-17
66.5 3.63021276595745e-17
66.6 3.6536170212766e-17
66.7 3.67702127659575e-17
66.8 3.70042553191489e-17
66.9 3.72382978723404e-17
67 3.74723404255319e-17
67.1 3.78e-17
67.2 3.96e-17
67.3 3.9127027027027e-17
67.4 3.8654054054054e-17
67.5 3.81810810810811e-17
67.6 3.77081081081081e-17
67.7 3.72351351351351e-17
67.8 3.67621621621621e-17
67.9 3.61e-17
68 3.65852941176471e-17
68.1 3.70705882352941e-17
68.2 3.75558823529412e-17
68.3 3.80411764705883e-17
68.4 3.85264705882353e-17
68.5 3.90117647058824e-17
68.6 3.94e-17
68.7 3.98166666666667e-17
68.8 4.04e-17
68.9 4.01523809523809e-17
69 3.99047619047619e-17
69.1 3.96571428571428e-17
69.2 3.94095238095238e-17
69.3 3.91619047619047e-17
69.4 3.89142857142857e-17
69.5 3.86666666666666e-17
69.6 3.84190476190476e-17
69.7 3.81714285714285e-17
69.8 3.83495016611295e-17
69.9 3.85275747508305e-17
70 3.87056478405315e-17
70.1 3.88837209302325e-17
70.2 3.90617940199335e-17
70.3 3.92398671096345e-17
70.4 3.94179401993355e-17
70.5 3.95960132890365e-17
70.6 3.97740863787375e-17
70.7 3.99521594684385e-17
70.8 4.01302325581395e-17
70.9 4.03083056478405e-17
71 4.04863787375415e-17
71.1 4.06644518272425e-17
71.2 4.08425249169435e-17
71.3 4.10205980066445e-17
71.4 4.11986710963455e-17
71.5 4.13767441860465e-17
71.6 4.15548172757475e-17
71.7 4.17328903654485e-17
71.8 4.17215675639027e-17
71.9 4.17102447623568e-17
72 4.16989219608109e-17
72.1 4.16875991592651e-17
72.2 4.16762763577192e-17
72.3 4.16649535561733e-17
72.4 4.16536307546275e-17
72.5 4.16423079530816e-17
72.6 4.16309851515357e-17
72.7 4.16196623499899e-17
72.8 4.1608339548444e-17
72.9 4.15970167468981e-17
73 4.15856939453523e-17
73.1 4.15743711438064e-17
73.2 4.15630483422605e-17
73.3 4.15517255407147e-17
73.4 4.15404027391688e-17
73.5 4.15290799376229e-17
73.6 4.1517757136077e-17
73.7 4.15064343345312e-17
73.8 4.14951115329853e-17
73.9 4.14837887314394e-17
74 4.14724659298936e-17
74.1 4.14611431283477e-17
74.2 4.14498203268018e-17
74.3 4.1438497525256e-17
74.4 4.14271747237101e-17
74.5 4.14158519221642e-17
74.6 4.14e-17
74.7 4.175e-17
74.8 4.21e-17
74.9 4.245e-17
75 4.28e-17
75.1 4.315e-17
75.2 4.35e-17
75.3 4.385e-17
75.4 4.42e-17
75.5 4.455e-17
75.6 4.49e-17
75.7 4.525e-17
75.8 4.56e-17
75.9 4.595e-17
76 4.63e-17
76.1 4.665e-17
76.2 4.7e-17
76.3 4.735e-17
76.4 4.77e-17
76.5 4.68132075471698e-17
76.6 4.59264150943396e-17
76.7 4.50396226415093e-17
76.8 4.41528301886791e-17
76.9 4.3e-17
77 4.38e-17
77.1 4.46000000000001e-17
77.2 4.54000000000001e-17
77.3 4.62e-17
77.4 4.62506329113924e-17
77.5 4.63012658227848e-17
77.6 4.63518987341772e-17
77.7 4.64025316455696e-17
77.8 4.6453164556962e-17
77.9 4.65037974683544e-17
78 4.65544303797468e-17
78.1 4.66050632911392e-17
78.2 4.66556962025316e-17
78.3 4.6706329113924e-17
78.4 4.67569620253164e-17
78.5 4.68075949367088e-17
78.6 4.68582278481013e-17
78.7 4.69088607594937e-17
78.8 4.69594936708861e-17
78.9 4.70101265822785e-17
79 4.70607594936709e-17
79.1 4.71113924050633e-17
79.2 4.71620253164557e-17
79.3 4.72126582278481e-17
79.4 4.72632911392405e-17
79.5 4.73139240506329e-17
79.6 4.73645569620253e-17
79.7 4.74e-17
79.8 4.73555555555556e-17
79.9 4.73111111111111e-17
80 4.72666666666667e-17
80.1 4.72222222222222e-17
80.2 4.71777777777778e-17
80.3 4.71333333333333e-17
80.4 4.70888888888889e-17
80.5 4.70444444444444e-17
80.6 4.7e-17
80.7 4.70571428571429e-17
80.8 4.71142857142857e-17
80.9 4.71714285714286e-17
81 4.72285714285714e-17
81.1 4.72857142857143e-17
81.2 4.73428571428571e-17
81.3 4.74e-17
81.4 4.74571428571429e-17
81.5 4.75142857142857e-17
81.6 4.75714285714286e-17
81.7 4.76285714285714e-17
81.8 4.76857142857143e-17
81.9 4.77428571428571e-17
82 4.78e-17
82.1 4.78571428571429e-17
82.2 4.79142857142857e-17
82.3 4.79714285714286e-17
82.4 4.80285714285714e-17
82.5 4.80857142857143e-17
82.6 4.81428571428571e-17
82.7 4.82e-17
82.8 4.825e-17
82.9 4.83e-17
83 4.835e-17
83.1 4.84e-17
83.2 4.845e-17
83.3 4.85e-17
83.4 4.83571428571429e-17
83.5 4.82142857142857e-17
83.6 4.80714285714286e-17
83.7 4.79285714285714e-17
83.8 4.77857142857143e-17
83.9 4.76428571428571e-17
84 4.75e-17
84.1 4.86842105263159e-17
84.2 4.98684210526317e-17
84.3 5.10526315789476e-17
84.4 5.2e-17
84.5 5.18484848484849e-17
84.6 5.16969696969697e-17
84.7 5.15454545454545e-17
84.8 5.13939393939394e-17
84.9 5.12424242424242e-17
85 5.10909090909091e-17
85.1 5.1e-17
85.2 5.1027397260274e-17
85.3 5.10547945205479e-17
85.4 5.10821917808219e-17
85.5 5.11095890410959e-17
85.6 5.11369863013699e-17
85.7 5.11643835616438e-17
85.8 5.12e-17
85.9 5.12916030534351e-17
86 5.13832061068702e-17
86.1 5.14748091603053e-17
86.2 5.15664122137405e-17
86.3 5.16580152671756e-17
86.4 5.17496183206107e-17
86.5 5.18412213740458e-17
86.6 5.19328244274809e-17
86.7 5.2024427480916e-17
86.8 5.21160305343512e-17
86.9 5.22076335877863e-17
87 5.22992366412214e-17
87.1 5.24e-17
87.2 5.20222222222222e-17
87.3 5.16444444444444e-17
87.4 5.12666666666666e-17
87.5 5.12099290780142e-17
87.6 5.11531914893617e-17
87.7 5.10964539007092e-17
87.8 5.10397163120567e-17
87.9 5.1e-17
88 5.1e-17
88.1 5.1e-17
88.2 5.1e-17
88.3 5.1e-17
88.4 5.12272727272727e-17
88.5 5.14545454545455e-17
88.6 5.16818181818182e-17
88.7 5.2e-17
88.8 5.18684210526316e-17
88.9 5.17368421052632e-17
89 5.16052631578947e-17
89.1 5.14736842105263e-17
89.2 5.13421052631579e-17
89.3 5.12105263157895e-17
89.4 5.10789473684211e-17
89.5 5.09473684210526e-17
89.6 5.08157894736842e-17
89.7 5.06842105263158e-17
89.8 5.05526315789474e-17
89.9 5.04210526315789e-17
90 5.02894736842105e-17
90.1 5.01578947368421e-17
90.2 5.00263157894737e-17
90.3 4.98947368421052e-17
90.4 4.97631578947368e-17
90.5 4.96315789473684e-17
90.6 4.95e-17
90.7 4.92e-17
90.8 4.89e-17
90.9 4.86e-17
91 4.83e-17
91.1 4.8e-17
91.2 4.77e-17
91.3 4.74e-17
91.4 4.71e-17
91.5 4.68e-17
91.6 4.65e-17
91.7 4.78684210526316e-17
91.8 4.92368421052633e-17
91.9 5.0605263157895e-17
92 5.17e-17
92.1 5.17247933884298e-17
92.2 5.17495867768595e-17
92.3 5.17743801652893e-17
92.4 5.1799173553719e-17
92.5 5.18239669421488e-17
92.6 5.18487603305785e-17
92.7 5.18735537190083e-17
92.8 5.1898347107438e-17
92.9 5.19231404958678e-17
93 5.19479338842975e-17
93.1 5.19727272727273e-17
93.2 5.2e-17
93.3 5.22e-17
93.4 5.24e-17
93.5 5.26e-17
93.6 5.28e-17
93.7 5.3e-17
93.8 5.32e-17
93.9 5.34e-17
94 5.36e-17
94.1 5.38e-17
94.2 5.4e-17
94.3 5.42e-17
94.4 5.44e-17
94.5 5.46e-17
94.6 5.48028985507246e-17
94.7 5.50057971014493e-17
94.8 5.52086956521739e-17
94.9 5.54115942028986e-17
95 5.56144927536232e-17
95.1 5.58173913043478e-17
95.2 5.6e-17
95.3 5.6e-17
95.4 5.6e-17
95.5 5.6e-17
95.6 5.71428571428572e-17
95.7 5.82857142857144e-17
95.8 6e-17
95.9 5.88571428571428e-17
96 5.77142857142857e-17
96.1 5.69075630252101e-17
96.2 5.6e-17
96.3 5.52e-17
96.4 5.44e-17
96.5 5.36e-17
96.6 5.28e-17
96.7 5.2e-17
96.8 5.12e-17
96.9 5.04e-17
97 4.96e-17
97.1 4.88e-17
97.2 4.8e-17
97.3 4.71999999999999e-17
97.4 4.63999999999999e-17
97.5 4.56e-17
97.6 4.47999999999999e-17
97.7 4.4e-17
97.8 4.1e-17
97.9 4.1e-17
98 4.1e-17
98.1 4.01590909090909e-17
98.2 3.93181818181818e-17
98.3 3.84772727272727e-17
98.4 3.76363636363636e-17
98.5 3.67954545454545e-17
98.6 3.59545454545454e-17
98.7 3.51136363636363e-17
98.8 3.42727272727271e-17
98.9 3.36e-17
99 3.8e-17
99.1 3.78571428571429e-17
99.2 2.91e-17
99.3 2.92181818181818e-17
99.4 2.93363636363636e-17
99.5 2.94545454545454e-17
99.6 2.95727272727273e-17
99.7 2.96909090909091e-17
99.8 2.98090909090909e-17
99.9 2.99272727272727e-17
100 3.00454545454545e-17
100.1 3.01636363636364e-17
100.2 3.02818181818182e-17
100.3 3.04e-17
100.4 3.05181818181818e-17
100.5 3.06363636363636e-17
100.6 3.07545454545455e-17
100.7 3.08727272727273e-17
100.8 3.09909090909091e-17
100.9 3.11090909090909e-17
101 3.12272727272727e-17
101.1 3.13454545454545e-17
101.2 3.14636363636364e-17
101.3 3.15818181818182e-17
101.4 3.17e-17
101.5 3.18181818181818e-17
101.6 3.19363636363636e-17
101.7 3.20545454545455e-17
101.8 3.21727272727273e-17
101.9 3.22909090909091e-17
102 3.24090909090909e-17
102.1 3.25272727272727e-17
102.2 3.26454545454546e-17
102.3 3.27636363636364e-17
102.4 3.28818181818182e-17
102.5 3.3e-17
102.6 3.28230088495575e-17
102.7 3.2646017699115e-17
102.8 3.24690265486726e-17
102.9 3.22920353982301e-17
103 3.21150442477876e-17
103.1 3.19380530973451e-17
103.2 3.17610619469026e-17
103.3 3.15840707964602e-17
103.4 3.14070796460177e-17
103.5 3.12300884955752e-17
103.6 3.1e-17
103.7 2.95e-17
103.8 2.95519031141869e-17
103.9 2.96038062283737e-17
104 2.96557093425606e-17
104.1 2.97076124567474e-17
104.2 2.97595155709343e-17
104.3 2.98114186851211e-17
104.4 2.9863321799308e-17
104.5 2.99152249134948e-17
104.6 2.99671280276817e-17
104.7 3.00190311418685e-17
104.8 3.00709342560554e-17
104.9 3.01228373702422e-17
105 3.01747404844291e-17
105.1 3.02266435986159e-17
105.2 3.02785467128028e-17
105.3 3.03304498269896e-17
105.4 3.03823529411765e-17
105.5 3.04342560553633e-17
105.6 3.04861591695502e-17
105.7 3.0538062283737e-17
105.8 3.05899653979239e-17
105.9 3.06418685121107e-17
106 3.06937716262976e-17
106.1 3.07456747404844e-17
106.2 3.07975778546713e-17
106.3 3.08494809688581e-17
106.4 3.0901384083045e-17
106.5 3.09532871972318e-17
106.6 3.1e-17
106.7 3.11724137931035e-17
106.8 3.13448275862069e-17
106.9 3.15172413793104e-17
107 3.16896551724138e-17
107.1 3.18620689655173e-17
107.2 3.2e-17
107.3 3.16031746031746e-17
107.4 3.12063492063492e-17
107.5 3.08095238095238e-17
107.6 3.04126984126984e-17
107.7 3.0015873015873e-17
107.8 2.96190476190476e-17
107.9 2.92222222222222e-17
108 2.88253968253968e-17
108.1 2.84285714285714e-17
108.2 2.8031746031746e-17
108.3 2.76349206349206e-17
108.4 2.72380952380952e-17
108.5 2.64666666666668e-17
108.6 2.62851551956816e-17
108.7 2.61036437246965e-17
108.8 2.59221322537113e-17
108.9 2.57406207827262e-17
109 2.5559109311741e-17
109.1 2.53775978407558e-17
109.2 2.51960863697707e-17
109.3 2.50145748987855e-17
109.4 2.48330634278004e-17
109.5 2.46515519568152e-17
109.6 2.44700404858301e-17
109.7 2.42885290148449e-17
109.8 2.41070175438597e-17
109.9 2.39255060728746e-17
110 2.37439946018894e-17
110.1 2.35624831309043e-17
110.2 2.33809716599191e-17
110.3 2.31994601889339e-17
110.4 2.30179487179488e-17
110.5 2.28364372469636e-17
110.6 2.26549257759785e-17
110.7 2.24734143049933e-17
110.8 2.22919028340082e-17
110.9 2.2110391363023e-17
111 2.19288798920378e-17
111.1 2.17473684210527e-17
111.2 2.15658569500675e-17
111.3 2.13843454790824e-17
111.4 2.12028340080972e-17
111.5 2.10213225371121e-17
111.6 2.08398110661269e-17
111.7 2.06582995951417e-17
111.8 2.04767881241566e-17
111.9 2.02952766531714e-17
112 2.01137651821863e-17
112.1 1.99322537112011e-17
112.2 1.97507422402159e-17
112.3 1.95692307692308e-17
112.4 1.93877192982456e-17
112.5 1.92062078272605e-17
112.6 1.90246963562753e-17
112.7 1.88431848852902e-17
112.8 1.8661673414305e-17
112.9 1.84801619433198e-17
113 1.82986504723347e-17
113.1 1.81171390013495e-17
113.2 1.79356275303644e-17
113.3 1.77541160593792e-17
113.4 1.75e-17
113.5 1.89e-17
113.6 1.88705882352941e-17
113.7 1.88411764705882e-17
113.8 1.88117647058824e-17
113.9 1.87823529411765e-17
114 1.87529411764706e-17
114.1 1.87235294117647e-17
114.2 1.86941176470588e-17
114.3 1.86647058823529e-17
114.4 1.86352941176471e-17
114.5 1.86058823529412e-17
114.6 1.85764705882353e-17
114.7 1.85470588235294e-17
114.8 1.85176470588235e-17
114.9 1.84882352941176e-17
115 1.84588235294118e-17
115.1 1.84294117647059e-17
115.2 1.88978723404255e-17
115.3 1.90724309642372e-17
115.4 1.92469895880489e-17
115.5 1.94215482118606e-17
115.6 1.95961068356723e-17
115.7 1.97706654594839e-17
115.8 1.99452240832956e-17
115.9 2.01197827071073e-17
116 2.0294341330919e-17
116.1 2.04688999547307e-17
116.2 2.06434585785423e-17
116.3 2.0818017202354e-17
116.4 2.09925758261657e-17
116.5 2.11671344499774e-17
116.6 2.13416930737891e-17
116.7 2.15162516976007e-17
116.8 2.16908103214124e-17
116.9 2.18653689452241e-17
117 2.20399275690358e-17
117.1 2.22144861928475e-17
117.2 2.23890448166591e-17
117.3 2.25636034404708e-17
117.4 2.27381620642825e-17
117.5 2.37222612041648e-17
117.6 2.51e-17
117.7 1.7e-17
117.8 1.8e-17
117.9 1.90000000000001e-17
118 2.00000000000001e-17
118.1 2.10000000000001e-17
118.2 2.20000000000001e-17
118.3 2.3e-17
118.4 2.185e-17
118.5 2e-17
118.6 1.9025e-17
118.7 1.805e-17
118.8 1.70749999999999e-17
118.9 1.61e-17
119 1.63761904761905e-17
119.1 1.6652380952381e-17
119.2 1.69285714285714e-17
119.3 1.72047619047619e-17
119.4 1.74809523809524e-17
119.5 1.77571428571429e-17
119.6 1.80333333333333e-17
119.7 1.83095238095238e-17
119.8 1.85857142857143e-17
119.9 1.87391534391535e-17
120 1.9e-17
120.1 1.9e-17
120.2 1.88305084745763e-17
120.3 1.86610169491525e-17
120.4 1.84915254237288e-17
120.5 1.83220338983051e-17
120.6 1.81525423728814e-17
120.7 1.8e-17
120.8 1.79411764705882e-17
120.9 1.78823529411765e-17
121 1.78235294117647e-17
121.1 1.77647058823529e-17
121.2 1.77058823529412e-17
121.3 1.76470588235294e-17
121.4 1.75882352941176e-17
121.5 1.66539792387543e-17
121.6 1.6e-17
121.7 1.78750000000002e-17
121.8 1.9e-17
121.9 1.89604743083004e-17
122 1.89209486166008e-17
122.1 1.88814229249012e-17
122.2 1.88418972332016e-17
122.3 1.8802371541502e-17
122.4 1.87628458498024e-17
122.5 1.87233201581028e-17
122.6 1.86837944664032e-17
122.7 1.86442687747035e-17
122.8 1.86047430830039e-17
122.9 1.85652173913043e-17
123 1.85256916996047e-17
123.1 1.84861660079051e-17
123.2 1.84466403162055e-17
123.3 1.84071146245059e-17
123.4 1.83675889328063e-17
123.5 1.83280632411067e-17
123.6 1.82885375494071e-17
123.7 1.82490118577075e-17
123.8 1.82094861660079e-17
123.9 1.81699604743083e-17
124 1.81304347826087e-17
124.1 1.80909090909091e-17
124.2 1.80513833992095e-17
124.3 1.8e-17
124.4 1.79376947040498e-17
124.5 1.78753894080997e-17
124.6 1.78130841121495e-17
124.7 1.77507788161994e-17
124.8 1.76884735202492e-17
124.9 1.76261682242991e-17
125 1.75638629283489e-17
125.1 1.75015576323987e-17
125.2 1.74392523364486e-17
125.3 1.73769470404984e-17
125.4 1.73146417445483e-17
125.5 1.72523364485981e-17
125.6 1.7190031152648e-17
125.7 1.71277258566978e-17
125.8 1.70654205607477e-17
125.9 1.70031152647975e-17
126 1.69408099688473e-17
126.1 1.68785046728972e-17
126.2 1.6816199376947e-17
126.3 1.67538940809969e-17
126.4 1.66915887850467e-17
126.5 1.66292834890966e-17
126.6 1.65669781931464e-17
126.7 1.65046728971962e-17
126.8 1.64423676012461e-17
126.9 1.63800623052959e-17
127 1.63177570093458e-17
127.1 1.62554517133956e-17
127.2 1.61931464174455e-17
127.3 1.61308411214953e-17
127.4 1.60685358255452e-17
127.5 1.6e-17
127.6 1.59264705882353e-17
127.7 1.58529411764706e-17
127.8 1.57794117647059e-17
127.9 1.57058823529412e-17
128 1.56323529411765e-17
128.1 1.55588235294118e-17
128.2 1.54852941176471e-17
128.3 1.54117647058824e-17
128.4 1.53382352941176e-17
128.5 1.52647058823529e-17
128.6 1.51911764705882e-17
128.7 1.51176470588235e-17
128.8 1.50441176470588e-17
128.9 1.49705882352941e-17
129 1.48970588235294e-17
129.1 1.48235294117647e-17
129.2 1.475e-17
129.3 1.46764705882353e-17
129.4 1.46029411764706e-17
129.5 1.45294117647059e-17
129.6 1.44558823529412e-17
129.7 1.43823529411765e-17
129.8 1.43088235294118e-17
129.9 1.42352941176471e-17
130 1.41617647058823e-17
130.1 1.40882352941176e-17
130.2 1.4e-17
130.3 1.4e-17
130.4 1.4e-17
130.5 1.4e-17
130.6 1.4e-17
130.7 1.39444444444444e-17
130.8 1.38888888888889e-17
130.9 1.38333333333333e-17
131 1.37777777777778e-17
131.1 1.37222222222222e-17
131.2 1.36666666666667e-17
131.3 1.36111111111111e-17
131.4 1.35555555555556e-17
131.5 1.35e-17
131.6 1.34444444444444e-17
131.7 1.33888888888889e-17
131.8 1.33333333333333e-17
131.9 1.32777777777778e-17
132 1.32222222222222e-17
132.1 1.31666666666667e-17
132.2 1.31111111111111e-17
132.3 1.30555555555556e-17
132.4 1.3e-17
132.5 1.26666666666667e-17
132.6 1.23333333333333e-17
132.7 1.2e-17
132.8 1.16666666666666e-17
132.9 1.13333333333333e-17
133 1.1e-17
133.1 1.08333333333333e-17
133.2 1.06666666666667e-17
133.3 1.05e-17
133.4 1.03333333333333e-17
133.5 1.01666666666666e-17
133.6 1e-17
133.7 9.87884615384615e-18
133.8 9.75769230769231e-18
133.9 9.63653846153846e-18
134 9.51538461538461e-18
134.1 9.39423076923077e-18
134.2 9.27307692307692e-18
134.3 9.15192307692307e-18
134.4 9.03076923076922e-18
134.5 8.90961538461538e-18
134.6 8.78846153846153e-18
134.7 8.66730769230768e-18
134.8 8.54615384615383e-18
134.9 8.42499999999999e-18
135 8.30384615384614e-18
135.1 8.18269230769229e-18
135.2 8.06153846153844e-18
135.3 7.9403846153846e-18
135.4 7.81923076923075e-18
135.5 7.6980769230769e-18
135.6 7.57692307692306e-18
135.7 7.45576923076921e-18
135.8 7.33461538461536e-18
135.9 7.21346153846151e-18
136 7.09230769230767e-18
136.1 6.97115384615383e-18
136.2 6.85e-18
136.3 6.39374999999999e-18
136.4 5.93749999999998e-18
136.5 5.48124999999998e-18
136.6 5.02499999999999e-18
136.7 4.56874999999996e-18
136.8 4.11249999999995e-18
136.9 3.65624999999995e-18
137 3.2e-18
137.1 3.1e-18
137.2 3e-18
137.3 2.9e-18
137.4 2.79999999999999e-18
137.5 2.69999999999999e-18
137.6 2.6e-18
137.7 2.49999999999999e-18
137.8 2.39999999999999e-18
137.9 2.29999999999999e-18
138 2.2e-18
138.1 2.1e-18
138.2 2e-18
138.3 1.9e-18
138.4 1.79999999999999e-18
138.5 1.69999999999999e-18
138.6 1.6e-18
138.7 1.49999999999999e-18
138.8 1.39999999999999e-18
138.9 1.29999999999999e-18
139 1.2e-18
139.1 1.148e-18
139.2 1.096e-18
139.3 1.044e-18
139.4 9.91999999999997e-19
139.5 9.39999999999997e-19
139.6 8.87999999999998e-19
139.7 8.35999999999995e-19
139.8 7.83999999999994e-19
139.9 7.31999999999994e-19
140 6.8e-19
140.1 6.48e-19
140.2 6.15999999999999e-19
140.3 5.83999999999999e-19
140.4 5.51999999999998e-19
140.5 5.19999999999998e-19
140.6 4.87999999999999e-19
140.7 4.55999999999997e-19
140.8 4.23999999999996e-19
140.9 3.91999999999996e-19
141 3.6e-19
141.1 3.4e-19
141.2 3.2e-19
141.3 2.99999999999999e-19
141.4 2.79999999999999e-19
141.5 2.59999999999999e-19
141.6 2.39999999999999e-19
141.7 2.19999999999998e-19
141.8 1.99999999999998e-19
141.9 1.79999999999998e-19
142 1.6e-19
142.1 1.518e-19
142.2 1.436e-19
142.3 1.354e-19
142.4 1.272e-19
142.5 1.19e-19
142.6 1.108e-19
142.7 1.02599999999999e-19
142.8 9.4399999999999e-20
142.9 8.61999999999991e-20
143 7.8e-20
143.1 7.24e-20
143.2 6.67999999999999e-20
143.3 6.11999999999998e-20
143.4 5.55999999999997e-20
143.5 4.99999999999997e-20
143.6 4.43999999999998e-20
143.7 3.87999999999995e-20
143.8 3.31999999999993e-20
143.9 2.75999999999994e-20
144 2.2e-20
144.1 2.06e-20
144.2 1.92e-20
144.3 1.77999999999999e-20
144.4 1.63999999999999e-20
144.5 1.49999999999999e-20
144.6 1.35999999999999e-20
144.7 1.21999999999999e-20
144.8 1.07999999999998e-20
144.9 9.39999999999984e-21
145 8e-21
145.1 7.48e-21
145.2 6.95999999999999e-21
145.3 6.43999999999998e-21
145.4 5.91999999999997e-21
145.5 5.39999999999997e-21
145.6 4.87999999999998e-21
145.7 4.35999999999995e-21
145.8 3.83999999999994e-21
145.9 3.31999999999994e-21
146 2.8e-21
146.1 2.599e-21
146.2 2.39799999999999e-21
146.3 2.19699999999999e-21
146.4 1.99599999999999e-21
146.5 1.79499999999999e-21
146.6 1.59399999999999e-21
146.7 1.39299999999998e-21
146.8 1.19199999999998e-21
146.9 9.90999999999977e-22
147 7.9e-22
147.1 7.39e-22
147.2 6.87999999999999e-22
147.3 6.36999999999998e-22
147.4 5.85999999999997e-22
147.5 5.34999999999997e-22
147.6 4.83999999999998e-22
147.7 4.32999999999995e-22
147.8 3.81999999999994e-22
147.9 3.30999999999994e-22
148 2.8e-22
148.1 2.606e-22
148.2 2.412e-22
148.3 2.21799999999999e-22
148.4 2.02399999999999e-22
148.5 1.82999999999999e-22
148.6 1.63599999999999e-22
148.7 1.44199999999998e-22
148.8 1.24799999999998e-22
148.9 1.05399999999998e-22
149 8.6e-23
149.1 8.12e-23
149.2 7.63999999999999e-23
149.3 7.15999999999998e-23
149.4 6.67999999999997e-23
149.5 6.19999999999997e-23
149.6 5.71999999999998e-23
149.7 5.23999999999996e-23
149.8 4.75999999999994e-23
149.9 4.27999999999994e-23
150 3.8e-23
150.1 3.65e-23
150.2 3.5e-23
150.3 3.34999999999999e-23
150.4 3.19999999999999e-23
150.5 3.04999999999999e-23
150.6 2.89999999999999e-23
150.7 2.74999999999999e-23
150.8 2.59999999999998e-23
150.9 2.44999999999998e-23
151 2.3e-23
151.1 2.23e-23
151.2 2.16e-23
151.3 2.09e-23
151.4 2.02e-23
151.5 1.95e-23
151.6 1.88e-23
151.7 1.80999999999999e-23
151.8 1.73999999999999e-23
151.9 1.66999999999999e-23
152 1.6e-23
152.1 1.56e-23
152.2 1.52e-23
152.3 1.48e-23
152.4 1.44e-23
152.5 1.4e-23
152.6 1.36e-23
152.7 1.32e-23
152.8 1.28e-23
152.9 1.24e-23
153 1.2e-23
153.1 1.172e-23
153.2 1.144e-23
153.3 1.116e-23
153.4 1.088e-23
153.5 1.06e-23
153.6 1.032e-23
153.7 1.004e-23
153.8 9.75999999999996e-24
153.9 9.47999999999996e-24
154 9.2e-24
154.1 9.09e-24
154.2 8.97999999999999e-24
154.3 8.86999999999999e-24
154.4 8.75999999999999e-24
154.5 8.64999999999999e-24
154.6 8.53999999999999e-24
154.7 8.42999999999998e-24
154.8 8.31999999999998e-24
154.9 8.20999999999999e-24
155 8.1e-24
155.1 8.03e-24
155.2 7.96e-24
155.3 7.89e-24
155.4 7.81999999999999e-24
155.5 7.75e-24
155.6 7.67999999999999e-24
155.7 7.60999999999999e-24
155.8 7.53999999999999e-24
155.9 7.46999999999999e-24
156 7.4e-24
156.1 7.37e-24
156.2 7.34e-24
156.3 7.31e-24
156.4 7.28e-24
156.5 7.25e-24
156.6 7.22e-24
156.7 7.19e-24
156.8 7.16e-24
156.9 7.13e-24
157 7.1e-24
157.1 7.07e-24
157.2 7.04e-24
157.3 7.01e-24
157.4 6.98e-24
157.5 6.95e-24
157.6 6.92e-24
157.7 6.89e-24
157.8 6.86e-24
157.9 6.83e-24
158 6.8e-24
158.1 6.76e-24
158.2 6.72e-24
158.3 6.68e-24
158.4 6.64e-24
158.5 6.6e-24
158.6 6.56e-24
158.7 6.51999999999999e-24
158.8 6.47999999999999e-24
158.9 6.43999999999999e-24
159 6.4e-24
159.1 6.36e-24
159.2 6.32e-24
159.3 6.28e-24
159.4 6.24e-24
159.5 6.2e-24
159.6 6.16e-24
159.7 6.11999999999999e-24
159.8 6.07999999999999e-24
159.9 6.03999999999999e-24
160 6e-24
160.1 5.992e-24
160.2 5.984e-24
160.3 5.976e-24
160.4 5.968e-24
160.5 5.96e-24
160.6 5.952e-24
160.7 5.944e-24
160.8 5.936e-24
160.9 5.928e-24
161 5.92e-24
161.1 5.912e-24
161.2 5.904e-24
161.3 5.896e-24
161.4 5.888e-24
161.5 5.88e-24
161.6 5.872e-24
161.7 5.864e-24
161.8 5.856e-24
161.9 5.848e-24
162 5.84e-24
162.1 5.832e-24
162.2 5.824e-24
162.3 5.816e-24
162.4 5.808e-24
162.5 5.8e-24
162.6 5.792e-24
162.7 5.784e-24
162.8 5.776e-24
162.9 5.768e-24
163 5.76e-24
163.1 5.752e-24
163.2 5.744e-24
163.3 5.736e-24
163.4 5.728e-24
163.5 5.72e-24
163.6 5.712e-24
163.7 5.704e-24
163.8 5.696e-24
163.9 5.688e-24
164 5.68e-24
164.1 5.672e-24
164.2 5.664e-24
164.3 5.656e-24
164.4 5.648e-24
164.5 5.64e-24
164.6 5.632e-24
164.7 5.624e-24
164.8 5.616e-24
164.9 5.608e-24
165 5.6e-24
165.1 5.592e-24
165.2 5.584e-24
165.3 5.576e-24
165.4 5.568e-24
165.5 5.56e-24
165.6 5.552e-24
165.7 5.544e-24
165.8 5.536e-24
165.9 5.528e-24
166 5.52e-24
166.1 5.512e-24
166.2 5.504e-24
166.3 5.496e-24
166.4 5.488e-24
166.5 5.48e-24
166.6 5.472e-24
166.7 5.464e-24
166.8 5.456e-24
166.9 5.448e-24
167 5.44e-24
167.1 5.432e-24
167.2 5.424e-24
167.3 5.416e-24
167.4 5.408e-24
167.5 5.4e-24
167.6 5.392e-24
167.7 5.384e-24
167.8 5.376e-24
167.9 5.368e-24
168 5.36e-24
168.1 5.352e-24
168.2 5.344e-24
168.3 5.336e-24
168.4 5.328e-24
168.5 5.32e-24
168.6 5.312e-24
168.7 5.304e-24
168.8 5.296e-24
168.9 5.288e-24
169 5.28e-24
169.1 5.272e-24
169.2 5.264e-24
169.3 5.256e-24
169.4 5.248e-24
169.5 5.24e-24
169.6 5.232e-24
169.7 5.224e-24
169.8 5.216e-24
169.9 5.208e-24
170 5.2e-24
170.1 5.192e-24
170.2 5.184e-24
170.3 5.176e-24
170.4 5.168e-24
170.5 5.16e-24
170.6 5.152e-24
170.7 5.144e-24
170.8 5.136e-24
170.9 5.128e-24
171 5.12e-24
171.1 5.112e-24
171.2 5.104e-24
171.3 5.096e-24
171.4 5.088e-24
171.5 5.08e-24
171.6 5.072e-24
171.7 5.064e-24
171.8 5.056e-24
171.9 5.048e-24
172 5.04e-24
172.1 5.032e-24
172.2 5.024e-24
172.3 5.016e-24
172.4 5.008e-24
172.5 5e-24
172.6 4.992e-24
172.7 4.984e-24
172.8 4.976e-24
172.9 4.968e-24
173 4.96e-24
173.1 4.952e-24
173.2 4.944e-24
173.3 4.936e-24
173.4 4.928e-24
173.5 4.92e-24
173.6 4.912e-24
173.7 4.904e-24
173.8 4.896e-24
173.9 4.888e-24
174 4.88e-24
174.1 4.872e-24
174.2 4.864e-24
174.3 4.856e-24
174.4 4.848e-24
174.5 4.84e-24
174.6 4.832e-24
174.7 4.824e-24
174.8 4.816e-24
174.9 4.808e-24
175 4.8e-24
175.1 4.792e-24
175.2 4.784e-24
175.3 4.776e-24
175.4 4.768e-24
175.5 4.76e-24
175.6 4.752e-24
175.7 4.744e-24
175.8 4.736e-24
175.9 4.728e-24
176 4.72e-24
176.1 4.712e-24
176.2 4.704e-24
176.3 4.696e-24
176.4 4.688e-24
176.5 4.68e-24
176.6 4.672e-24
176.7 4.664e-24
176.8 4.656e-24
176.9 4.648e-24
177 4.64e-24
177.1 4.632e-24
177.2 4.624e-24
177.3 4.616e-24
177.4 4.608e-24
177.5 4.6e-24
177.6 4.592e-24
177.7 4.584e-24
177.8 4.576e-24
177.9 4.568e-24
178 4.56e-24
178.1 4.552e-24
178.2 4.544e-24
178.3 4.536e-24
178.4 4.528e-24
178.5 4.52e-24
178.6 4.512e-24
178.7 4.504e-24
178.8 4.496e-24
178.9 4.488e-24
179 4.48e-24
179.1 4.472e-24
179.2 4.464e-24
179.3 4.456e-24
179.4 4.448e-24
179.5 4.44e-24
179.6 4.432e-24
179.7 4.424e-24
179.8 4.416e-24
179.9 4.408e-24
180 4.4e-24
180.1 4.392e-24
180.2 4.384e-24
180.3 4.376e-24
180.4 4.368e-24
180.5 4.36e-24
180.6 4.352e-24
180.7 4.344e-24
180.8 4.336e-24
180.9 4.328e-24
181 4.32e-24
181.1 4.312e-24
181.2 4.304e-24
181.3 4.296e-24
181.4 4.288e-24
181.5 4.28e-24
181.6 4.272e-24
181.7 4.264e-24
181.8 4.256e-24
181.9 4.248e-24
182 4.24e-24
182.1 4.232e-24
182.2 4.224e-24
182.3 4.216e-24
182.4 4.208e-24
182.5 4.20000000000001e-24
182.6 4.19200000000001e-24
182.7 4.18400000000001e-24
182.8 4.17600000000001e-24
182.9 4.16800000000001e-24
183 4.16000000000001e-24
183.1 4.152e-24
183.2 4.144e-24
183.3 4.136e-24
183.4 4.128e-24
183.5 4.12e-24
183.6 4.112e-24
183.7 4.104e-24
183.8 4.096e-24
183.9 4.088e-24
184 4.08e-24
184.1 4.072e-24
184.2 4.064e-24
184.3 4.056e-24
184.4 4.048e-24
184.5 4.04e-24
184.6 4.032e-24
184.7 4.024e-24
184.8 4.016e-24
184.9 4.008e-24
185 4e-24
185.1 3.9844e-24
185.2 3.9688e-24
185.3 3.9532e-24
185.4 3.9376e-24
185.5 3.922e-24
185.6 3.9064e-24
185.7 3.8908e-24
185.8 3.8752e-24
185.9 3.8596e-24
186 3.844e-24
186.1 3.8284e-24
186.2 3.8128e-24
186.3 3.7972e-24
186.4 3.7816e-24
186.5 3.76599999999999e-24
186.6 3.75039999999999e-24
186.7 3.73479999999999e-24
186.8 3.71919999999999e-24
186.9 3.70359999999999e-24
187 3.68799999999999e-24
187.1 3.67239999999999e-24
187.2 3.65679999999999e-24
187.3 3.64119999999999e-24
187.4 3.62559999999999e-24
187.5 3.60999999999999e-24
187.6 3.59439999999999e-24
187.7 3.57879999999999e-24
187.8 3.56319999999999e-24
187.9 3.54759999999999e-24
188 3.53199999999999e-24
188.1 3.51639999999999e-24
188.2 3.50079999999999e-24
188.3 3.48519999999999e-24
188.4 3.46959999999999e-24
188.5 3.45399999999999e-24
188.6 3.43839999999999e-24
188.7 3.42279999999999e-24
188.8 3.40719999999999e-24
188.9 3.39159999999999e-24
189 3.37599999999999e-24
189.1 3.36039999999999e-24
189.2 3.34479999999999e-24
189.3 3.32919999999999e-24
189.4 3.31359999999999e-24
189.5 3.29799999999999e-24
189.6 3.28239999999999e-24
189.7 3.26679999999999e-24
189.8 3.25119999999999e-24
189.9 3.23559999999999e-24
190 3.21999999999999e-24
190.1 3.20439999999999e-24
190.2 3.18879999999999e-24
190.3 3.17319999999999e-24
190.4 3.15759999999999e-24
190.5 3.14199999999999e-24
190.6 3.12639999999999e-24
190.7 3.11079999999999e-24
190.8 3.09519999999999e-24
190.9 3.07959999999999e-24
191 3.06399999999999e-24
191.1 3.04839999999999e-24
191.2 3.03279999999999e-24
191.3 3.01719999999999e-24
191.4 3.00159999999999e-24
191.5 2.98599999999999e-24
191.6 2.97039999999999e-24
191.7 2.95479999999999e-24
191.8 2.93919999999999e-24
191.9 2.92359999999999e-24
192 2.90799999999999e-24
192.1 2.89239999999999e-24
192.2 2.87679999999999e-24
192.3 2.86119999999999e-24
192.4 2.84559999999999e-24
192.5 2.82999999999999e-24
192.6 2.81439999999999e-24
192.7 2.79879999999999e-24
192.8 2.78319999999999e-24
192.9 2.76759999999999e-24
193 2.75199999999999e-24
193.1 2.73639999999999e-24
193.2 2.72079999999999e-24
193.3 2.70519999999999e-24
193.4 2.68959999999999e-24
193.5 2.67399999999999e-24
193.6 2.65839999999999e-24
193.7 2.64279999999999e-24
193.8 2.62719999999999e-24
193.9 2.61159999999999e-24
194 2.59599999999999e-24
194.1 2.58039999999999e-24
194.2 2.56479999999999e-24
194.3 2.54919999999999e-24
194.4 2.53359999999999e-24
194.5 2.51799999999999e-24
194.6 2.50239999999999e-24
194.7 2.48679999999999e-24
194.8 2.47119999999999e-24
194.9 2.45559999999999e-24
195 2.43999999999999e-24
195.1 2.42439999999999e-24
195.2 2.40879999999999e-24
195.3 2.39319999999999e-24
195.4 2.37759999999999e-24
195.5 2.36199999999999e-24
195.6 2.34639999999999e-24
195.7 2.33079999999999e-24
195.8 2.31519999999999e-24
195.9 2.29959999999999e-24
196 2.28399999999999e-24
196.1 2.26839999999999e-24
196.2 2.25279999999999e-24
196.3 2.23719999999999e-24
196.4 2.22159999999999e-24
196.5 2.20599999999999e-24
196.6 2.19039999999999e-24
196.7 2.17479999999999e-24
196.8 2.15919999999999e-24
196.9 2.14359999999999e-24
197 2.12799999999999e-24
197.1 2.11239999999999e-24
197.2 2.09679999999999e-24
197.3 2.08119999999999e-24
197.4 2.06559999999999e-24
197.5 2.04999999999999e-24
197.6 2.03439999999999e-24
197.7 2.01879999999999e-24
197.8 2.00319999999999e-24
197.9 1.98759999999999e-24
198 1.97199999999999e-24
198.1 1.95639999999999e-24
198.2 1.94079999999999e-24
198.3 1.92519999999999e-24
198.4 1.90959999999999e-24
198.5 1.89399999999999e-24
198.6 1.87839999999999e-24
198.7 1.86279999999999e-24
198.8 1.84719999999999e-24
198.9 1.83159999999999e-24
199 1.81599999999999e-24
199.1 1.80039999999999e-24
199.2 1.78479999999999e-24
199.3 1.76919999999999e-24
199.4 1.75359999999999e-24
199.5 1.73799999999999e-24
199.6 1.72239999999999e-24
199.7 1.70679999999999e-24
199.8 1.69119999999999e-24
199.9 1.67559999999999e-24
200 1.65999999999999e-24
200.1 1.64439999999999e-24
200.2 1.62879999999999e-24
200.3 1.61319999999999e-24
200.4 1.59759999999999e-24
200.5 1.58199999999999e-24
200.6 1.56639999999999e-24
200.7 1.55079999999999e-24
200.8 1.53519999999999e-24
200.9 1.51959999999999e-24
201 1.50399999999999e-24
201.1 1.48839999999999e-24
201.2 1.47279999999999e-24
201.3 1.45719999999999e-24
201.4 1.44159999999999e-24
201.5 1.42599999999999e-24
201.6 1.41039999999999e-24
201.7 1.39479999999999e-24
201.8 1.37919999999999e-24
201.9 1.36359999999999e-24
202 1.34799999999999e-24
202.1 1.33239999999999e-24
202.2 1.31679999999999e-24
202.3 1.30119999999999e-24
202.4 1.28559999999999e-24
202.5 1.26999999999999e-24
202.6 1.25439999999999e-24
202.7 1.2388e-24
202.8 1.2232e-24
202.9 1.2076e-24
203 1.192e-24
203.1 1.1764e-24
203.2 1.1608e-24
203.3 1.1452e-24
203.4 1.1296e-24
203.5 1.114e-24
203.6 1.0984e-24
203.7 1.0828e-24
203.8 1.0672e-24
203.9 1.0516e-24
204 1.036e-24
204.1 1.0204e-24
204.2 1.0048e-24
204.3 9.89199999999996e-25
204.4 9.73599999999996e-25
204.5 9.57999999999996e-25
204.6 9.42399999999996e-25
204.7 9.26799999999996e-25
204.8 9.11199999999996e-25
204.9 8.95599999999996e-25
205 8.79999999999996e-25
205.1 8.64399999999996e-25
205.2 8.48799999999996e-25
205.3 8.33199999999996e-25
205.4 8.17599999999996e-25
205.5 8.01999999999996e-25
205.6 7.86399999999996e-25
205.7 7.70799999999996e-25
205.8 7.55199999999996e-25
205.9 7.39599999999996e-25
206 7.23999999999996e-25
206.1 7.08399999999996e-25
206.2 6.92799999999996e-25
206.3 6.77199999999996e-25
206.4 6.61599999999996e-25
206.5 6.45999999999997e-25
206.6 6.30399999999996e-25
206.7 6.14799999999996e-25
206.8 5.99199999999996e-25
206.9 5.83599999999997e-25
207 5.67999999999997e-25
207.1 5.52399999999997e-25
207.2 5.36799999999996e-25
207.3 5.21199999999997e-25
207.4 5.05599999999997e-25
207.5 4.89999999999997e-25
207.6 4.74399999999997e-25
207.7 4.58799999999997e-25
207.8 4.43199999999997e-25
207.9 4.27599999999997e-25
208 4.11999999999997e-25
208.1 3.96399999999997e-25
208.2 3.80799999999997e-25
208.3 3.65199999999997e-25
208.4 3.49599999999997e-25
208.5 3.33999999999997e-25
208.6 3.18399999999997e-25
208.7 3.02799999999997e-25
208.8 2.87199999999997e-25
208.9 2.71599999999997e-25
209 2.55999999999997e-25
209.1 2.40399999999997e-25
209.2 2.24799999999997e-25
209.3 2.09199999999997e-25
209.4 1.93599999999997e-25
209.5 1.77999999999998e-25
209.6 1.62399999999997e-25
209.7 1.46799999999997e-25
209.8 1.31199999999997e-25
209.9 1.15599999999998e-25
210 1e-25
210.1 9.97435897435897e-26
210.2 9.94871794871795e-26
210.3 9.92307692307692e-26
210.4 9.8974358974359e-26
210.5 9.87179487179487e-26
210.6 9.84615384615385e-26
210.7 9.82051282051282e-26
210.8 9.7948717948718e-26
210.9 9.76923076923077e-26
211 9.74358974358975e-26
211.1 9.71794871794872e-26
211.2 9.6923076923077e-26
211.3 9.66666666666667e-26
211.4 9.64102564102564e-26
211.5 9.61538461538462e-26
211.6 9.58974358974359e-26
211.7 9.56410256410257e-26
211.8 9.53846153846154e-26
211.9 9.51282051282052e-26
212 9.48717948717949e-26
212.1 9.46153846153847e-26
212.2 9.43589743589744e-26
212.3 9.41025641025642e-26
212.4 9.38461538461539e-26
212.5 9.35897435897437e-26
212.6 9.33333333333334e-26
212.7 9.30769230769231e-26
212.8 9.28205128205129e-26
212.9 9.25641025641026e-26
213 9.23076923076924e-26
213.1 9.20512820512821e-26
213.2 9.17948717948719e-26
213.3 9.15384615384616e-26
213.4 9.12820512820514e-26
213.5 9.10256410256411e-26
213.6 9.07692307692309e-26
213.7 9.05128205128206e-26
213.8 9.02564102564104e-26
213.9 9.00000000000001e-26
214 8.97435897435898e-26
214.1 8.94871794871796e-26
214.2 8.92307692307693e-26
214.3 8.89743589743591e-26
214.4 8.87179487179488e-26
214.5 8.84615384615386e-26
214.6 8.82051282051283e-26
214.7 8.79487179487181e-26
214.8 8.76923076923078e-26
214.9 8.74358974358976e-26
215 8.71794871794873e-26
215.1 8.69230769230771e-26
215.2 8.66666666666668e-26
215.3 8.64102564102565e-26
215.4 8.61538461538463e-26
215.5 8.5897435897436e-26
215.6 8.56410256410258e-26
215.7 8.53846153846155e-26
215.8 8.51282051282053e-26
215.9 8.4871794871795e-26
216 8.46153846153848e-26
216.1 8.43589743589745e-26
216.2 8.41025641025643e-26
216.3 8.3846153846154e-26
216.4 8.35897435897438e-26
216.5 8.33333333333335e-26
216.6 8.30769230769232e-26
216.7 8.2820512820513e-26
216.8 8.25641025641027e-26
216.9 8.23076923076925e-26
217 8.20512820512822e-26
217.1 8.1794871794872e-26
217.2 8.15384615384617e-26
217.3 8.12820512820515e-26
217.4 8.10256410256412e-26
217.5 8.0769230769231e-26
217.6 8.05128205128207e-26
217.7 8.02564102564105e-26
217.8 8.00000000000002e-26
217.9 7.97435897435899e-26
218 7.94871794871797e-26
218.1 7.92307692307694e-26
218.2 7.89743589743592e-26
218.3 7.87179487179489e-26
218.4 7.84615384615387e-26
218.5 7.82051282051284e-26
218.6 7.79487179487182e-26
218.7 7.76923076923079e-26
218.8 7.74358974358977e-26
218.9 7.71794871794874e-26
219 7.69230769230772e-26
219.1 7.66666666666669e-26
219.2 7.64102564102566e-26
219.3 7.61538461538464e-26
219.4 7.58974358974361e-26
219.5 7.56410256410259e-26
219.6 7.53846153846156e-26
219.7 7.51282051282054e-26
219.8 7.48717948717951e-26
219.9 7.46153846153849e-26
220 7.43589743589746e-26
220.1 7.41025641025644e-26
220.2 7.38461538461541e-26
220.3 7.35897435897439e-26
220.4 7.33333333333336e-26
220.5 7.30769230769233e-26
220.6 7.28205128205131e-26
220.7 7.25641025641028e-26
220.8 7.23076923076926e-26
220.9 7.20512820512823e-26
221 7.17948717948721e-26
221.1 7.15384615384618e-26
221.2 7.12820512820516e-26
221.3 7.10256410256413e-26
221.4 7.07692307692311e-26
221.5 7.05128205128208e-26
221.6 7.02564102564105e-26
221.7 7.00000000000003e-26
221.8 6.974358974359e-26
221.9 6.94871794871798e-26
222 6.92307692307695e-26
222.1 6.89743589743593e-26
222.2 6.8717948717949e-26
222.3 6.84615384615388e-26
222.4 6.82051282051285e-26
222.5 6.79487179487183e-26
222.6 6.7692307692308e-26
222.7 6.74358974358978e-26
222.8 6.71794871794875e-26
222.9 6.69230769230772e-26
223 6.6666666666667e-26
223.1 6.64102564102567e-26
223.2 6.61538461538465e-26
223.3 6.58974358974362e-26
223.4 6.5641025641026e-26
223.5 6.53846153846157e-26
223.6 6.51282051282055e-26
223.7 6.48717948717952e-26
223.8 6.4615384615385e-26
223.9 6.43589743589747e-26
224 6.41025641025645e-26
224.1 6.38461538461542e-26
224.2 6.35897435897439e-26
224.3 6.33333333333337e-26
224.4 6.30769230769234e-26
224.5 6.28205128205132e-26
224.6 6.25641025641029e-26
224.7 6.23076923076927e-26
224.8 6.20512820512824e-26
224.9 6.17948717948722e-26
225 6.15384615384619e-26
225.1 6.12820512820517e-26
225.2 6.10256410256414e-26
225.3 6.07692307692311e-26
225.4 6.05128205128209e-26
225.5 6.02564102564106e-26
225.6 6.00000000000004e-26
225.7 5.97435897435901e-26
225.8 5.94871794871799e-26
225.9 5.92307692307696e-26
226 5.89743589743593e-26
226.1 5.87179487179491e-26
226.2 5.84615384615388e-26
226.3 5.82051282051285e-26
226.4 5.79487179487183e-26
226.5 5.7692307692308e-26
226.6 5.74358974358978e-26
226.7 5.71794871794875e-26
226.8 5.69230769230772e-26
226.9 5.6666666666667e-26
227 5.64102564102567e-26
227.1 5.61538461538465e-26
227.2 5.58974358974362e-26
227.3 5.56410256410259e-26
227.4 5.53846153846157e-26
227.5 5.51282051282054e-26
227.6 5.48717948717952e-26
227.7 5.46153846153849e-26
227.8 5.43589743589747e-26
227.9 5.41025641025644e-26
228 5.38461538461541e-26
228.1 5.35897435897439e-26
228.2 5.33333333333336e-26
228.3 5.30769230769234e-26
228.4 5.28205128205131e-26
228.5 5.25641025641028e-26
228.6 5.23076923076926e-26
228.7 5.20512820512823e-26
228.8 5.1794871794872e-26
228.9 5.15384615384618e-26
229 5.12820512820515e-26
229.1 5.10256410256413e-26
229.2 5.0769230769231e-26
229.3 5.05128205128208e-26
229.4 5.02564102564105e-26
229.5 5.00000000000002e-26
229.6 4.974358974359e-26
229.7 4.94871794871797e-26
229.8 4.92307692307695e-26
229.9 4.89743589743592e-26
230 4.87179487179489e-26
230.1 4.84615384615387e-26
230.2 4.82051282051284e-26
230.3 4.79487179487182e-26
230.4 4.76923076923079e-26
230.5 4.74358974358976e-26
230.6 4.71794871794874e-26
230.7 4.69230769230771e-26
230.8 4.66666666666669e-26
230.9 4.64102564102566e-26
231 4.61538461538463e-26
231.1 4.58974358974361e-26
231.2 4.56410256410258e-26
231.3 4.53846153846156e-26
231.4 4.51282051282053e-26
231.5 4.4871794871795e-26
231.6 4.46153846153848e-26
231.7 4.43589743589745e-26
231.8 4.41025641025643e-26
231.9 4.3846153846154e-26
232 4.35897435897437e-26
232.1 4.33333333333335e-26
232.2 4.30769230769232e-26
232.3 4.2820512820513e-26
232.4 4.25641025641027e-26
232.5 4.23076923076924e-26
232.6 4.20512820512822e-26
232.7 4.17948717948719e-26
232.8 4.15384615384617e-26
232.9 4.12820512820514e-26
233 4.10256410256411e-26
233.1 4.07692307692309e-26
233.2 4.05128205128206e-26
233.3 4.02564102564104e-26
233.4 4.00000000000001e-26
233.5 3.97435897435898e-26
233.6 3.94871794871796e-26
233.7 3.92307692307693e-26
233.8 3.89743589743591e-26
233.9 3.87179487179488e-26
234 3.84615384615385e-26
234.1 3.82051282051283e-26
234.2 3.7948717948718e-26
234.3 3.76923076923078e-26
234.4 3.74358974358975e-26
234.5 3.71794871794872e-26
234.6 3.6923076923077e-26
234.7 3.66666666666667e-26
234.8 3.64102564102565e-26
234.9 3.61538461538462e-26
235 3.5897435897436e-26
235.1 3.56410256410257e-26
235.2 3.53846153846154e-26
235.3 3.51282051282052e-26
235.4 3.48717948717949e-26
235.5 3.46153846153847e-26
235.6 3.43589743589744e-26
235.7 3.41025641025641e-26
235.8 3.38461538461539e-26
235.9 3.35897435897436e-26
236 3.33333333333334e-26
236.1 3.30769230769231e-26
236.2 3.28205128205128e-26
236.3 3.25641025641026e-26
236.4 3.23076923076923e-26
236.5 3.20512820512821e-26
236.6 3.17948717948718e-26
236.7 3.15384615384615e-26
236.8 3.12820512820513e-26
236.9 3.1025641025641e-26
237 3.07692307692308e-26
237.1 3.05128205128205e-26
237.2 3.02564102564102e-26
237.3 3e-26
