0 1e-22
0.1 1e-22
0.2 2.575e-21
0.3 5.05e-21
0.4 7.525e-21
0.5 1e-20
0.6 2.16e-20
0.7 3.32e-20
0.8 4.48e-20
0.9 5.64e-20
1 6.8e-20
1.1 7.42e-20
1.2 8.04e-20
1.3 8.66e-20
1.4 9.28e-20
1.5 9.9e-20
1.6 1.052e-19
1.7 1.114e-19
1.8 1.176e-19
1.9 1.238e-19
2 1.3e-19
2.1 3.02e-19
2.2 1.928e-19
2.3 2.06353846153846e-19
2.4 2.19907692307692e-19
2.5 2.33461538461538e-19
2.6 2.47015384615385e-19
2.7 2.60569230769231e-19
2.8 2.74123076923077e-19
2.9 2.87676923076923e-19
3 3.01230769230769e-19
3.1 3.14784615384615e-19
3.2 3.28338461538462e-19
3.3 3.41892307692308e-19
3.4 3.55446153846154e-19
3.5 3.69e-19
3.6 3.82553846153846e-19
3.7 3.96107692307692e-19
3.8 4.09661538461538e-19
3.9 4.23215384615385e-19
4 4.36769230769231e-19
4.1 4.50323076923077e-19
4.2 4.63876923076923e-19
4.3 4.77430769230769e-19
4.4 4.90984615384615e-19
4.5 5.04538461538462e-19
4.6 5.18092307692308e-19
4.7 5.31646153846154e-19
4.8 5.452e-19
4.9 5.58753846153846e-19
5 5.72307692307692e-19
5.1 5.85861538461539e-19
5.2 5.99415384615385e-19
5.3 6.12969230769231e-19
5.4 6.26523076923077e-19
5.5 6.40076923076923e-19
5.6 6.53630769230769e-19
5.7 6.67184615384616e-19
5.8 6.80738461538462e-19
5.9 6.94292307692308e-19
6 7.07846153846154e-19
6.1 7.214e-19
6.2 7.34953846153846e-19
6.3 7.48507692307692e-19
6.4 7.62061538461539e-19
6.5 7.75615384615385e-19
6.6 7.89169230769231e-19
6.7 8.02723076923077e-19
6.8 8.16276923076923e-19
6.9 8.29830769230769e-19
7 8.43384615384616e-19
7.1 8.56938461538462e-19
7.2 8.70492307692308e-19
7.3 8.84046153846154e-19
7.4 8.976e-19
7.5 9.11153846153847e-19
7.6 9.24707692307693e-19
7.7 9.38261538461539e-19
7.8 9.51815384615385e-19
7.9 9.65369230769231e-19
8 9.78923076923078e-19
8.1 9.92476923076924e-19
8.2 1.00603076923077e-18
8.3 1.01958461538462e-18
8.4 1.03313846153846e-18
8.5 1.04669230769231e-18
8.6 1.06024615384615e-18
8.7 1.0738e-18
8.8 1.08735384615385e-18
8.9 1.10090769230769e-18
9 1.11446153846154e-18
9.1 1.12801538461539e-18
9.2 1.14156923076923e-18
9.3 1.15512307692308e-18
9.4 1.16867692307692e-18
9.5 1.18223076923077e-18
9.6 1.19578461538462e-18
9.7 1.20933846153846e-18
9.8 1.22289230769231e-18
9.9 1.23644615384615e-18
10 1.25e-18
10.1 1.296875e-18
10.2 1.34375e-18
10.3 1.390625e-18
10.4 1.4375e-18
10.5 1.484375e-18
10.6 1.53125e-18
10.7 1.578125e-18
10.8 1.625e-18
10.9 1.671875e-18
11 1.71875e-18
11.1 1.765625e-18
11.2 1.8125e-18
11.3 1.859375e-18
11.4 1.90625e-18
11.5 1.953125e-18
11.6 2e-18
11.7 2.046875e-18
11.8 2.09375e-18
11.9 2.140625e-18
12 2.1875e-18
12.1 2.234375e-18
12.2 2.28125e-18
12.3 2.328125e-18
12.4 2.375e-18
12.5 2.421875e-18
12.6 2.46875e-18
12.7 2.515625e-18
12.8 2.5625e-18
12.9 2.609375e-18
13 2.65625e-18
13.1 2.703125e-18
13.2 2.75e-18
13.3 2.796875e-18
13.4 2.84375e-18
13.5 2.890625e-18
13.6 2.9375e-18
13.7 2.984375e-18
13.8 3.03125e-18
13.9 3.078125e-18
14 3.125e-18
14.1 3.171875e-18
14.2 3.21875e-18
14.3 3.265625e-18
14.4 3.3125e-18
14.5 3.359375e-18
14.6 3.40625e-18
14.7 3.453125e-18
14.8 3.5e-18
14.9 3.546875e-18
15 3.59375e-18
15.1 3.640625e-18
15.2 3.6875e-18
15.3 3.734375e-18
15.4 3.78125e-18
15.5 3.828125e-18
15.6 3.875e-18
15.7 3.921875e-18
15.8 3.96875e-18
15.9 4.015625e-18
16 4.0625e-18
16.1 4.109375e-18
16.2 4.15625e-18
16.3 4.203125e-18
16.4 4.25e-18
16.5 4.296875e-18
16.6 4.34375e-18
16.7 4.390625e-18
16.8 4.4375e-18
16.9 4.484375e-18
17 4.53125e-18
17.1 4.578125e-18
17.2 4.625e-18
17.3 4.671875e-18
17.4 4.71875e-18
17.5 4.765625e-18
17.6 4.8125e-18
17.7 4.859375e-18
17.8 4.90625e-18
17.9 4.953125e-18
18 5e-18
18.1 5.035e-18
18.2 5.07e-18
18.3 5.105e-18
18.4 5.14e-18
18.5 5.175e-18
18.6 5.21e-18
18.7 5.245e-18
18.8 5.28e-18
18.9 5.315e-18
19 5.35e-18
19.1 5.385e-18
19.2 5.42e-18
19.3 5.455e-18
19.4 5.49e-18
19.5 5.525e-18
19.6 5.56e-18
19.7 5.595e-18
19.8 5.63e-18
19.9 5.665e-18
20 5.7e-18
20.1 5.745e-18
20.2 5.79e-18
20.3 5.835e-18
20.4 5.88e-18
20.5 5.925e-18
20.6 5.97e-18
20.7 6.015e-18
20.8 6.06e-18
20.9 6.105e-18
21 6.15e-18
21.1 6.195e-18
21.2 6.24e-18
21.3 6.285e-18
21.4 6.33e-18
21.5 6.375e-18
21.6 6.42e-18
21.7 6.465e-18
21.8 6.51e-18
21.9 6.555e-18
22 6.6e-18
22.1 6.65e-18
22.2 6.7e-18
22.3 6.75e-18
22.4 6.8e-18
22.5 6.85e-18
22.6 6.9e-18
22.7 6.95e-18
22.8 7e-18
22.9 7.05e-18
23 7.1e-18
23.1 7.15e-18
23.2 7.2e-18
23.3 7.25e-18
23.4 7.3e-18
23.5 7.35e-18
23.6 7.4e-18
23.7 7.45e-18
23.8 7.5e-18
23.9 7.55e-18
24 7.6e-18
24.1 7.635e-18
24.2 7.67e-18
24.3 7.705e-18
24.4 7.74e-18
24.5 7.775e-18
24.6 7.81e-18
24.7 7.845e-18
24.8 7.88e-18
24.9 7.915e-18
25 7.95e-18
25.1 7.985e-18
25.2 8.02e-18
25.3 8.055e-18
25.4 8.09e-18
25.5 8.125e-18
25.6 8.16e-18
25.7 8.195e-18
25.8 8.23e-18
25.9 8.265e-18
26 8.3e-18
26.1 8.365e-18
26.2 8.43e-18
26.3 8.495e-18
26.4 8.56e-18
26.5 8.625e-18
26.6 8.69e-18
26.7 8.755e-18
26.8 8.82e-18
26.9 8.885e-18
27 8.95e-18
27.1 9.015e-18
27.2 9.08e-18
27.3 9.145e-18
27.4 9.21e-18
27.5 9.275e-18
27.6 9.34e-18
27.7 9.405e-18
27.8 9.47e-18
27.9 9.535e-18
28 9.6e-18
28.1 9.625e-18
28.2 9.65e-18
28.3 9.675e-18
28.4 9.7e-18
28.5 9.725e-18
28.6 9.75e-18
28.7 9.775e-18
28.8 9.8e-18
28.9 9.825e-18
29 9.85e-18
29.1 9.875e-18
29.2 9.9e-18
29.3 9.925e-18
29.4 9.95e-18
29.5 9.975e-18
29.6 1e-17
29.7 1.0025e-17
29.8 1.005e-17
29.9 1.0075e-17
30 1.01e-17
30.1 1.0125e-17
30.2 1.015e-17
30.3 1.0175e-17
30.4 1.02e-17
30.5 1.0225e-17
30.6 1.025e-17
30.7 1.0275e-17
30.8 1.03e-17
30.9 1.0325e-17
31 1.035e-17
31.1 1.0375e-17
31.2 1.04e-17
31.3 1.0425e-17
31.4 1.045e-17
31.5 1.0475e-17
31.6 1.05e-17
31.7 1.0525e-17
31.8 1.055e-17
31.9 1.0575e-17
32 1.06e-17
32.1 1.0645e-17
32.2 1.069e-17
32.3 1.0735e-17
32.4 1.078e-17
32.5 1.0825e-17
32.6 1.087e-17
32.7 1.0915e-17
32.8 1.096e-17
32.9 1.1005e-17
33 1.105e-17
33.1 1.1095e-17
33.2 1.114e-17
33.3 1.1185e-17
33.4 1.123e-17
33.5 1.1275e-17
33.6 1.132e-17
33.7 1.1365e-17
33.8 1.141e-17
33.9 1.1455e-17
34 1.15e-17
34.1 1.154e-17
34.2 1.158e-17
34.3 1.162e-17
34.4 1.166e-17
34.5 1.17e-17
34.6 1.174e-17
34.7 1.178e-17
34.8 1.182e-17
34.9 1.186e-17
35 1.19e-17
35.1 1.194e-17
35.2 1.198e-17
35.3 1.202e-17
35.4 1.206e-17
35.5 1.21e-17
35.6 1.214e-17
35.7 1.218e-17
35.8 1.222e-17
35.9 1.226e-17
36 1.23e-17
36.1 1.2345e-17
36.2 1.239e-17
36.3 1.2435e-17
36.4 1.248e-17
36.5 1.2525e-17
36.6 1.257e-17
36.7 1.2615e-17
36.8 1.266e-17
36.9 1.2705e-17
37 1.275e-17
37.1 1.2795e-17
37.2 1.284e-17
37.3 1.2885e-17
37.4 1.293e-17
37.5 1.2975e-17
37.6 1.302e-17
37.7 1.3065e-17
37.8 1.311e-17
37.9 1.3155e-17
38 1.32e-17
38.1 1.3255e-17
38.2 1.331e-17
38.3 1.3365e-17
38.4 1.342e-17
38.5 1.3475e-17
38.6 1.353e-17
38.7 1.3585e-17
38.8 1.364e-17
38.9 1.3695e-17
39 1.375e-17
39.1 1.3805e-17
39.2 1.386e-17
39.3 1.3915e-17
39.4 1.397e-17
39.5 1.4025e-17
39.6 1.408e-17
39.7 1.4135e-17
39.8 1.419e-17
39.9 1.4245e-17
40 1.43e-17
40.1 1.4365e-17
40.2 1.443e-17
40.3 1.4495e-17
40.4 1.456e-17
40.5 1.4625e-17
40.6 1.469e-17
40.7 1.4755e-17
40.8 1.482e-17
40.9 1.4885e-17
41 1.495e-17
41.1 1.5015e-17
41.2 1.508e-17
41.3 1.5145e-17
41.4 1.521e-17
41.5 1.5275e-17
41.6 1.534e-17
41.7 1.5405e-17
41.8 1.547e-17
41.9 1.5535e-17
42 1.56e-17
42.1 1.568e-17
42.2 1.576e-17
42.3 1.584e-17
42.4 1.592e-17
42.5 1.6e-17
42.6 1.608e-17
42.7 1.616e-17
42.8 1.624e-17
42.9 1.632e-17
43 1.64e-17
43.1 1.648e-17
43.2 1.656e-17
43.3 1.664e-17
43.4 1.672e-17
43.5 1.68e-17
43.6 1.688e-17
43.7 1.696e-17
43.8 1.704e-17
43.9 1.712e-17
44 1.72e-17
44.1 1.723e-17
44.2 1.726e-17
44.3 1.729e-17
44.4 1.732e-17
44.5 1.735e-17
44.6 1.738e-17
44.7 1.741e-17
44.8 1.744e-17
44.9 1.747e-17
45 1.75e-17
45.1 1.753e-17
45.2 1.756e-17
45.3 1.759e-17
45.4 1.762e-17
45.5 1.765e-17
45.6 1.768e-17
45.7 1.771e-17
45.8 1.774e-17
45.9 1.777e-17
46 1.78e-17
46.1 1.7795e-17
46.2 1.779e-17
46.3 1.7785e-17
46.4 1.778e-17
46.5 1.7775e-17
46.6 1.777e-17
46.7 1.7765e-17
46.8 1.776e-17
46.9 1.7755e-17
47 1.775e-17
47.1 1.7745e-17
47.2 1.774e-17
47.3 1.7735e-17
47.4 1.773e-17
47.5 1.7725e-17
47.6 1.772e-17
47.7 1.7715e-17
47.8 1.771e-17
47.9 1.7705e-17
48 1.77e-17
48.1 1.773e-17
48.2 1.776e-17
48.3 1.779e-17
48.4 1.782e-17
48.5 1.785e-17
48.6 1.788e-17
48.7 1.791e-17
48.8 1.794e-17
48.9 1.797e-17
49 1.8e-17
49.1 1.803e-17
49.2 1.806e-17
49.3 1.809e-17
49.4 1.812e-17
49.5 1.815e-17
49.6 1.818e-17
49.7 1.821e-17
49.8 1.824e-17
49.9 1.827e-17
50 1.83e-17
50.1 1.8335e-17
50.2 1.837e-17
50.3 1.8405e-17
50.4 1.844e-17
50.5 1.8475e-17
50.6 1.851e-17
50.7 1.8545e-17
50.8 1.858e-17
50.9 1.8615e-17
51 1.865e-17
51.1 1.8685e-17
51.2 1.872e-17
51.3 1.8755e-17
51.4 1.879e-17
51.5 1.8825e-17
51.6 1.886e-17
51.7 1.8895e-17
51.8 1.893e-17
51.9 1.8965e-17
52 1.9e-17
52.1 1.9045e-17
52.2 1.909e-17
52.3 1.9135e-17
52.4 1.918e-17
52.5 1.9225e-17
52.6 1.927e-17
52.7 1.9315e-17
52.8 1.936e-17
52.9 1.9405e-17
53 1.945e-17
53.1 1.9495e-17
53.2 1.954e-17
53.3 1.9585e-17
53.4 1.963e-17
53.5 1.9675e-17
53.6 1.972e-17
53.7 1.9765e-17
53.8 1.981e-17
53.9 1.9855e-17
54 1.99e-17
54.1 1.994e-17
54.2 1.998e-17
54.3 2.002e-17
54.4 2.006e-17
54.5 2.01e-17
54.6 2.014e-17
54.7 2.018e-17
54.8 2.022e-17
54.9 2.026e-17
55 2.03e-17
55.1 2.034e-17
55.2 2.038e-17
55.3 2.042e-17
55.4 2.046e-17
55.5 2.05e-17
55.6 2.054e-17
55.7 2.058e-17
55.8 2.062e-17
55.9 2.066e-17
56 2.07e-17
56.1 2.073e-17
56.2 2.076e-17
56.3 2.079e-17
56.4 2.082e-17
56.5 2.085e-17
56.6 2.088e-17
56.7 2.091e-17
56.8 2.094e-17
56.9 2.097e-17
57 2.1e-17
57.1 2.103e-17
57.2 2.106e-17
57.3 2.109e-17
57.4 2.112e-17
57.5 2.115e-17
57.6 2.118e-17
57.7 2.121e-17
57.8 2.124e-17
57.9 2.127e-17
58 2.13e-17
58.1 2.133e-17
58.2 2.136e-17
58.3 2.139e-17
58.4 2.142e-17
58.5 2.145e-17
58.6 2.148e-17
58.7 2.151e-17
58.8 2.154e-17
58.9 2.157e-17
59 2.16e-17
59.1 2.163e-17
59.2 2.166e-17
59.3 2.169e-17
59.4 2.172e-17
59.5 2.175e-17
59.6 2.178e-17
59.7 2.181e-17
59.8 2.184e-17
59.9 2.187e-17
60 2.19e-17
60.1 2.193e-17
60.2 2.196e-17
60.3 2.199e-17
60.4 2.202e-17
60.5 2.205e-17
60.6 2.208e-17
60.7 2.211e-17
60.8 2.214e-17
60.9 2.217e-17
61 2.22e-17
61.1 2.223e-17
61.2 2.226e-17
61.3 2.229e-17
61.4 2.232e-17
61.5 2.235e-17
61.6 2.238e-17
61.7 2.241e-17
61.8 2.244e-17
61.9 2.247e-17
62 2.25e-17
62.1 2.251e-17
62.2 2.252e-17
62.3 2.253e-17
62.4 2.254e-17
62.5 2.255e-17
62.6 2.256e-17
62.7 2.257e-17
62.8 2.258e-17
62.9 2.259e-17
63 2.26e-17
63.1 2.261e-17
63.2 2.262e-17
63.3 2.263e-17
63.4 2.264e-17
63.5 2.265e-17
63.6 2.266e-17
63.7 2.267e-17
63.8 2.268e-17
63.9 2.269e-17
64 2.27e-17
64.1 2.2705e-17
64.2 2.271e-17
64.3 2.2715e-17
64.4 2.272e-17
64.5 2.2725e-17
64.6 2.273e-17
64.7 2.2735e-17
64.8 2.274e-17
64.9 2.2745e-17
65 2.275e-17
65.1 2.2755e-17
65.2 2.276e-17
65.3 2.2765e-17
65.4 2.277e-17
65.5 2.2775e-17
65.6 2.278e-17
65.7 2.2785e-17
65.8 2.279e-17
65.9 2.2795e-17
66 2.28e-17
66.1 2.2795e-17
66.2 2.279e-17
66.3 2.2785e-17
66.4 2.278e-17
66.5 2.2775e-17
66.6 2.277e-17
66.7 2.2765e-17
66.8 2.276e-17
66.9 2.2755e-17
67 2.275e-17
67.1 2.2745e-17
67.2 2.274e-17
67.3 2.2735e-17
67.4 2.273e-17
67.5 2.2725e-17
67.6 2.272e-17
67.7 2.2715e-17
67.8 2.271e-17
67.9 2.2705e-17
68 2.27e-17
68.1 2.266e-17
68.2 2.262e-17
68.3 2.258e-17
68.4 2.254e-17
68.5 2.25e-17
68.6 2.246e-17
68.7 2.242e-17
68.8 2.238e-17
68.9 2.234e-17
69 2.23e-17
69.1 2.226e-17
69.2 2.222e-17
69.3 2.218e-17
69.4 2.214e-17
69.5 2.21e-17
69.6 2.206e-17
69.7 2.202e-17
69.8 2.198e-17
69.9 2.194e-17
70 2.19e-17
70.1 2.1895e-17
70.2 2.189e-17
70.3 2.1885e-17
70.4 2.188e-17
70.5 2.1875e-17
70.6 2.187e-17
70.7 2.1865e-17
70.8 2.186e-17
70.9 2.1855e-17
71 2.185e-17
71.1 2.1845e-17
71.2 2.184e-17
71.3 2.1835e-17
71.4 2.183e-17
71.5 2.1825e-17
71.6 2.182e-17
71.7 2.1815e-17
71.8 2.181e-17
71.9 2.1805e-17
72 2.18e-17
72.1 2.18e-17
72.2 2.18e-17
72.3 2.18e-17
72.4 2.18e-17
72.5 2.18e-17
72.6 2.18e-17
72.7 2.18e-17
72.8 2.18e-17
72.9 2.18e-17
73 2.18e-17
73.1 2.18e-17
73.2 2.18e-17
73.3 2.18e-17
73.4 2.16e-17
73.5 2.18e-17
73.6 2.15428571428571e-17
73.7 2.12857142857143e-17
73.8 2.10285714285714e-17
73.9 2.07714285714286e-17
74 2.05142857142857e-17
74.1 2.02571428571428e-17
74.2 2e-17
74.3 2.02125e-17
74.4 2.0425e-17
74.5 2.06375e-17
74.6 2.085e-17
74.7 2.10625e-17
74.8 2.1275e-17
74.9 2.14875e-17
75 2.17e-17
75.1 2.14241379310345e-17
75.2 2.1148275862069e-17
75.3 2.08724137931034e-17
75.4 2.05965517241379e-17
75.5 2.03206896551724e-17
75.6 2.00448275862069e-17
75.7 1.97689655172414e-17
75.8 1.94931034482759e-17
75.9 1.93e-17
76 1.93263157894737e-17
76.1 1.93526315789474e-17
76.2 1.93789473684211e-17
76.3 1.94052631578947e-17
76.4 1.94315789473684e-17
76.5 1.94578947368421e-17
76.6 1.94842105263158e-17
76.7 1.95e-17
76.8 1.93247422680412e-17
76.9 1.91494845360825e-17
77 1.89742268041237e-17
77.1 1.87989690721649e-17
77.2 1.86237113402062e-17
77.3 1.84484536082474e-17
77.4 1.82731958762886e-17
77.5 1.80979381443299e-17
77.6 1.79226804123711e-17
77.7 1.78e-17
77.8 1.77142857142857e-17
77.9 1.76285714285714e-17
78 1.75428571428571e-17
78.1 1.74571428571429e-17
78.2 1.73714285714286e-17
78.3 1.72857142857143e-17
78.4 1.72e-17
78.5 1.71479166666667e-17
78.6 1.70958333333333e-17
78.7 1.704375e-17
78.8 1.69916666666667e-17
78.9 1.69395833333333e-17
79 1.68875e-17
79.1 1.68354166666667e-17
79.2 1.67833333333333e-17
79.3 1.673125e-17
79.4 1.67e-17
79.5 1.65833333333333e-17
79.6 1.64666666666667e-17
79.7 1.635e-17
79.8 1.62333333333333e-17
79.9 1.61166666666667e-17
80 1.6e-17
80.1 1.616e-17
80.2 1.62442105263158e-17
80.3 1.63284210526316e-17
80.4 1.64126315789474e-17
80.5 1.64968421052632e-17
80.6 1.6581052631579e-17
80.7 1.66652631578947e-17
80.8 1.67494736842105e-17
80.9 1.68e-17
81 1.68454545454545e-17
81.1 1.68909090909091e-17
81.2 1.69363636363636e-17
81.3 1.69818181818182e-17
81.4 1.70272727272727e-17
81.5 1.70727272727273e-17
81.6 1.71e-17
81.7 1.71967741935484e-17
81.8 1.72935483870968e-17
81.9 1.73903225806452e-17
82 1.74870967741936e-17
82.1 1.75838709677419e-17
82.2 1.77e-17
82.3 1.7738961038961e-17
82.4 1.77779220779221e-17
82.5 1.78168831168831e-17
82.6 1.78558441558442e-17
82.7 1.78948051948052e-17
82.8 1.79337662337662e-17
82.9 1.79727272727273e-17
83 1.8e-17
83.1 1.78918918918919e-17
83.2 1.77837837837838e-17
83.3 1.76756756756757e-17
83.4 1.76e-17
83.5 1.8e-17
83.6 1.80869565217391e-17
83.7 1.86e-17
83.8 1.86277777777778e-17
83.9 1.86555555555556e-17
84 1.86833333333333e-17
84.1 1.87111111111111e-17
84.2 1.87388888888889e-17
84.3 1.87666666666667e-17
84.4 1.88e-17
84.5 1.86958333333333e-17
84.6 1.85916666666667e-17
84.7 1.84875e-17
84.8 1.83833333333333e-17
84.9 1.83e-17
85 1.90142857142857e-17
85.1 1.98e-17
85.2 1.905e-17
85.3 1.86e-17
85.4 1.86909090909091e-17
85.5 1.88e-17
85.6 1.92e-17
85.7 1.935625e-17
85.8 1.95125e-17
85.9 1.97e-17
86 1.87499999999999e-17
86.1 1.78e-17
86.2 1.8275e-17
86.3 1.875e-17
86.4 1.9225e-17
86.5 1.97e-17
86.6 1.97555555555556e-17
86.7 1.98e-17
86.8 1.99e-17
86.9 2.01727272727273e-17
87 2.05e-17
87.1 2.05416666666667e-17
87.2 2.06e-17
87.3 2.05523809523809e-17
87.4 2.05e-17
87.5 2.05e-17
87.6 2.05e-17
87.7 2.05e-17
87.8 2.05e-17
87.9 2.07e-17
88 2.0653488372093e-17
88.1 2.0606976744186e-17
88.2 2.05604651162791e-17
88.3 2.05e-17
88.4 2.125e-17
88.5 2.2e-17
88.6 2.26e-17
88.7 2.08e-17
88.8 2.09818181818182e-17
88.9 2.11636363636364e-17
89 2.13454545454546e-17
89.1 2.16e-17
89.2 2.26500000000001e-17
89.3 2.37e-17
89.4 2.28e-17
89.5 2.30222222222222e-17
89.6 2.32444444444445e-17
89.7 2.34666666666667e-17
89.8 2.36888888888889e-17
89.9 2.39111111111111e-17
90 2.42e-17
90.1 2.26999999999999e-17
90.2 2.11999999999999e-17
90.3 1.97e-17
90.4 1.94e-17
90.5 1.91e-17
90.6 2.06806451612904e-17
90.7 2.22612903225807e-17
90.8 2.4e-17
90.9 2.42e-17
91 2.32e-17
91.1 2.30727272727273e-17
91.2 2.11e-17
91.3 2.15e-17
91.4 2.19e-17
91.5 2.33074074074074e-17
91.6 2.47148148148149e-17
91.7 2.57e-17
91.8 2.39499999999998e-17
91.9 2.29e-17
92 2.28166666666667e-17
92.1 2.27333333333333e-17
92.2 2.265e-17
92.3 2.25666666666667e-17
92.4 2.25e-17
92.5 2.37e-17
92.6 2.54e-17
92.7 2.34e-17
92.8 2.20333333333333e-17
92.9 2.06666666666666e-17
93 1.93e-17
93.1 2.12583333333335e-17
93.2 2.4e-17
93.3 2.41666666666667e-17
93.4 2.43e-17
93.5 2.35e-17
93.6 2.2e-17
93.7 2.21730769230769e-17
93.8 2.23461538461539e-17
93.9 2.25192307692308e-17
94 2.26923076923077e-17
94.1 2.29e-17
94.2 2.365e-17
94.3 2.24814814814815e-17
94.4 2.16634460547504e-17
94.5 2.06e-17
94.6 2.04e-17
94.7 2.02e-17
94.8 2e-17
94.9 2.06e-17
95 2.04095238095238e-17
95.1 2.02e-17
95.2 2.02e-17
95.3 1.9941935483871e-17
95.4 1.96838709677419e-17
95.5 1.94258064516129e-17
95.6 1.91677419354839e-17
95.7 1.89096774193548e-17
95.8 1.86e-17
95.9 1.90444444444445e-17
96 1.94e-17
96.1 1.77e-17
96.2 1.77434782608696e-17
96.3 1.78e-17
96.4 1.73416666666666e-17
96.5 1.67e-17
96.6 1.70913043478261e-17
96.7 1.76e-17
96.8 1.77e-17
96.9 1.57499999999999e-17
97 1.38e-17
97.1 1.39805555555556e-17
97.2 1.41611111111111e-17
97.3 1.43416666666667e-17
97.4 1.45222222222222e-17
97.5 1.47027777777778e-17
97.6 1.48833333333334e-17
97.7 1.51e-17
97.8 1.51e-17
97.9 1.47833333333333e-17
98 1.44666666666667e-17
98.1 1.415e-17
98.2 1.38333333333333e-17
98.3 1.35166666666666e-17
98.4 1.32e-17
98.5 1.2875e-17
98.6 1.255e-17
98.7 1.2225e-17
98.8 1.19e-17
98.9 1.1575e-17
99 1.125e-17
99.1 1.0925e-17
99.2 1.06e-17
99.3 1.0275e-17
99.4 9.94999999999998e-18
99.5 9.62499999999998e-18
99.6 9.29999999999997e-18
99.7 8.97499999999997e-18
99.8 8.64999999999996e-18
99.9 8.32499999999996e-18
100 8e-18
100.1 7.85e-18
100.2 7.7e-18
100.3 7.55e-18
100.4 7.4e-18
100.5 7.25e-18
100.6 7.09999999999999e-18
100.7 6.94999999999999e-18
100.8 6.79999999999999e-18
100.9 6.64999999999999e-18
101 6.49999999999999e-18
101.1 6.34999999999999e-18
101.2 6.19999999999999e-18
101.3 6.04999999999999e-18
101.4 5.89999999999999e-18
101.5 5.74999999999999e-18
101.6 5.59999999999999e-18
101.7 5.44999999999999e-18
101.8 5.29999999999998e-18
101.9 5.14999999999998e-18
102 5e-18
102.1 4.9e-18
102.2 4.8e-18
102.3 4.7e-18
102.4 4.6e-18
102.5 4.5e-18
102.6 4.4e-18
102.7 4.3e-18
102.8 4.2e-18
102.9 4.1e-18
103 3.99999999999999e-18
103.1 3.89999999999999e-18
103.2 3.79999999999999e-18
103.3 3.69999999999999e-18
103.4 3.59999999999999e-18
103.5 3.49999999999999e-18
103.6 3.39999999999999e-18
103.7 3.29999999999999e-18
103.8 3.19999999999999e-18
103.9 3.09999999999999e-18
104 3e-18
104.1 2.945e-18
104.2 2.89e-18
104.3 2.835e-18
104.4 2.78e-18
104.5 2.725e-18
104.6 2.67e-18
104.7 2.615e-18
104.8 2.56e-18
104.9 2.505e-18
105 2.45e-18
105.1 2.395e-18
105.2 2.34e-18
105.3 2.285e-18
105.4 2.23e-18
105.5 2.175e-18
105.6 2.11999999999999e-18
105.7 2.06499999999999e-18
105.8 2.00999999999999e-18
105.9 1.95499999999999e-18
106 1.9e-18
106.1 2.19000000000001e-18
106.2 2.48000000000001e-18
106.3 2.77000000000002e-18
106.4 3.06000000000003e-18
106.5 3.35e-18
106.6 3.13999999999999e-18
106.7 2.92999999999999e-18
106.8 2.71999999999998e-18
106.9 2.50999999999998e-18
107 2.3e-18
107.1 3.94000000000005e-18
107.2 5.58000000000007e-18
107.3 7.22000000000014e-18
107.4 8.86000000000016e-18
107.5 1.05e-17
107.6 9.13999999999996e-18
107.7 7.77999999999994e-18
107.8 6.41999999999988e-18
107.9 5.05999999999987e-18
108 3.7e-18
108.1 4.00000000000001e-18
108.2 4.30000000000001e-18
108.3 4.60000000000003e-18
108.4 4.90000000000003e-18
108.5 5.2e-18
108.6 6.36000000000003e-18
108.7 7.52000000000005e-18
108.8 8.6800000000001e-18
108.9 9.84000000000012e-18
109 1.1e-17
109.1 9.61999999999996e-18
109.2 8.23999999999994e-18
109.3 6.85999999999988e-18
109.4 5.47999999999986e-18
109.5 4.1e-18
109.6 4.02e-18
109.7 3.94e-18
109.8 3.85999999999999e-18
109.9 3.77999999999999e-18
110 3.7e-18
110.1 3.43999999999999e-18
110.2 3.17999999999999e-18
110.3 2.91999999999998e-18
110.4 2.65999999999997e-18
110.5 2.4e-18
110.6 5.52000000000009e-18
110.7 8.64000000000013e-18
110.8 1.17600000000003e-17
110.9 1.48800000000003e-17
111 1.8e-17
111.1 1.85e-17
111.2 1.9e-17
111.3 1.86666666666666e-17
111.4 1.83333333333333e-17
111.5 1.8e-17
111.6 1.29999999999997e-17
111.7 7.99999999999957e-18
111.8 3e-18
111.9 1.07500000000004e-17
112 1.85e-17
112.1 1.84e-17
112.2 1.83e-17
112.3 1.82e-17
112.4 1.81e-17
112.5 1.8e-17
112.6 1.9e-17
112.7 1.60999999999999e-17
112.8 1.31999999999998e-17
112.9 1.02999999999997e-17
113 7.4e-18
113.1 6.35999999999997e-18
113.2 5.31999999999996e-18
113.3 4.27999999999991e-18
113.4 3.2399999999999e-18
113.5 2.2e-18
113.6 2.1e-18
113.7 2e-18
113.8 1.89999999999999e-18
113.9 1.79999999999999e-18
114 1.7e-18
114.1 1.94e-18
114.2 2.18000000000001e-18
114.3 2.42000000000001e-18
114.4 2.66000000000001e-18
114.5 2.90000000000001e-18
114.6 3.14000000000002e-18
114.7 3.38000000000002e-18
114.8 3.62000000000003e-18
114.9 3.86000000000003e-18
115 4.1e-18
115.1 3.875e-18
115.2 3.65e-18
115.3 3.42499999999999e-18
115.4 3.19999999999999e-18
115.5 2.97499999999999e-18
115.6 2.74999999999998e-18
115.7 2.52499999999998e-18
115.8 2.29999999999998e-18
115.9 2.07499999999998e-18
116 1.85e-18
116.1 2.34583333333334e-18
116.2 2.84166666666667e-18
116.3 3.33750000000001e-18
116.4 3.83333333333335e-18
116.5 4.32916666666668e-18
116.6 4.82500000000002e-18
116.7 5.32083333333336e-18
116.8 5.8166666666667e-18
116.9 6.31250000000003e-18
117 6.80833333333336e-18
117.1 7.30416666666671e-18
117.2 7.8e-18
117.3 7.14999999999999e-18
117.4 6.49999999999998e-18
117.5 5.84999999999997e-18
117.6 5.19999999999996e-18
117.7 4.54999999999996e-18
117.8 3.89999999999993e-18
117.9 3.24999999999993e-18
118 2.6e-18
118.1 3.44000000000001e-18
118.2 4.28000000000002e-18
118.3 5.12000000000003e-18
118.4 5.96000000000004e-18
118.5 6.80000000000004e-18
118.6 7.64000000000006e-18
118.7 8.48000000000006e-18
118.8 9.32000000000009e-18
118.9 1.01600000000001e-17
119 1.1e-17
119.1 1.05e-17
119.2 9.99999999999999e-18
119.3 9.49999999999998e-18
119.4 8.99999999999998e-18
119.5 8.49999999999997e-18
119.6 7.99999999999997e-18
119.7 7.49999999999996e-18
119.8 6.99999999999995e-18
119.9 6.49999999999995e-18
120 6e-18
120.1 5.53999999999999e-18
120.2 5.07999999999998e-18
120.3 4.61999999999996e-18
120.4 4.15999999999995e-18
120.5 3.7e-18
120.6 4.44000000000002e-18
120.7 5.18000000000003e-18
120.8 5.92000000000006e-18
120.9 6.66000000000007e-18
121 7.4e-18
121.1 9.32000000000006e-18
121.2 1.12400000000001e-17
121.3 1.31600000000002e-17
121.4 1.50800000000002e-17
121.5 1.7e-17
121.6 1.75e-17
121.7 1.8e-17
121.8 1.85e-17
121.9 1.57499999999998e-17
122 1.3e-17
122.1 1.11399999999999e-17
122.2 9.27999999999992e-18
122.3 7.41999999999984e-18
122.4 5.55999999999981e-18
122.5 3.7e-18
122.6 3.47999999999999e-18
122.7 3.25999999999999e-18
122.8 3.03999999999998e-18
122.9 2.81999999999998e-18
123 2.6e-18
123.1 3.56000000000003e-18
123.2 4.52000000000004e-18
123.3 5.48000000000008e-18
123.4 6.4400000000001e-18
123.5 7.4e-18
123.6 8.72000000000004e-18
123.7 1.00400000000001e-17
123.8 1.13600000000001e-17
123.9 1.26800000000001e-17
124 1.4e-17
124.1 1.232e-17
124.2 1.06399999999999e-17
124.3 8.95999999999986e-18
124.4 7.27999999999983e-18
124.5 5.6e-18
124.6 5.82000000000001e-18
124.7 6.04000000000001e-18
124.8 6.26000000000002e-18
124.9 6.48000000000002e-18
125 6.7e-18
125.1 6.706e-18
125.2 6.712e-18
125.3 6.718e-18
125.4 6.724e-18
125.5 6.73e-18
125.6 6.736e-18
125.7 6.742e-18
125.8 6.748e-18
125.9 6.754e-18
126 6.76e-18
126.1 6.766e-18
126.2 6.772e-18
126.3 6.778e-18
126.4 6.784e-18
126.5 6.79e-18
126.6 6.796e-18
126.7 6.802e-18
126.8 6.808e-18
126.9 6.814e-18
127 6.82e-18
127.1 6.826e-18
127.2 6.832e-18
127.3 6.838e-18
127.4 6.844e-18
127.5 6.85e-18
127.6 6.856e-18
127.7 6.862e-18
127.8 6.868e-18
127.9 6.874e-18
128 6.88e-18
128.1 6.886e-18
128.2 6.892e-18
128.3 6.898e-18
128.4 6.904e-18
128.5 6.91e-18
128.6 6.916e-18
128.7 6.922e-18
128.8 6.928e-18
128.9 6.934e-18
129 6.94e-18
129.1 6.946e-18
129.2 6.952e-18
129.3 6.958e-18
129.4 6.964e-18
129.5 6.97e-18
129.6 6.976e-18
129.7 6.982e-18
129.8 6.988e-18
129.9 6.994e-18
130 7e-18
130.1 7e-18
130.2 7e-18
130.3 7e-18
130.4 7e-18
130.5 6.92391304347826e-18
130.6 6.84782608695652e-18
130.7 6.77173913043478e-18
130.8 6.69565217391304e-18
130.9 6.6195652173913e-18
131 6.54347826086956e-18
131.1 6.46739130434782e-18
131.2 6.39130434782608e-18
131.3 6.31521739130435e-18
131.4 6.23913043478261e-18
131.5 6.16304347826087e-18
131.6 6.08695652173913e-18
131.7 6.01086956521739e-18
131.8 5.93478260869565e-18
131.9 5.85869565217391e-18
132 5.78260869565217e-18
132.1 5.70652173913043e-18
132.2 5.63043478260869e-18
132.3 5.55434782608695e-18
132.4 5.47826086956521e-18
132.5 5.40217391304347e-18
132.6 5.32608695652173e-18
132.7 5.25e-18
132.8 5.17391304347826e-18
132.9 5.09782608695652e-18
133 5.02173913043478e-18
133.1 4.94565217391304e-18
133.2 4.8695652173913e-18
133.3 4.79347826086956e-18
133.4 4.71739130434782e-18
133.5 4.64130434782608e-18
133.6 4.56521739130434e-18
133.7 4.4891304347826e-18
133.8 4.41304347826086e-18
133.9 4.33695652173912e-18
134 4.26086956521738e-18
134.1 4.18478260869565e-18
134.2 4.10869565217391e-18
134.3 4.03260869565217e-18
134.4 3.95652173913043e-18
134.5 3.88043478260869e-18
134.6 3.80434782608695e-18
134.7 3.72826086956521e-18
134.8 3.65217391304347e-18
134.9 3.57608695652173e-18
135 3.5e-18
135.1 3.446e-18
135.2 3.392e-18
135.3 3.338e-18
135.4 3.284e-18
135.5 3.23e-18
135.6 3.176e-18
135.7 3.122e-18
135.8 3.068e-18
135.9 3.014e-18
136 2.96e-18
136.1 2.906e-18
136.2 2.852e-18
136.3 2.798e-18
136.4 2.744e-18
136.5 2.69e-18
136.6 2.636e-18
136.7 2.582e-18
136.8 2.528e-18
136.9 2.474e-18
137 2.42e-18
137.1 2.366e-18
137.2 2.312e-18
137.3 2.258e-18
137.4 2.204e-18
137.5 2.15e-18
137.6 2.096e-18
137.7 2.042e-18
137.8 1.988e-18
137.9 1.934e-18
138 1.88e-18
138.1 1.826e-18
138.2 1.772e-18
138.3 1.718e-18
138.4 1.664e-18
138.5 1.61e-18
138.6 1.556e-18
138.7 1.502e-18
138.8 1.448e-18
138.9 1.394e-18
139 1.34e-18
139.1 1.286e-18
139.2 1.232e-18
139.3 1.17799999999999e-18
139.4 1.12399999999999e-18
139.5 1.06999999999999e-18
139.6 1.016e-18
139.7 9.61999999999994e-19
139.8 9.07999999999993e-19
139.9 8.53999999999993e-19
140 8e-19
140.1 7.9e-19
140.2 7.8e-19
140.3 7.7e-19
140.4 7.6e-19
140.5 7.5e-19
140.6 7.4e-19
140.7 7.3e-19
140.8 7.2e-19
140.9 7.1e-19
141 7e-19
141.1 6.9e-19
141.2 6.8e-19
141.3 6.7e-19
141.4 6.59999999999999e-19
141.5 6.49999999999999e-19
141.6 6.39999999999999e-19
141.7 6.29999999999999e-19
141.8 6.19999999999999e-19
141.9 6.09999999999999e-19
142 5.99999999999999e-19
142.1 5.89999999999999e-19
142.2 5.79999999999999e-19
142.3 5.69999999999999e-19
142.4 5.59999999999999e-19
142.5 5.49999999999999e-19
142.6 5.39999999999999e-19
142.7 5.29999999999999e-19
142.8 5.19999999999999e-19
142.9 5.09999999999999e-19
143 5e-19
143.1 5e-19
143.2 5e-19
143.3 5e-19
143.4 5e-19
143.5 5e-19
143.6 5e-19
143.7 5e-19
143.8 5e-19
143.9 5e-19
144 5e-19
144.1 5e-19
144.2 5e-19
144.3 5e-19
144.4 5e-19
144.5 5e-19
144.6 5e-19
144.7 5e-19
144.8 5e-19
144.9 5e-19
145 5e-19
145.1 5.1e-19
145.2 5.2e-19
145.3 5.3e-19
145.4 5.4e-19
145.5 5.5e-19
145.6 5.6e-19
145.7 5.7e-19
145.8 5.8e-19
145.9 5.9e-19
146 6e-19
146.1 6.1e-19
146.2 6.2e-19
146.3 6.3e-19
146.4 6.40000000000001e-19
146.5 6.50000000000001e-19
146.6 6.60000000000001e-19
146.7 6.70000000000001e-19
146.8 6.80000000000001e-19
146.9 6.90000000000001e-19
147 7.00000000000001e-19
147.1 7.10000000000001e-19
147.2 7.20000000000001e-19
147.3 7.30000000000001e-19
147.4 7.40000000000001e-19
147.5 7.50000000000001e-19
147.6 7.60000000000001e-19
147.7 7.70000000000001e-19
147.8 7.80000000000001e-19
147.9 7.90000000000001e-19
148 8.00000000000001e-19
148.1 8.10000000000001e-19
148.2 8.20000000000001e-19
148.3 8.30000000000001e-19
148.4 8.40000000000001e-19
148.5 8.50000000000001e-19
148.6 8.60000000000001e-19
148.7 8.70000000000001e-19
148.8 8.80000000000001e-19
148.9 8.90000000000001e-19
149 9.00000000000001e-19
149.1 9.10000000000001e-19
149.2 9.20000000000001e-19
149.3 9.30000000000001e-19
149.4 9.40000000000001e-19
149.5 9.50000000000001e-19
149.6 9.60000000000001e-19
149.7 9.70000000000001e-19
149.8 9.80000000000001e-19
149.9 9.90000000000001e-19
150 1e-18
150.1 1.024e-18
150.2 1.048e-18
150.3 1.072e-18
150.4 1.096e-18
150.5 1.12e-18
150.6 1.144e-18
150.7 1.168e-18
150.8 1.192e-18
150.9 1.216e-18
151 1.24e-18
151.1 1.264e-18
151.2 1.288e-18
151.3 1.312e-18
151.4 1.336e-18
151.5 1.36e-18
151.6 1.384e-18
151.7 1.408e-18
151.8 1.432e-18
151.9 1.456e-18
152 1.48e-18
152.1 1.504e-18
152.2 1.528e-18
152.3 1.552e-18
152.4 1.576e-18
152.5 1.6e-18
152.6 1.624e-18
152.7 1.648e-18
152.8 1.672e-18
152.9 1.696e-18
153 1.72e-18
153.1 1.744e-18
153.2 1.768e-18
153.3 1.792e-18
153.4 1.816e-18
153.5 1.84e-18
153.6 1.864e-18
153.7 1.888e-18
153.8 1.912e-18
153.9 1.936e-18
154 1.96e-18
154.1 1.984e-18
154.2 2.008e-18
154.3 2.032e-18
154.4 2.056e-18
154.5 2.08e-18
154.6 2.104e-18
154.7 2.128e-18
154.8 2.152e-18
154.9 2.176e-18
155 2.2e-18
155.1 2.234e-18
155.2 2.268e-18
155.3 2.302e-18
155.4 2.336e-18
155.5 2.37e-18
155.6 2.404e-18
155.7 2.438e-18
155.8 2.472e-18
155.9 2.506e-18
156 2.54e-18
156.1 2.574e-18
156.2 2.608e-18
156.3 2.642e-18
156.4 2.676e-18
156.5 2.71e-18
156.6 2.744e-18
156.7 2.778e-18
156.8 2.812e-18
156.9 2.846e-18
157 2.88e-18
157.1 2.914e-18
157.2 2.948e-18
157.3 2.982e-18
157.4 3.016e-18
157.5 3.05e-18
157.6 3.084e-18
157.7 3.118e-18
157.8 3.152e-18
157.9 3.186e-18
158 3.22e-18
158.1 3.254e-18
158.2 3.288e-18
158.3 3.322e-18
158.4 3.356e-18
158.5 3.39e-18
158.6 3.424e-18
158.7 3.458e-18
158.8 3.492e-18
158.9 3.526e-18
159 3.56e-18
159.1 3.594e-18
159.2 3.628e-18
159.3 3.662e-18
159.4 3.696e-18
159.5 3.73e-18
159.6 3.76400000000001e-18
159.7 3.79800000000001e-18
159.8 3.83200000000001e-18
159.9 3.86600000000001e-18
160 3.9e-18
160.1 3.922e-18
160.2 3.944e-18
160.3 3.966e-18
160.4 3.988e-18
160.5 4.01e-18
160.6 4.032e-18
160.7 4.054e-18
160.8 4.076e-18
160.9 4.098e-18
161 4.12e-18
161.1 4.142e-18
161.2 4.164e-18
161.3 4.186e-18
161.4 4.208e-18
161.5 4.23e-18
161.6 4.252e-18
161.7 4.274e-18
161.8 4.296e-18
161.9 4.318e-18
162 4.34e-18
162.1 4.362e-18
162.2 4.384e-18
162.3 4.406e-18
162.4 4.428e-18
162.5 4.45e-18
162.6 4.472e-18
162.7 4.494e-18
162.8 4.51600000000001e-18
162.9 4.538e-18
163 4.56e-18
163.1 4.582e-18
163.2 4.604e-18
163.3 4.626e-18
163.4 4.648e-18
163.5 4.67e-18
163.6 4.692e-18
163.7 4.714e-18
163.8 4.736e-18
163.9 4.758e-18
164 4.78e-18
164.1 4.802e-18
164.2 4.824e-18
164.3 4.846e-18
164.4 4.868e-18
164.5 4.89e-18
164.6 4.912e-18
164.7 4.934e-18
164.8 4.956e-18
164.9 4.978e-18
165 5e-18
165.1 4.99e-18
165.2 4.98e-18
165.3 4.97e-18
165.4 4.96e-18
165.5 4.95e-18
165.6 4.94e-18
165.7 4.93e-18
165.8 4.92e-18
165.9 4.91e-18
166 4.9e-18
166.1 4.89e-18
166.2 4.88e-18
166.3 4.87e-18
166.4 4.86e-18
166.5 4.85e-18
166.6 4.84e-18
166.7 4.83e-18
166.8 4.82e-18
166.9 4.81e-18
167 4.8e-18
167.1 4.79e-18
167.2 4.78e-18
167.3 4.77e-18
167.4 4.76e-18
167.5 4.75e-18
167.6 4.74e-18
167.7 4.73e-18
167.8 4.72e-18
167.9 4.71e-18
168 4.7e-18
168.1 4.69e-18
168.2 4.68e-18
168.3 4.67e-18
168.4 4.66e-18
168.5 4.65e-18
168.6 4.64e-18
168.7 4.63e-18
168.8 4.62e-18
168.9 4.61e-18
169 4.6e-18
169.1 4.59e-18
169.2 4.58e-18
169.3 4.57e-18
169.4 4.56e-18
169.5 4.55e-18
169.6 4.54e-18
169.7 4.53e-18
169.8 4.52e-18
169.9 4.51e-18
170 4.5e-18
170.1 4.47e-18
170.2 4.44e-18
170.3 4.41e-18
170.4 4.38e-18
170.5 4.35e-18
170.6 4.32e-18
170.7 4.29e-18
170.8 4.26e-18
170.9 4.23e-18
171 4.2e-18
171.1 4.17e-18
171.2 4.14e-18
171.3 4.11e-18
171.4 4.08e-18
171.5 4.05e-18
171.6 4.02e-18
171.7 3.99e-18
171.8 3.96e-18
171.9 3.93e-18
172 3.9e-18
172.1 3.87e-18
172.2 3.84e-18
172.3 3.81e-18
172.4 3.78e-18
172.5 3.75e-18
172.6 3.72e-18
172.7 3.69e-18
172.8 3.66e-18
172.9 3.63e-18
173 3.6e-18
173.1 3.57e-18
173.2 3.54e-18
173.3 3.51e-18
173.4 3.48e-18
173.5 3.45e-18
173.6 3.42e-18
173.7 3.39e-18
173.8 3.36e-18
173.9 3.33e-18
174 3.3e-18
174.1 3.27e-18
174.2 3.24e-18
174.3 3.21e-18
174.4 3.18e-18
174.5 3.15e-18
174.6 3.12e-18
174.7 3.09e-18
174.8 3.06e-18
174.9 3.03e-18
175 3e-18
175.1 2.959e-18
175.2 2.918e-18
175.3 2.877e-18
175.4 2.836e-18
175.5 2.795e-18
175.6 2.754e-18
175.7 2.713e-18
175.8 2.672e-18
175.9 2.631e-18
176 2.59e-18
176.1 2.549e-18
176.2 2.508e-18
176.3 2.467e-18
176.4 2.426e-18
176.5 2.385e-18
176.6 2.344e-18
176.7 2.303e-18
176.8 2.262e-18
176.9 2.221e-18
177 2.18e-18
177.1 2.139e-18
177.2 2.098e-18
177.3 2.057e-18
177.4 2.016e-18
177.5 1.975e-18
177.6 1.934e-18
177.7 1.893e-18
177.8 1.852e-18
177.9 1.811e-18
178 1.77e-18
178.1 1.729e-18
178.2 1.688e-18
178.3 1.647e-18
178.4 1.606e-18
178.5 1.565e-18
178.6 1.52399999999999e-18
178.7 1.48299999999999e-18
178.8 1.44199999999999e-18
178.9 1.40099999999999e-18
179 1.35999999999999e-18
179.1 1.31899999999999e-18
179.2 1.27799999999999e-18
179.3 1.23699999999999e-18
179.4 1.19599999999999e-18
179.5 1.15499999999999e-18
179.6 1.11399999999999e-18
179.7 1.07299999999999e-18
179.8 1.03199999999999e-18
179.9 9.90999999999994e-19
180 9.5e-19
180.1 9.32e-19
180.2 9.14e-19
180.3 8.96e-19
180.4 8.78e-19
180.5 8.6e-19
180.6 8.42e-19
180.7 8.24e-19
180.8 8.06e-19
180.9 7.88e-19
181 7.7e-19
181.1 7.51999999999999e-19
181.2 7.33999999999999e-19
181.3 7.15999999999999e-19
181.4 6.97999999999999e-19
181.5 6.79999999999999e-19
181.6 6.61999999999999e-19
181.7 6.43999999999999e-19
181.8 6.25999999999999e-19
181.9 6.07999999999999e-19
182 5.89999999999999e-19
182.1 5.71999999999999e-19
182.2 5.53999999999999e-19
182.3 5.35999999999999e-19
182.4 5.17999999999999e-19
182.5 4.99999999999999e-19
182.6 4.81999999999999e-19
182.7 4.63999999999998e-19
182.8 4.45999999999998e-19
182.9 4.27999999999998e-19
183 4.09999999999998e-19
183.1 3.91999999999998e-19
183.2 3.73999999999998e-19
183.3 3.55999999999998e-19
183.4 3.37999999999998e-19
183.5 3.19999999999998e-19
183.6 3.01999999999998e-19
183.7 2.83999999999998e-19
183.8 2.65999999999998e-19
183.9 2.47999999999998e-19
184 2.29999999999998e-19
184.1 2.11999999999998e-19
184.2 1.93999999999997e-19
184.3 1.75999999999997e-19
184.4 1.57999999999997e-19
184.5 1.39999999999998e-19
184.6 1.21999999999997e-19
184.7 1.03999999999997e-19
184.8 8.59999999999968e-20
184.9 6.79999999999974e-20
185 5e-20
185.1 4.59999999999999e-20
185.2 4.19999999999998e-20
185.3 3.79999999999997e-20
185.4 3.39999999999997e-20
185.5 2.99999999999997e-20
185.6 2.59999999999995e-20
185.7 2.19999999999994e-20
185.8 1.79999999999994e-20
185.9 1.39999999999995e-20
186 1e-20
186.1 1e-35
