0 4e-27
0.1 4e-27
0.2 1.28e-25
0.3 2.52e-25
0.4 3.76e-25
0.5 5e-25
0.6 6.24e-25
0.7 7.48e-25
0.8 8.72e-25
0.9 9.96e-25
1 1.12e-24
1.1 5.6092e-23
1.2 1.11064e-22
1.3 1.66036e-22
1.4 2.21008e-22
1.5 2.7598e-22
1.6 3.30952e-22
1.7 3.85924e-22
1.8 4.40896e-22
1.9 4.95868e-22
2 5.5084e-22
2.1 6.05812e-22
2.2 6.60784e-22
2.3 7.15756e-22
2.4 7.70728e-22
2.5 8.257e-22
2.6 8.80672e-22
2.7 9.35644e-22
2.8 9.90616e-22
2.9 1.045588e-21
3 1.10056e-21
3.1 1.155532e-21
3.2 1.210504e-21
3.3 1.265476e-21
3.4 1.320448e-21
3.5 1.37542e-21
3.6 1.430392e-21
3.7 1.485364e-21
3.8 1.540336e-21
3.9 1.595308e-21
4 1.65028e-21
4.1 1.705252e-21
4.2 1.760224e-21
4.3 1.815196e-21
4.4 1.870168e-21
4.5 1.92514e-21
4.6 1.980112e-21
4.7 2.035084e-21
4.8 2.090056e-21
4.9 2.145028e-21
5 2.2e-21
5.1 2.556e-21
5.2 2.912e-21
5.3 3.268e-21
5.4 3.624e-21
5.5 3.98e-21
5.6 4.336e-21
5.7 4.692e-21
5.8 5.048e-21
5.9 5.404e-21
6 5.76e-21
6.1 6.116e-21
6.2 6.472e-21
6.3 6.828e-21
6.4 7.184e-21
6.5 7.54e-21
6.6 7.896e-21
6.7 8.252e-21
6.8 8.608e-21
6.9 8.964e-21
7 9.32e-21
7.1 9.676e-21
7.2 1.0032e-20
7.3 1.0388e-20
7.4 1.0744e-20
7.5 1.11e-20
7.6 1.1456e-20
7.7 1.1812e-20
7.8 1.2168e-20
7.9 1.2524e-20
8 1.288e-20
8.1 1.3236e-20
8.2 1.3592e-20
8.3 1.3948e-20
8.4 1.4304e-20
8.5 1.466e-20
8.6 1.5016e-20
8.7 1.5372e-20
8.8 1.5728e-20
8.9 1.6084e-20
9 1.644e-20
9.1 1.6796e-20
9.2 1.7152e-20
9.3 1.7508e-20
9.4 1.7864e-20
9.5 1.822e-20
9.6 1.8576e-20
9.7 1.8932e-20
9.8 1.9288e-20
9.9 1.9644e-20
10 2e-20
10.1 2.146e-20
10.2 2.292e-20
10.3 2.438e-20
10.4 2.584e-20
10.5 2.73e-20
10.6 2.876e-20
10.7 3.022e-20
10.8 3.168e-20
10.9 3.314e-20
11 3.46e-20
11.1 3.606e-20
11.2 3.752e-20
11.3 3.898e-20
11.4 4.044e-20
11.5 4.19e-20
11.6 4.336e-20
11.7 4.482e-20
11.8 4.628e-20
11.9 4.774e-20
12 4.92e-20
12.1 5.066e-20
12.2 5.212e-20
12.3 5.358e-20
12.4 5.504e-20
12.5 5.65e-20
12.6 5.796e-20
12.7 5.942e-20
12.8 6.088e-20
12.9 6.234e-20
13 6.38e-20
13.1 6.526e-20
13.2 6.672e-20
13.3 6.818e-20
13.4 6.964e-20
13.5 7.11e-20
13.6 7.256e-20
13.7 7.402e-20
13.8 7.548e-20
13.9 7.694e-20
14 7.84e-20
14.1 7.986e-20
14.2 8.132e-20
14.3 8.278e-20
14.4 8.424e-20
14.5 8.57e-20
14.6 8.716e-20
14.7 8.862e-20
14.8 9.008e-20
14.9 9.154e-20
15 9.3e-20
15.1 9.446e-20
15.2 9.592e-20
15.3 9.738e-20
15.4 9.884e-20
15.5 1.003e-19
15.6 1.0176e-19
15.7 1.0322e-19
15.8 1.0468e-19
15.9 1.0614e-19
16 1.076e-19
16.1 1.0906e-19
16.2 1.1052e-19
16.3 1.1198e-19
16.4 1.1344e-19
16.5 1.149e-19
16.6 1.1636e-19
16.7 1.1782e-19
16.8 1.1928e-19
16.9 1.2074e-19
17 1.222e-19
17.1 1.2366e-19
17.2 1.2512e-19
17.3 1.2658e-19
17.4 1.2804e-19
17.5 1.295e-19
17.6 1.3096e-19
17.7 1.3242e-19
17.8 1.3388e-19
17.9 1.3534e-19
18 1.368e-19
18.1 1.3826e-19
18.2 1.3972e-19
18.3 1.4118e-19
18.4 1.4264e-19
18.5 1.441e-19
18.6 1.4556e-19
18.7 1.4702e-19
18.8 1.4848e-19
18.9 1.4994e-19
19 1.514e-19
19.1 1.5286e-19
19.2 1.5432e-19
19.3 1.5578e-19
19.4 1.5724e-19
19.5 1.587e-19
19.6 1.6016e-19
19.7 1.6162e-19
19.8 1.6308e-19
19.9 1.6454e-19
20 1.66e-19
20.1 1.76752688172043e-19
20.2 1.87505376344086e-19
20.3 1.98258064516129e-19
20.4 2.09010752688172e-19
20.5 2.19763440860215e-19
20.6 2.30516129032258e-19
20.7 2.41268817204301e-19
20.8 2.52021505376344e-19
20.9 2.66e-19
21 2.71396825396825e-19
21.1 2.76793650793651e-19
21.2 2.82190476190476e-19
21.3 2.87587301587302e-19
21.4 2.92984126984127e-19
21.5 2.98380952380952e-19
21.6 3.03777777777778e-19
21.7 3.09174603174603e-19
21.8 3.14571428571429e-19
21.9 3.19968253968254e-19
22 3.25365079365079e-19
22.1 3.30761904761905e-19
22.2 3.3615873015873e-19
22.3 3.41555555555556e-19
22.4 3.46952380952381e-19
22.5 3.52349206349206e-19
22.6 3.57746031746032e-19
22.7 3.63142857142857e-19
22.8 3.68539682539683e-19
22.9 3.73936507936508e-19
23 3.79333333333333e-19
23.1 3.84730158730159e-19
23.2 3.90126984126984e-19
23.3 3.9552380952381e-19
23.4 4.02e-19
23.5 4.08607142857143e-19
23.6 4.15214285714286e-19
23.7 4.21821428571429e-19
23.8 4.28428571428571e-19
23.9 4.35035714285714e-19
24 4.39e-19
24.1 4.46638888888889e-19
24.2 4.54277777777778e-19
24.3 4.61916666666667e-19
24.4 4.69555555555556e-19
24.5 4.77194444444444e-19
24.6 4.84833333333333e-19
24.7 4.94e-19
24.8 5.00296296296296e-19
24.9 5.06592592592593e-19
25 5.12888888888889e-19
25.1 5.19185185185185e-19
25.2 5.25481481481481e-19
25.3 5.31777777777778e-19
25.4 5.38074074074074e-19
25.5 5.4437037037037e-19
25.6 5.50666666666667e-19
25.7 5.56962962962963e-19
25.8 5.63259259259259e-19
25.9 5.69555555555556e-19
26 5.78931506849315e-19
26.1 5.79e-19
26.2 5.90132075471698e-19
26.3 6.01264150943396e-19
26.4 6.12396226415094e-19
26.5 6.23528301886792e-19
26.6 6.38e-19
26.7 6.46685714285714e-19
26.8 6.55371428571429e-19
26.9 6.64057142857143e-19
27 6.72742857142857e-19
27.1 6.81428571428572e-19
27.2 6.90114285714286e-19
27.3 6.988e-19
27.4 7.07485714285714e-19
27.5 7.16171428571429e-19
27.6 7.24857142857143e-19
27.7 7.33542857142857e-19
27.8 7.42228571428571e-19
27.9 7.50914285714286e-19
28 7.596e-19
28.1 7.68285714285714e-19
28.2 7.76971428571429e-19
28.3 7.87998901098901e-19
28.4 7.9e-19
28.5 8.01691176470588e-19
28.6 8.13382352941176e-19
28.7 8.25073529411765e-19
28.8 8.36764705882353e-19
28.9 8.48455882352941e-19
29 8.60147058823529e-19
29.1 8.71838235294117e-19
29.2 8.83529411764706e-19
29.3 8.95220588235294e-19
29.4 9.06911764705882e-19
29.5 9.1860294117647e-19
29.6 9.30294117647059e-19
29.7 9.41985294117647e-19
29.8 9.49e-19
29.9 9.62921568627451e-19
30 9.76843137254902e-19
30.1 9.90764705882353e-19
30.2 1.0046862745098e-18
30.3 1.02e-18
30.4 1.02840336134454e-18
30.5 1.03680672268908e-18
30.6 1.04521008403361e-18
30.7 1.05361344537815e-18
30.8 1.06201680672269e-18
30.9 1.07042016806723e-18
31 1.07882352941176e-18
31.1 1.0872268907563e-18
31.2 1.09563025210084e-18
31.3 1.10403361344538e-18
31.4 1.11243697478992e-18
31.5 1.12e-18
31.6 1.13162790697674e-18
31.7 1.14325581395349e-18
31.8 1.15488372093023e-18
31.9 1.16651162790698e-18
32 1.17813953488372e-18
32.1 1.18976744186047e-18
32.2 1.20139534883721e-18
32.3 1.21302325581395e-18
32.4 1.22e-18
32.5 1.23261261261261e-18
32.6 1.24522522522523e-18
32.7 1.25783783783784e-18
32.8 1.27045045045045e-18
32.9 1.28306306306306e-18
33 1.29567567567568e-18
33.1 1.30828828828829e-18
33.2 1.3209009009009e-18
33.3 1.33351351351351e-18
33.4 1.34612612612613e-18
33.5 1.36e-18
33.6 1.37485148514851e-18
33.7 1.38970297029703e-18
33.8 1.40455445544554e-18
33.9 1.41940594059406e-18
34 1.43425742574257e-18
34.1 1.44910891089109e-18
34.2 1.4639603960396e-18
34.3 1.47881188118812e-18
34.4 1.49366336633663e-18
34.5 1.51e-18
34.6 1.52777777777778e-18
34.7 1.54555555555556e-18
34.8 1.56333333333333e-18
34.9 1.58111111111111e-18
35 1.59888888888889e-18
35.1 1.61666666666667e-18
35.2 1.63444444444444e-18
35.3 1.65222222222222e-18
35.4 1.67e-18
35.5 1.68777777777778e-18
35.6 1.70555555555556e-18
35.7 1.72333333333333e-18
35.8 1.74310734463277e-18
35.9 1.75e-18
36 1.77307692307692e-18
36.1 1.79615384615385e-18
36.2 1.81923076923077e-18
36.3 1.84e-18
36.4 1.85680672268908e-18
36.5 1.87361344537815e-18
36.6 1.89042016806723e-18
36.7 1.9072268907563e-18
36.8 1.92403361344538e-18
36.9 1.94084033613445e-18
37 1.95764705882353e-18
37.1 1.97445378151261e-18
37.2 1.99126050420168e-18
37.3 2.00806722689076e-18
37.4 2.02487394957983e-18
37.5 2.04e-18
37.6 2.05774193548387e-18
37.7 2.07548387096774e-18
37.8 2.09322580645161e-18
37.9 2.11096774193548e-18
38 2.12870967741936e-18
38.1 2.14645161290323e-18
38.2 2.1641935483871e-18
38.3 2.18193548387097e-18
38.4 2.19967741935484e-18
38.5 2.21741935483871e-18
38.6 2.23516129032258e-18
38.7 2.26e-18
38.8 2.27504854368932e-18
38.9 2.29009708737864e-18
39 2.30514563106796e-18
39.1 2.32019417475728e-18
39.2 2.3352427184466e-18
39.3 2.35029126213592e-18
39.4 2.36533980582524e-18
39.5 2.38038834951456e-18
39.6 2.39543689320388e-18
39.7 2.4104854368932e-18
39.8 2.42553398058252e-18
39.9 2.44058252427184e-18
40 2.45563106796116e-18
40.1 2.47067961165048e-18
40.2 2.4857281553398e-18
40.3 2.50077669902913e-18
40.4 2.51582524271845e-18
40.5 2.53087378640777e-18
40.6 2.54592233009709e-18
40.7 2.56097087378641e-18
40.8 2.57601941747573e-18
40.9 2.59106796116505e-18
41 2.60611650485437e-18
41.1 2.62116504854369e-18
41.2 2.63621359223301e-18
41.3 2.65126213592233e-18
41.4 2.66631067961165e-18
41.5 2.68135922330097e-18
41.6 2.69640776699029e-18
41.7 2.71145631067961e-18
41.8 2.72650485436893e-18
41.9 2.74155339805825e-18
42 2.75660194174757e-18
42.1 2.77165048543689e-18
42.2 2.78669902912621e-18
42.3 2.80174757281553e-18
42.4 2.81679611650485e-18
42.5 2.83184466019417e-18
42.6 2.84689320388349e-18
42.7 2.86194174757282e-18
42.8 2.88e-18
42.9 2.90222222222222e-18
43 2.92444444444444e-18
43.1 2.94666666666667e-18
43.2 2.96888888888889e-18
43.3 2.99111111111111e-18
43.4 3.02e-18
43.5 3.03923076923077e-18
43.6 3.05846153846154e-18
43.7 3.07769230769231e-18
43.8 3.09692307692308e-18
43.9 3.11615384615385e-18
44 3.13538461538462e-18
44.1 3.15461538461539e-18
44.2 3.17384615384616e-18
44.3 3.19307692307692e-18
44.4 3.21230769230769e-18
44.5 3.23153846153846e-18
44.6 3.25076923076923e-18
44.7 3.27e-18
44.8 3.28923076923077e-18
44.9 3.30846153846154e-18
45 3.32769230769231e-18
45.1 3.34692307692308e-18
45.2 3.37e-18
45.3 3.37729166666667e-18
45.4 3.38458333333333e-18
45.5 3.391875e-18
45.6 3.39916666666667e-18
45.7 3.40645833333333e-18
45.8 3.41375e-18
45.9 3.42104166666667e-18
46 3.42833333333333e-18
46.1 3.435625e-18
46.2 3.44291666666667e-18
46.3 3.45020833333333e-18
46.4 3.4575e-18
46.5 3.46479166666667e-18
46.6 3.47208333333333e-18
46.7 3.479375e-18
46.8 3.48666666666667e-18
46.9 3.49395833333333e-18
47 3.50125e-18
47.1 3.50854166666667e-18
47.2 3.51583333333333e-18
47.3 3.523125e-18
47.4 3.53041666666667e-18
47.5 3.53770833333333e-18
47.6 3.545e-18
47.7 3.55229166666667e-18
47.8 3.55958333333333e-18
47.9 3.566875e-18
48 3.57416666666666e-18
48.1 3.58145833333333e-18
48.2 3.58875e-18
48.3 3.59604166666666e-18
48.4 3.60333333333333e-18
48.5 3.610625e-18
48.6 3.61791666666666e-18
48.7 3.62520833333333e-18
48.8 3.6325e-18
48.9 3.63979166666666e-18
49 3.64708333333333e-18
49.1 3.654375e-18
49.2 3.66166666666666e-18
49.3 3.66895833333333e-18
49.4 3.67625e-18
49.5 3.68354166666667e-18
49.6 3.69083333333333e-18
49.7 3.698125e-18
49.8 3.70541666666667e-18
49.9 3.71270833333333e-18
50 3.72e-18
50.1 3.7496e-18
50.2 3.7792e-18
50.3 3.8088e-18
50.4 3.8384e-18
50.5 3.868e-18
50.6 3.8976e-18
50.7 3.9272e-18
50.8 3.9568e-18
50.9 3.9864e-18
51 4.016e-18
51.1 4.0456e-18
51.2 4.0752e-18
51.3 4.1048e-18
51.4 4.1344e-18
51.5 4.164e-18
51.6 4.1936e-18
51.7 4.2232e-18
51.8 4.2528e-18
51.9 4.2824e-18
52 4.312e-18
52.1 4.3416e-18
52.2 4.3712e-18
52.3 4.40080000000001e-18
52.4 4.43040000000001e-18
52.5 4.46e-18
52.6 4.4896e-18
52.7 4.5192e-18
52.8 4.5488e-18
52.9 4.5784e-18
53 4.608e-18
53.1 4.6376e-18
53.2 4.6672e-18
53.3 4.6968e-18
53.4 4.7264e-18
53.5 4.756e-18
53.6 4.7856e-18
53.7 4.8152e-18
53.8 4.8448e-18
53.9 4.8744e-18
54 4.904e-18
54.1 4.9336e-18
54.2 4.9632e-18
54.3 4.9928e-18
54.4 5.0224e-18
54.5 5.052e-18
54.6 5.0816e-18
54.7 5.1112e-18
54.8 5.1408e-18
54.9 5.1704e-18
55 5.2e-18
55.1 5.23764705882353e-18
55.2 5.27529411764706e-18
55.3 5.31294117647059e-18
55.4 5.35058823529412e-18
55.5 5.38823529411765e-18
55.6 5.42588235294118e-18
55.7 5.46352941176471e-18
55.8 5.50117647058824e-18
55.9 5.53882352941177e-18
56 5.57647058823529e-18
56.1 5.61411764705882e-18
56.2 5.65176470588235e-18
56.3 5.68941176470588e-18
56.4 5.72705882352941e-18
56.5 5.76470588235294e-18
56.6 5.80235294117647e-18
56.7 5.84e-18
56.8 5.87764705882353e-18
56.9 5.91529411764706e-18
57 5.95294117647059e-18
57.1 5.99058823529412e-18
57.2 6.02823529411765e-18
57.3 6.06588235294118e-18
57.4 6.10352941176471e-18
57.5 6.14117647058824e-18
57.6 6.17882352941177e-18
57.7 6.2164705882353e-18
57.8 6.25411764705883e-18
57.9 6.29176470588236e-18
58 6.32941176470588e-18
58.1 6.36705882352941e-18
58.2 6.40470588235294e-18
58.3 6.44235294117647e-18
58.4 6.48e-18
58.5 6.525e-18
58.6 6.57e-18
58.7 6.615e-18
58.8 6.66e-18
58.9 6.705e-18
59 6.75e-18
59.1 6.795e-18
59.2 6.84e-18
59.3 6.885e-18
59.4 6.93e-18
59.5 6.975e-18
59.6 7.02e-18
59.7 7.065e-18
59.8 7.11e-18
59.9 7.155e-18
60 7.2e-18
60.1 7.242e-18
60.2 7.284e-18
60.3 7.326e-18
60.4 7.368e-18
60.5 7.41e-18
60.6 7.452e-18
60.7 7.494e-18
60.8 7.536e-18
60.9 7.578e-18
61 7.62e-18
61.1 7.662e-18
61.2 7.704e-18
61.3 7.746e-18
61.4 7.788e-18
61.5 7.83e-18
61.6 7.872e-18
61.7 7.914e-18
61.8 7.956e-18
61.9 7.998e-18
62 8.04e-18
62.1 8.08200000000001e-18
62.2 8.12400000000001e-18
62.3 8.16600000000001e-18
62.4 8.20800000000001e-18
62.5 8.25000000000001e-18
62.6 8.29200000000001e-18
62.7 8.33400000000001e-18
62.8 8.37600000000001e-18
62.9 8.41800000000001e-18
63 8.46000000000001e-18
63.1 8.50200000000001e-18
63.2 8.54400000000001e-18
63.3 8.58600000000001e-18
63.4 8.62800000000001e-18
63.5 8.67000000000001e-18
63.6 8.71200000000001e-18
63.7 8.75400000000001e-18
63.8 8.79600000000001e-18
63.9 8.83800000000001e-18
64 8.88000000000001e-18
64.1 8.92200000000001e-18
64.2 8.96400000000001e-18
64.3 9.00600000000001e-18
64.4 9.04800000000001e-18
64.5 9.09e-18
64.6 9.13200000000001e-18
64.7 9.17400000000001e-18
64.8 9.216e-18
64.9 9.258e-18
65 9.3e-18
65.1 9.314e-18
65.2 9.328e-18
65.3 9.342e-18
65.4 9.356e-18
65.5 9.37e-18
65.6 9.384e-18
65.7 9.398e-18
65.8 9.412e-18
65.9 9.426e-18
66 9.44e-18
66.1 9.454e-18
66.2 9.468e-18
66.3 9.482e-18
66.4 9.496e-18
66.5 9.51e-18
66.6 9.524e-18
66.7 9.538e-18
66.8 9.552e-18
66.9 9.566e-18
67 9.58e-18
67.1 9.594e-18
67.2 9.608e-18
67.3 9.622e-18
67.4 9.636e-18
67.5 9.65e-18
67.6 9.664e-18
67.7 9.678e-18
67.8 9.692e-18
67.9 9.706e-18
68 9.72e-18
68.1 9.734e-18
68.2 9.748e-18
68.3 9.762e-18
68.4 9.776e-18
68.5 9.79e-18
68.6 9.804e-18
68.7 9.818e-18
68.8 9.832e-18
68.9 9.846e-18
69 9.86e-18
69.1 9.874e-18
69.2 9.888e-18
69.3 9.902e-18
69.4 9.916e-18
69.5 9.93e-18
69.6 9.944e-18
69.7 9.958e-18
69.8 9.972e-18
69.9 9.986e-18
70 1e-17
70.1 1.0066e-17
70.2 1.0132e-17
70.3 1.0198e-17
70.4 1.0264e-17
70.5 1.033e-17
70.6 1.0396e-17
70.7 1.0462e-17
70.8 1.0528e-17
70.9 1.0594e-17
71 1.066e-17
71.1 1.0726e-17
71.2 1.0792e-17
71.3 1.0858e-17
71.4 1.0924e-17
71.5 1.099e-17
71.6 1.1056e-17
71.7 1.1122e-17
71.8 1.1188e-17
71.9 1.1254e-17
72 1.132e-17
72.1 1.1386e-17
72.2 1.1452e-17
72.3 1.1518e-17
72.4 1.1584e-17
72.5 1.165e-17
72.6 1.1716e-17
72.7 1.1782e-17
72.8 1.1848e-17
72.9 1.1914e-17
73 1.198e-17
73.1 1.2046e-17
73.2 1.2112e-17
73.3 1.2178e-17
73.4 1.2244e-17
73.5 1.231e-17
73.6 1.2376e-17
73.7 1.2442e-17
73.8 1.2508e-17
73.9 1.2574e-17
74 1.264e-17
74.1 1.2706e-17
74.2 1.2772e-17
74.3 1.2838e-17
74.4 1.2904e-17
74.5 1.297e-17
74.6 1.3036e-17
74.7 1.3102e-17
74.8 1.3168e-17
74.9 1.3234e-17
75 1.33e-17
75.1 1.3063e-17
75.2 1.2826e-17
75.3 1.2589e-17
75.4 1.2352e-17
75.5 1.2115e-17
75.6 1.1878e-17
75.7 1.1641e-17
75.8 1.1404e-17
75.9 1.1167e-17
76 1.093e-17
76.1 1.0693e-17
76.2 1.0456e-17
76.3 1.0219e-17
76.4 9.98199999999999e-18
76.5 9.74499999999999e-18
76.6 9.50799999999998e-18
76.7 9.27099999999998e-18
76.8 9.03399999999997e-18
76.9 8.79699999999997e-18
77 8.56e-18
77.1 8.13428571428571e-18
77.2 1.12e-17
77.3 1.0076e-17
77.4 8.95199999999995e-18
77.5 7.82799999999996e-18
77.6 6.70399999999991e-18
77.7 5.58e-18
77.8 9.67e-18
77.9 9.29857142857142e-18
78 8.92714285714285e-18
78.1 8.55571428571427e-18
78.2 8.18428571428569e-18
78.3 7.81285714285711e-18
78.4 7.44142857142853e-18
78.5 7.07e-18
78.6 1.23e-17
78.7 1.142e-17
78.8 1.054e-17
78.9 9.65999999999994e-18
79 8.77999999999994e-18
79.1 7.89999999999991e-18
79.2 7.0199999999999e-18
79.3 6.14e-18
79.4 1.04275000000001e-17
79.5 1.3e-17
79.6 1.19128571428571e-17
79.7 1.08257142857143e-17
79.8 9.73857142857138e-18
79.9 8.65142857142851e-18
80 7.56428571428566e-18
80.1 6.47714285714277e-18
80.2 5.39e-18
80.3 1.06328571428577e-17
80.4 1.64e-17
80.5 1.51977777777778e-17
80.6 1.39955555555555e-17
80.7 1.27933333333333e-17
80.8 1.1591111111111e-17
80.9 1.03888888888888e-17
81 9.18666666666657e-18
81.1 7.98444444444431e-18
81.2 6.78222222222209e-18
81.3 5.58e-18
81.4 1.45329411764713e-17
81.5 2.08e-17
81.6 1.894375e-17
81.7 1.70874999999999e-17
81.8 1.52312499999999e-17
81.9 1.33749999999999e-17
82 1.15187499999999e-17
82.1 9.6624999999998e-18
82.2 7.80624999999979e-18
82.3 5.95e-18
82.4 1.08764705882355e-17
82.5 1.58029411764708e-17
82.6 2.27e-17
82.7 2.13658333333333e-17
82.8 2.00316666666666e-17
82.9 1.86975e-17
83 1.73633333333333e-17
83.1 1.60291666666666e-17
83.2 1.46949999999999e-17
83.3 1.33608333333332e-17
83.4 1.20266666666665e-17
83.5 1.06924999999999e-17
83.6 9.35833333333317e-18
83.7 8.02416666666651e-18
83.8 6.69e-18
83.9 2.53e-17
84 2.524e-17
84.1 2.518e-17
84.2 2.512e-17
84.3 2.506e-17
84.4 2.5e-17
84.5 1e-35
84.6 1e-35
84.7 1e-35
84.8 1e-35
84.9 1e-35
85 1e-35
85.1 1e-35
85.2 1e-35
85.3 1e-35
85.4 1e-35
85.5 1e-35
85.6 1e-35
85.7 1e-35
85.8 1e-35
85.9 1e-35
86 1e-35
86.1 1e-35
86.2 1e-35
86.3 1e-35
86.4 1e-35
86.5 1e-35
86.6 1e-35
86.7 1e-35
86.8 1e-35
86.9 1e-35
87 1e-35
87.1 1e-35
87.2 1e-35
87.3 1e-35
87.4 1e-35
87.5 1e-35
87.6 1e-35
87.7 1e-35
87.8 1e-35
87.9 1e-35
88 1e-35
88.1 1e-35
88.2 1e-35
88.3 1e-35
88.4 1e-35
88.5 1e-35
88.6 1e-35
88.7 1e-35
88.8 1e-35
88.9 1e-35
89 1e-35
89.1 1e-35
89.2 1e-35
89.3 1e-35
89.4 1e-35
89.5 1e-35
89.6 1e-35
89.7 1e-35
89.8 1e-35
89.9 1e-35
90 1e-35
90.1 1e-35
90.2 1e-35
90.3 1e-35
90.4 1e-35
90.5 1e-35
90.6 1e-35
90.7 1e-35
90.8 1e-35
90.9 1e-35
91 1e-35
91.1 1e-35
91.2 1e-35
91.3 1e-35
91.4 1e-35
91.5 1e-35
91.6 1e-35
91.7 1e-35
91.8 1e-35
91.9 1e-35
92 1e-35
92.1 1e-35
92.2 1e-35
92.3 1e-35
92.4 1e-35
92.5 1e-35
92.6 1e-35
92.7 1e-35
92.8 1e-35
92.9 1e-35
93 1e-35
93.1 2.72e-17
93.2 1e-35
93.3 1e-35
93.4 1e-35
93.5 1e-35
93.6 1e-35
93.7 1e-35
93.8 3.41e-17
93.9 1e-35
94 1e-35
94.1 1e-35
94.2 1e-35
94.3 1e-35
94.4 1e-35
94.5 1e-35
94.6 4.09e-17
94.7 1e-35
94.8 1e-35
94.9 1e-35
95 1e-35
95.1 1e-35
95.2 1e-35
95.3 1e-35
95.4 1e-35
95.5 4.95e-17
95.6 1e-35
95.7 1e-35
95.8 1e-35
95.9 1e-35
96 1e-35
96.1 1e-35
96.2 1e-35
96.3 6e-17
96.4 1e-35
96.5 1e-35
96.6 1e-35
96.7 1e-35
96.8 1e-35
96.9 1e-35
97 1e-35
97.1 1e-35
97.2 5.45e-17
97.3 1e-35
97.4 1e-35
97.5 1e-35
97.6 1e-35
97.7 1e-35
97.8 1e-35
97.9 1e-35
98 1e-35
98.1 1e-35
98.2 6.65e-17
98.3 1e-35
98.4 1e-35
98.5 1e-35
98.6 1e-35
98.7 1e-35
98.8 1e-35
98.9 1e-35
99 1e-35
99.1 1e-35
99.2 7.94e-17
99.3 1e-35
99.4 1e-35
99.5 1e-35
99.6 1e-35
99.7 1e-35
99.8 1e-35
99.9 1e-35
100 1e-35
100.1 1e-35
100.2 6.2e-17
100.3 1e-35
100.4 1e-35
100.5 1e-35
100.6 1e-35
100.7 1e-35
100.8 1e-35
100.9 1e-35
101 1e-35
101.1 1e-35
101.2 1e-35
101.3 5e-17
101.4 1e-35
101.5 1e-35
101.6 1e-35
101.7 1e-35
101.8 1e-35
101.9 1e-35
102 1e-35
102.1 1e-35
102.2 1e-35
102.3 1e-35
102.4 1e-35
102.5 7.46e-18
102.6 1e-35
102.7 1e-35
102.8 1e-35
102.9 1e-35
103 1e-35
103.1 1e-35
103.2 1e-35
103.3 1e-35
103.4 1e-35
103.5 1e-35
103.6 1e-35
103.7 4.05e-18
103.8 1e-35
103.9 1e-35
104 1e-35
104.1 1e-35
104.2 1e-35
104.3 1e-35
104.4 1e-35
104.5 1e-35
104.6 1e-35
104.7 1e-35
104.8 1e-35
104.9 1e-35
105 3.19e-19
105.1 1e-35
105.2 1e-35
105.3 1e-35
105.4 1e-35
105.5 1e-35
105.6 1e-35
105.7 1e-35
105.8 1e-35
105.9 1e-35
106 1e-35
106.1 1e-35
106.2 1e-35
106.3 1.96e-20
106.4 1e-35
106.5 1e-35
106.6 1e-35
106.7 1e-35
106.8 1e-35
106.9 1e-35
107 1e-35
107.1 1e-35
107.2 1e-35
107.3 1e-35
107.4 1e-35
107.5 1e-35
107.6 1e-35
107.7 1e-35
107.8 1.52e-21
107.9 1e-35
108 1e-35
108.1 1e-35
108.2 1e-35
108.3 1e-35
108.4 1e-35
108.5 1e-35
108.6 1e-35
108.7 1e-35
108.8 1e-35
108.9 1e-35
109 1e-35
109.1 1e-35
109.2 1e-35
109.3 3.96e-24
109.4 1e-35
109.5 1e-35
109.6 1e-35
109.7 1e-35
109.8 1e-35
109.9 1e-35
110 1e-35
110.1 1e-35
110.2 1e-35
110.3 1e-35
110.4 1e-35
110.5 1e-35
110.6 1e-35
110.7 1e-35
110.8 1e-35
110.9 5.25e-26
111 1e-35
