0 8e-23
0.1 8e-23
0.2 4.79011235955056e-21
0.3 9.50022471910113e-21
0.4 1.42103370786517e-20
0.5 1.89204494382023e-20
0.6 2.36305617977528e-20
0.7 2.83406741573034e-20
0.8 3.30507865168539e-20
0.9 3.77608988764045e-20
1 4.2e-20
1.1 5.58235294117647e-20
1.2 6.96470588235294e-20
1.3 8.9e-20
1.4 1.709375e-19
1.5 2.52875e-19
1.6 3.348125e-19
1.7 4.1675e-19
1.8 4.986875e-19
1.9 5.80625e-19
2 6.625625e-19
2.1 7.445e-19
2.2 8.264375e-19
2.3 9.08375e-19
2.4 9.903125e-19
2.5 1.07225e-18
2.6 1.1541875e-18
2.7 1.236125e-18
2.8 1.3180625e-18
2.9 1.4e-18
3 7e-20
3.1 7.75342465753425e-20
3.2 8.50684931506849e-20
3.3 9.26027397260274e-20
3.4 1.0013698630137e-19
3.5 1.07671232876712e-19
3.6 1.15205479452055e-19
3.7 1.22739726027397e-19
3.8 1.3027397260274e-19
3.9 1.37808219178082e-19
4 1.45342465753425e-19
4.1 1.52876712328767e-19
4.2 1.6041095890411e-19
4.3 1.67945205479452e-19
4.4 1.75479452054795e-19
4.5 1.8e-19
4.6 1.91739130434783e-19
4.7 2.03478260869565e-19
4.8 2.15217391304348e-19
4.9 2.2695652173913e-19
5 2.38695652173913e-19
5.1 2.50434782608696e-19
5.2 2.62173913043478e-19
5.3 2.73913043478261e-19
5.4 2.85652173913043e-19
5.5 2.97391304347826e-19
5.6 3.09130434782609e-19
5.7 3.20869565217391e-19
5.8 3.32608695652174e-19
5.9 3.44347826086957e-19
6 3.56086956521739e-19
6.1 3.67826086956522e-19
6.2 3.79565217391304e-19
6.3 3.91304347826087e-19
6.4 4.0304347826087e-19
6.5 4.14782608695652e-19
6.6 4.26521739130435e-19
6.7 4.38260869565217e-19
6.8 4.5e-19
6.9 4.625e-19
7 4.75e-19
7.1 4.875e-19
7.2 5e-19
7.3 5.125e-19
7.4 5.25e-19
7.5 5.375e-19
7.6 5.5e-19
7.7 5.625e-19
7.8 5.75e-19
7.9 5.875e-19
8 6e-19
8.1 6.125e-19
8.2 6.25e-19
8.3 6.375e-19
8.4 6.5e-19
8.5 6.625e-19
8.6 6.75e-19
8.7 6.875e-19
8.8 7e-19
8.9 7.125e-19
9 7.25e-19
9.1 7.375e-19
9.2 7.5e-19
9.3 7.625e-19
9.4 7.75e-19
9.5 7.875e-19
9.6 8e-19
9.7 8.125e-19
9.8 8.25e-19
9.9 8.375e-19
10 8.5e-19
10.1 8.81e-19
10.2 9.12e-19
10.3 9.43e-19
10.4 9.74e-19
10.5 1.005e-18
10.6 1.036e-18
10.7 1.067e-18
10.8 1.098e-18
10.9 1.129e-18
11 1.16e-18
11.1 1.191e-18
11.2 1.222e-18
11.3 1.253e-18
11.4 1.284e-18
11.5 1.315e-18
11.6 1.346e-18
11.7 1.377e-18
11.8 1.408e-18
11.9 1.439e-18
12 1.47e-18
12.1 1.501e-18
12.2 1.532e-18
12.3 1.563e-18
12.4 1.594e-18
12.5 1.625e-18
12.6 1.656e-18
12.7 1.687e-18
12.8 1.718e-18
12.9 1.749e-18
13 1.78e-18
13.1 1.811e-18
13.2 1.842e-18
13.3 1.873e-18
13.4 1.904e-18
13.5 1.935e-18
13.6 1.966e-18
13.7 1.997e-18
13.8 2.028e-18
13.9 2.059e-18
14 2.09e-18
14.1 2.121e-18
14.2 2.152e-18
14.3 2.183e-18
14.4 2.214e-18
14.5 2.245e-18
14.6 2.276e-18
14.7 2.307e-18
14.8 2.338e-18
14.9 2.369e-18
15 2.4e-18
15.1 2.46913996627319e-18
15.2 2.53827993254637e-18
15.3 2.60741989881956e-18
15.4 2.67655986509275e-18
15.5 2.74569983136594e-18
15.6 2.81483979763912e-18
15.7 2.88397976391231e-18
15.8 2.9531197301855e-18
15.9 3.02225969645869e-18
16 3.09139966273187e-18
16.1 3.16053962900506e-18
16.2 3.22967959527825e-18
16.3 3.29881956155143e-18
16.4 3.36795952782462e-18
16.5 3.43709949409781e-18
16.6 3.506239460371e-18
16.7 3.57537942664418e-18
16.8 3.64451939291737e-18
16.9 3.71365935919056e-18
17 3.78279932546374e-18
17.1 3.85193929173693e-18
17.2 3.92107925801012e-18
17.3 3.9902192242833e-18
17.4 4.05935919055649e-18
17.5 4.12849915682968e-18
17.6 4.19763912310287e-18
17.7 4.26677908937605e-18
17.8 4.33591905564924e-18
17.9 4.40505902192243e-18
18 4.47419898819561e-18
18.1 4.5433389544688e-18
18.2 4.61247892074199e-18
18.3 4.68161888701518e-18
18.4 4.75075885328836e-18
18.5 4.81989881956155e-18
18.6 4.88903878583474e-18
18.7 4.95817875210792e-18
18.8 5.02731871838111e-18
18.9 5.0964586846543e-18
19 5.16559865092749e-18
19.1 5.23473861720067e-18
19.2 5.30387858347386e-18
19.3 5.37301854974705e-18
19.4 5.44215851602024e-18
19.5 5.51129848229342e-18
19.6 5.58043844856661e-18
19.7 5.6495784148398e-18
19.8 5.71871838111298e-18
19.9 5.78785834738617e-18
20 5.85699831365936e-18
20.1 5.92613827993255e-18
20.2 5.99527824620573e-18
20.3 6.06441821247892e-18
20.4 6.13355817875211e-18
20.5 6.2026981450253e-18
20.6 6.27183811129848e-18
20.7 6.34097807757167e-18
20.8 6.41011804384486e-18
20.9 6.5e-18
21 6.58638743455497e-18
21.1 6.67277486910995e-18
21.2 6.75916230366492e-18
21.3 6.84554973821989e-18
21.4 6.93193717277487e-18
21.5 7.01832460732984e-18
21.6 7.10471204188482e-18
21.7 7.19109947643979e-18
21.8 7.27748691099476e-18
21.9 7.36387434554974e-18
22 7.45026178010471e-18
22.1 7.53664921465968e-18
22.2 7.62303664921466e-18
22.3 7.70942408376963e-18
22.4 7.7958115183246e-18
22.5 7.88219895287958e-18
22.6 7.96858638743455e-18
22.7 8.05497382198952e-18
22.8 8.1413612565445e-18
22.9 8.22774869109947e-18
23 8.31413612565444e-18
23.1 8.40052356020942e-18
23.2 8.48691099476439e-18
23.3 8.57329842931937e-18
23.4 8.65968586387434e-18
23.5 8.74607329842932e-18
23.6 8.83246073298429e-18
23.7 8.91884816753926e-18
23.8 9.00523560209424e-18
23.9 9.09162303664921e-18
24 9.17801047120419e-18
24.1 9.26439790575916e-18
24.2 9.35078534031414e-18
24.3 9.43717277486911e-18
24.4 9.52356020942408e-18
24.5 9.60994764397906e-18
24.6 9.69633507853403e-18
24.7 9.8e-18
24.8 9.8387323943662e-18
24.9 9.87746478873239e-18
25 9.91619718309859e-18
25.1 9.95492957746479e-18
25.2 9.99366197183098e-18
25.3 1.00323943661972e-17
25.4 1.00711267605634e-17
25.5 1.01098591549296e-17
25.6 1.01485915492958e-17
25.7 1.0187323943662e-17
25.8 1.02260563380282e-17
25.9 1.02647887323944e-17
26 1.03035211267606e-17
26.1 1.03422535211268e-17
26.2 1.0380985915493e-17
26.3 1.04197183098591e-17
26.4 1.04584507042253e-17
26.5 1.04971830985915e-17
26.6 1.05359154929577e-17
26.7 1.05746478873239e-17
26.8 1.06133802816901e-17
26.9 1.06521126760563e-17
27 1.06908450704225e-17
27.1 1.07295774647887e-17
27.2 1.07683098591549e-17
27.3 1.08070422535211e-17
27.4 1.08457746478873e-17
27.5 1.08845070422535e-17
27.6 1.09232394366197e-17
27.7 1.09619718309859e-17
27.8 1.10007042253521e-17
27.9 1.10394366197183e-17
28 1.10781690140845e-17
28.1 1.11169014084507e-17
28.2 1.11556338028169e-17
28.3 1.11943661971831e-17
28.4 1.12330985915493e-17
28.5 1.12718309859155e-17
28.6 1.13105633802817e-17
28.7 1.13492957746479e-17
28.8 1.13880281690141e-17
28.9 1.14267605633803e-17
29 1.14654929577465e-17
29.1 1.15042253521127e-17
29.2 1.15429577464789e-17
29.3 1.15816901408451e-17
29.4 1.16204225352113e-17
29.5 1.16591549295775e-17
29.6 1.16978873239437e-17
29.7 1.17366197183099e-17
29.8 1.17753521126761e-17
29.9 1.18140845070423e-17
30 1.18528169014084e-17
30.1 1.18915492957746e-17
30.2 1.19302816901408e-17
30.3 1.1969014084507e-17
30.4 1.2e-17
30.5 1.20909090909091e-17
30.6 1.21818181818182e-17
30.7 1.22727272727273e-17
30.8 1.23636363636364e-17
30.9 1.24545454545455e-17
31 1.25454545454545e-17
31.1 1.26363636363636e-17
31.2 1.27272727272727e-17
31.3 1.28181818181818e-17
31.4 1.29090909090909e-17
31.5 1.3e-17
31.6 1.30909090909091e-17
31.7 1.31818181818182e-17
31.8 1.32727272727273e-17
31.9 1.33636363636364e-17
32 1.34545454545454e-17
32.1 1.35454545454545e-17
32.2 1.36363636363636e-17
32.3 1.37272727272727e-17
32.4 1.38181818181818e-17
32.5 1.39090909090909e-17
32.6 1.4e-17
32.7 1.40909090909091e-17
32.8 1.41818181818182e-17
32.9 1.42727272727273e-17
33 1.43636363636364e-17
33.1 1.44545454545455e-17
33.2 1.45454545454545e-17
33.3 1.46363636363636e-17
33.4 1.47272727272727e-17
33.5 1.48181818181818e-17
33.6 1.49090909090909e-17
33.7 1.5e-17
33.8 1.50909090909091e-17
33.9 1.51818181818182e-17
34 1.52727272727273e-17
34.1 1.53636363636364e-17
34.2 1.54545454545455e-17
34.3 1.55454545454546e-17
34.4 1.56363636363636e-17
34.5 1.57272727272727e-17
34.6 1.58181818181818e-17
34.7 1.59090909090909e-17
34.8 1.6e-17
34.9 1.60531914893617e-17
35 1.61063829787234e-17
35.1 1.61595744680851e-17
35.2 1.62127659574468e-17
35.3 1.62659574468085e-17
35.4 1.63191489361702e-17
35.5 1.63723404255319e-17
35.6 1.64255319148936e-17
35.7 1.64787234042553e-17
35.8 1.6531914893617e-17
35.9 1.65851063829787e-17
36 1.66382978723404e-17
36.1 1.66914893617021e-17
36.2 1.67446808510638e-17
36.3 1.67978723404255e-17
36.4 1.68510638297872e-17
36.5 1.69042553191489e-17
36.6 1.69574468085106e-17
36.7 1.70106382978723e-17
36.8 1.7063829787234e-17
36.9 1.71170212765957e-17
37 1.71702127659574e-17
37.1 1.72234042553191e-17
37.2 1.72765957446808e-17
37.3 1.73297872340425e-17
37.4 1.73829787234042e-17
37.5 1.74361702127659e-17
37.6 1.74893617021276e-17
37.7 1.75425531914893e-17
37.8 1.7595744680851e-17
37.9 1.76489361702128e-17
38 1.77021276595745e-17
38.1 1.77553191489362e-17
38.2 1.78085106382979e-17
38.3 1.78617021276596e-17
38.4 1.79148936170213e-17
38.5 1.7968085106383e-17
38.6 1.80212765957447e-17
38.7 1.80744680851064e-17
38.8 1.81276595744681e-17
38.9 1.81808510638298e-17
39 1.82340425531915e-17
39.1 1.82872340425532e-17
39.2 1.83404255319149e-17
39.3 1.83936170212766e-17
39.4 1.84468085106383e-17
39.5 1.85e-17
39.6 1.85714285714286e-17
39.7 1.86428571428571e-17
39.8 1.87142857142857e-17
39.9 1.87857142857143e-17
40 1.88571428571429e-17
40.1 1.89285714285714e-17
40.2 1.9e-17
40.3 1.90714285714286e-17
40.4 1.91428571428572e-17
40.5 1.92142857142857e-17
40.6 1.92857142857143e-17
40.7 1.93571428571429e-17
40.8 1.94285714285714e-17
40.9 1.95e-17
41 1.95714285714286e-17
41.1 1.96428571428571e-17
41.2 1.97142857142857e-17
41.3 1.97857142857143e-17
41.4 1.98571428571429e-17
41.5 1.99285714285714e-17
41.6 2e-17
41.7 2.00714285714286e-17
41.8 2.01428571428571e-17
41.9 2.02142857142857e-17
42 2.02857142857143e-17
42.1 2.03571428571429e-17
42.2 2.04285714285714e-17
42.3 2.05e-17
42.4 2.05714285714286e-17
42.5 2.06428571428571e-17
42.6 2.07142857142857e-17
42.7 2.07857142857143e-17
42.8 2.08571428571429e-17
42.9 2.09285714285714e-17
43 2.1e-17
43.1 2.154e-17
43.2 2.208e-17
43.3 2.262e-17
43.4 2.316e-17
43.5 2.37e-17
43.6 2.37079365079365e-17
43.7 2.3715873015873e-17
43.8 2.37238095238095e-17
43.9 2.3731746031746e-17
44 2.37396825396825e-17
44.1 2.3747619047619e-17
44.2 2.37555555555556e-17
44.3 2.37634920634921e-17
44.4 2.37714285714286e-17
44.5 2.37793650793651e-17
44.6 2.37873015873016e-17
44.7 2.37952380952381e-17
44.8 2.38031746031746e-17
44.9 2.38111111111111e-17
45 2.38190476190476e-17
45.1 2.38269841269841e-17
45.2 2.38349206349206e-17
45.3 2.38428571428571e-17
45.4 2.38507936507936e-17
45.5 2.38587301587301e-17
45.6 2.38666666666667e-17
45.7 2.38746031746032e-17
45.8 2.38825396825397e-17
45.9 2.38904761904762e-17
46 2.38984126984127e-17
46.1 2.39063492063492e-17
46.2 2.39142857142857e-17
46.3 2.39222222222222e-17
46.4 2.39301587301587e-17
46.5 2.39380952380952e-17
46.6 2.39460317460317e-17
46.7 2.39539682539682e-17
46.8 2.39619047619047e-17
46.9 2.39698412698412e-17
47 2.39777777777778e-17
47.1 2.39857142857143e-17
47.2 2.39936507936508e-17
47.3 2.40015873015873e-17
47.4 2.40095238095238e-17
47.5 2.40174603174603e-17
47.6 2.40253968253968e-17
47.7 2.40333333333333e-17
47.8 2.40412698412698e-17
47.9 2.40492063492063e-17
48 2.40571428571428e-17
48.1 2.40650793650794e-17
48.2 2.40730158730159e-17
48.3 2.40809523809524e-17
48.4 2.40888888888889e-17
48.5 2.40968253968254e-17
48.6 2.41047619047619e-17
48.7 2.41126984126984e-17
48.8 2.41206349206349e-17
48.9 2.41285714285714e-17
49 2.41365079365079e-17
49.1 2.41444444444444e-17
49.2 2.41523809523809e-17
49.3 2.41603174603175e-17
49.4 2.4168253968254e-17
49.5 2.41761904761905e-17
49.6 2.4184126984127e-17
49.7 2.41920634920635e-17
49.8 2.42e-17
49.9 2.42105263157895e-17
50 2.42210526315789e-17
50.1 2.42315789473684e-17
50.2 2.42421052631579e-17
50.3 2.42526315789474e-17
50.4 2.42631578947368e-17
50.5 2.42736842105263e-17
50.6 2.42842105263158e-17
50.7 2.33822966507177e-17
50.8 2.23e-17
50.9 2.25916666666667e-17
51 2.3e-17
51.1 2.32916666666667e-17
51.2 2.35833333333333e-17
51.3 2.3875e-17
51.4 2.41666666666667e-17
51.5 2.44583333333333e-17
51.6 2.475e-17
51.7 2.50416666666667e-17
51.8 2.53333333333333e-17
51.9 2.5625e-17
52 2.58e-17
52.1 2.48e-17
52.2 2.36e-17
52.3 2.42842105263158e-17
52.4 2.49684210526316e-17
52.5 2.56526315789474e-17
52.6 2.62e-17
52.7 2.61090909090909e-17
52.8 2.60181818181818e-17
52.9 2.59272727272727e-17
53 2.58363636363636e-17
53.1 2.57454545454545e-17
53.2 2.56545454545455e-17
53.3 2.55636363636364e-17
53.4 2.54727272727273e-17
53.5 2.53818181818182e-17
53.6 2.52909090909091e-17
53.7 2.52e-17
53.8 2.51815950920245e-17
53.9 2.51631901840491e-17
54 2.51447852760736e-17
54.1 2.51263803680982e-17
54.2 2.51079754601227e-17
54.3 2.50895705521472e-17
54.4 2.50711656441718e-17
54.5 2.50527607361963e-17
54.6 2.50343558282209e-17
54.7 2.50159509202454e-17
54.8 2.49975460122699e-17
54.9 2.49791411042945e-17
55 2.4960736196319e-17
55.1 2.49423312883436e-17
55.2 2.49239263803681e-17
55.3 2.49e-17
55.4 2.53e-17
55.5 2.47946308724832e-17
55.6 2.47367936413404e-17
55.7 2.46789564101977e-17
55.8 2.46211191790549e-17
55.9 2.45632819479121e-17
56 2.45054447167694e-17
56.1 2.44476074856266e-17
56.2 2.43897702544838e-17
56.3 2.4331933023341e-17
56.4 2.42740957921983e-17
56.5 2.42162585610555e-17
56.6 2.41584213299127e-17
56.7 2.410058409877e-17
56.8 2.40427468676272e-17
56.9 2.39849096364844e-17
57 2.39270724053416e-17
57.1 2.38692351741989e-17
57.2 2.38113979430561e-17
57.3 2.37535607119133e-17
57.4 2.36957234807705e-17
57.5 2.36378862496278e-17
57.6 2.3580049018485e-17
57.7 2.35222117873422e-17
57.8 2.34643745561995e-17
57.9 2.34065373250567e-17
58 2.33487000939139e-17
58.1 2.32908628627711e-17
58.2 2.32330256316284e-17
58.3 2.31751884004856e-17
58.4 2.31e-17
58.5 2.31217391304348e-17
58.6 2.31434782608696e-17
58.7 2.31652173913043e-17
58.8 2.31869565217391e-17
58.9 2.32086956521739e-17
59 2.32304347826087e-17
59.1 2.32521739130435e-17
59.2 2.32739130434783e-17
59.3 2.3295652173913e-17
59.4 2.33173913043478e-17
59.5 2.33391304347826e-17
59.6 2.33608695652174e-17
59.7 2.33826086956522e-17
59.8 2.34e-17
59.9 2.34e-17
60 2.72181818181818e-17
60.1 2.67636363636364e-17
60.2 2.63090909090909e-17
60.3 2.58545454545454e-17
60.4 2.54e-17
60.5 2.49454545454545e-17
60.6 2.44909090909091e-17
60.7 2.40363636363636e-17
60.8 2.34e-17
60.9 2.48444444444445e-17
61 2.6e-17
61.1 2.33e-17
61.2 2.33666666666667e-17
61.3 2.34333333333333e-17
61.4 2.35e-17
61.5 2.35666666666667e-17
61.6 2.36333333333333e-17
61.7 2.37e-17
61.8 2.54666666666667e-17
61.9 2.72333333333334e-17
62 2.9e-17
62.1 2.79130434782609e-17
62.2 2.68260869565217e-17
62.3 2.57391304347826e-17
62.4 2.46521739130435e-17
62.5 2.39416666666667e-17
62.6 2.4e-17
62.7 2.40540540540541e-17
62.8 2.41081081081081e-17
62.9 2.41621621621622e-17
63 2.90543689320389e-17
63.1 2.9088932038835e-17
63.2 2.91234951456311e-17
63.3 2.91580582524272e-17
63.4 2.91926213592233e-17
63.5 2.92271844660194e-17
63.6 2.92617475728155e-17
63.7 2.92963106796117e-17
63.8 2.93308737864078e-17
63.9 2.93654368932039e-17
64 2.94e-17
64.1 2.94e-17
64.2 2.94e-17
64.3 2.94e-17
64.4 2.94e-17
64.5 2.94e-17
64.6 2.94e-17
64.7 2.94e-17
64.8 2.94e-17
64.9 2.94e-17
65 2.94e-17
65.1 2.925e-17
65.2 2.91e-17
65.3 2.895e-17
65.4 2.88e-17
65.5 2.865e-17
65.6 2.85e-17
65.7 2.835e-17
65.8 2.82e-17
65.9 2.805e-17
66 2.79e-17
66.1 2.732e-17
66.2 2.674e-17
66.3 2.616e-17
66.4 2.558e-17
66.5 2.5e-17
66.6 2.442e-17
66.7 2.384e-17
66.8 2.326e-17
66.9 2.268e-17
67 2.21e-17
67.1 2.38e-17
67.2 2.30903225806451e-17
67.3 2.23806451612903e-17
67.4 2.16e-17
67.5 2.57e-17
67.6 2.48276595744681e-17
67.7 2.39553191489361e-17
67.8 2.30829787234042e-17
67.9 2.22106382978723e-17
68 2.16e-17
68.1 2.54947368421056e-17
68.2 2.9e-17
68.3 2.74333333333333e-17
68.4 2.58666666666666e-17
68.5 2.43e-17
68.6 2.41923076923077e-17
68.7 2.35e-17
68.8 2.28076923076923e-17
68.9 2.21153846153846e-17
69 2.14230769230769e-17
69.1 2.08e-17
69.2 2.45435897435899e-17
69.3 2.82871794871797e-17
69.4 3.20307692307696e-17
69.5 3.54e-17
69.6 3.30799999999999e-17
69.7 3.07599999999999e-17
69.8 2.84399999999999e-17
69.9 2.61199999999998e-17
70 2.38e-17
70.1 2.395e-17
70.2 2.41e-17
70.3 2.425e-17
70.4 2.44e-17
70.5 2.455e-17
70.6 2.47e-17
70.7 2.485e-17
70.8 2.5e-17
70.9 2.515e-17
71 2.53e-17
71.1 2.48849056603773e-17
71.2 2.44698113207547e-17
71.3 2.40547169811321e-17
71.4 2.36396226415094e-17
71.5 2.31e-17
71.6 2.36873015873016e-17
71.7 2.42746031746032e-17
71.8 2.48619047619048e-17
71.9 2.54492063492064e-17
72 2.6036507936508e-17
72.1 2.68e-17
72.2 3.60916666666669e-17
72.3 4.91e-17
72.4 4.12999999999996e-17
72.5 3.34999999999993e-17
72.6 2.57e-17
72.7 2.68142857142857e-17
72.8 2.79285714285714e-17
72.9 2.75828571428571e-17
73 2.96e-17
73.1 2.84666666666666e-17
73.2 2.73333333333332e-17
73.3 2.62e-17
73.4 2.64222222222222e-17
73.5 2.66e-17
73.6 2.2e-17
73.7 2.08599999999998e-17
73.8 1.88684210526317e-17
73.9 2.20634674922603e-17
74 2.43e-17
74.1 1.6e-17
74.2 1.55625e-17
74.3 1.53e-17
74.4 2.83e-17
74.5 2.53e-17
74.6 2.32499999999999e-17
74.7 2.30636363636363e-17
74.8 2.29176470588236e-17
74.9 2.79e-17
75 2.64e-17
75.1 3.24e-17
75.2 1.57e-17
75.3 1.97111111111111e-17
75.4 5.17e-17
75.5 3.726e-17
75.6 3.65817391304347e-17
75.7 2.23000000000032e-17
75.8 2.27e-17
75.9 2.23624999999992e-17
76 1.77e-17
76.1 4.01e-17
76.2 3.23416666666662e-17
76.3 1.76333333333341e-17
76.4 2.7277777777777e-17
76.5 7.13999999999999e-17
76.6 4.13999999999983e-17
76.7 1.14e-17
76.8 2.9e-17
76.9 2.14799999999996e-17
77 3.82079999999997e-17
77.1 3.12559999999997e-17
77.2 6.33e-17
77.3 3.68499999999985e-17
77.4 1.04e-17
77.5 3.4e-17
77.6 3.1942857142857e-17
77.7 2.98857142857141e-17
77.8 2.68e-17
77.9 1.94315789473678e-17
78 1.47090909090908e-17
78.1 4.47e-17
78.2 6.10600000000009e-17
78.3 8.56e-17
78.4 5.35545454545453e-17
78.5 1.51e-17
78.6 2.98e-17
78.7 1.72176470588237e-17
78.8 7.6016666666666e-18
78.9 1.44645454545455e-17
79 2.73900000000008e-17
79.1 3.95450000000011e-17
79.2 5.17e-17
79.3 2.05e-17
79.4 3.14500000000006e-17
79.5 4.24e-17
79.6 2.98333333333326e-17
79.7 1.72666666666656e-17
79.8 4.7e-18
79.9 2.1500000000001e-17
80 3.83000000000014e-17
80.1 5.51e-17
80.2 4.10122727272723e-17
80.3 2.45344652406403e-17
80.4 9.99375000000011e-18
80.5 4.26692307692309e-18
80.6 2.15428571428553e-17
80.7 9.24200000000025e-17
80.8 4.43e-18
80.9 8.68333333333392e-18
81 1.56e-18
81.1 8.21600000000038e-18
81.2 1.86e-18
81.3 4.84e-17
81.4 8.26e-17
81.5 4.84e-18
81.6 6.25e-18
81.7 3.00384615384624e-17
81.8 5.3826923076926e-17
81.9 4.92533333333341e-17
82 5.28555555555548e-18
82.1 1.96533333333328e-17
82.2 8.06999999999955e-18
82.3 1.35368421052633e-18
82.4 7.90437673130251e-18
82.5 8.03750000000064e-18
82.6 1.18104347826082e-17
82.7 6.28321739130376e-18
82.8 1.85833333333386e-18
82.9 3.70965517241375e-18
83 2.34619310344825e-18
83.1 2.97809655172416e-18
83.2 2.507e-18
83.3 4.21000000000016e-18
83.4 5.58e-18
83.5 1.98850000000002e-17
83.6 1.84329166666667e-17
83.7 2.62100000000087e-18
83.8 2.40400000000057e-18
83.9 2.18700000000027e-18
84 1.97e-18
84.1 2.88857142857138e-17
84.2 2.25285714285713e-17
84.3 6.51e-18
84.4 2.15904761904764e-17
84.5 1.21148051948052e-17
84.6 7.44e-19
84.7 3.17461538461547e-18
84.8 4.09e-19
84.9 1.17566470588244e-17
85 3.50142857142855e-17
85.1 2.14685714285705e-17
85.2 1.10304761904754e-17
85.3 9.52888888889213e-18
85.4 4.76e-17
85.5 1.86e-18
85.6 2.3400000000001e-17
85.7 2.04713043478256e-17
85.8 1.18906521739123e-17
85.9 3.31e-18
86 5.22545454545371e-19
86.1 3.94816666666634e-18
86.2 5.81e-18
86.3 8.88666666666676e-18
86.4 5.99e-19
86.5 2.43363636363645e-17
86.6 6.07e-19
86.7 2.93137500000017e-17
86.8 1.97e-17
86.9 1.01144999999995e-17
87 5.29e-19
87.1 2.27e-17
87.2 3.97705882352944e-17
87.3 2.62e-18
87.4 4.54e-19
87.5 2.75e-19
87.6 4.17e-17
87.7 1.98999999999995e-17
87.8 5.62e-18
87.9 4.32666666666696e-18
88 3.19257142857178e-18
88.1 4.20000000000001e-17
88.2 8.19e-18
88.3 2.10846153846151e-17
88.4 7.44e-18
88.5 3.57e-19
88.6 1.28600000000007e-17
88.7 1.7314285714286e-17
88.8 4.84e-19
88.9 9.55687500000002e-18
89 9.08217261904761e-18
89.1 8.56e-18
89.2 1.23e-17
89.3 7.25600000000125e-19
89.4 9.6e-18
89.5 1.15090909090909e-17
89.6 1.38e-17
89.7 3.3e-17
89.8 5.17e-18
89.9 1.16125000000003e-17
90 8.93e-18
90.1 9.08533333333289e-18
90.2 5.66e-19
90.3 1.11e-17
90.4 6.44245454545549e-18
90.5 1.08739130434783e-17
90.6 5.74595652173885e-18
90.7 6.18e-19
90.8 7.72380952380948e-18
90.9 3.85686274509773e-18
91 7.92666666666667e-19
91.1 6.88333333333318e-18
91.2 1.12975000000013e-18
91.3 6.82147058823524e-17
91.4 4.5539803921567e-17
91.5 2.28649019607822e-17
91.6 1.51094117647056e-17
91.7 1.27509342560553e-17
91.8 1.11e-17
91.9 5.03374999999927e-19
92 2.81e-17
92.1 9.3e-18
92.2 1.3e-18
92.3 1.21181818181816e-17
92.4 6.38309090909048e-18
92.5 6.48e-19
92.6 8.56e-18
92.7 4.47e-18
92.8 5.215e-19
92.9 6.9392857142857e-17
93 4.18737142857142e-17
93.1 2.21875488721787e-17
93.2 2.92000000000022e-18
93.3 1.67469565217391e-18
93.4 5.58e-20
93.5 2.82020000000003e-18
93.6 1.43614999999994e-18
93.7 5.21e-20
93.8 2.95333333333333e-17
93.9 9.16e-17
94 3.01e-17
94.1 2.56599999999997e-17
94.2 2.01399999999997e-17
94.3 1.46199999999994e-17
94.4 9.09999999999935e-18
94.5 7.163636363636e-18
94.6 4.84e-18
94.7 5.58e-18
94.8 7.63e-20
94.9 6.1e-18
95 3.19616666666642e-19
95.1 4.76e-20
95.2 1.04e-19
95.3 2.08e-19
95.4 7.44e-20
95.5 6.42501999999909e-18
95.6 3.75250999999939e-18
95.7 1.08e-18
95.8 3.59249999999969e-17
95.9 1.25970249999988e-17
96 6.71599999999998e-17
96.1 4.80171428571416e-17
96.2 2.88742857142839e-17
96.3 1.6e-19
96.4 7.50000000000034e-19
96.5 1.34e-18
96.6 1e-16
96.7 7.51302499999995e-17
96.8 5.02604999999982e-17
96.9 2.53907499999977e-17
97 5.21e-19
97.1 1.00712600000006e-16
97.2 8.0589060000004e-17
97.3 6.04655200000018e-17
97.4 4.03419800000001e-17
97.5 2.02184399999989e-17
97.6 9.49e-20
97.7 6.89e-20
97.8 5.47e-17
97.9 8.37e-17
98 7.35955223880597e-17
98.1 6.34910447761193e-17
98.2 5.3386567164179e-17
98.3 4.32820895522385e-17
98.4 3.31776119402981e-17
98.5 2.30731343283582e-17
98.6 1.6e-17
98.7 1.18334210526314e-17
98.8 7.66684210526262e-18
98.9 3.500263157894e-18
99 1.67e-19
99.1 9.50015789473765e-18
99.2 1.6603592727273e-17
99.3 1.33200741818183e-17
99.4 1.00365556363636e-17
99.5 6.75303709090907e-18
99.6 3.46951854545435e-18
99.7 1.86e-19
99.8 2.48000000000004e-19
99.9 3.10000000000005e-19
100 3.72e-19
100.1 3.32999999999999e-19
100.2 2.93999999999999e-19
100.3 2.54999999999998e-19
100.4 2.15999999999997e-19
100.5 1.76999999999997e-19
100.6 1.37999999999996e-19
100.7 9.89999999999956e-20
100.8 6e-20
100.9 5.66666666666667e-20
101 5.33333333333333e-20
101.1 5e-20
101.2 4.66666666666667e-20
101.3 4.33333333333333e-20
101.4 4e-20
101.5 3.66666666666666e-20
101.6 3.33333333333333e-20
101.7 2.99999999999999e-20
101.8 2.66666666666666e-20
101.9 2.33333333333332e-20
102 1.99999999999999e-20
102.1 1.66666666666666e-20
102.2 1.33333333333333e-20
102.3 9.99999999999985e-21
102.4 6.66666666666652e-21
102.5 3.33333333333331e-21
102.6 1e-21
102.7 9.49152542372882e-22
102.8 8.98305084745762e-22
102.9 8.47457627118644e-22
103 7.96610169491526e-22
103.1 7.45762711864407e-22
103.2 7e-22
103.3 7e-22
103.4 7e-22
103.5 7e-22
103.6 7e-22
103.7 7e-22
103.8 1.20274914090364e-24
