0 0.000210367572737578
1 0.00147396574440053
2 0.00364912280701754
3 0.00482305852042694
4 0.0063446578460663
5 0.00769213422574729
6 0.00932258064516129
7 0.0107879057210892
8 0.0122532307970171
9 0.013718555872945
10 0.0151838809488728
11 0.0166492060248007
12 0.0183636363636364
13 0.0198678896272209
14 0.0213721428908054
15 0.0228763961543899
16 0.0243806494179745
17 0.025884902681559
18 0.0273891559451435
19 0.028893409208728
20 0.0303976624723125
21 0.0319019157358971
22 0.0334061689994816
23 0.0349104222630661
24 0.0364146755266506
25 0.0377083333333333
26 0.0392363782051282
27 0.0407644230769231
28 0.0422924679487179
29 0.0438205128205128
30 0.0453485576923077
31 0.0468766025641026
32 0.0484046474358974
33 0.0499326923076923
34 0.0514607371794872
35 0.0536
36 0.0549076923076923
37 0.0552727272727273
38 0.057
39 0.0586153846153846
40 0.0605714285714286
41 0.0626
42 0.0639333333333333
43 0.065
44 0.067
45 0.0683684210526316
46 0.0696
47 0.0712078431372549
48 0.0723333333333333
49 0.0740892857142857
50 0.0751428571428571
51 0.0770712074303406
52 0.0784210526315789
53 0.080129270544783
54 0.0816666666666667
55 0.0832771867612293
56 0.085531914893617
57 0.086828968903437
58 0.088126022913257
59 0.0894230769230769
60 0.0909487179487179
61 0.092474358974359
62 0.094
63 0.095524926686217
64 0.097049853372434
65 0.0990322580645161
66 0.10042850264805
67 0.101824747231584
68 0.103220991815118
69 0.104477611940299
70 0.106036059021134
71 0.107594506101969
72 0.109152953182804
73 0.110555555555556
74 0.112098765432099
75 0.113641975308642
76 0.115185185185185
77 0.116719734660033
78 0.1175
79 0.119195035460993
80 0.120890070921986
81 0.122585106382979
82 0.124280141843972
83 0.125466666666667
84 0.127048391248391
85 0.128630115830116
86 0.13021184041184
87 0.131793564993565
88 0.13337528957529
89 0.134324324324324
90 0.135932302494803
91 0.137540280665281
92 0.139148258835759
93 0.140756237006237
94 0.142364215176715
95 0.144615384615385
96 0.14605976882858
97 0.147504153041775
98 0.148948537254971
99 0.150392921468166
100 0.151837305681361
101 0.153281689894556
102 0.154726074107752
103 0.156603773584906
104 0.159073251942286
105 0.161542730299667
106 0.165
107 0.170188343994314
108 0.175376687988628
109 0.180565031982942
110 0.185753375977257
111 0.190941719971571
112 0.196130063965885
113 0.199761904761905
114 0.205829293793366
115 0.211896682824827
116 0.217964071856287
117 0.223524519588274
118 0.229084967320261
119 0.234624450873245
120 0.240163934426229
121 0.245642505329707
122 0.251121076233184
123 0.25353410639853
124 0.255947136563877
125 0.245633142750023
126 0.23531914893617
127 0.225036623648413
128 0.214754098360656
129 0.20446225097405
130 0.194170403587444
131 0.183970447695361
132 0.173770491803279
133 0.163645809281921
134 0.153521126760563
135 0.142964267083985
136 0.132407407407407
137 0.122453703703704
138 0.1125
139 0.102108134920635
140 0.0930186202686203
141 0.0825
142 0.072226012793177
143 0.0640625
144 0.0507407407407407
145 0.0405
146 0.03025
147 0.02
148 0.0198666666666667
149 0.0196666666666667
150 0.0195652173913043
151 0.0193846153846154
152 0.0192093023255814
153 0.0190384615384615
154 0.0189166666666667
155 0.0187142857142857
156 0.0185714285714286
157 0.0184166666666667
158 0.01825
159 0.0180952380952381
160 0.0179090909090909
161 0.0177500403681576
162 0.0175909898272243
163 0.017431939286291
164 0.0172728887453577
165 0.0171138382044243
166 0.016954787663491
167 0.0167957371225577
168 0.0166366865816244
169 0.0164776360406911
170 0.0163185854997578
171 0.0161595349588245
172 0.0160004844178912
173 0.0158414338769578
174 0.0156823833360245
175 0.0155233327950912
176 0.0153642822541579
177 0.0152052317132246
178 0.0150461811722913
179 0.014887130631358
180 0.0147280800904247
181 0.0145690295494914
182 0.014409979008558
183 0.0142509284676247
184 0.0140918779266914
185 0.0139328273857581
186 0.0137737768448248
187 0.0136147263038915
188 0.0134556757629582
189 0.0132966252220249
190 0.0131375746810916
191 0.0129785241401582
192 0.0128194735992249
193 0.0126604230582916
194 0.0125013725173583
195 0.012342321976425
196 0.0121832714354917
197 0.0120242208945584
198 0.0118651703536251
199 0.0117061198126918
200 0.0115470692717584
201 0.0113880187308251
202 0.0112289681898918
203 0.0110699176489585
204 0.0109108671080252
205 0.0107518165670919
206 0.0105927660261586
207 0.0104337154852253
208 0.010274664944292
209 0.0101156144033586
210 0.00995656386242533
211 0.00979751332149202
212 0.00963846278055871
213 0.0094794122396254
214 0.00932036169869209
215 0.00916131115775877
216 0.00900226061682546
217 0.00884321007589215
218 0.00868415953495884
219 0.00852510899402553
220 0.00836605845309222
221 0.0082070079121589
222 0.00804795737122559
223 0.00788890683029228
224 0.00772985628935897
225 0.00757080574842566
226 0.00741175520749234
227 0.00725270466655903
228 0.00709365412562572
229 0.00693460358469241
230 0.0067755530437591
231 0.00661650250282578
232 0.00645745196189247
233 0.00629840142095916
234 0.00613935088002585
235 0.00598030033909254
236 0.00582124979815922
237 0.00566219925722591
238 0.0055031487162926
239 0.00534409817535929
240 0.00518504763442598
241 0.00502599709349266
242 0.00486694655255935
243 0.00470789601162604
244 0.00454884547069273
245 0.00438979492975942
246 0.0042307443888261
247 0.00407169384789279
248 0.00391264330695948
249 0.00375359276602617
250 0.00359454222509286
251 0.00343549168415954
252 0.00327644114322623
253 0.00311739060229292
254 0.00295834006135961
255 0.0027992895204263
256 0.00264023897949298
257 0.00248118843855967
258 0.00232213789762636
259 0.00216308735669305
260 0.00200403681575974
261 0.00184498627482642
262 0.00168593573389311
263 0.0015268851929598
264 0.00136783465202649
265 0.00120878411109318
266 0.00104973357015986
267 0.000890683029226551
268 0.000731632488293239
269 0.000572581947359927
270 0.000413531406426615
271 0.000254480865493303
272 9.54303245599909e-05
273 0
