0 0.000538847868478583
1 0.00378563899868248
2 0.00933333333333333
3 0.0123636363636364
4 0.0162777066439038
5 0.0197281678034277
6 0.0239032258064516
7 0.0276613592399131
8 0.0314194926733746
9 0.0351776261068361
10 0.0389357595402976
11 0.0426938929737591
12 0.0470909090909091
13 0.0509297445685471
14 0.054768580046185
15 0.058607415523823
16 0.062446251001461
17 0.0662850864790989
18 0.0701239219567369
19 0.0739627574343749
20 0.0778015929120128
21 0.0816404283896508
22 0.0854792638672888
23 0.0893180993449267
24 0.0931569348225647
25 0.0964583333333333
26 0.100356570512821
27 0.104254807692308
28 0.108153044871795
29 0.112051282051282
30 0.115949519230769
31 0.119847756410256
32 0.123745993589744
33 0.127644230769231
34 0.131542467948718
35 0.137
36 0.140397435897436
37 0.141818181818182
38 0.145833333333333
39 0.15
40 0.155
41 0.160666666666667
42 0.163691358024691
43 0.166111111111111
44 0.1715
45 0.175131578947368
46 0.1784
47 0.182478431372549
48 0.185333333333333
49 0.189857142857143
50 0.192571428571429
51 0.197405572755418
52 0.200789473684211
53 0.205261179263949
54 0.209285714285714
55 0.213395390070922
56 0.219148936170213
57 0.222381342062193
58 0.225613747954173
59 0.228846153846154
60 0.232564102564103
61 0.236282051282051
62 0.24
63 0.244007820136852
64 0.248015640273705
65 0.253225806451613
66 0.256799748157476
67 0.260373689863338
68 0.263947631569201
69 0.267164179104478
70 0.271310116086235
71 0.275456053067993
72 0.279601990049751
73 0.283333333333333
74 0.287329434697856
75 0.291325536062378
76 0.295321637426901
77 0.299203980099502
78 0.301315789473684
79 0.305574841358716
80 0.309833893243748
81 0.314092945128779
82 0.318351997013811
83 0.321333333333333
84 0.32548712998713
85 0.329640926640927
86 0.333794723294723
87 0.33794851994852
88 0.342102316602317
89 0.344594594594595
90 0.348684381496882
91 0.352774168399168
92 0.356863955301455
93 0.360953742203742
94 0.365043529106029
95 0.370769230769231
96 0.374518334586532
97 0.378267438403833
98 0.382016542221134
99 0.385765646038435
100 0.389514749855736
101 0.393263853673038
102 0.397012957490339
103 0.40188679245283
104 0.403096559378468
105 0.404306326304107
106 0.406
107 0.400484719260839
108 0.394969438521677
109 0.389454157782516
110 0.383938877043355
111 0.378423596304193
112 0.372908315565032
113 0.369047619047619
114 0.36379621708963
115 0.358544815131641
116 0.353293413173653
117 0.346581347109702
118 0.339869281045752
119 0.334893656916318
120 0.329918032786885
121 0.324376056752187
122 0.318834080717489
123 0.312941269433634
124 0.30704845814978
125 0.299268909925954
126 0.291489361702128
127 0.283859434949424
128 0.276229508196721
129 0.268608027640962
130 0.260986547085202
131 0.253170869171016
132 0.245355191256831
133 0.237818440698838
134 0.230281690140845
135 0.22254825247783
136 0.214814814814815
137 0.206886574074074
138 0.198958333333333
139 0.191672867063492
140 0.184842796092796
141 0.176666666666667
142 0.16931684434968
143 0.163125
144 0.152962962962963
145 0.145416666666667
146 0.1375
147 0.13
148 0.129333333333333
149 0.128333333333333
150 0.127173913043478
151 0.126307692307692
152 0.125348837209302
153 0.124615384615385
154 0.123333333333333
155 0.122714285714286
156 0.121785714285714
157 0.120833333333333
158 0.12
159 0.119047619047619
160 0.118181818181818
161 0.117272565800097
162 0.116363313418376
163 0.115454061036654
164 0.114544808654933
165 0.113635556273212
166 0.11272630389149
167 0.111817051509769
168 0.110907799128048
169 0.109998546746327
170 0.109089294364605
171 0.108180041982884
172 0.107270789601163
173 0.106361537219441
174 0.10545228483772
175 0.104543032455999
176 0.103633780074277
177 0.102724527692556
178 0.101815275310835
179 0.100906022929114
180 0.0999967705473923
181 0.099087518165671
182 0.0981782657839497
183 0.0972690134022284
184 0.0963597610205072
185 0.0954505086387859
186 0.0945412562570646
187 0.0936320038753433
188 0.092722751493622
189 0.0918134991119007
190 0.0909042467301794
191 0.0899949943484581
192 0.0890857419667368
193 0.0881764895850155
194 0.0872672372032942
195 0.0863579848215729
196 0.0854487324398516
197 0.0845394800581303
198 0.083630227676409
199 0.0827209752946877
200 0.0818117229129664
201 0.0809024705312451
202 0.0799932181495238
203 0.0790839657678025
204 0.0781747133860812
205 0.0772654610043599
206 0.0763562086226386
207 0.0754469562409173
208 0.074537703859196
209 0.0736284514774747
210 0.0727191990957534
211 0.0718099467140321
212 0.0709006943323108
213 0.0699914419505895
214 0.0690821895688682
215 0.0681729371871469
216 0.0672636848054256
217 0.0663544324237043
218 0.065445180041983
219 0.0645359276602617
220 0.0636266752785404
221 0.0627174228968191
222 0.0618081705150978
223 0.0608989181333765
224 0.0599896657516552
225 0.0590804133699339
226 0.0581711609882126
227 0.0572619086064913
228 0.05635265622477
229 0.0554434038430487
230 0.0545341514613274
231 0.0536248990796061
232 0.0527156466978848
233 0.0518063943161635
234 0.0508971419344422
235 0.0499878895527209
236 0.0490786371709996
237 0.0481693847892783
238 0.047260132407557
239 0.0463508800258357
240 0.0454416276441144
241 0.0445323752623931
242 0.0436231228806718
243 0.0427138704989505
244 0.0418046181172292
245 0.0408953657355079
246 0.0399861133537866
247 0.0390768609720653
248 0.038167608590344
249 0.0372583562086227
250 0.0363491038269014
251 0.0354398514451801
252 0.0345305990634588
253 0.0336213466817375
254 0.0327120943000162
255 0.0318028419182949
256 0.0308935895365736
257 0.0299843371548523
258 0.029075084773131
259 0.0281658323914097
260 0.0272565800096884
261 0.0263473276279671
262 0.0254380752462458
263 0.0245288228645245
264 0.0236195704828032
265 0.0227103181010819
266 0.0218010657193606
267 0.0208918133376393
268 0.019982560955918
269 0.0190733085741967
270 0.0181640561924754
271 0.0172548038107541
272 0.0163455514290328
273 0.0158
