0 0.2
1 0.197066492829205
2 0.193076923076923
3 0.190566037735849
4 0.188259755878254
5 0.184958412742781
6 0.180666666666667
7 0.177932432432432
8 0.175198198198198
9 0.172463963963964
10 0.16972972972973
11 0.166593304179511
12 0.163456878629292
13 0.160320453079074
14 0.157184027528855
15 0.154047601978636
16 0.151538461538462
17 0.148424578424578
18 0.145310695310695
19 0.142196812196812
20 0.139082929082929
21 0.135969045969046
22 0.132855162855163
23 0.12974127974128
24 0.126627396627397
25 0.123513513513513
26 0.120472972972973
27 0.117432432432432
28 0.115
29 0.11162447257384
30 0.107
31 0.0995521016274441
32 0.0921042032548882
33 0.0846563048823323
34 0.0772084065097764
35 0.0697605081372204
36 0.0608894077025945
37 0.0509923664122137
38 0.045422111780515
39 0.0398518571488162
40 0.0342816025171175
41 0.0287113478854187
42 0.0238095238095238
43 0.0158385093167702
44 0.0128831572154554
45 0.00933673469387755
46 0.00901098901098901
47 0.00824515405543074
48 0.00751269035532995
49 0.00673510495770918
50 0.0059575195600884
51 0.00530434782608696
52 0.00495216512581918
53 0.00465693500416493
54 0.00412
55 0.00357794156745166
56 0.002744
57 0.00223905723905724
58 0.00208602150537634
59 0.00204213298222515
60 0.002
61 0.002
62 0.002
63 0.002
64 0.00171671388101983
65 0.00131519933089297
66 0.000853596965910467
67 0.000502726671476671
68 0.000226592797783934
69 0
70 0
71 0
72 0
73 0
74 0
75 0
76 0
77 0
78 0
79 0
80 0
81 0
82 0
83 0
84 0
85 0
86 0
87 0
88 0
89 0
90 0
91 0
92 0
93 0
94 0
95 0
96 0
97 0
98 0
99 0
100 0
101 0
102 0
103 0
104 0
105 0
106 0
107 0
108 0
109 0
110 0
111 0
112 0
113 0
114 0
115 0
116 0
117 0
118 0
119 0
120 0
121 0
122 0
123 0
124 0
125 0
126 0
127 0
128 0
129 0
130 0
131 0
132 0
133 0
134 0
135 0
136 0
137 0
138 0
139 0
140 0
141 0
142 0
143 0
144 0
145 0
146 0
147 0
148 0
149 0
150 0
151 0
152 0
153 0
154 0
155 0
156 0
157 0
158 0
159 0
160 0
161 0
162 0
163 0
164 0
165 0
166 0
167 0
168 0
169 0
170 0
171 0
172 0
173 0
174 0
175 0
176 0
177 0
178 0
179 0
180 0
181 0
182 0
183 0
184 0
185 0
186 0
187 0
188 0
189 0
190 0
191 0
192 0
193 0
194 0
195 0
196 0
197 0
198 0
199 0
200 0
201 0
202 0
203 0
204 0
205 0
206 0
207 0
208 0
209 0
210 0
211 0
212 0
213 0
214 0
215 0
216 0
217 0
218 0
219 0
220 0
221 0
222 0
223 0
224 0
225 0
226 0
227 0
228 0
229 0
230 0
231 0
232 0
233 0
234 0
235 0
236 0
237 0
