0 0
1 0
2 0
3 0
4 0
5 0
6 0
7 0
8 0
9 0
10 0
11 0
12 0
13 0
14 0
15 0
16 0
17 0
18 0
19 0
20 0
21 0
22 0
23 0
24 0
25 0
26 0
27 0
28 0
29 0
30 0
31 0
32 0
33 0
34 0
35 0
36 0
37 0
38 0
39 0
40 0
41 0
42 0
43 0
44 0
45 0
46 0
47 0
48 0
49 0
50 0
51 0
52 0
53 0
54 0
55 0
56 0
57 0
58 0
59 0
60 0
61 0
62 0
63 0
64 0
65 0
66 0
67 0
68 0
69 0
70 0
71 0
72 0
73 0
74 0
75 0
76 0
77 0.00117575125604323
78 0.0042673724136433
79 0.00735899357124338
80 0.00943037974683544
81 0.0105106382978723
82 0.0167760426674422
83 0.0228677102082586
84 0.0321625544267054
85 0.0376470588235294
86 0.0443359375
87 0.0541984732824427
88 0.0617509781497005
89 0.0653846153846154
90 0.0751505439005439
91 0.081010101010101
92 0.0897272576130265
93 0.1
94 0.11027397260274
95 0.124131606488749
96 0.11937707641196
97 0.115732806864818
98 0.112390356646248
99 0.107956381027753
100 0.104384428006837
101 0.10081247498592
102 0.0971918847177548
103 0.0954545454545455
104 0.0911888973445835
105 0.0892352814810627
106 0.0872816656175418
107 0.0845006037605658
108 0.0782122325888229
109 0.0776632302405498
110 0.0727969943433861
111 0.0679307584462224
112 0.0630645225490587
113 0.0560571428571429
114 0.0555555555555556
115 0.0482539976212502
116 0.0441646208899841
117 0.0400752441587181
118 0.0359313020344501
119 0.0318633540372671
120 0.0267254623044097
121 0.0238888888888889
122 0.0206333477578839
123 0.024653370179393
124 0.03
125 0.0391524216524217
126 0.0483048433048434
127 0.057457264957265
128 0.062125
129 0.074359555984556
130 0.0901127819548871
131 0.0935714285714286
132 0.111538461538462
133 0.117272727272727
134 0.124
135 0.135984074319841
136 0.15036496350365
137 0.15
138 0.15
139 0.15
140 0.15
141 0.15
142 0.15
143 0.15
144 0.15
145 0.15
146 0.15
147 0.150632911392405
148 0.15
149 0.15
150 0.15
151 0.15
152 0.156875
153 0.166666666666667
154 0.177173913043478
155 0.18641975308642
156 0.195945945945946
157 0.205633802816901
158 0.216176470588235
159 0.2265625
160 0.236666666666667
161 0.2465
162 0.256333333333333
163 0.266166666666667
164 0.276
165 0.285833333333333
166 0.295666666666667
167 0.3055
168 0.315333333333333
169 0.325166666666667
170 0.335
171 0.344833333333333
172 0.354666666666667
173 0.3645
174 0.374333333333333
175 0.384166666666667
176 0.394
177 0.403833333333333
178 0.413666666666667
179 0.4235
180 0.433333333333333
181 0.443166666666667
182 0.453
183 0.462833333333333
184 0.472666666666667
185 0.4825
186 0.4924
187 0.5023
188 0.5122
189 0.5221
190 0.532
191 0.5419
192 0.5518
193 0.5617
194 0.5716
195 0.5815
196 0.5914
197 0.6013
198 0.6112
199 0.6211
200 0.631
201 0.6409
202 0.6508
203 0.6607
204 0.6706
205 0.6805
206 0.6904
207 0.7003
208 0.7102
209 0.7201
210 0.73
211 0.73989010989011
212 0.74978021978022
213 0.75967032967033
214 0.769560439560439
215 0.779450549450549
216 0.789340659340659
217 0.799230769230769
218 0.809120879120879
219 0.819010989010989
220 0.828901098901099
221 0.838791208791208
222 0.848681318681318
223 0.858571428571428
224 0.868461538461538
225 0.878351648351648
226 0.888241758241758
227 0.898131868131868
228 0.908021978021978
229 0.917912087912088
230 0.927802197802198
231 0.937692307692307
232 0.947582417582417
233 0.957472527472527
234 0.967362637362637
235 0.977252747252747
236 0.987142857142857
237 1
