0 0.2
1 0.204726205997392
2 0.211153846153846
3 0.215094339622642
4 0.21844123432091
5 0.22375663968863
6 0.230666666666667
7 0.235364864864865
8 0.240063063063063
9 0.244761261261261
10 0.249459459459459
11 0.254459817908094
12 0.259460176356728
13 0.264460534805362
14 0.269460893253997
15 0.274461251702631
16 0.278461538461538
17 0.283557403557403
18 0.288653268653269
19 0.293749133749134
20 0.298844998844999
21 0.303940863940864
22 0.309036729036729
23 0.314132594132594
24 0.319228459228459
25 0.324324324324324
26 0.329029922779923
27 0.333735521235521
28 0.3375
29 0.342774261603375
30 0.35
31 0.359000702493853
32 0.368001404987706
33 0.37700210748156
34 0.386002809975413
35 0.395003512469266
36 0.405792711561942
37 0.417557251908397
38 0.422741655791337
39 0.427926059674276
40 0.433110463557216
41 0.438294867440156
42 0.442857142857143
43 0.451552795031056
44 0.455949019924175
45 0.461224489795918
46 0.464835164835165
47 0.468507381946117
48 0.471573604060914
49 0.475459199691639
50 0.479344795322365
51 0.482608695652174
52 0.482978684043788
53 0.48518602933836
54 0.488
55 0.490973054269884
56 0.496
57 0.498316498316498
58 0.49820788530466
59 0.498307207042355
60 0.499559985460389
61 0.500729488650226
62 0.501466275659824
63 0.5
64 0.498583569405099
65 0.497935387216795
66 0.497202074057849
67 0.497471741221741
68 0.498614958448754
69 0.497511890962868
70 0.497354497354497
71 0.496210496210496
72 0.495238095238095
73 0.495211953907606
74 0.495185812577117
75 0.495169082125604
76 0.492662473794549
77 0.487824592653993
78 0.471050578432851
79 0.454276564211709
80 0.443037974683544
81 0.421276595744681
82 0.382156118384495
83 0.336936699780521
84 0.262946298984035
85 0.219607843137255
86 0.180078125
87 0
88 0
89 0
90 0
91 0
92 0
93 0
94 0
95 0
96 0
97 0
98 0
99 0
100 0
101 0
102 0
103 0
104 0
105 0
106 0
107 0
108 0
109 0
110 0
111 0
112 0
113 0
114 0
115 0
116 0
117 0
118 0
119 0
120 0
121 0
122 0
123 0
124 0
125 0
126 0
127 0
128 0
129 0
130 0
131 0
132 0
133 0
134 0
135 0
136 0
137 0
138 0
139 0
140 0
141 0
142 0
143 0
144 0
145 0
146 0
147 0
148 0
149 0
150 0
151 0
152 0
153 0
154 0
155 0
156 0
157 0
158 0
159 0
160 0
161 0
162 0
163 0
164 0
165 0
166 0
167 0
168 0
169 0
170 0
171 0
172 0
173 0
174 0
175 0
176 0
177 0
178 0
179 0
180 0
181 0
182 0
183 0
184 0
185 0
186 0
187 0
188 0
189 0
190 0
191 0
192 0
193 0
194 0
195 0
196 0
197 0
198 0
199 0
200 0
201 0
202 0
203 0
204 0
205 0
206 0
207 0
208 0
209 0
210 0
211 0
212 0
213 0
214 0
215 0
216 0
217 0
218 0
219 0
220 0
221 0
222 0
223 0
224 0
225 0
226 0
227 0
228 0
229 0
230 0
231 0
232 0
233 0
234 0
235 0
236 0
237 0
