0 0
1 0
2 0
3 0
4 0
5 0
6 0
7 0
8 0
9 0
10 0
11 0
12 0
13 0
14 0
15 0
16 0
17 0
18 0
19 0
20 0
21 0
22 0
23 0
24 0
25 0
26 0
27 0
28 0
29 0
30 0
31 0
32 0
33 0
34 0
35 0
36 0
37 0
38 0
39 0
40 0
41 0
42 0
43 0
44 0
45 0
46 0
47 0
48 0
49 0
50 0
51 0
52 0
53 0
54 0
55 0
56 0
57 0
58 0
59 0
60 0
61 0
62 0
63 0
64 0
65 0
66 0
67 0
68 0
69 0
70 0
71 0
72 0
73 0
74 0
75 0
76 0
77 0.00172992700729927
78 0.00407668864902887
79 0.00642345029075846
80 0.0079957805907173
81 0.00795744680851064
82 0.00791413540784902
83 0.00786866117584345
84 0.00781625544267054
85 0.0077843137254902
86 0.00775390625
87 0.00770992366412214
88 0.00766647654536928
89 0.00763461538461538
90 0.00758520299145299
91 0.00755555555555556
92 0.00751003902446712
93 0.00746153846153846
94 0.00742202318229716
95 0.00740298273155416
96 0.00734576411960133
97 0.00730280126849894
98 0.00726866849562178
99 0.00721788264518447
100 0.00718160448682008
101 0.00714532632845568
102 0.00710233459311745
103 0.00709090909090909
104 0.00705040784360085
105 0.00666975467195274
106 0.00628910150030464
107 0.01472623770916
108 0.0531542738667419
109 0.0549828178694158
110 0.0841694419014006
111 0.113356065933385
112 0.14254268996537
113 0.184571428571429
114 0.186243386243386
115 0.231742764635919
116 0.255952763158918
117 0.280162761681916
118 0.304884052876304
119 0.329192546583851
120 0.359487908961593
121 0.376666666666667
122 0.37469486666306
123 0.25703850996456
124 0.100555555555556
125 0.0890012662234884
126 0.0774469768914213
127 0.0658926875593541
128 0.06
129 0.0443951093951094
130 0.0243439849624061
131 0.0205
132 0
133 0
134 0
135 0
136 0
137 0
138 0
139 0
140 0
141 0
142 0
143 0
144 0
145 0
146 0
147 0
148 0
149 0
150 0
151 0
152 0
153 0
154 0
155 0
156 0
157 0
158 0
159 0
160 0
161 0
162 0
163 0
164 0
165 0
166 0
167 0
168 0
169 0
170 0
171 0
172 0
173 0
174 0
175 0
176 0
177 0
178 0
179 0
180 0
181 0
182 0
183 0
184 0
185 0
186 0
187 0
188 0
189 0
190 0
191 0
192 0
193 0
194 0
195 0
196 0
197 0
198 0
199 0
200 0
201 0
202 0
203 0
204 0
205 0
206 0
207 0
208 0
209 0
210 0
211 0
212 0
213 0
214 0
215 0
216 0
217 0
218 0
219 0
220 0
221 0
222 0
223 0
224 0
225 0
226 0
227 0
228 0
229 0
230 0
231 0
232 0
233 0
234 0
235 0
236 0
237 0
