0 0.2
1 0.205052151238592
2 0.211923076923077
3 0.216981132075472
4 0.22015701569033
5 0.225595994375694
6 0.232666666666667
7 0.237472972972973
8 0.242279279279279
9 0.247085585585586
10 0.251891891891892
11 0.257135995411857
12 0.262380098931823
13 0.267624202451789
14 0.272868305971754
15 0.27811240949172
16 0.282307692307692
17 0.287576807576808
18 0.292845922845923
19 0.298115038115038
20 0.303384153384153
21 0.308653268653269
22 0.313922383922384
23 0.319191499191499
24 0.324460614460614
25 0.32972972972973
26 0.335183397683398
27 0.340637065637066
28 0.345
29 0.351329113924051
30 0.36
31 0.367581079498888
32 0.375162158997775
33 0.382743238496663
34 0.390324317995551
35 0.397905397494439
36 0.407016284488812
37 0.417557251908397
38 0.422863630810853
39 0.428170009713308
40 0.433476388615764
41 0.43878276751822
42 0.443452380952381
43 0.451552795031056
44 0.454789465193192
45 0.458673469387755
46 0.45989010989011
47 0.460990787868258
48 0.461928934010152
49 0.463086841508108
50 0.464244749006065
51 0.465217391304348
52 0.463298076522849
53 0.462315185508166
54 0.46
55 0.459398402856616
56 0.46
57 0.457912457912458
58 0.455197132616487
59 0.456050131069639
60 0.456511682341088
61 0.457104518858888
62 0.457478005865103
63 0.460227272727273
64 0.461756373937677
65 0.463098492351107
66 0.466031052234773
67 0.467132635882636
68 0.46814404432133
69 0.470142691554419
70 0.470899470899471
71 0.472472472472473
72 0.473809523809524
73 0.474580693058954
74 0.475351862308384
75 0.475845410628019
76 0.477987421383648
77 0.47470707021717
78 0.47153765280939
79 0.46836823540161
80 0.466244725738397
81 0.478723404255319
82 0.472932971193245
83 0.473979355118937
84 0.473294629898403
85 0.470588235294118
86 0.4609375
87 0.532442748091603
88 0.502644635995714
89 0.459615384615385
90 0.389527486402486
91 0.347474747474747
92 0.275402494315687
93 0.190961538461538
94 0.103764488935722
95 0
96 0
97 0
98 0
99 0
100 0
101 0
102 0
103 0
104 0
105 0
106 0
107 0
108 0
109 0
110 0
111 0
112 0
113 0
114 0
115 0
116 0
117 0
118 0
119 0
120 0
121 0
122 0
123 0
124 0
125 0
126 0
127 0
128 0
129 0
130 0
131 0
132 0
133 0
134 0
135 0
136 0
137 0
138 0
139 0
140 0
141 0
142 0
143 0
144 0
145 0
146 0
147 0
148 0
149 0
150 0
151 0
152 0
153 0
154 0
155 0
156 0
157 0
158 0
159 0
160 0
161 0
162 0
163 0
164 0
165 0
166 0
167 0
168 0
169 0
170 0
171 0
172 0
173 0
174 0
175 0
176 0
177 0
178 0
179 0
180 0
181 0
182 0
183 0
184 0
185 0
186 0
187 0
188 0
189 0
190 0
191 0
192 0
193 0
194 0
195 0
196 0
197 0
198 0
199 0
200 0
201 0
202 0
203 0
204 0
205 0
206 0
207 0
208 0
209 0
210 0
211 0
212 0
213 0
214 0
215 0
216 0
217 0
218 0
219 0
220 0
221 0
222 0
223 0
224 0
225 0
226 0
227 0
228 0
229 0
230 0
231 0
232 0
233 0
234 0
235 0
236 0
237 0
