0 0.0751
1 0.0758529411764706
2 0.0775621743558166
3 0.0785669025613395
4 0.0795716307668625
5 0.0805763589723854
6 0.0815810871779083
7 0.0825858153834312
8 0.0835905435889542
9 0.0845952717944771
10 0.0856
11 0.086625
12 0.08765
13 0.088675
14 0.0897
15 0.090725
16 0.09175
17 0.092775
18 0.0938
19 0.0948824561403509
20 0.0959649122807018
21 0.0969976076555024
22 0.098030303030303
23 0.0991467304625199
24 0.100263157894737
25 0.101276157260621
26 0.102289156626506
27 0.103227911646586
28 0.104166666666667
29 0.105548679867987
30 0.106930693069307
31 0.107710629553521
32 0.108490566037736
33 0.109462674323216
34 0.110434782608696
35 0.111721456344998
36 0.113008130081301
37 0.114079822616408
38 0.115151515151515
39 0.115967365967366
40 0.116783216783217
41 0.118006993006993
42 0.119230769230769
43 0.120080500894454
44 0.12093023255814
45 0.121981970211654
46 0.123033707865169
47 0.124228718339364
48 0.125423728813559
49 0.126373066592572
50 0.127322404371585
51 0.128398044291056
52 0.129473684210526
53 0.130565987833906
54 0.131658291457286
55 0.13273735828903
56 0.133816425120773
57 0.134748588147241
58 0.135680751173709
59 0.136790147276352
60 0.137899543378995
61 0.136060882800609
62 0.134222222222222
63 0.131648556045032
64 0.129074889867841
65 0.131642708091815
66 0.134210526315789
67 0.178999536285648
68 0.223788546255507
69 0.220798382716794
70 0.217808219178082
71 0.220601357295463
72 0.223764631445745
73 0.221100917431193
74 0.21
75 0.228110599078341
76 0.19119170984456
77 0.196923076923077
78 0.151065459836138
79 0.131137724550898
80 0.123226566931367
81 0.139285714285714
82 0.166467376519192
83 0.199818033273916
84 0.237272730654554
85 0.276368223482845
86 0.30812440584952
87 0.357104864145205
88 0.378259764025445
89 0.423660340684819
90 0.435015651512623
91 0.461900232090456
92 0.481601502960478
93 0.491317411639467
94 0.489994897694454
95 0.480582805943724
96 0.493152404778406
97 0.471731391160823
98 0.672719879168118
99 0.711359939584059
100 0.75
101 0.75
102 0.75
103 0.75
104 0.75
105 0.748684210526316
106 0.747368421052632
107 0.750713822193381
108 0.750913770913771
109 0.75
110 0.750065919578115
111 0.75078947368421
112 0.750675675675676
113 0.751052631578947
114 0.748039215686275
115 0.748780487804878
116 0.751351351351351
117 0.75
118 0.75
119 0.75
120 0.75
121 0.750675675675676
122 0.749387917329094
123 0.750675675675676
124 0.75
125 0.74932157394844
126 0.749457259158752
127 0.749592944369064
128 0.749728629579376
129 0.749864314789688
130 0.75
131 0.749714285714286
132 0.749428571428571
133 0.749142857142857
134 0.748857142857143
135 0.748571428571429
136 0.748857142857143
137 0.749142857142857
138 0.749428571428571
139 0.749714285714286
140 0.75
141 0.75
142 0.75
143 0.75
144 0.875
145 1
146 1
147 1
148 1
149 1
150 1
151 1
152 1
153 1
154 1
155 1
156 1
157 1
158 1
159 1
160 1
161 1
162 1
163 1
164 1
165 1
166 1
167 1
168 1
169 1
170 1
171 1
172 1
173 1
174 1
175 1
176 1
177 1
178 1
179 1
180 1
181 1
182 1
183 1
184 1
185 1
186 1
