0 0.000883986936924779
1 0.00293939393939394
2 0.00645614035087719
3 0.0083565973500184
4 0.0108199222269645
5 0.013017884728265
6 0.0156774193548387
7 0.0180576814308189
8 0.0204379435067991
9 0.0228182055827792
10 0.0251984676587594
11 0.0275787297347396
12 0.0303636363636364
13 0.032797775578491
14 0.0352319147933456
15 0.0376660540082002
16 0.0401001932230548
17 0.0425343324379094
18 0.044968471652764
19 0.0474026108676186
20 0.0498367500824732
21 0.0522708892973279
22 0.0547050285121825
23 0.0571391677270371
24 0.0595733069418917
25 0.0616666666666667
26 0.064150641025641
27 0.0666346153846154
28 0.0691185897435898
29 0.0716025641025641
30 0.0740865384615385
31 0.0765705128205128
32 0.0790544871794872
33 0.0815384615384615
34 0.0840224358974359
35 0.0875
36 0.0897435897435897
37 0.0901818181818182
38 0.0933333333333333
39 0.0953846153846154
40 0.0985714285714286
41 0.102
42 0.103975308641975
43 0.105555555555556
44 0.109
45 0.111210526315789
46 0.1132
47 0.115827450980392
48 0.117666666666667
49 0.120732142857143
50 0.122571428571429
51 0.125547987616099
52 0.127631578947368
53 0.130507189025195
54 0.133095238095238
55 0.135617612293144
56 0.139148936170213
57 0.14129159847245
58 0.143434260774686
59 0.145576923076923
60 0.148020979020979
61 0.150465034965035
62 0.152909090909091
63 0.155399982226962
64 0.157890873544832
65 0.161129032258065
66 0.163441909558905
67 0.165754786859746
68 0.168067664160587
69 0.170149253731343
70 0.172461410894247
71 0.17477356805715
72 0.177085725220054
73 0.179166666666667
74 0.181749512670565
75 0.184332358674464
76 0.186915204678363
77 0.189465174129353
78 0.190789473684211
79 0.193600223964166
80 0.196410974244121
81 0.199221724524076
82 0.202032474804031
83 0.204
84 0.206664092664093
85 0.209328185328185
86 0.211992277992278
87 0.214656370656371
88 0.217320463320463
89 0.218918918918919
90 0.221491683991684
91 0.224064449064449
92 0.226637214137214
93 0.229209979209979
94 0.231782744282744
95 0.235384615384615
96 0.23771381607708
97 0.240043016769546
98 0.242372217462011
99 0.244701418154476
100 0.247030618846941
101 0.249359819539406
102 0.251689020231871
103 0.254716981132075
104 0.2703884572697
105 0.286059933407325
106 0.308
107 0.310359630419332
108 0.312719260838664
109 0.315078891257996
110 0.317438521677328
111 0.31979815209666
112 0.322157782515991
113 0.323809523809524
114 0.326651458986788
115 0.329493394164053
116 0.332335329341317
117 0.33446831826543
118 0.336601307189543
119 0.33879245687346
120 0.340983606557377
121 0.343585973682276
122 0.346188340807175
123 0.352389324588609
124 0.358590308370044
125 0.379507920142469
126 0.400425531914894
127 0.421524241367283
128 0.442622950819672
129 0.463463941777549
130 0.484304932735426
131 0.504993996422358
132 0.52568306010929
133 0.546644346956053
134 0.567605633802817
135 0.588432446531038
136 0.609259259259259
137 0.630150462962963
138 0.651041666666667
139 0.672712053571429
140 0.691277472527472
141 0.711666666666667
142 0.7336460554371
143 0.75
144 0.777777777777778
145 0.8
146 0.82
147 0.838888888888889
148 0.84
149 0.841666666666667
150 0.843478260869565
151 0.844615384615385
152 0.846511627906977
153 0.846153846153846
154 0.85
155 0.848571428571429
156 0.85
157 0.85
158 0.852083333333333
159 0.852380952380952
160 0.854545454545455
161 0.855668496689811
162 0.856791538834168
163 0.857914580978524
164 0.859037623122881
165 0.860160665267237
166 0.861283707411594
167 0.86240674955595
168 0.863529791700307
169 0.864652833844664
170 0.86577587598902
171 0.866898918133377
172 0.868021960277733
173 0.86914500242209
174 0.870268044566446
175 0.871391086710803
176 0.872514128855159
177 0.873637170999516
178 0.874760213143872
179 0.875883255288229
180 0.877006297432586
181 0.878129339576942
182 0.879252381721299
183 0.880375423865655
184 0.881498466010012
185 0.882621508154368
186 0.883744550298725
187 0.884867592443081
188 0.885990634587438
189 0.887113676731794
190 0.888236718876151
191 0.889359761020508
192 0.890482803164864
193 0.891605845309221
194 0.892728887453577
195 0.893851929597934
196 0.89497497174229
197 0.896098013886647
198 0.897221056031003
199 0.89834409817536
200 0.899467140319716
201 0.900590182464073
202 0.90171322460843
203 0.902836266752786
204 0.903959308897143
205 0.905082351041499
206 0.906205393185856
207 0.907328435330212
208 0.908451477474569
209 0.909574519618925
210 0.910697561763282
211 0.911820603907638
212 0.912943646051995
213 0.914066688196352
214 0.915189730340708
215 0.916312772485065
216 0.917435814629421
217 0.918558856773778
218 0.919681898918134
219 0.920804941062491
220 0.921927983206847
221 0.923051025351204
222 0.92417406749556
223 0.925297109639917
224 0.926420151784274
225 0.92754319392863
226 0.928666236072987
227 0.929789278217343
228 0.9309123203617
229 0.932035362506056
230 0.933158404650413
231 0.934281446794769
232 0.935404488939126
233 0.936527531083482
234 0.937650573227839
235 0.938773615372196
236 0.939896657516552
237 0.941019699660909
238 0.942142741805265
239 0.943265783949622
240 0.944388826093978
241 0.945511868238335
242 0.946634910382691
243 0.947757952527048
244 0.948880994671404
245 0.950004036815761
246 0.951127078960117
247 0.952250121104474
248 0.95337316324883
249 0.954496205393187
250 0.955619247537543
251 0.9567422896819
252 0.957865331826256
253 0.958988373970613
254 0.960111416114969
255 0.961234458259326
256 0.962357500403682
257 0.963480542548039
258 0.964603584692395
259 0.965726626836752
260 0.966849668981108
261 0.967972711125465
262 0.969095753269821
263 0.970218795414178
264 0.971341837558534
265 0.972464879702891
266 0.973587921847247
267 0.974710963991604
268 0.97583400613596
269 0.976957048280317
270 0.978080090424673
271 0.97920313256903
272 0.980326174713386
273 0.981
