0 0.33
1 0.328260869565217
2 0.327084906678175
3 0.325908943791132
4 0.324244031830239
5 0.323571428571429
6 0.322386554621849
7 0.321201680672269
8 0.320016806722689
9 0.318831932773109
10 0.317647058823529
11 0.316274509803922
12 0.314901960784314
13 0.313529411764706
14 0.312156862745098
15 0.31078431372549
16 0.309411764705882
17 0.308039215686274
18 0.306666666666667
19 0.305333333333333
20 0.304
21 0.302933333333333
22 0.301866666666667
23 0.3008
24 0.299733333333333
25 0.298666666666667
26 0.297266666666667
27 0.295866666666667
28 0.294466666666667
29 0.293066666666667
30 0.291666666666667
31 0.29047619047619
32 0.289285714285714
33 0.288095238095238
34 0.286904761904762
35 0.285714285714286
36 0.284408163265306
37 0.283102040816327
38 0.281795918367347
39 0.280489795918367
40 0.279183673469388
41 0.27790943877551
42 0.276635204081633
43 0.275360969387755
44 0.274086734693878
45 0.2728125
46 0.271407894736842
47 0.270003289473684
48 0.268598684210526
49 0.267194078947368
50 0.265789473684211
51 0.264573326520184
52 0.263357179356157
53 0.262141032192131
54 0.260924885028104
55 0.259708737864078
56 0.270588235294118
57 0.272291542879778
58 0.273994850465439
59 0.275698158051099
60 0.27740146563676
61 0.27910477322242
62 0.280808080808081
63 0.285659911746868
64 0.290511742685656
65 0.295363573624443
66 0.300215404563231
67 0.305067235502018
68 0.309919066440806
69 0.314285714285714
70 0.324378881987578
71 0.330434782608696
72 0.335724018332714
73 0.341013254056732
74 0.346302489780751
75 0.351591725504769
76 0.356880961228787
77 0.365641105178124
78 0.364814814814815
79 0.375227792266332
80 0.385640769717849
81 0.396053747169366
82 0.406466724620883
83 0.4168797020724
84 0.425210084033613
85 0.452791642972979
86 0.480373201912344
87 0.507954760851709
88 0.541052631578947
89 0.551063829787234
90 0.569196428571429
91 0.586309523809524
92 0.6
93 0.569183673469388
94 0.540321602325141
95 0.522959183673469
96 0.471052631578947
97 0.410166463455937
98 0.349280295332927
99 0.288394127209916
100 0.227507959086906
101 0.166621790963896
102 0.13009009009009
103 0.1
104 0.125714285714286
105 0.151428571428571
106 0.175587367178276
107 0.190078512396694
108 0.190136732650839
109 0.18974358974359
110 0.190229885057471
111 0.160215053763441
112 0.136671326301521
113 0.15037037037037
114 0.113481591302199
115 0.0802637969377061
116 0.0523124408885253
117 0.0243610848393445
118 0.000500000000000009
119 0
120 0
121 0
122 0
123 0
124 0
125 0
126 0
127 0
128 0
129 0
130 0
131 0
132 0
133 0
134 0
135 0
136 0
137 0
138 0
139 0
140 0
141 0
142 0
143 0
144 0
145 0
146 0
147 0
148 0
149 0
150 0
151 0
152 0
153 0
154 0
155 0
156 0
157 0
158 0
159 0
160 0
161 0
162 0
163 0
164 0
165 0
166 0
167 0
168 0
169 0
170 0
171 0
172 0
173 0
174 0
175 0
176 0
177 0
178 0
179 0
180 0
181 0
182 0
183 0
184 0
185 0
186 0
187 0
188 0
189 0
190 0
191 0
192 0
193 0
194 0
195 0
196 0
