0 0.5
1 0.498079710144928
2 0.494693958664547
3 0.491145833333333
4 0.487385440613027
5 0.484444444444444
6 0.481
7 0.478571428571429
8 0.475
9 0.472
10 0.468181818181818
11 0.46520202020202
12 0.462222222222222
13 0.459037037037037
14 0.455851851851852
15 0.452666666666667
16 0.449683534136546
17 0.446700401606426
18 0.443717269076305
19 0.440734136546185
20 0.437751004016064
21 0.434200803212851
22 0.430650602409638
23 0.427100401606426
24 0.423550200803213
25 0.42
26 0.417111111111111
27 0.414222222222222
28 0.411333333333333
29 0.408444444444444
30 0.405555555555556
31 0.402337662337662
32 0.399119769119769
33 0.395901875901876
34 0.392683982683983
35 0.389466089466089
36 0.386248196248196
37 0.383030303030303
38 0.37981240981241
39 0.376594516594517
40 0.373376623376623
41 0.370187897209174
42 0.366999171041724
43 0.363810444874275
44 0.360621718706825
45 0.357432992539375
46 0.354244266371926
47 0.351055540204476
48 0.347866814037027
49 0.344678087869577
50 0.341489361702128
51 0.338340425531915
52 0.335191489361702
53 0.332042553191489
54 0.328893617021277
55 0.325744680851064
56 0.322595744680851
57 0.319446808510638
58 0.316297872340426
59 0.313148936170213
60 0.31
61 0.3
62 0.29
63 0.28
64 0.27
65 0.245
66 0.22
67 0.2
68 0.18
69 0.0741176470588237
70 0
71 0
72 0
73 0
74 0
75 0
76 0
77 0
78 0
79 0
80 0
81 0
82 0
83 0
84 0
85 0
86 0
87 0
88 0
89 0
90 0
91 0
92 0
93 0
94 0
95 0
96 0
97 0
98 0
99 0
100 0
101 0
102 0
103 0
104 0
105 0
106 0
107 0
108 0
109 0
110 0
111 0
112 0
113 0
114 0
115 0
116 0
117 0
118 0
119 0
120 0
121 0
122 0
123 0
124 0
125 0
126 0
127 0
128 0
129 0
130 0
131 0
132 0
133 0
134 0
135 0
136 0
137 0
138 0
139 0
140 0
141 0
142 0
143 0
144 0
145 0
146 0
147 0
148 0
149 0
150 0
151 0
152 0
153 0
154 0
155 0
156 0
157 0
158 0
159 0
160 0
161 0
162 0
163 0
164 0
165 0
166 0
167 0
168 0
169 0
170 0
171 0
172 0
173 0
174 0
175 0
176 0
177 0
178 0
179 0
180 0
181 0
182 0
183 0
184 0
185 0
186 0
187 0
188 0
189 0
190 0
191 0
192 0
193 0
194 0
195 0
196 0
197 0
198 0
199 0
200 0
201 0
