0 0.33
1 0.330434782608696
2 0.331038947027727
3 0.331643111446758
4 0.332211415659692
5 0.332857142857143
6 0.333344537815126
7 0.333831932773109
8 0.334319327731092
9 0.334806722689076
10 0.335294117647059
11 0.335882352941176
12 0.336470588235294
13 0.337058823529412
14 0.337647058823529
15 0.338235294117647
16 0.338823529411765
17 0.339411764705882
18 0.34
19 0.34
20 0.34
21 0.3408
22 0.3416
23 0.3424
24 0.3432
25 0.344
26 0.344533333333333
27 0.345066666666667
28 0.3456
29 0.346133333333333
30 0.346666666666667
31 0.347161904761905
32 0.347657142857143
33 0.348152380952381
34 0.348647619047619
35 0.349142857142857
36 0.349681632653061
37 0.350220408163265
38 0.350759183673469
39 0.351297959183673
40 0.351836734693878
41 0.352094387755102
42 0.352352040816327
43 0.352609693877551
44 0.352867346938776
45 0.353125
46 0.354078947368421
47 0.355032894736842
48 0.355986842105263
49 0.356940789473684
50 0.357894736842105
51 0.358160449667859
52 0.358426162493613
53 0.358691875319366
54 0.35895758814512
55 0.359223300970874
56 0.36
57 0.365993265993266
58 0.371986531986532
59 0.377979797979798
60 0.383973063973064
61 0.38996632996633
62 0.395959595959596
63 0.398097956793609
64 0.400236317627622
65 0.402374678461635
66 0.404513039295648
67 0.406651400129661
68 0.408789760963674
69 0.410714285714286
70 0.410539596273292
71 0.410434782608696
72 0.395724018332714
73 0.381013254056732
74 0.366302489780751
75 0.351591725504769
76 0.336880961228787
77 0.311639812353302
78 0.314814814814815
79 0.284674329501916
80 0.254533844189017
81 0.224393358876117
82 0.194252873563218
83 0.164112388250319
84 0.14
85 0.109047619047619
86 0.0780952380952381
87 0.0471428571428572
88 0.01
89 0.00751063829787234
90 0
91 0
92 0
93 0
94 0
95 0
96 0
97 0
98 0
99 0
100 0
101 0
102 0
103 0
104 0
105 0
106 0
107 0
108 0
109 0
110 0
111 0
112 0
113 0
114 0
115 0
116 0
117 0
118 0
119 0
120 0
121 0
122 0
123 0
124 0
125 0
126 0
127 0
128 0
129 0
130 0
131 0
132 0
133 0
134 0
135 0
136 0
137 0
138 0
139 0
140 0
141 0
142 0
143 0
144 0
145 0
146 0
147 0
148 0
149 0
150 0
151 0
152 0
153 0
154 0
155 0
156 0
157 0
158 0
159 0
160 0
161 0
162 0
163 0
164 0
165 0
166 0
167 0
168 0
169 0
170 0
171 0
172 0
173 0
174 0
175 0
176 0
177 0
178 0
179 0
180 0
181 0
182 0
183 0
184 0
185 0
186 0
187 0
188 0
189 0
190 0
191 0
192 0
193 0
194 0
195 0
196 0
