0 0.2
1 0.198370273794003
2 0.196153846153846
3 0.194339622641509
4 0.193299009800836
5 0.191284947568589
6 0.188666666666667
7 0.187108108108108
8 0.18554954954955
9 0.183990990990991
10 0.182432432432432
11 0.180686787583339
12 0.178941142734246
13 0.177195497885153
14 0.17544985303606
15 0.173704208186967
16 0.172307692307692
17 0.17045969045969
18 0.168611688611689
19 0.166763686763687
20 0.164915684915685
21 0.163067683067683
22 0.161219681219681
23 0.159371679371679
24 0.157523677523678
25 0.155675675675676
26 0.153916505791506
27 0.152157335907336
28 0.15075
29 0.148745780590717
30 0.146
31 0.138855052101627
32 0.131710104203255
33 0.124565156304882
34 0.11742020840651
35 0.110275260508137
36 0.101547943306185
37 0.0916030534351145
38 0.0880788133674193
39 0.0845545732997241
40 0.0810303332320289
41 0.0775060931643337
42 0.0744047619047619
43 0.068944099378882
44 0.0654351859320804
45 0.0612244897959184
46 0.0582417582417582
47 0.0557304355723328
48 0.0527918781725888
49 0.0504309902673601
50 0.0480701023621313
51 0.0460869565217391
52 0.0448405581274888
53 0.0439296836754523
54 0.0432
55 0.0425883115496948
56 0.0416
57 0.0410774410774411
58 0.0412186379928315
59 0.0405642830150714
60 0.0396906339560517
61 0.0392687312537621
62 0.0390029325513196
63 0.0380681818181818
64 0.0373937677053824
65 0.0366048918538521
66 0.0356911940490868
67 0.0350965007215007
68 0.0343490304709141
69 0.0337343618849674
70 0.0328042328042328
71 0.0318032318032318
72 0.030952380952381
73 0.0301158583767279
74 0.0292793358010749
75 0.028743961352657
76 0.0280922431865828
77 0.0277328171743381
78 0.022063199022474
79 0.0163935808706098
80 0.0125949367088608
81 0.0101063829787234
82 0.00416145181476847
83 0
84 0
85 0
86 0
87 0
88 0
89 0
90 0
91 0
92 0
93 0
94 0
95 0
96 0
97 0
98 0
99 0
100 0
101 0
102 0
103 0
104 0
105 0
106 0
107 0
108 0
109 0
110 0
111 0
112 0
113 0
114 0
115 0
116 0
117 0
118 0
119 0
120 0
121 0
122 0
123 0
124 0
125 0
126 0
127 0
128 0
129 0
130 0
131 0
132 0
133 0
134 0
135 0
136 0
137 0
138 0
139 0
140 0
141 0
142 0
143 0
144 0
145 0
146 0
147 0
148 0
149 0
150 0
151 0
152 0
153 0
154 0
155 0
156 0
157 0
158 0
159 0
160 0
161 0
162 0
163 0
164 0
165 0
166 0
167 0
168 0
169 0
170 0
171 0
172 0
173 0
174 0
175 0
176 0
177 0
178 0
179 0
180 0
181 0
182 0
183 0
184 0
185 0
186 0
187 0
188 0
189 0
190 0
191 0
192 0
193 0
194 0
195 0
196 0
197 0
198 0
199 0
200 0
201 0
202 0
203 0
204 0
205 0
206 0
207 0
208 0
209 0
210 0
211 0
212 0
213 0
214 0
215 0
216 0
217 0
218 0
219 0
220 0
221 0
222 0
223 0
224 0
225 0
226 0
227 0
228 0
229 0
230 0
231 0
232 0
233 0
234 0
235 0
236 0
237 0
