0 0
1 0
2 0
3 0
4 0
5 0
6 0
7 0
8 0
9 0
10 0
11 1.90981432360743e-17
12 3.81962864721485e-17
13 5.72944297082228e-17
14 7.63925729442971e-17
15 9.54907161803713e-17
16 1.10769230769231e-16
17 9.84615384615384e-17
18 8.61538461538461e-17
19 7.38461538461538e-17
20 6.15384615384615e-17
21 4.92307692307692e-17
22 3.69230769230769e-17
23 2.46153846153846e-17
24 1.23076923076923e-17
25 0
26 0
27 0
28 0
29 4.68354430379747e-17
30 1.11e-16
31 1.30044901065449e-16
32 1.49089802130898e-16
33 1.68134703196347e-16
34 1.87179604261796e-16
35 2.06224505327245e-16
36 1.43954590383162e-16
37 0
38 0
39 0
40 0
41 0
42 0
43 0
44 0
45 0
46 0
47 0
48 0
49 0
50 0
51 0
52 0
53 4.53473413379073e-17
54 0
55 0
56 0
57 0
58 1.11111111111111e-16
59 5.4421768707483e-17
60 0
61 0
62 0
63 0
64 0
65 0
66 0
67 2.77777777777724e-18
68 0
69 0
70 0
71 5.99742599742602e-17
72 1.10952380952381e-16
73 6.89249639249639e-17
74 2.68975468975469e-17
75 0
76 0
77 4.32481751824817e-05
78 0.00282418684754101
79 0.00560512551989953
80 0.00746835443037975
81 0.00914893617021277
82 0.0196324762799973
83 0.0291015824232234
84 0.041822931785196
85 0.0496078431372549
86 0.0578125
87 0.091030534351145
88 0.0811144032969957
89 0.0878846153846154
90 0.0988658216783217
91 0.105454545454545
92 0.116700162161652
93 0.129615384615385
94 0.147403532540519
95 0.167957221350078
96 0.169875415282392
97 0.171285598806119
98 0.172610958698185
99 0.174540745945572
100 0.176013952731686
101 0.177487159517799
102 0.178933229123444
103 0.17969696969697
104 0.181354380624474
105 0.181578744812309
106 0.181803109000145
107 0.1797550457133
108 0.169898218829517
109 0.169415807560137
110 0.161889724776323
111 0.154363641992508
112 0.146837559208693
113 0.136
114 0.135449735449735
115 0.123809964318752
116 0.117371274134075
117 0.110932583949398
118 0.104731471197714
119 0.0981366459627329
120 0.0906116642958748
121 0.0861111111111111
122 0.0853521393411587
123 0.0785248024756161
124 0.0694444444444444
125 0.0680001582779361
126 0.0665558721114277
127 0.0651115859449193
128 0.064375
129 0.0625329794079794
130 0.0601823308270677
131 0.0597142857142857
132 0.0543846153846154
133 0.0458181818181818
134 0.0372
135 0.020290909090909
136 0
137 0
138 0
139 0
140 0
141 0
142 0
143 0
144 0
145 0
146 0
147 0
148 0
149 0
150 0
151 0
152 0
153 0
154 0
155 0
156 0
157 0
158 0
159 0
160 0
161 4.44e-18
162 8.88e-18
163 1.332e-17
164 1.776e-17
165 2.22e-17
166 2.664e-17
167 3.108e-17
168 3.552e-17
169 3.996e-17
170 4.44e-17
171 4.884e-17
172 5.328e-17
173 5.772e-17
174 6.216e-17
175 6.66e-17
176 7.104e-17
177 7.548e-17
178 7.992e-17
179 8.436e-17
180 8.88e-17
181 9.324e-17
182 9.768e-17
183 1.0212e-16
184 1.0656e-16
185 1.11e-16
186 1.0656e-16
187 1.0212e-16
188 9.768e-17
189 9.324e-17
190 8.88e-17
191 8.436e-17
192 7.992e-17
193 7.548e-17
194 7.104e-17
195 6.66e-17
196 6.216e-17
197 5.772e-17
198 5.328e-17
199 4.884e-17
200 4.44e-17
201 3.996e-17
202 3.552e-17
203 3.108e-17
204 2.664e-17
205 2.22e-17
206 1.776e-17
207 1.332e-17
208 8.88e-18
209 4.44e-18
210 0
211 0
212 0
213 0
214 0
215 0
216 0
217 0
218 0
219 0
220 0
221 0
222 0
223 0
224 0
225 0
226 0
227 0
228 0
229 0
230 0
231 0
232 0
233 0
234 0
235 0
236 0
237 0
