0 0.2
1 0.194784876140808
2 0.187692307692308
3 0.183584905660377
4 0.17980750685609
5 0.17409409807808
6 0.166666666666667
7 0.161689189189189
8 0.156711711711712
9 0.151734234234234
10 0.146756756756757
11 0.141347766865008
12 0.13593877697326
13 0.130529787081511
14 0.125120797189763
15 0.119711807298014
16 0.115384615384615
17 0.10989142989143
18 0.104398244398244
19 0.0989050589050589
20 0.0934118734118734
21 0.0879186879186879
22 0.0824255024255024
23 0.0769323169323169
24 0.0714391314391314
25 0.0659459459459459
26 0.0606081081081081
27 0.0552702702702703
28 0.051
29 0.0451983122362869
30 0.03725
31 0.0352182560590095
32 0.033186512118019
33 0.0311547681770284
34 0.0291230242360379
35 0.0270912802950474
36 0.0246817010828
37 0.0220610687022901
38 0.020699510908105
39 0.0193379531139198
40 0.0179763953197347
41 0.0166148375255496
42 0.0154166666666667
43 0.0126086956521739
44 0.0111446317657498
45 0.00938775510204082
46 0.00807692307692308
47 0.00723458359821996
48 0.00598984771573604
49 0.00528919711160363
50 0.00458854650747122
51 0.004
52 0.00370481863631529
53 0.00332590769377442
54 0.002748
55 0.00231314617840266
56 0.001744
57 0.00123905723905724
58 0.00108602150537634
59 0.000866088123387044
60 0.00058158347199077
61 0.000400916786225603
62 0.000287096774193548
63 0
64 0
65 0
66 0
67 0
68 0
69 0
70 0
71 0
72 0
73 0
74 0
75 0
76 0
77 0
78 0
79 0
80 0
81 0
82 0
83 0
84 0
85 0
86 0
87 0
88 0
89 0
90 0
91 0
92 0
93 0
94 0
95 0
96 0
97 0
98 0
99 0
100 0
101 0
102 0
103 0
104 0
105 0
106 0
107 0
108 0
109 0
110 0
111 0
112 0
113 0
114 0
115 0
116 0
117 0
118 0
119 0
120 0
121 0
122 0
123 0
124 0
125 0
126 0
127 0
128 0
129 0
130 0
131 0
132 0
133 0
134 0
135 0
136 0
137 0
138 0
139 0
140 0
141 0
142 0
143 0
144 0
145 0
146 0
147 0
148 0
149 0
150 0
151 0
152 0
153 0
154 0
155 0
156 0
157 0
158 0
159 0
160 0
161 0
162 0
163 0
164 0
165 0
166 0
167 0
168 0
169 0
170 0
171 0
172 0
173 0
174 0
175 0
176 0
177 0
178 0
179 0
180 0
181 0
182 0
183 0
184 0
185 0
186 0
187 0
188 0
189 0
190 0
191 0
192 0
193 0
194 0
195 0
196 0
197 0
198 0
199 0
200 0
201 0
202 0
203 0
204 0
205 0
206 0
207 0
208 0
209 0
210 0
211 0
212 0
213 0
214 0
215 0
216 0
217 0
218 0
219 0
220 0
221 0
222 0
223 0
224 0
225 0
226 0
227 0
228 0
229 0
230 0
231 0
232 0
233 0
234 0
235 0
236 0
237 0
