0 0
1 0
2 0
3 0
4 0
5 0
6 0
7 0
8 0
9 0
10 0
11 0
12 0
13 0
14 0
15 0
16 0
17 0
18 0
19 0
20 0
21 0
22 0
23 0
24 0
25 0
26 0
27 0
28 0
29 0
30 0
31 0
32 0
33 0
34 0
35 0
36 0
37 0
38 0
39 0
40 0
41 0
42 0
43 0.000583524027459955
44 0
45 0.000756676557863502
46 0.001513353115727
47 0.00227002967359051
48 0.00302670623145401
49 0.00378338278931751
50 0.00454005934718101
51 0.00541792995417563
52 0.0121476510067114
53 0.0142307692307692
54 0.0207643312101911
55 0.0306056444713766
56 0.0312684365781711
57 0.0364467710432735
58 0.0430232558139535
59 0.051332680401553
60 0.0369688612091799
61 0.0264062554482374
62 0.0211594359500783
63 0.0265217723453017
64 0.0366323357163052
65 0.0278301886792453
66 0.0194117647058824
67 0.0379873251748252
68 0.0297827176292393
69 0.0599148294099862
70 0.0526517409915443
71 0.0725899891313998
72 0.0928608527183189
73 0.101754172414329
74 0.0880715053736421
75 0.143912511723693
76 0.10444880888952
77 0.147700404962838
78 0.163951351869391
79 0.161079960112874
80 0.182037886629983
81 0.165358919365497
82 0.100187723736849
83 0.0519512460044283
84 0.0522978723404255
85 0.0859756097560976
86 0.0776928736885135
87 0.0765730414318667
88 0.108632756942885
89 0.210589415465804
90 0.418884966481483
91 0.529826692540039
92 0.511188572484833
93 0.479010159366783
94 0.40457570499409
95 0.332306261880758
96 0.281336657003811
97 0.243580673592339
98 0.219883928400735
99 0.199175589121772
100 0.18062703260044
101 0.166916811356811
102 0.151332306042025
103 0.129968915343915
104 0.102354484199289
105 0.075718212443674
106 0.0520941176470588
107 0.0339890698211644
108 0.00824754671080187
109 0
110 0
111 0
112 0
113 0
114 0
115 0
116 0
117 0
118 0
119 0
120 0
121 0
122 0
123 0
124 0
125 0
126 0
127 0
128 0
129 0
130 0
131 0
132 0
133 0
134 0
135 0
136 0
137 0
138 0
139 0
140 0
141 0
142 0
143 0
144 0
145 0
146 0
147 0
148 0
149 0
150 0
151 0
152 0
153 0
154 0
155 0
156 0
157 0
158 0
159 0
160 0
161 0
162 0
163 0
164 0
165 0
166 0
167 0
168 0
169 0
170 0
171 0
172 0
173 0
174 0
175 0
176 0
177 0
178 0
179 0
180 0
181 0
182 0
183 0
184 0
185 0
186 0
187 0
188 0
189 0
190 0
191 0
192 0
193 0
194 0
195 0
