0 0.25
1 0.248686274509804
2 0.2448426842554
3 0.242737348723475
4 0.24063201319155
5 0.238526677659625
6 0.2364213421277
7 0.234316006595775
8 0.23221067106385
9 0.230105335531925
10 0.228
11 0.22575
12 0.2235
13 0.22125
14 0.219
15 0.21675
16 0.2145
17 0.21225
18 0.21
19 0.208508771929825
20 0.207017543859649
21 0.2042663476874
22 0.201515151515152
23 0.199441786283892
24 0.197368421052632
25 0.195672162333545
26 0.193975903614458
27 0.191779618473896
28 0.189583333333333
29 0.187365924092409
30 0.185148514851485
31 0.185498785727629
32 0.185849056603774
33 0.186837571780148
34 0.187826086956522
35 0.189034994697773
36 0.190243902439024
37 0.191334072431633
38 0.192424242424242
39 0.192715617715618
40 0.193006993006993
41 0.195541958041958
42 0.198076923076923
43 0.204271019677996
44 0.21046511627907
45 0.214783119937288
46 0.219101123595506
47 0.216612708690408
48 0.214124293785311
49 0.211980179679541
50 0.209836065573771
51 0.209918032786885
52 0.21
53 0.210527638190955
54 0.21105527638191
55 0.214947928046027
56 0.218840579710145
57 0.222565829761176
58 0.226291079812207
59 0.221821338992861
60 0.217351598173516
61 0.210675799086758
62 0.204
63 0.186361233480176
64 0.168722466960352
65 0.151027900146843
66 0.133333333333333
67 0.0677790014684288
68 0.00222466960352423
69 0.00111233480176211
70 0
71 0
72 0
73 0
74 0
75 0
76 0
77 0
78 0
79 0
80 0
81 0
82 0
83 0
84 0
85 0
86 0
87 0
88 0
89 0
90 0
91 0
92 0
93 0
94 0
95 0
96 0
97 0
98 0
99 0
100 0
101 0
102 0
103 0
104 0
105 0
106 0
107 0
108 0
109 0
110 0
111 0
112 0
113 0
114 0
115 0
116 0
117 0
118 0
119 0
120 0
121 0
122 0
123 0
124 0
125 0
126 0
127 0
128 0
129 0
130 0
131 0
132 0
133 0
134 0
135 0
136 0
137 0
138 0
139 0
140 0
141 0
142 0
143 0
144 0
145 0
146 0
147 0
148 0
149 0
150 0
151 0
152 0
153 0
154 0
155 0
156 0
157 0
158 0
159 0
160 0
161 0
162 0
163 0
164 0
165 0
166 0
167 0
168 0
169 0
170 0
171 0
172 0
173 0
174 0
175 0
176 0
177 0
178 0
179 0
180 0
181 0
182 0
183 0
184 0
185 0
186 0
