0 0.199
1 0.194047619047619
2 0.187996031746032
3 0.181680555555556
4 0.175840277777778
5 0.17
6 0.164131147540984
7 0.158262295081967
8 0.152393442622951
9 0.146524590163934
10 0.140655737704918
11 0.134667447306792
12 0.128679156908665
13 0.122690866510539
14 0.116702576112412
15 0.110714285714286
16 0.104811428571429
17 0.0989085714285714
18 0.0930057142857143
19 0.0871028571428571
20 0.0812
21 0.07526
22 0.06932
23 0.06338
24 0.05744
25 0.0515
26 0.0455666666666667
27 0.0396333333333333
28 0.0337
29 0.0277666666666667
30 0.0218333333333333
31 0.0198091666666667
32 0.017785
33 0.0157608333333333
34 0.0137366666666667
35 0.0117125
36 0.0100268153526971
37 0.00758919288645691
38 0.00722968058737754
39 0.00697802197802198
40 0.00645225047599718
41 0.00592647897397238
42 0.00540070747194758
43 0.00487493596992278
44 0.00434916446789798
45 0.00382339296587318
46 0.00329762146384838
47 0.00277184996182358
48 0.00224607845979878
49 0.00172030695777398
50 0.001
51 0.001
52 0.001
53 0.001
54 0.001
55 0.001
56 0.000193675889328062
57 9.87367278927373e-05
58 0
59 0
60 0
61 0
62 0
63 0
64 0
65 0
66 0
67 0
68 0
69 0
70 0
71 0
72 0
73 0
74 0
75 0
76 0
77 0
78 0
79 0
80 0
81 0
82 0
83 0
84 0
85 0
86 0
87 0
88 0
89 0
90 0
91 0
92 0
93 0
94 0
95 0
96 0
97 0
98 0
99 0
100 0
101 0
102 0
103 0
104 0
105 0
106 0
107 0
108 0
109 0
110 0
111 0
112 0
113 0
114 0
115 0
116 0
117 0
118 0
119 0
120 0
121 0
122 0
123 0
124 0
125 0
126 0
127 0
128 0
129 0
130 0
131 0
132 0
133 0
134 0
135 0
136 0
137 0
138 0
139 0
140 0
141 0
142 0
143 0
144 0
145 0
146 0
147 0
148 0
149 0
150 0
151 0
152 0
153 0
154 0
155 0
156 0
157 0
158 0
159 0
160 0
161 0
162 0
163 0
164 0
165 0
166 0
167 0
168 0
169 0
170 0
171 0
172 0
173 0
174 0
175 0
176 0
177 0
178 0
179 0
180 0
181 0
182 0
183 0
184 0
185 0
186 0
187 0
188 0
189 0
190 0
191 0
192 0
193 0
194 0
195 0
196 0
197 0
198 0
199 0
200 0
201 0
202 0
203 0
204 0
205 0
206 0
207 0
208 0
209 0
210 0
211 0
212 0
213 0
214 0
215 0
216 0
217 0
218 0
219 0
220 0
221 0
222 0
223 0
224 0
225 0
226 0
227 0
228 0
229 0
230 0
231 0
232 0
233 0
