5 0.33286
6 0.33286
7 0.33286
8 0.33286
9 0.33286
10 0.33529
11 0.33529
12 0.33529
13 0.33529
14 0.33529
15 0.33529
16 0.33529
17 0.33529
18 0.34
19 0.34
20 0.34
21 0.34
22 0.34
23 0.34
24 0.34
25 0.344
26 0.344
27 0.344
28 0.344
29 0.344
30 0.34667
31 0.34667
32 0.34667
33 0.34667
34 0.34667
35 0.34914
36 0.34914
37 0.34914
38 0.34914
39 0.34914
40 0.35184
41 0.35184
42 0.35184
43 0.35184
44 0.35184
45 0.35312
46 0.35312
47 0.35312
48 0.35312
49 0.35312
50 0.35789
51 0.35789
52 0.35789
53 0.35789
54 0.35789
55 0.35922
56 0.36
57 0.36
58 0.36
59 0.36
60 0.36
61 0.36
62 0.39596
63 0.39596
64 0.39596
65 0.39596
66 0.39596
67 0.39596
68 0.39596
69 0.41071
70 0.41071
71 0.41043
72 0.41043
73 0.41043
74 0.41043
75 0.41043
76 0.41043
77 0.41043
78 0.31481
79 0.31481
80 0.31481
81 0.31481
82 0.31481
83 0.31481
84 0.14
85 0.14
86 0.14
87 0.14
88 0.01
89 0.0075106
90 0
91 0
92 0
93 0
94 0
95 0
96 0
97 0
98 0
99 0
100 0
101 0
102 0
103 0
104 0
105 0
106 0
107 0
108 0
109 0
110 0
111 0
112 0
113 0
114 0
115 0
116 0
117 0
118 0
119 0
120 0
121 0
122 0
123 0
124 0
125 0
126 0
127 0
128 0
129 0
130 0
131 0
132 0
133 0
134 0
135 0
136 0
137 0
138 0
139 0
140 0
141 0
142 0
143 0
144 0
145 0
146 0
147 0
148 0
149 0
150 0
151 0
152 0
153 0
154 0
155 0
156 0
157 0
158 0
159 0
160 0
161 0
162 0
163 0
164 0
165 0
166 0
167 0
168 0
169 0
170 0
171 0
172 0
173 0
174 0
175 0
176 0
177 0
178 0
179 0
180 0
181 0
182 0
183 0
184 0
185 0
186 0
187 0
188 0
189 0
190 0
191 0
192 0
193 0
194 0
195 0
196 0
197 0
