5 0.0044571
6 0.0044571
7 0.0044571
8 0.0044571
9 0.0044571
10 0.0089118
11 0.0089118
12 0.0089118
13 0.0089118
14 0.0089118
15 0.0089118
16 0.0089118
17 0.0089118
18 0.016044
19 0.016044
20 0.01782
21 0.01782
22 0.01782
23 0.01782
24 0.01782
25 0.022267
26 0.022267
27 0.022267
28 0.022267
29 0.022267
30 0.02675
31 0.02675
32 0.02675
33 0.02675
34 0.02675
35 0.0312
36 0.0312
37 0.0312
38 0.0312
39 0.0312
40 0.035633
41 0.035633
42 0.035633
43 0.035633
44 0.035633
45 0.04
46 0.04
47 0.04
48 0.04
49 0.04
50 0.044474
51 0.044474
52 0.044474
53 0.044474
54 0.044474
55 0.049029
56 0.045412
57 0.045412
58 0.045412
59 0.045412
60 0.045412
61 0.045412
62 0.038586
63 0.038586
64 0.038586
65 0.038586
66 0.038586
67 0.038586
68 0.038586
69 0.028036
70 0.028036
71 0.024522
72 0.024522
73 0.024522
74 0.024522
75 0.024522
76 0.024522
77 0.024522
78 0.049074
79 0.049074
80 0.049074
81 0.049074
82 0.049074
83 0.049074
84 0.094958
85 0.094958
86 0.094958
87 0.094958
88 0.094947
89 0.080851
90 0.14911
91 0.14911
92 0.13293
93 0.13293
94 0.13293
95 0.17194
96 0.18605
97 0.18605
98 0.18605
99 0.18605
100 0.18605
101 0.18605
102 0.3045
103 0.3156
104 0.3156
105 0.3156
106 0.3156
107 0.28403
108 0.28403
109 0.2841
110 0.28391
111 0.29409
112 0.30316
113 0.29778
114 0.29778
115 0.32177
116 0.32177
117 0.32177
118 0.42966
119 0.51108
120 0.51175
121 0.50982
122 0.51071
123 0.51074
124 0.51125
125 0.5106
126 0.51035
127 0.50942
128 0.50994
129 0.51
130 0.50987
131 0.51
132 0.51013
133 0.51024
134 0.51051
135 0.51
136 0.50962
137 0.511
138 0.51075
139 0.51092
140 0.50984
141 0.50981
142 0.5104
143 0.51016
144 0.51017
145 0.50993
146 0.51032
147 0.51
148 0.5102
149 0.51006
150 0.50989
151 0.50994
152 0.50943
153 0.51188
154 0.51163
155 0.50806
156 0.50885
157 0.50936
158 0.51101
159 0.50978
160 0.51084
161 0.50929
162 0.50914
163 0.50943
164 0.51087
165 0.50985
166 0.50853
167 0.50897
168 0.51064
169 0.51
170 0.50973
171 0.5101
172 0.51019
173 0.5099
174 0.51036
175 0.50976
176 0.50976
177 0.51095
178 0.50877
179 0.51019
180 0.50982
181 0.50982
182 0.50943
183 0.50952
184 0.50952
185 0.50826
186 0.50962
187 0.50976
188 0.51007
189 0.51007
190 0.50895
191 0.5104
192 0.5104
193 0.51
194 0.5084
195 0.5084
196 0.75536
197 1
