5 0.32357
6 0.32357
7 0.32357
8 0.32357
9 0.32357
10 0.31765
11 0.31765
12 0.31765
13 0.31765
14 0.31765
15 0.31765
16 0.31765
17 0.31765
18 0.30667
19 0.30667
20 0.304
21 0.304
22 0.304
23 0.304
24 0.304
25 0.29867
26 0.29867
27 0.29867
28 0.29867
29 0.29867
30 0.29167
31 0.29167
32 0.29167
33 0.29167
34 0.29167
35 0.28571
36 0.28571
37 0.28571
38 0.28571
39 0.28571
40 0.27918
41 0.27918
42 0.27918
43 0.27918
44 0.27918
45 0.27281
46 0.27281
47 0.27281
48 0.27281
49 0.27281
50 0.26579
51 0.26579
52 0.26579
53 0.26579
54 0.26579
55 0.25971
56 0.27059
57 0.27059
58 0.27059
59 0.27059
60 0.27059
61 0.27059
62 0.28081
63 0.28081
64 0.28081
65 0.28081
66 0.28081
67 0.28081
68 0.28081
69 0.31429
70 0.31429
71 0.33043
72 0.33043
73 0.33043
74 0.33043
75 0.33043
76 0.33043
77 0.33043
78 0.36481
79 0.36481
80 0.36481
81 0.36481
82 0.36481
83 0.36481
84 0.42521
85 0.42521
86 0.42521
87 0.42521
88 0.54105
89 0.55106
90 0.5692
91 0.5692
92 0.6
93 0.6
94 0.6
95 0.52296
96 0.47105
97 0.47105
98 0.47105
99 0.47105
100 0.47105
101 0.47105
102 0.13009
103 0.1
104 0.1
105 0.1
106 0.1
107 0.19004
108 0.19004
109 0.18974
110 0.19023
111 0.16022
112 0.13506
113 0.15037
114 0.15037
115 0.080272
116 0.080272
117 0.080272
118 0.001
119 0
120 0
121 0
122 0
123 0
124 0
125 0
126 0
127 0
128 0
129 0
130 0
131 0
132 0
133 0
134 0
135 0
136 0
137 0
138 0
139 0
140 0
141 0
142 0
143 0
144 0
145 0
146 0
147 0
148 0
149 0
150 0
151 0
152 0
153 0
154 0
155 0
156 0
157 0
158 0
159 0
160 0
161 0
162 0
163 0
164 0
165 0
166 0
167 0
168 0
169 0
170 0
171 0
172 0
173 0
174 0
175 0
176 0
177 0
178 0
179 0
180 0
181 0
182 0
183 0
184 0
185 0
186 0
187 0
188 0
189 0
190 0
191 0
192 0
193 0
194 0
195 0
196 0
197 0
