5 0.0082857
6 0.0082857
7 0.0082857
8 0.0082857
9 0.0082857
10 0.016618
11 0.016618
12 0.016618
13 0.016618
14 0.016618
15 0.016618
16 0.016618
17 0.016618
18 0.029778
19 0.029778
20 0.033
21 0.033
22 0.033
23 0.033
24 0.033
25 0.041333
26 0.041333
27 0.041333
28 0.041333
29 0.041333
30 0.049667
31 0.049667
32 0.049667
33 0.049667
34 0.049667
35 0.057714
36 0.057714
37 0.057714
38 0.057714
39 0.057714
40 0.066122
41 0.066122
42 0.066122
43 0.066122
44 0.066122
45 0.074375
46 0.074375
47 0.074375
48 0.074375
49 0.074375
50 0.082632
51 0.082632
52 0.082632
53 0.082632
54 0.082632
55 0.091019
56 0.084471
57 0.084471
58 0.084471
59 0.084471
60 0.084471
61 0.084471
62 0.071515
63 0.071515
64 0.071515
65 0.071515
66 0.071515
67 0.071515
68 0.071515
69 0.051964
70 0.051964
71 0.045565
72 0.045565
73 0.045565
74 0.045565
75 0.045565
76 0.045565
77 0.045565
78 0.090926
79 0.090926
80 0.090926
81 0.090926
82 0.090926
83 0.090926
84 0.17479
85 0.17479
86 0.17479
87 0.17479
88 0.17495
89 0.1817
90 0.20201
91 0.20201
92 0.24634
93 0.24634
94 0.24634
95 0.30357
96 0.34474
97 0.34474
98 0.34474
99 0.34474
100 0.34474
101 0.34474
102 0.56577
103 0.58532
104 0.58532
105 0.58532
106 0.58532
107 0.5249
108 0.5249
109 0.52821
110 0.52586
111 0.54839
112 0.56125
113 0.55185
114 0.55185
115 0.59796
116 0.59796
117 0.59796
118 0.56894
119 0.48892
120 0.48825
121 0.49018
122 0.48929
123 0.48926
124 0.48875
125 0.4894
126 0.48965
127 0.49058
128 0.49006
129 0.49
130 0.49013
131 0.49
132 0.48987
133 0.48976
134 0.48949
135 0.49
136 0.49038
137 0.489
138 0.48925
139 0.48908
140 0.49016
141 0.49019
142 0.4896
143 0.48984
144 0.48983
145 0.49007
146 0.48968
147 0.49
148 0.4898
149 0.48994
150 0.49011
151 0.49006
152 0.49057
153 0.48937
154 0.48837
155 0.49194
156 0.49115
157 0.49064
158 0.48899
159 0.49022
160 0.48916
161 0.49071
162 0.49086
163 0.49057
164 0.48913
165 0.49015
166 0.49147
167 0.49103
168 0.4906
169 0.49
170 0.49027
171 0.4899
172 0.48981
173 0.4901
174 0.48964
175 0.49024
176 0.49024
177 0.48905
178 0.49123
179 0.48981
180 0.49018
181 0.49018
182 0.49057
183 0.49048
184 0.49048
185 0.49174
186 0.49038
187 0.49024
188 0.48993
189 0.48993
190 0.49105
191 0.4896
192 0.4896
193 0.49
194 0.4916
195 0.4916
196 0.24464
197 0
