6 0.23037
6.1 0.231094
6.2 0.231818
6.3 0.232542
6.4 0.233266
6.5 0.23399
6.6 0.234714
6.7 0.235438
6.8 0.236162
6.9 0.236886
7 0.23761
7.1 0.238189
7.2 0.238768
7.3 0.239347
7.4 0.239926
7.5 0.240505
7.6 0.241084
7.7 0.241663
7.8 0.242242
7.9 0.242821
8 0.2434
8.1 0.243757
8.2 0.244114
8.3 0.244471
8.4 0.244828
8.5 0.245185
8.6 0.245542
8.7 0.245899
8.8 0.246256
8.9 0.246613
9 0.24697
9.1 0.247401
9.2 0.247832
9.3 0.248263
9.4 0.248694
9.5 0.249125
9.6 0.249556
9.7 0.249987
9.8 0.250418
9.9 0.250849
10 0.25128
10.1 0.25232
10.2 0.25336
10.3 0.2544
10.4 0.25544
10.5 0.25648
10.6 0.25752
10.7 0.25856
10.8 0.2596
10.9 0.26064
11 0.26168
11.1 0.262338
11.2 0.262996
11.3 0.263654
11.4 0.264312
11.5 0.26497
11.6 0.265628
11.7 0.266286
11.8 0.266944
11.9 0.267602
12 0.26826
12.1 0.26867
12.2 0.26908
12.3 0.26949
12.4 0.2699
12.5 0.27031
12.6 0.27072
12.7 0.27113
12.8 0.27154
12.9 0.27195
13 0.27236
13.1 0.27264
13.2 0.27292
13.3 0.2732
13.4 0.27348
13.5 0.27376
13.6 0.27404
13.7 0.27432
13.8 0.2746
13.9 0.27488
14 0.27516
14.1 0.275364
14.2 0.275568
14.3 0.275772
14.4 0.275976
14.5 0.27618
14.6 0.276384
14.7 0.276588
14.8 0.276792
14.9 0.276996
15 0.2772
15.1 0.277655
15.2 0.27811
15.3 0.278565
15.4 0.27902
15.5 0.279475
15.6 0.27993
15.7 0.280385
15.8 0.28084
15.9 0.281295
16 0.28175
16.1 0.2828
16.2 0.28385
16.3 0.2849
16.4 0.28595
16.5 0.287
16.6 0.28805
16.7 0.2891
16.8 0.29015
16.9 0.2912
17 0.29225
17.1 0.293048
17.2 0.293846
17.3 0.294644
17.4 0.295442
17.5 0.29624
17.6 0.297038
17.7 0.297836
17.8 0.298634
17.9 0.299432
18 0.30023
18.1 0.300833
18.2 0.301436
18.3 0.302039
18.4 0.302642
18.5 0.303245
18.6 0.303848
18.7 0.304451
18.8 0.305054
18.9 0.305657
19 0.30626
19.1 0.306732
19.2 0.307204
19.3 0.307676
19.4 0.308148
19.5 0.30862
19.6 0.309092
19.7 0.309564
19.8 0.310036
19.9 0.310508
20 0.31098
20.1 0.311359
20.2 0.311738
20.3 0.312117
20.4 0.312496
20.5 0.312875
20.6 0.313254
20.7 0.313633
20.8 0.314012
20.9 0.314391
21 0.31477
21.1 0.315081
21.2 0.315392
21.3 0.315703
21.4 0.316014
21.5 0.316325
21.6 0.316636
21.7 0.316947
21.8 0.317258
21.9 0.317569
22 0.31788
22.1 0.31814
22.2 0.3184
22.3 0.31866
22.4 0.31892
22.5 0.31918
22.6 0.31944
22.7 0.3197
22.8 0.31996
22.9 0.32022
23 0.32048
23.1 0.320701
23.2 0.320922
23.3 0.321143
23.4 0.321364
23.5 0.321585
23.6 0.321806
23.7 0.322027
23.8 0.322248
23.9 0.322469
24 0.32269
24.1 0.322922
24.2 0.323154
24.3 0.323386
24.4 0.323618
24.5 0.32385
24.6 0.324082
24.7 0.324314
24.8 0.324546
24.9 0.324778
25 0.32501
25.1 0.325462
25.2 0.325914
25.3 0.326366
25.4 0.326818
25.5 0.32727
25.6 0.327722
25.7 0.328174
25.8 0.328626
25.9 0.329078
26 0.32953
26.1 0.329997
26.2 0.330464
26.3 0.330931
26.4 0.331398
26.5 0.331865
26.6 0.332332
26.7 0.332799
26.8 0.333266
26.9 0.333733
27 0.3342
27.1 0.334652
27.2 0.335104
27.3 0.335556
27.4 0.336008
27.5 0.33646
27.6 0.336912
27.7 0.337364
27.8 0.337816
27.9 0.338268
28 0.33872
28.1 0.339191
28.2 0.339662
28.3 0.340133
28.4 0.340604
28.5 0.341075
28.6 0.341546
28.7 0.342017
28.8 0.342488
28.9 0.342959
29 0.34343
29.1 0.343924
29.2 0.344418
29.3 0.344912
29.4 0.345406
29.5 0.3459
29.6 0.346394
29.7 0.346888
29.8 0.347382
29.9 0.347876
30 0.34837
30.1 0.349976
30.2 0.351582
30.3 0.353188
30.4 0.354794
30.5 0.3564
30.6 0.358006
30.7 0.359612
30.8 0.361218
30.9 0.362824
31 0.36443
31.1 0.365894
31.2 0.367358
31.3 0.368822
31.4 0.370286
31.5 0.37175
31.6 0.373214
31.7 0.374678
31.8 0.376142
31.9 0.377606
32 0.37907
32.1 0.379999
32.2 0.380928
32.3 0.381857
32.4 0.382786
32.5 0.383715
32.6 0.384644
32.7 0.385573
32.8 0.386502
32.9 0.387431
33 0.38836
33.1 0.389003
33.2 0.389646
33.3 0.390289
33.4 0.390932
33.5 0.391575
33.6 0.392218
33.7 0.392861
33.8 0.393504
33.9 0.394147
34 0.39479
34.1 0.39526
34.2 0.39573
34.3 0.3962
34.4 0.39667
34.5 0.39714
34.6 0.39761
34.7 0.39808
34.8 0.39855
34.9 0.39902
35 0.39949
35.1 0.399982
35.2 0.400474
35.3 0.400966
35.4 0.401458
35.5 0.40195
35.6 0.402442
35.7 0.402934
35.8 0.403426
35.9 0.403918
36 0.40441
36.1 0.405421
36.2 0.406432
36.3 0.407443
36.4 0.408454
36.5 0.409465
36.6 0.410476
36.7 0.411487
36.8 0.412498
36.9 0.413509
37 0.41452
37.1 0.415251
37.2 0.415982
37.3 0.416713
37.4 0.417444
37.5 0.418175
37.6 0.418906
37.7 0.419637
37.8 0.420368
37.9 0.421099
38 0.42183
38.1 0.422462
38.2 0.423094
38.3 0.423726
38.4 0.424358
38.5 0.42499
38.6 0.425622
38.7 0.426254
38.8 0.426886
38.9 0.427518
39 0.42815
39.1 0.428714
39.2 0.429278
39.3 0.429842
39.4 0.430406
39.5 0.43097
39.6 0.431534
39.7 0.432098
39.8 0.432662
39.9 0.433226
40 0.43379
40.1 0.434295
40.2 0.4348
40.3 0.435305
40.4 0.43581
40.5 0.436315
40.6 0.43682
40.7 0.437325
40.8 0.43783
40.9 0.438335
41 0.43884
41.1 0.439316
41.2 0.439792
41.3 0.440268
41.4 0.440744
41.5 0.44122
41.6 0.441696
41.7 0.442172
41.8 0.442648
41.9 0.443124
42 0.4436
42.1 0.444144
42.2 0.444688
42.3 0.445232
42.4 0.445776
42.5 0.44632
42.6 0.446864
42.7 0.447408
42.8 0.447952
42.9 0.448496
43 0.44904
43.1 0.449646
43.2 0.450252
43.3 0.450858
43.4 0.451464
43.5 0.45207
43.6 0.452676
43.7 0.453282
43.8 0.453888
43.9 0.454494
44 0.4551
44.1 0.455625
44.2 0.45615
44.3 0.456675
44.4 0.4572
44.5 0.457725
44.6 0.45825
44.7 0.458775
44.8 0.4593
44.9 0.459825
45 0.46035
45.1 0.460813
45.2 0.461276
45.3 0.461739
45.4 0.462202
45.5 0.462665
45.6 0.463128
45.7 0.463591
45.8 0.464054
45.9 0.464517
46 0.46498
46.1 0.465438
46.2 0.465896
46.3 0.466354
46.4 0.466812
46.5 0.46727
46.6 0.467728
46.7 0.468186
46.8 0.468644
46.9 0.469102
47 0.46956
47.1 0.469932
47.2 0.470304
47.3 0.470676
47.4 0.471048
47.5 0.47142
47.6 0.471792
47.7 0.472164
47.8 0.472536
47.9 0.472908
48 0.47328
48.1 0.473578
48.2 0.473876
48.3 0.474174
48.4 0.474472
48.5 0.47477
48.6 0.475068
48.7 0.475366
48.8 0.475664
48.9 0.475962
49 0.47626
49.1 0.476531
49.2 0.476802
49.3 0.477073
49.4 0.477344
49.5 0.477615
49.6 0.477886
49.7 0.478157
49.8 0.478428
49.9 0.478699
50 0.47897
50.1 0.479207
50.2 0.479444
50.3 0.479681
50.4 0.479918
50.5 0.480155
50.6 0.480392
50.7 0.480629
50.8 0.480866
50.9 0.481103
51 0.48134
51.1 0.481528
51.2 0.481716
51.3 0.481904
51.4 0.482092
51.5 0.48228
51.6 0.482468
51.7 0.482656
51.8 0.482844
51.9 0.483032
52 0.48322
52.1 0.483448
52.2 0.483676
52.3 0.483904
52.4 0.484132
52.5 0.48436
52.6 0.484588
52.7 0.484816
52.8 0.485044
52.9 0.485272
53 0.4855
53.1 0.485877
53.2 0.486254
53.3 0.486631
53.4 0.487008
53.5 0.487385
53.6 0.487762
53.7 0.488139
53.8 0.488516
53.9 0.488893
54 0.48927
54.1 0.489652
54.2 0.490034
54.3 0.490416
54.4 0.490798
54.5 0.49118
54.6 0.491562
54.7 0.491944
54.8 0.492326
54.9 0.492708
55 0.49309
55.1 0.493363
55.2 0.493636
55.3 0.493909
55.4 0.494182
55.5 0.494455
55.6 0.494728
55.7 0.495001
55.8 0.495274
55.9 0.495547
56 0.49582
56.1 0.495969
56.2 0.496118
56.3 0.496267
56.4 0.496416
56.5 0.496565
56.6 0.496714
56.7 0.496863
56.8 0.497012
56.9 0.497161
57 0.49731
57.1 0.49748
57.2 0.49765
57.3 0.49782
57.4 0.49799
57.5 0.49816
57.6 0.49833
57.7 0.4985
57.8 0.49867
57.9 0.49884
58 0.49901
58.1 0.499132
58.2 0.499254
58.3 0.499376
58.4 0.499498
58.5 0.49962
58.6 0.499742
58.7 0.499864
58.8 0.499986
58.9 0.500108
59 0.50023
59.1 0.500295
59.2 0.50036
59.3 0.500425
59.4 0.50049
59.5 0.500555
59.6 0.50062
59.7 0.500685
59.8 0.50075
59.9 0.500815
60 0.50088
60.1 0.500897
60.2 0.500914
60.3 0.500931
60.4 0.500948
60.5 0.500965
60.6 0.500982
60.7 0.500999
60.8 0.501016
60.9 0.501033
61 0.50105
61.1 0.501035
61.2 0.50102
61.3 0.501005
61.4 0.50099
61.5 0.500975
61.6 0.50096
61.7 0.500945
61.8 0.50093
61.9 0.500915
62 0.5009
62.1 0.500785
62.2 0.50067
62.3 0.500555
62.4 0.50044
62.5 0.500325
62.6 0.50021
62.7 0.500095
62.8 0.49998
62.9 0.499865
63 0.49975
63.1 0.499653
63.2 0.499556
63.3 0.499459
63.4 0.499362
63.5 0.499265
63.6 0.499168
63.7 0.499071
63.8 0.498974
63.9 0.498877
64 0.49878
64.1 0.498742
64.2 0.498704
64.3 0.498666
64.4 0.498628
64.5 0.49859
64.6 0.498552
64.7 0.498514
64.8 0.498476
64.9 0.498438
65 0.4984
65.1 0.498341
65.2 0.498282
65.3 0.498223
65.4 0.498164
65.5 0.498105
65.6 0.498046
65.7 0.497987
65.8 0.497928
65.9 0.497869
66 0.49781
66.1 0.4978
66.2 0.49779
66.3 0.49778
66.4 0.49777
66.5 0.49776
66.6 0.49775
66.7 0.49774
66.8 0.49773
66.9 0.49772
67 0.49771
67.1 0.4977
67.2 0.49769
67.3 0.49768
67.4 0.49767
67.5 0.49766
67.6 0.49765
67.7 0.49764
67.8 0.49763
67.9 0.49762
68 0.49761
68.1 0.497533
68.2 0.497456
68.3 0.497379
68.4 0.497302
68.5 0.497225
68.6 0.497148
68.7 0.497071
68.8 0.496994
68.9 0.496917
69 0.49684
69.1 0.49682
69.2 0.4968
69.3 0.49678
69.4 0.49676
69.5 0.49674
69.6 0.49672
69.7 0.4967
69.8 0.49668
69.9 0.49666
70 0.49664
70.1 0.496563
70.2 0.496486
70.3 0.496409
70.4 0.496332
70.5 0.496255
70.6 0.496178
70.7 0.496101
70.8 0.496024
70.9 0.495947
71 0.49587
71.1 0.495812
71.2 0.495754
71.3 0.495696
71.4 0.495638
71.5 0.49558
71.6 0.495522
71.7 0.495464
71.8 0.495406
71.9 0.495348
72 0.49529
72.1 0.495287
72.2 0.495284
72.3 0.495281
72.4 0.495278
72.5 0.495275
72.6 0.495272
72.7 0.495269
72.8 0.495266
72.9 0.495263
73 0.49526
73.1 0.495262
73.2 0.495264
73.3 0.495266
73.4 0.495268
73.5 0.49527
73.6 0.495272
73.7 0.495274
73.8 0.495276
73.9 0.495278
74 0.49528
74.1 0.495234
74.2 0.495188
74.3 0.495142
74.4 0.495096
74.5 0.49505
74.6 0.495004
74.7 0.494958
74.8 0.494912
74.9 0.494866
75 0.49482
75.1 0.494707
75.2 0.494594
75.3 0.494481
75.4 0.494368
75.5 0.494255
75.6 0.494142
75.7 0.494029
75.8 0.493916
75.9 0.493803
76 0.49369
76.1 0.493369
76.2 0.493048
76.3 0.492727
76.4 0.492406
76.5 0.492085
76.6 0.491764
76.7 0.491443
76.8 0.491122
76.9 0.490801
77 0.49048
77.1 0.488826
77.2 0.487172
77.3 0.485518
77.4 0.483864
77.5 0.48221
77.6 0.480556
77.7 0.478902
77.8 0.477248
77.9 0.475594
78 0.47394
78.1 0.472043
78.2 0.470146
78.3 0.468249
78.4 0.466352
78.5 0.464455
78.6 0.462558
78.7 0.460661
78.8 0.458764
78.9 0.456867
79 0.45497
79.1 0.452985
79.2 0.451
79.3 0.449015
79.4 0.44703
79.5 0.445045
79.6 0.44306
79.7 0.441075
79.8 0.43909
79.9 0.437105
80 0.43512
80.1 0.432467
80.2 0.429814
80.3 0.427161
80.4 0.424508
80.5 0.421855
80.6 0.419202
80.7 0.416549
80.8 0.413896
80.9 0.411243
81 0.40859
81.1 0.405385
81.2 0.40218
81.3 0.398975
81.4 0.39577
81.5 0.392565
81.6 0.38936
81.7 0.386155
81.8 0.38295
81.9 0.379745
82 0.37654
82.1 0.372608
82.2 0.368676
82.3 0.364744
82.4 0.360812
82.5 0.35688
82.6 0.352948
82.7 0.349016
82.8 0.345084
82.9 0.341152
83 0.33722
83.1 0.33117
83.2 0.32512
83.3 0.31907
83.4 0.31302
83.5 0.30697
83.6 0.30092
83.7 0.29487
83.8 0.288819999999999
83.9 0.282769999999999
84 0.27672
84.1 0.271343
84.2 0.265966
84.3 0.260589
84.4 0.255212
84.5 0.249835
84.6 0.244458
84.7 0.239081
84.8 0.233703999999999
84.9 0.228326999999999
85 0.22295
85.1 0.215731
85.2 0.208512
85.3 0.201293
85.4 0.194074
85.5 0.186855
85.6 0.179635999999999
85.7 0.172416999999999
85.8 0.165197999999999
85.9 0.157978999999999
86 0.15076
86.1 0.1382651
86.2 0.1257702
86.3 0.113275299999999
86.4 0.100780399999999
86.5 0.0882854999999994
86.6 0.0757905999999991
86.7 0.0632956999999991
86.8 0.0508007999999987
86.9 0.0383058999999986
87 0.025811
87.1 0.0232299
87.2 0.0206487999999999
87.3 0.0180676999999999
87.4 0.0154865999999999
87.5 0.0129054999999999
87.6 0.0103243999999998
87.7 0.00774329999999981
87.8 0.00516219999999973
87.9 0.00258109999999972
88 0
88.1 0
88.2 0
88.3 0
88.4 0
88.5 0
88.6 0
88.7 0
88.8 0
88.9 0
89 0
89.1 0
89.2 0
89.3 0
89.4 0
89.5 0
89.6 0
89.7 0
89.8 0
89.9 0
90 0
90.1 0
90.2 0
90.3 0
90.4 0
90.5 0
90.6 0
90.7 0
90.8 0
90.9 0
91 0
91.1 0
91.2 0
91.3 0
91.4 0
91.5 0
91.6 0
91.7 0
91.8 0
91.9 0
92 0
92.1 0
92.2 0
92.3 0
92.4 0
92.5 0
92.6 0
92.7 0
92.8 0
92.9 0
93 0
93.1 0
93.2 0
93.3 0
93.4 0
93.5 0
93.6 0
93.7 0
93.8 0
93.9 0
94 0
94.1 0
94.2 0
94.3 0
94.4 0
94.5 0
94.6 0
94.7 0
94.8 0
94.9 0
95 0
95.1 0
95.2 0
95.3 0
95.4 0
95.5 0
95.6 0
95.7 0
95.8 0
95.9 0
96 0
96.1 0
96.2 0
96.3 0
96.4 0
96.5 0
96.6 0
96.7 0
96.8 0
96.9 0
97 0
97.1 0
97.2 0
97.3 0
97.4 0
97.5 0
97.6 0
97.7 0
97.8 0
97.9 0
98 0
98.1 0
98.2 0
98.3 0
98.4 0
98.5 0
98.6 0
98.7 0
98.8 0
98.9 0
99 0
99.1 0
99.2 0
99.3 0
99.4 0
99.5 0
99.6 0
99.7 0
99.8 0
99.9 0
100 0
100.1 0
100.2 0
100.3 0
100.4 0
100.5 0
100.6 0
100.7 0
100.8 0
100.9 0
101 0
101.1 0
101.2 0
101.3 0
101.4 0
101.5 0
101.6 0
101.7 0
101.8 0
101.9 0
102 0
102.1 0
102.2 0
102.3 0
102.4 0
102.5 0
102.6 0
102.7 0
102.8 0
102.9 0
103 0
103.1 0
103.2 0
103.3 0
103.4 0
103.5 0
103.6 0
103.7 0
103.8 0
103.9 0
104 0
104.1 0
104.2 0
104.3 0
104.4 0
104.5 0
104.6 0
104.7 0
104.8 0
104.9 0
105 0
105.1 0
105.2 0
105.3 0
105.4 0
105.5 0
105.6 0
105.7 0
105.8 0
105.9 0
106 0
106.1 0
106.2 0
106.3 0
106.4 0
106.5 0
106.6 0
106.7 0
106.8 0
106.9 0
107 0
107.1 0
107.2 0
107.3 0
107.4 0
107.5 0
107.6 0
107.7 0
107.8 0
107.9 0
108 0
108.1 0
108.2 0
108.3 0
108.4 0
108.5 0
108.6 0
108.7 0
108.8 0
108.9 0
109 0
109.1 0
109.2 0
109.3 0
109.4 0
109.5 0
109.6 0
109.7 0
109.8 0
109.9 0
110 0
110.1 0
110.2 0
110.3 0
110.4 0
110.5 0
110.6 0
110.7 0
110.8 0
110.9 0
111 0
111.1 0
111.2 0
111.3 0
111.4 0
111.5 0
111.6 0
111.7 0
111.8 0
111.9 0
112 0
112.1 0
112.2 0
112.3 0
112.4 0
112.5 0
112.6 0
112.7 0
112.8 0
112.9 0
113 0
113.1 0
113.2 0
113.3 0
113.4 0
113.5 0
113.6 0
113.7 0
113.8 0
113.9 0
114 0
114.1 0
114.2 0
114.3 0
114.4 0
114.5 0
114.6 0
114.7 0
114.8 0
114.9 0
115 0
115.1 0
115.2 0
115.3 0
115.4 0
115.5 0
115.6 0
115.7 0
115.8 0
115.9 0
116 0
116.1 0
116.2 0
116.3 0
116.4 0
116.5 0
116.6 0
116.7 0
116.8 0
116.9 0
117 0
117.1 0
117.2 0
117.3 0
117.4 0
117.5 0
117.6 0
117.7 0
117.8 0
117.9 0
118 0
118.1 0
118.2 0
118.3 0
118.4 0
118.5 0
118.6 0
118.7 0
118.8 0
118.9 0
119 0
119.1 0
119.2 0
119.3 0
119.4 0
119.5 0
119.6 0
119.7 0
119.8 0
119.9 0
120 0
120.1 0
120.2 0
120.3 0
120.4 0
120.5 0
120.6 0
120.7 0
120.8 0
120.9 0
121 0
121.1 0
121.2 0
121.3 0
121.4 0
121.5 0
121.6 0
121.7 0
121.8 0
121.9 0
122 0
122.1 0
122.2 0
122.3 0
122.4 0
122.5 0
122.6 0
122.7 0
122.8 0
122.9 0
123 0
123.1 0
123.2 0
123.3 0
123.4 0
123.5 0
123.6 0
123.7 0
123.8 0
123.9 0
124 0
124.1 0
124.2 0
124.3 0
124.4 0
124.5 0
124.6 0
124.7 0
124.8 0
124.9 0
125 0
125.1 0
125.2 0
125.3 0
125.4 0
125.5 0
125.6 0
125.7 0
125.8 0
125.9 0
126 0
126.1 0
126.2 0
126.3 0
126.4 0
126.5 0
126.6 0
126.7 0
126.8 0
126.9 0
127 0
127.1 0
127.2 0
127.3 0
127.4 0
127.5 0
127.6 0
127.7 0
127.8 0
127.9 0
128 0
128.1 0
128.2 0
128.3 0
128.4 0
128.5 0
128.6 0
128.7 0
128.8 0
128.9 0
129 0
129.1 0
129.2 0
129.3 0
129.4 0
129.5 0
129.6 0
129.7 0
129.8 0
129.9 0
130 0
130.1 0
130.2 0
130.3 0
130.4 0
130.5 0
130.6 0
130.7 0
130.8 0
130.9 0
131 0
131.1 0
131.2 0
131.3 0
131.4 0
131.5 0
131.6 0
131.7 0
131.8 0
131.9 0
132 0
132.1 0
132.2 0
132.3 0
132.4 0
132.5 0
132.6 0
132.7 0
132.8 0
132.9 0
133 0
133.1 0
133.2 0
133.3 0
133.4 0
133.5 0
133.6 0
133.7 0
133.8 0
133.9 0
134 0
134.1 0
134.2 0
134.3 0
134.4 0
134.5 0
134.6 0
134.7 0
134.8 0
134.9 0
135 0
135.1 0
135.2 0
135.3 0
135.4 0
135.5 0
135.6 0
135.7 0
135.8 0
135.9 0
136 0
136.1 0
136.2 0
136.3 0
136.4 0
136.5 0
136.6 0
136.7 0
136.8 0
136.9 0
137 0
137.1 0
137.2 0
137.3 0
137.4 0
137.5 0
137.6 0
137.7 0
137.8 0
137.9 0
138 0
138.1 0
138.2 0
138.3 0
138.4 0
138.5 0
138.6 0
138.7 0
138.8 0
138.9 0
139 0
139.1 0
139.2 0
139.3 0
139.4 0
139.5 0
139.6 0
139.7 0
139.8 0
139.9 0
140 0
140.1 0
140.2 0
140.3 0
140.4 0
140.5 0
140.6 0
140.7 0
140.8 0
140.9 0
141 0
141.1 0
141.2 0
141.3 0
141.4 0
141.5 0
141.6 0
141.7 0
141.8 0
141.9 0
142 0
142.1 0
142.2 0
142.3 0
142.4 0
142.5 0
142.6 0
142.7 0
142.8 0
142.9 0
143 0
143.1 0
143.2 0
143.3 0
143.4 0
143.5 0
143.6 0
143.7 0
143.8 0
143.9 0
144 0
144.1 0
144.2 0
144.3 0
144.4 0
144.5 0
144.6 0
144.7 0
144.8 0
144.9 0
145 0
145.1 0
145.2 0
145.3 0
145.4 0
145.5 0
145.6 0
145.7 0
145.8 0
145.9 0
146 0
146.1 0
146.2 0
146.3 0
146.4 0
146.5 0
146.6 0
146.7 0
146.8 0
146.9 0
147 0
147.1 0
147.2 0
147.3 0
147.4 0
147.5 0
147.6 0
147.7 0
147.8 0
147.9 0
148 0
148.1 0
148.2 0
148.3 0
148.4 0
148.5 0
148.6 0
148.7 0
148.8 0
148.9 0
149 0
149.1 0
149.2 0
149.3 0
149.4 0
149.5 0
149.6 0
149.7 0
149.8 0
149.9 0
150 0
150.1 0
150.2 0
150.3 0
150.4 0
150.5 0
150.6 0
150.7 0
150.8 0
150.9 0
151 0
151.1 0
151.2 0
151.3 0
151.4 0
151.5 0
151.6 0
151.7 0
151.8 0
151.9 0
152 0
152.1 0
152.2 0
152.3 0
152.4 0
152.5 0
152.6 0
152.7 0
152.8 0
152.9 0
153 0
153.1 0
153.2 0
153.3 0
153.4 0
153.5 0
153.6 0
153.7 0
153.8 0
153.9 0
154 0
154.1 0
154.2 0
154.3 0
154.4 0
154.5 0
154.6 0
154.7 0
154.8 0
154.9 0
155 0
155.1 0
155.2 0
155.3 0
155.4 0
155.5 0
155.6 0
155.7 0
155.8 0
155.9 0
156 0
156.1 0
156.2 0
156.3 0
156.4 0
156.5 0
156.6 0
156.7 0
156.8 0
156.9 0
157 0
157.1 0
157.2 0
157.3 0
157.4 0
157.5 0
157.6 0
157.7 0
157.8 0
157.9 0
158 0
158.1 0
158.2 0
158.3 0
158.4 0
158.5 0
158.6 0
158.7 0
158.8 0
158.9 0
159 0
159.1 0
159.2 0
159.3 0
159.4 0
159.5 0
159.6 0
159.7 0
159.8 0
159.9 0
160 0
160.1 0
160.2 0
160.3 0
160.4 0
160.5 0
160.6 0
160.7 0
160.8 0
160.9 0
161 0
161.1 0
161.2 0
161.3 0
161.4 0
161.5 0
161.6 0
161.7 0
161.8 0
161.9 0
162 0
162.1 0
162.2 0
162.3 0
162.4 0
162.5 0
162.6 0
162.7 0
162.8 0
162.9 0
163 0
163.1 0
163.2 0
163.3 0
163.4 0
163.5 0
163.6 0
163.7 0
163.8 0
163.9 0
164 0
164.1 0
164.2 0
164.3 0
164.4 0
164.5 0
164.6 0
164.7 0
164.8 0
164.9 0
165 0
165.1 0
165.2 0
165.3 0
165.4 0
165.5 0
165.6 0
165.7 0
165.8 0
165.9 0
166 0
166.1 0
166.2 0
166.3 0
166.4 0
166.5 0
166.6 0
166.7 0
166.8 0
166.9 0
167 0
167.1 0
167.2 0
167.3 0
167.4 0
167.5 0
167.6 0
167.7 0
167.8 0
167.9 0
168 0
168.1 0
168.2 0
168.3 0
168.4 0
168.5 0
168.6 0
168.7 0
168.8 0
168.9 0
169 0
169.1 0
169.2 0
169.3 0
169.4 0
169.5 0
169.6 0
169.7 0
169.8 0
169.9 0
170 0
170.1 0
170.2 0
170.3 0
170.4 0
170.5 0
170.6 0
170.7 0
170.8 0
170.9 0
171 0
171.1 0
171.2 0
171.3 0
171.4 0
171.5 0
171.6 0
171.7 0
171.8 0
171.9 0
172 0
172.1 0
172.2 0
172.3 0
172.4 0
172.5 0
172.6 0
172.7 0
172.8 0
172.9 0
173 0
173.1 0
173.2 0
173.3 0
173.4 0
173.5 0
173.6 0
173.7 0
173.8 0
173.9 0
174 0
174.1 0
174.2 0
174.3 0
174.4 0
174.5 0
174.6 0
174.7 0
174.8 0
174.9 0
175 0
175.1 0
175.2 0
175.3 0
175.4 0
175.5 0
175.6 0
175.7 0
175.8 0
175.9 0
176 0
176.1 0
176.2 0
176.3 0
176.4 0
176.5 0
176.6 0
176.7 0
176.8 0
176.9 0
177 0
177.1 0
177.2 0
177.3 0
177.4 0
177.5 0
177.6 0
177.7 0
177.8 0
177.9 0
178 0
178.1 0
178.2 0
178.3 0
178.4 0
178.5 0
178.6 0
178.7 0
178.8 0
178.9 0
179 0
179.1 0
179.2 0
179.3 0
179.4 0
179.5 0
179.6 0
179.7 0
179.8 0
179.9 0
180 0
180.1 0
180.2 0
180.3 0
180.4 0
180.5 0
180.6 0
180.7 0
180.8 0
180.9 0
181 0
181.1 0
181.2 0
181.3 0
181.4 0
181.5 0
181.6 0
181.7 0
181.8 0
181.9 0
182 0
182.1 0
182.2 0
182.3 0
182.4 0
182.5 0
182.6 0
182.7 0
182.8 0
182.9 0
183 0
183.1 0
183.2 0
183.3 0
183.4 0
183.5 0
183.6 0
183.7 0
183.8 0
183.9 0
184 0
184.1 0
184.2 0
184.3 0
184.4 0
184.5 0
184.6 0
184.7 0
184.8 0
184.9 0
185 0
185.1 0
185.2 0
185.3 0
185.4 0
185.5 0
185.6 0
185.7 0
185.8 0
185.9 0
186 0
186.1 0
186.2 0
186.3 0
186.4 0
186.5 0
186.6 0
186.7 0
186.8 0
186.9 0
187 0
187.1 0
187.2 0
187.3 0
187.4 0
187.5 0
187.6 0
187.7 0
187.8 0
187.9 0
188 0
188.1 0
188.2 0
188.3 0
188.4 0
188.5 0
188.6 0
188.7 0
188.8 0
188.9 0
189 0
189.1 0
189.2 0
189.3 0
189.4 0
189.5 0
189.6 0
189.7 0
189.8 0
189.9 0
190 0
190.1 0
190.2 0
190.3 0
190.4 0
190.5 0
190.6 0
190.7 0
190.8 0
190.9 0
191 0
191.1 0
191.2 0
191.3 0
191.4 0
191.5 0
191.6 0
191.7 0
191.8 0
191.9 0
192 0
192.1 0
192.2 0
192.3 0
192.4 0
192.5 0
192.6 0
192.7 0
192.8 0
192.9 0
193 0
193.1 0
193.2 0
193.3 0
193.4 0
193.5 0
193.6 0
193.7 0
193.8 0
193.9 0
194 0
194.1 0
194.2 0
194.3 0
194.4 0
194.5 0
194.6 0
194.7 0
194.8 0
194.9 0
195 0
195.1 0
195.2 0
195.3 0
195.4 0
195.5 0
195.6 0
195.7 0
195.8 0
195.9 0
196 0
196.1 0
196.2 0
196.3 0
196.4 0
196.5 0
196.6 0
196.7 0
196.8 0
196.9 0
197 0
197.1 0
197.2 0
197.3 0
197.4 0
197.5 0
197.6 0
197.7 0
197.8 0
197.9 0
198 0
198.1 0
198.2 0
198.3 0
198.4 0
198.5 0
198.6 0
198.7 0
198.8 0
198.9 0
199 0
199.1 0
199.2 0
199.3 0
199.4 0
199.5 0
199.6 0
199.7 0
199.8 0
199.9 0
200 0
200.1 0
200.2 0
200.3 0
200.4 0
200.5 0
200.6 0
200.7 0
200.8 0
200.9 0
201 0
201.1 0
201.2 0
201.3 0
201.4 0
201.5 0
201.6 0
201.7 0
201.8 0
201.9 0
202 0
202.1 0
202.2 0
202.3 0
202.4 0
202.5 0
202.6 0
202.7 0
202.8 0
202.9 0
203 0
203.1 0
203.2 0
203.3 0
203.4 0
203.5 0
203.6 0
203.7 0
203.8 0
203.9 0
204 0
204.1 0
204.2 0
204.3 0
204.4 0
204.5 0
204.6 0
204.7 0
204.8 0
204.9 0
205 0
205.1 0
205.2 0
205.3 0
205.4 0
205.5 0
205.6 0
205.7 0
205.8 0
205.9 0
206 0
206.1 0
206.2 0
206.3 0
206.4 0
206.5 0
206.6 0
206.7 0
206.8 0
206.9 0
207 0
207.1 0
207.2 0
207.3 0
207.4 0
207.5 0
207.6 0
207.7 0
207.8 0
207.9 0
208 0
208.1 0
208.2 0
208.3 0
208.4 0
208.5 0
208.6 0
208.7 0
208.8 0
208.9 0
209 0
209.1 0
209.2 0
209.3 0
209.4 0
209.5 0
209.6 0
209.7 0
209.8 0
209.9 0
210 0
210.1 0
210.2 0
210.3 0
210.4 0
210.5 0
210.6 0
210.7 0
210.8 0
210.9 0
211 0
211.1 0
211.2 0
211.3 0
211.4 0
211.5 0
211.6 0
211.7 0
211.8 0
211.9 0
212 0
212.1 0
212.2 0
212.3 0
212.4 0
212.5 0
212.6 0
212.7 0
212.8 0
212.9 0
213 0
213.1 0
213.2 0
213.3 0
213.4 0
213.5 0
213.6 0
213.7 0
213.8 0
213.9 0
214 0
214.1 0
214.2 0
214.3 0
214.4 0
214.5 0
214.6 0
214.7 0
214.8 0
214.9 0
215 0
215.1 0
215.2 0
215.3 0
215.4 0
215.5 0
215.6 0
215.7 0
215.8 0
215.9 0
216 0
216.1 0
216.2 0
216.3 0
216.4 0
216.5 0
216.6 0
216.7 0
216.8 0
216.9 0
217 0
217.1 0
217.2 0
217.3 0
217.4 0
217.5 0
217.6 0
217.7 0
217.8 0
217.9 0
218 0
218.1 0
218.2 0
218.3 0
218.4 0
218.5 0
218.6 0
218.7 0
218.8 0
218.9 0
219 0
219.1 0
219.2 0
219.3 0
219.4 0
219.5 0
219.6 0
219.7 0
219.8 0
219.9 0
220 0
220.1 0
220.2 0
220.3 0
220.4 0
220.5 0
220.6 0
220.7 0
220.8 0
220.9 0
221 0
221.1 0
221.2 0
221.3 0
221.4 0
221.5 0
221.6 0
221.7 0
221.8 0
221.9 0
222 0
222.1 0
222.2 0
222.3 0
222.4 0
222.5 0
222.6 0
222.7 0
222.8 0
222.9 0
223 0
223.1 0
223.2 0
223.3 0
223.4 0
223.5 0
223.6 0
223.7 0
223.8 0
223.9 0
224 0
224.1 0
224.2 0
224.3 0
224.4 0
224.5 0
224.6 0
224.7 0
224.8 0
224.9 0
225 0
225.1 0
225.2 0
225.3 0
225.4 0
225.5 0
225.6 0
225.7 0
225.8 0
225.9 0
226 0
226.1 0
226.2 0
226.3 0
226.4 0
226.5 0
226.6 0
226.7 0
226.8 0
226.9 0
227 0
227.1 0
227.2 0
227.3 0
227.4 0
227.5 0
227.6 0
227.7 0
227.8 0
227.9 0
228 0
228.1 0
228.2 0
228.3 0
228.4 0
228.5 0
228.6 0
228.7 0
228.8 0
228.9 0
229 0
229.1 0
229.2 0
229.3 0
229.4 0
229.5 0
229.6 0
229.7 0
229.8 0
229.9 0
230 0
230.1 0
230.2 0
230.3 0
230.4 0
230.5 0
230.6 0
230.7 0
230.8 0
230.9 0
231 0
231.1 0
231.2 0
231.3 0
231.4 0
231.5 0
231.6 0
231.7 0
231.8 0
231.9 0
232 0
232.1 0
232.2 0
232.3 0
232.4 0
232.5 0
232.6 0
232.7 0
232.8 0
232.9 0
233 0
233.1 0
233.2 0
233.3 0
233.4 0
233.5 0
233.6 0
233.7 0
233.8 0
233.9 0
234 0
234.1 0
234.2 0
234.3 0
234.4 0
234.5 0
234.6 0
234.7 0
234.8 0
234.9 0
235 0
235.1 0
235.2 0
235.3 0
235.4 0
235.5 0
235.6 0
235.7 0
235.8 0
235.9 0
236 0
236.1 0
236.2 0
236.3 0
236.4 0
236.5 0
236.6 0
236.7 0
236.8 0
236.9 0
237 0
237.1 0
237.2 0
237.3 0
237.4 0
237.5 0
237.6 0
237.7 0
237.8 0
237.9 0
238 0
238.1 0
238.2 0
238.3 0
238.4 0
238.5 0
238.6 0
238.7 0
238.8 0
238.9 0
239 0
239.1 0
239.2 0
239.3 0
239.4 0
239.5 0
239.6 0
239.7 0
239.8 0
239.9 0
240 0
240.1 0
240.2 0
240.3 0
240.4 0
240.5 0
240.6 0
240.7 0
240.8 0
240.9 0
241 0
241.1 0
241.2 0
241.3 0
241.4 0
241.5 0
241.6 0
241.7 0
241.8 0
241.9 0
242 0
242.1 0
242.2 0
242.3 0
242.4 0
242.5 0
242.6 0
242.7 0
242.8 0
242.9 0
243 0
243.1 0
243.2 0
243.3 0
243.4 0
243.5 0
243.6 0
243.7 0
243.8 0
243.9 0
244 0
244.1 0
244.2 0
244.3 0
244.4 0
244.5 0
244.6 0
244.7 0
244.8 0
244.9 0
245 0
245.1 0
245.2 0
245.3 0
245.4 0
245.5 0
245.6 0
245.7 0
245.8 0
245.9 0
246 0
246.1 0
246.2 0
246.3 0
246.4 0
246.5 0
246.6 0
246.7 0
246.8 0
246.9 0
247 0
247.1 0
247.2 0
247.3 0
247.4 0
247.5 0
247.6 0
247.7 0
247.8 0
247.9 0
248 0
248.1 0
248.2 0
248.3 0
248.4 0
248.5 0
248.6 0
248.7 0
248.8 0
248.9 0
249 0
249.1 0
249.2 0
249.3 0
249.4 0
249.5 0
249.6 0
249.7 0
249.8 0
249.9 0
250 0
250.1 0
250.2 0
250.3 0
250.4 0
250.5 0
250.6 0
250.7 0
250.8 0
250.9 0
251 0
251.1 0
251.2 0
251.3 0
251.4 0
251.5 0
251.6 0
251.7 0
251.8 0
251.9 0
252 0
252.1 0
252.2 0
252.3 0
252.4 0
252.5 0
252.6 0
252.7 0
252.8 0
252.9 0
253 0
253.1 0
253.2 0
253.3 0
253.4 0
253.5 0
253.6 0
253.7 0
253.8 0
253.9 0
254 0
254.1 0
254.2 0
254.3 0
254.4 0
254.5 0
254.6 0
254.7 0
254.8 0
254.9 0
255 0
255.1 0
255.2 0
255.3 0
255.4 0
255.5 0
255.6 0
255.7 0
255.8 0
255.9 0
256 0
256.1 0
256.2 0
256.3 0
256.4 0
256.5 0
256.6 0
256.7 0
256.8 0
256.9 0
257 0
257.1 0
257.2 0
257.3 0
257.4 0
257.5 0
257.6 0
257.7 0
257.8 0
257.9 0
258 0
258.1 0
258.2 0
258.3 0
258.4 0
258.5 0
258.6 0
258.7 0
258.8 0
258.9 0
259 0
259.1 0
259.2 0
259.3 0
259.4 0
259.5 0
259.6 0
259.7 0
259.8 0
259.9 0
260 0
260.1 0
260.2 0
260.3 0
260.4 0
260.5 0
260.6 0
260.7 0
260.8 0
260.9 0
261 0
261.1 0
261.2 0
261.3 0
261.4 0
261.5 0
261.6 0
261.7 0
261.8 0
261.9 0
262 0
262.1 0
262.2 0
262.3 0
262.4 0
262.5 0
262.6 0
262.7 0
262.8 0
262.9 0
263 0
263.1 0
263.2 0
263.3 0
263.4 0
263.5 0
263.6 0
263.7 0
263.8 0
263.9 0
264 0
264.1 0
264.2 0
264.3 0
264.4 0
264.5 0
264.6 0
264.7 0
264.8 0
264.9 0
265 0
265.1 0
265.2 0
265.3 0
265.4 0
265.5 0
265.6 0
265.7 0
265.8 0
265.9 0
266 0
266.1 0
266.2 0
266.3 0
266.4 0
266.5 0
266.6 0
266.7 0
266.8 0
266.9 0
267 0
267.1 0
267.2 0
267.3 0
267.4 0
267.5 0
267.6 0
267.7 0
267.8 0
267.9 0
268 0
268.1 0
268.2 0
268.3 0
268.4 0
268.5 0
268.6 0
268.7 0
268.8 0
268.9 0
269 0
269.1 0
269.2 0
269.3 0
269.4 0
269.5 0
269.6 0
269.7 0
269.8 0
269.9 0
270 0
270.1 0
270.2 0
270.3 0
270.4 0
270.5 0
270.6 0
270.7 0
270.8 0
270.9 0
271 0
271.1 0
271.2 0
271.3 0
271.4 0
271.5 0
271.6 0
271.7 0
271.8 0
271.9 0
272 0
272.1 0
272.2 0
272.3 0
272.4 0
272.5 0
272.6 0
272.7 0
272.8 0
272.9 0
273 0
273.1 0
273.2 0
273.3 0
273.4 0
273.5 0
273.6 0
273.7 0
273.8 0
273.9 0
274 0
274.1 0
274.2 0
274.3 0
274.4 0
274.5 0
274.6 0
274.7 0
274.8 0
274.9 0
275 0
275.1 0
275.2 0
275.3 0
275.4 0
275.5 0
275.6 0
275.7 0
275.8 0
275.9 0
276 0
276.1 0
276.2 0
276.3 0
276.4 0
276.5 0
276.6 0
276.7 0
276.8 0
276.9 0
