6 0
6.1 0
6.2 0
6.3 0
6.4 0
6.5 0
6.6 0
6.7 0
6.8 0
6.9 0
7 0
7.1 0
7.2 0
7.3 0
7.4 0
7.5 0
7.6 0
7.7 0
7.8 0
7.9 0
8 0
8.1 0
8.2 0
8.3 0
8.4 0
8.5 0
8.6 0
8.7 0
8.8 0
8.9 0
9 0
9.1 0
9.2 0
9.3 0
9.4 0
9.5 0
9.6 0
9.7 0
9.8 0
9.9 0
10 0
10.1 0
10.2 0
10.3 0
10.4 0
10.5 0
10.6 0
10.7 0
10.8 0
10.9 0
11 0
11.1 0
11.2 0
11.3 0
11.4 0
11.5 0
11.6 0
11.7 0
11.8 0
11.9 0
12 0
12.1 0
12.2 0
12.3 0
12.4 0
12.5 0
12.6 0
12.7 0
12.8 0
12.9 0
13 0
13.1 0
13.2 0
13.3 0
13.4 0
13.5 0
13.6 0
13.7 0
13.8 0
13.9 0
14 0
14.1 0
14.2 0
14.3 0
14.4 0
14.5 0
14.6 0
14.7 0
14.8 0
14.9 0
15 0
15.1 0
15.2 0
15.3 0
15.4 0
15.5 0
15.6 0
15.7 0
15.8 0
15.9 0
16 0
16.1 0
16.2 0
16.3 0
16.4 0
16.5 0
16.6 0
16.7 0
16.8 0
16.9 0
17 0
17.1 0
17.2 0
17.3 0
17.4 0
17.5 0
17.6 0
17.7 0
17.8 0
17.9 0
18 0
18.1 0
18.2 0
18.3 0
18.4 0
18.5 0
18.6 0
18.7 0
18.8 0
18.9 0
19 0
19.1 0
19.2 0
19.3 0
19.4 0
19.5 0
19.6 0
19.7 0
19.8 0
19.9 0
20 0
20.1 0
20.2 0
20.3 0
20.4 0
20.5 0
20.6 0
20.7 0
20.8 0
20.9 0
21 0
21.1 0
21.2 0
21.3 0
21.4 0
21.5 0
21.6 0
21.7 0
21.8 0
21.9 0
22 0
22.1 0
22.2 0
22.3 0
22.4 0
22.5 0
22.6 0
22.7 0
22.8 0
22.9 0
23 0
23.1 0
23.2 0
23.3 0
23.4 0
23.5 0
23.6 0
23.7 0
23.8 0
23.9 0
24 0
24.1 0
24.2 0
24.3 0
24.4 0
24.5 0
24.6 0
24.7 0
24.8 0
24.9 0
25 0
25.1 0
25.2 0
25.3 0
25.4 0
25.5 0
25.6 0
25.7 0
25.8 0
25.9 0
26 0
26.1 0
26.2 0
26.3 0
26.4 0
26.5 0
26.6 0
26.7 0
26.8 0
26.9 0
27 0
27.1 0
27.2 0
27.3 0
27.4 0
27.5 0
27.6 0
27.7 0
27.8 0
27.9 0
28 0
28.1 0
28.2 0
28.3 0
28.4 0
28.5 0
28.6 0
28.7 0
28.8 0
28.9 0
29 0
29.1 0
29.2 0
29.3 0
29.4 0
29.5 0
29.6 0
29.7 0
29.8 0
29.9 0
30 0
30.1 0
30.2 0
30.3 0
30.4 0
30.5 0
30.6 0
30.7 0
30.8 0
30.9 0
31 0
31.1 0
31.2 0
31.3 0
31.4 0
31.5 0
31.6 0
31.7 0
31.8 0
31.9 0
32 0
32.1 0
32.2 0
32.3 0
32.4 0
32.5 0
32.6 0
32.7 0
32.8 0
32.9 0
33 0
33.1 0
33.2 0
33.3 0
33.4 0
33.5 0
33.6 0
33.7 0
33.8 0
33.9 0
34 0
34.1 0
34.2 0
34.3 0
34.4 0
34.5 0
34.6 0
34.7 0
34.8 0
34.9 0
35 0
35.1 0
35.2 0
35.3 0
35.4 0
35.5 0
35.6 0
35.7 0
35.8 0
35.9 0
36 0
36.1 0
36.2 0
36.3 0
36.4 0
36.5 0
36.6 0
36.7 0
36.8 0
36.9 0
37 0
37.1 0
37.2 0
37.3 0
37.4 0
37.5 0
37.6 0
37.7 0
37.8 0
37.9 0
38 0
38.1 0
38.2 0
38.3 0
38.4 0
38.5 0
38.6 0
38.7 0
38.8 0
38.9 0
39 0
39.1 0
39.2 0
39.3 0
39.4 0
39.5 0
39.6 0
39.7 0
39.8 0
39.9 0
40 0
40.1 0
40.2 0
40.3 0
40.4 0
40.5 0
40.6 0
40.7 0
40.8 0
40.9 0
41 0
41.1 0
41.2 0
41.3 0
41.4 0
41.5 0
41.6 0
41.7 0
41.8 0
41.9 0
42 0
42.1 0
42.2 0
42.3 0
42.4 0
42.5 0
42.6 0
42.7 0
42.8 0
42.9 0
43 0
43.1 0
43.2 0
43.3 0
43.4 0
43.5 0
43.6 0
43.7 0
43.8 0
43.9 0
44 0
44.1 0
44.2 0
44.3 0
44.4 0
44.5 0
44.6 0
44.7 0
44.8 0
44.9 0
45 0
45.1 0
45.2 0
45.3 0
45.4 0
45.5 0
45.6 0
45.7 0
45.8 0
45.9 0
46 0
46.1 0
46.2 0
46.3 0
46.4 0
46.5 0
46.6 0
46.7 0
46.8 0
46.9 0
47 0
47.1 0
47.2 0
47.3 0
47.4 0
47.5 0
47.6 0
47.7 0
47.8 0
47.9 0
48 0
48.1 0
48.2 0
48.3 0
48.4 0
48.5 0
48.6 0
48.7 0
48.8 0
48.9 0
49 0
49.1 0
49.2 0
49.3 0
49.4 0
49.5 0
49.6 0
49.7 0
49.8 0
49.9 0
50 0
50.1 0
50.2 0
50.3 0
50.4 0
50.5 0
50.6 0
50.7 0
50.8 0
50.9 0
51 0
51.1 0
51.2 0
51.3 0
51.4 0
51.5 0
51.6 0
51.7 0
51.8 0
51.9 0
52 0
52.1 0
52.2 0
52.3 0
52.4 0
52.5 0
52.6 0
52.7 0
52.8 0
52.9 0
53 0
53.1 0
53.2 0
53.3 0
53.4 0
53.5 0
53.6 0
53.7 0
53.8 0
53.9 0
54 0
54.1 0
54.2 0
54.3 0
54.4 0
54.5 0
54.6 0
54.7 0
54.8 0
54.9 0
55 0
55.1 0
55.2 0
55.3 0
55.4 0
55.5 0
55.6 0
55.7 0
55.8 0
55.9 0
56 0
56.1 0
56.2 0
56.3 0
56.4 0
56.5 0
56.6 0
56.7 0
56.8 0
56.9 0
57 0
57.1 0
57.2 0
57.3 0
57.4 0
57.5 0
57.6 0
57.7 0
57.8 0
57.9 0
58 0
58.1 0
58.2 0
58.3 0
58.4 0
58.5 0
58.6 0
58.7 0
58.8 0
58.9 0
59 0
59.1 0
59.2 0
59.3 0
59.4 0
59.5 0
59.6 0
59.7 0
59.8 0
59.9 0
60 0
60.1 0
60.2 0
60.3 0
60.4 0
60.5 0
60.6 0
60.7 0
60.8 0
60.9 0
61 0
61.1 0
61.2 0
61.3 0
61.4 0
61.5 0
61.6 0
61.7 0
61.8 0
61.9 0
62 0
62.1 0
62.2 0
62.3 0
62.4 0
62.5 0
62.6 0
62.7 0
62.8 0
62.9 0
63 0
63.1 0
63.2 0
63.3 0
63.4 0
63.5 0
63.6 0
63.7 0
63.8 0
63.9 0
64 0
64.1 0
64.2 0
64.3 0
64.4 0
64.5 0
64.6 0
64.7 0
64.8 0
64.9 0
65 0
65.1 0
65.2 0
65.3 0
65.4 0
65.5 0
65.6 0
65.7 0
65.8 0
65.9 0
66 0
66.1 0
66.2 0
66.3 0
66.4 0
66.5 0
66.6 0
66.7 0
66.8 0
66.9 0
67 0
67.1 0
67.2 0
67.3 0
67.4 0
67.5 0
67.6 0
67.7 0
67.8 0
67.9 0
68 0
68.1 0
68.2 0
68.3 0
68.4 0
68.5 0
68.6 0
68.7 0
68.8 0
68.9 0
69 0
69.1 0
69.2 0
69.3 0
69.4 0
69.5 0
69.6 0
69.7 0
69.8 0
69.9 0
70 0
70.1 0
70.2 0
70.3 0
70.4 0
70.5 0
70.6 0
70.7 0
70.8 0
70.9 0
71 0
71.1 0
71.2 0
71.3 0
71.4 0
71.5 0
71.6 0
71.7 0
71.8 0
71.9 0
72 0
72.1 0
72.2 0
72.3 0
72.4 0
72.5 0
72.6 0
72.7 0
72.8 0
72.9 0
73 0
73.1 0
73.2 0
73.3 0
73.4 0
73.5 0
73.6 0
73.7 0
73.8 0
73.9 0
74 0
74.1 0
74.2 0
74.3 0
74.4 0
74.5 0
74.6 0
74.7 0
74.8 0
74.9 0
75 0
75.1 0
75.2 0
75.3 0
75.4 0
75.5 0
75.6 0
75.7 0
75.8 0
75.9 0
76 0
76.1 0.000314130000000004
76.2 0.000628260000000007
76.3 0.000942390000000007
76.4 0.00125652000000001
76.5 0.00157065000000001
76.6 0.00188478000000002
76.7 0.00219891000000002
76.8 0.00251304000000002
76.9 0.00282717000000003
77 0.0031413
77.1 0.00494597000000003
77.2 0.00675064000000004
77.3 0.00855531000000004
77.4 0.0103599800000001
77.5 0.0121646500000001
77.6 0.0139693200000001
77.7 0.0157739900000001
77.8 0.0175786600000001
77.9 0.0193833300000001
78 0.021188
78.1 0.0231902
78.2 0.0251924
78.3 0.0271946
78.4 0.0291968000000001
78.5 0.0311990000000001
78.6 0.0332012000000001
78.7 0.0352034000000001
78.8 0.0372056000000001
78.9 0.0392078000000002
79 0.04121
79.1 0.0427538
79.2 0.0442976
79.3 0.0458414
79.4 0.0473852000000001
79.5 0.0489290000000001
79.6 0.0504728000000001
79.7 0.0520166000000001
79.8 0.0535604000000001
79.9 0.0551042000000001
80 0.056648
80.1 0.0582867
80.2 0.0599254
80.3 0.0615641
80.4 0.0632028000000001
80.5 0.0648415000000001
80.6 0.0664802000000001
80.7 0.0681189000000001
80.8 0.0697576000000001
80.9 0.0713963000000001
81 0.073035
81.1 0.0758705
81.2 0.0787060000000001
81.3 0.0815415000000001
81.4 0.0843770000000001
81.5 0.0872125000000001
81.6 0.0900480000000002
81.7 0.0928835000000002
81.8 0.0957190000000001
81.9 0.0985545000000002
82 0.10139
82.1 0.104231
82.2 0.107072
82.3 0.109913
82.4 0.112754
82.5 0.115595
82.6 0.118436
82.7 0.121277
82.8 0.124118
82.9 0.126959
83 0.1298
83.1 0.134017
83.2 0.138234
83.3 0.142451
83.4 0.146668
83.5 0.150885
83.6 0.155102
83.7 0.159319
83.8 0.163536
83.9 0.167753
84 0.17197
84.1 0.176088
84.2 0.180206
84.3 0.184324
84.4 0.188442
84.5 0.19256
84.6 0.196678
84.7 0.200796
84.8 0.204914
84.9 0.209032
85 0.21315
85.1 0.217625
85.2 0.2221
85.3 0.226575
85.4 0.23105
85.5 0.235525
85.6 0.24
85.7 0.244475
85.8 0.24895
85.9 0.253425000000001
86 0.2579
86.1 0.262779
86.2 0.267658
86.3 0.272537
86.4 0.277416
86.5 0.282295
86.6 0.287174
86.7 0.292053
86.8 0.296932000000001
86.9 0.301811000000001
87 0.30669
87.1 0.311067
87.2 0.315444
87.3 0.319821
87.4 0.324198
87.5 0.328575
87.6 0.332952
87.7 0.337329
87.8 0.341706
87.9 0.346083
88 0.35046
88.1 0.354358
88.2 0.358256
88.3 0.362154
88.4 0.366052
88.5 0.36995
88.6 0.373848
88.7 0.377746
88.8 0.381644
88.9 0.385542
89 0.38944
89.1 0.393703
89.2 0.397966
89.3 0.402229
89.4 0.406492
89.5 0.410755
89.6 0.415018
89.7 0.419281
89.8 0.423544
89.9 0.427807
90 0.43207
90.1 0.436265
90.2 0.44046
90.3 0.444655
90.4 0.44885
90.5 0.453045
90.6 0.45724
90.7 0.461435
90.8 0.46563
90.9 0.469825
91 0.47402
91.1 0.478271
91.2 0.482522
91.3 0.486773
91.4 0.491024
91.5 0.495275
91.6 0.499526
91.7 0.503777
91.8 0.508028
91.9 0.512279
92 0.51653
92.1 0.521312
92.2 0.526094
92.3 0.530876
92.4 0.535658
92.5 0.54044
92.6 0.545222
92.7 0.550004
92.8 0.554786000000001
92.9 0.559568000000001
93 0.56435
93.1 0.573085
93.2 0.58182
93.3 0.590555
93.4 0.59929
93.5 0.608025
93.6 0.616760000000001
93.7 0.625495000000001
93.8 0.634230000000001
93.9 0.642965000000001
94 0.6517
94.1 0.656642
94.2 0.661584
94.3 0.666526
94.4 0.671468
94.5 0.67641
94.6 0.681352
94.7 0.686294
94.8 0.691236000000001
94.9 0.696178000000001
95 0.70112
95.1 0.701332
95.2 0.701544
95.3 0.701756
95.4 0.701968
95.5 0.70218
95.6 0.702392
95.7 0.702604
95.8 0.702816
95.9 0.703028
96 0.70324
96.1 0.703453
96.2 0.703666
96.3 0.703879
96.4 0.704092
96.5 0.704305
96.6 0.704518
96.7 0.704731
96.8 0.704944
96.9 0.705157
97 0.70537
97.1 0.705597
97.2 0.705824
97.3 0.706051
97.4 0.706278
97.5 0.706505
97.6 0.706732
97.7 0.706959
97.8 0.707186
97.9 0.707413
98 0.70764
98.1 0.70787
98.2 0.7081
98.3 0.70833
98.4 0.70856
98.5 0.70879
98.6 0.70902
98.7 0.70925
98.8 0.70948
98.9 0.70971
99 0.70994
99.1 0.710209
99.2 0.710478
99.3 0.710747
99.4 0.711016
99.5 0.711285
99.6 0.711554
99.7 0.711823
99.8 0.712092
99.9 0.712361
100 0.71263
100.1 0.712852
100.2 0.713074
100.3 0.713296
100.4 0.713518
100.5 0.71374
100.6 0.713962
100.7 0.714184
100.8 0.714406
100.9 0.714628
101 0.71485
101.1 0.715055
101.2 0.71526
101.3 0.715465
101.4 0.71567
101.5 0.715875
101.6 0.71608
101.7 0.716285
101.8 0.71649
101.9 0.716695
102 0.7169
102.1 0.717093
102.2 0.717286
102.3 0.717479
102.4 0.717672
102.5 0.717865
102.6 0.718058
102.7 0.718251
102.8 0.718444
102.9 0.718637
103 0.71883
103.1 0.719075
103.2 0.71932
103.3 0.719565
103.4 0.71981
103.5 0.720055
103.6 0.7203
103.7 0.720545
103.8 0.72079
103.9 0.721035
104 0.72128
104.1 0.721469
104.2 0.721658
104.3 0.721847
104.4 0.722036
104.5 0.722225
104.6 0.722414
104.7 0.722603
104.8 0.722792
104.9 0.722981
105 0.72317
105.1 0.72334
105.2 0.72351
105.3 0.72368
105.4 0.72385
105.5 0.72402
105.6 0.72419
105.7 0.72436
105.8 0.72453
105.9 0.7247
106 0.72487
106.1 0.724462
106.2 0.724054
106.3 0.723646
106.4 0.723238
106.5 0.72283
106.6 0.722422
106.7 0.722014
106.8 0.721606
106.9 0.721198
107 0.72079
107.1 0.719429
107.2 0.718068
107.3 0.716707
107.4 0.715346
107.5 0.713985
107.6 0.712624
107.7 0.711263
107.8 0.709902
107.9 0.708541
108 0.70718
108.1 0.705816
108.2 0.704452
108.3 0.703088
108.4 0.701724
108.5 0.70036
108.6 0.698996
108.7 0.697632
108.8 0.696268
108.9 0.694904
109 0.69354
109.1 0.69246
109.2 0.69138
109.3 0.6903
109.4 0.68922
109.5 0.68814
109.6 0.68706
109.7 0.68598
109.8 0.6849
109.9 0.68382
110 0.68274
110.1 0.681439
110.2 0.680138
110.3 0.678837
110.4 0.677536
110.5 0.676235
110.6 0.674934
110.7 0.673633
110.8 0.672332
110.9 0.671031
111 0.66973
111.1 0.668134
111.2 0.666538
111.3 0.664942
111.4 0.663346
111.5 0.66175
111.6 0.660154
111.7 0.658558
111.8 0.656962
111.9 0.655366
112 0.65377
112.1 0.651767
112.2 0.649764
112.3 0.647761
112.4 0.645758
112.5 0.643755
112.6 0.641752
112.7 0.639749
112.8 0.637746
112.9 0.635743
113 0.63374
113.1 0.631948
113.2 0.630156
113.3 0.628364
113.4 0.626572
113.5 0.62478
113.6 0.622988
113.7 0.621196
113.8 0.619404
113.9 0.617612
114 0.61582
114.1 0.614252
114.2 0.612684
114.3 0.611116
114.4 0.609548
114.5 0.60798
114.6 0.606412
114.7 0.604844
114.8 0.603276
114.9 0.601708
115 0.60014
115.1 0.598446
115.2 0.596752
115.3 0.595058
115.4 0.593364
115.5 0.59167
115.6 0.589976
115.7 0.588282
115.8 0.586588
115.9 0.584894
116 0.5832
116.1 0.581713
116.2 0.580226
116.3 0.578739
116.4 0.577252
116.5 0.575765
116.6 0.574278
116.7 0.572791
116.8 0.571304
116.9 0.569817
117 0.56833
117.1 0.566821
117.2 0.565312
117.3 0.563803
117.4 0.562294
117.5 0.560785
117.6 0.559276
117.7 0.557767
117.8 0.556258
117.9 0.554749
118 0.55324
118.1 0.551793
118.2 0.550346
118.3 0.548899
118.4 0.547452
118.5 0.546005
118.6 0.544558
118.7 0.543111
118.8 0.541664
118.9 0.540217
119 0.53877
119.1 0.53727
119.2 0.53577
119.3 0.53427
119.4 0.53277
119.5 0.53127
119.6 0.52977
119.7 0.52827
119.8 0.52677
119.9 0.52527
120 0.52377
120.1 0.522276
120.2 0.520782
120.3 0.519288
120.4 0.517794
120.5 0.5163
120.6 0.514806
120.7 0.513312
120.8 0.511818
120.9 0.510324
121 0.50883
121.1 0.512615
121.2 0.5164
121.3 0.520185
121.4 0.52397
121.5 0.527755
121.6 0.53154
121.7 0.535325
121.8 0.53911
121.9 0.542895
122 0.54668
122.1 0.557185
122.2 0.56769
122.3 0.578195
122.4 0.588700000000001
122.5 0.599205000000001
122.6 0.609710000000001
122.7 0.620215000000001
122.8 0.630720000000001
122.9 0.641225000000001
123 0.65173
123.1 0.662639
123.2 0.673548
123.3 0.684457
123.4 0.695366000000001
123.5 0.706275000000001
123.6 0.717184000000001
123.7 0.728093000000001
123.8 0.739002000000001
123.9 0.749911000000001
124 0.76082
124.1 0.764993
124.2 0.769166
124.3 0.773339
124.4 0.777512
124.5 0.781685
124.6 0.785858
124.7 0.790031
124.8 0.794204
124.9 0.798377
125 0.80255
125.1 0.802955
125.2 0.80336
125.3 0.803765
125.4 0.80417
125.5 0.804575
125.6 0.80498
125.7 0.805385
125.8 0.80579
125.9 0.806195
126 0.8066
126.1 0.807036
126.2 0.807472
126.3 0.807908
126.4 0.808344
126.5 0.80878
126.6 0.809216
126.7 0.809652
126.8 0.810088
126.9 0.810524
127 0.81096
127.1 0.811375
127.2 0.81179
127.3 0.812205
127.4 0.81262
127.5 0.813035
127.6 0.81345
127.7 0.813865
127.8 0.81428
127.9 0.814695
128 0.81511
128.1 0.815504
128.2 0.815898
128.3 0.816292
128.4 0.816686
128.5 0.81708
128.6 0.817474
128.7 0.817868
128.8 0.818262
128.9 0.818656
129 0.81905
129.1 0.819498
129.2 0.819946
129.3 0.820394
129.4 0.820842
129.5 0.82129
129.6 0.821738
129.7 0.822186
129.8 0.822634
129.9 0.823082
130 0.82353
130.1 0.823985
130.2 0.82444
130.3 0.824895
130.4 0.82535
130.5 0.825805
130.6 0.82626
130.7 0.826715
130.8 0.82717
130.9 0.827625
131 0.82808
131.1 0.828462
131.2 0.828844
131.3 0.829226
131.4 0.829608
131.5 0.82999
131.6 0.830372
131.7 0.830754
131.8 0.831136
131.9 0.831518
132 0.8319
132.1 0.83235
132.2 0.8328
132.3 0.83325
132.4 0.8337
132.5 0.83415
132.6 0.8346
132.7 0.83505
132.8 0.8355
132.9 0.83595
133 0.8364
133.1 0.836762
133.2 0.837124
133.3 0.837486
133.4 0.837848
133.5 0.83821
133.6 0.838572
133.7 0.838934
133.8 0.839296
133.9 0.839658
134 0.84002
134.1 0.840381
134.2 0.840742
134.3 0.841103
134.4 0.841464
134.5 0.841825
134.6 0.842186
134.7 0.842547
134.8 0.842908
134.9 0.843269
135 0.84363
135.1 0.844085
135.2 0.84454
135.3 0.844995
135.4 0.84545
135.5 0.845905
135.6 0.84636
135.7 0.846815
135.8 0.84727
135.9 0.847725
136 0.84818
136.1 0.848351
136.2 0.848522
136.3 0.848693
136.4 0.848864
136.5 0.849035
136.6 0.849206
136.7 0.849377
136.8 0.849548
136.9 0.849719
137 0.84989
137.1 0.849901
137.2 0.849912
137.3 0.849923
137.4 0.849934
137.5 0.849945
137.6 0.849956
137.7 0.849967
137.8 0.849978
137.9 0.849989
138 0.85
138.1 0.85
138.2 0.85
138.3 0.85
138.4 0.85
138.5 0.85
138.6 0.85
138.7 0.85
138.8 0.85
138.9 0.85
139 0.85
139.1 0.85
139.2 0.85
139.3 0.85
139.4 0.85
139.5 0.85
139.6 0.85
139.7 0.85
139.8 0.85
139.9 0.85
140 0.85
140.1 0.85
140.2 0.85
140.3 0.85
140.4 0.85
140.5 0.85
140.6 0.85
140.7 0.85
140.8 0.85
140.9 0.85
141 0.85
141.1 0.85
141.2 0.85
141.3 0.85
141.4 0.85
141.5 0.85
141.6 0.85
141.7 0.85
141.8 0.85
141.9 0.85
142 0.85
142.1 0.85
142.2 0.85
142.3 0.85
142.4 0.85
142.5 0.85
142.6 0.85
142.7 0.85
142.8 0.85
142.9 0.85
143 0.85
143.1 0.85
143.2 0.85
143.3 0.85
143.4 0.85
143.5 0.85
143.6 0.85
143.7 0.85
143.8 0.85
143.9 0.85
144 0.85
144.1 0.85
144.2 0.85
144.3 0.85
144.4 0.85
144.5 0.85
144.6 0.85
144.7 0.85
144.8 0.85
144.9 0.85
145 0.85
145.1 0.849999
145.2 0.849998
145.3 0.849997
145.4 0.849996
145.5 0.849995
145.6 0.849994
145.7 0.849993
145.8 0.849992
145.9 0.849991
146 0.84999
146.1 0.849964
146.2 0.849938
146.3 0.849912
146.4 0.849886
146.5 0.84986
146.6 0.849834
146.7 0.849808
146.8 0.849782
146.9 0.849756
147 0.84973
147.1 0.849743
147.2 0.849756
147.3 0.849769
147.4 0.849782
147.5 0.849795
147.6 0.849808
147.7 0.849821
147.8 0.849834
147.9 0.849847
148 0.84986
148.1 0.849874
148.2 0.849888
148.3 0.849902
148.4 0.849916
148.5 0.84993
148.6 0.849944
148.7 0.849958
148.8 0.849972
148.9 0.849986
149 0.85
149.1 0.850002
149.2 0.850004
149.3 0.850006
149.4 0.850008
149.5 0.85001
149.6 0.850012
149.7 0.850014
149.8 0.850016
149.9 0.850018
150 0.85002
150.1 0.849985
150.2 0.84995
150.3 0.849915
150.4 0.84988
150.5 0.849845
150.6 0.84981
150.7 0.849775
150.8 0.84974
150.9 0.849705
151 0.84967
151.1 0.84906
151.2 0.84845
151.3 0.84784
151.4 0.84723
151.5 0.84662
151.6 0.84601
151.7 0.8454
151.8 0.84479
151.9 0.84418
152 0.84357
152.1 0.84261
152.2 0.84165
152.3 0.84069
152.4 0.83973
152.5 0.83877
152.6 0.83781
152.7 0.83685
152.8 0.83589
152.9 0.83493
153 0.83397
153.1 0.832924
153.2 0.831878
153.3 0.830832
153.4 0.829786
153.5 0.82874
153.6 0.827694
153.7 0.826648
153.8 0.825602
153.9 0.824556
154 0.82351
154.1 0.822539
154.2 0.821568
154.3 0.820597
154.4 0.819626
154.5 0.818655
154.6 0.817684
154.7 0.816713
154.8 0.815742
154.9 0.814771
155 0.8138
155.1 0.812839
155.2 0.811878
155.3 0.810917
155.4 0.809956
155.5 0.808995
155.6 0.808034
155.7 0.807073
155.8 0.806112
155.9 0.805151
156 0.80419
156.1 0.803208
156.2 0.802226
156.3 0.801244
156.4 0.800262
156.5 0.79928
156.6 0.798298
156.7 0.797316
156.8 0.796334
156.9 0.795352
157 0.79437
157.1 0.793331
157.2 0.792292
157.3 0.791253
157.4 0.790214
157.5 0.789175
157.6 0.788136
157.7 0.787097
157.8 0.786058
157.9 0.785019
158 0.78398
158.1 0.782945
158.2 0.78191
158.3 0.780875
158.4 0.77984
158.5 0.778805
158.6 0.77777
158.7 0.776735
158.8 0.7757
158.9 0.774665
159 0.77363
159.1 0.772653
159.2 0.771676
159.3 0.770699
159.4 0.769722
159.5 0.768745
159.6 0.767768
159.7 0.766791
159.8 0.765814
159.9 0.764837
160 0.76386
160.1 0.763143
160.2 0.762426
160.3 0.761709
160.4 0.760992
160.5 0.760275
160.6 0.759558
160.7 0.758841
160.8 0.758124
160.9 0.757407
161 0.75669
161.1 0.756007
161.2 0.755324
161.3 0.754641
161.4 0.753958
161.5 0.753275
161.6 0.752592
161.7 0.751909
161.8 0.751226
161.9 0.750543
162 0.74986
162.1 0.749159
162.2 0.748458
162.3 0.747757
162.4 0.747056
162.5 0.746355
162.6 0.745654
162.7 0.744953
162.8 0.744252
162.9 0.743551
163 0.74285
163.1 0.742128
163.2 0.741406
163.3 0.740684
163.4 0.739962
163.5 0.73924
163.6 0.738518
163.7 0.737796
163.8 0.737074
163.9 0.736352
164 0.73563
164.1 0.734888
164.2 0.734146
164.3 0.733404
164.4 0.732662
164.5 0.73192
164.6 0.731178
164.7 0.730436
164.8 0.729694
164.9 0.728952
165 0.72821
165.1 0.727447
165.2 0.726684
165.3 0.725921
165.4 0.725158
165.5 0.724395
165.6 0.723632
165.7 0.722869
165.8 0.722106
165.9 0.721343
166 0.72058
166.1 0.719794
166.2 0.719008
166.3 0.718222
166.4 0.717436
166.5 0.71665
166.6 0.715864
166.7 0.715078
166.8 0.714292
166.9 0.713506
167 0.71272
167.1 0.711911
167.2 0.711102
167.3 0.710293
167.4 0.709484
167.5 0.708675
167.6 0.707866
167.7 0.707057
167.8 0.706248
167.9 0.705439
168 0.70463
168.1 0.703796
168.2 0.702962
168.3 0.702128
168.4 0.701294
168.5 0.70046
168.6 0.699626
168.7 0.698792
168.8 0.697958
168.9 0.697124
169 0.69629
169.1 0.69543
169.2 0.69457
169.3 0.69371
169.4 0.69285
169.5 0.69199
169.6 0.69113
169.7 0.69027
169.8 0.68941
169.9 0.68855
170 0.68769
170.1 0.686804
170.2 0.685918
170.3 0.685032
170.4 0.684146
170.5 0.68326
170.6 0.682374
170.7 0.681488
170.8 0.680602
170.9 0.679716
171 0.67883
171.1 0.677915
171.2 0.677
171.3 0.676085
171.4 0.67517
171.5 0.674255
171.6 0.67334
171.7 0.672425
171.8 0.67151
171.9 0.670595
172 0.66968
172.1 0.668736
172.2 0.667792
172.3 0.666848
172.4 0.665904
172.5 0.66496
172.6 0.664016
172.7 0.663072
172.8 0.662128
172.9 0.661184
173 0.66024
173.1 0.659265
173.2 0.65829
173.3 0.657315
173.4 0.65634
173.5 0.655365
173.6 0.65439
173.7 0.653415
173.8 0.65244
173.9 0.651465
174 0.65049
174.1 0.649483
174.2 0.648476
174.3 0.647469
174.4 0.646462
174.5 0.645455
174.6 0.644448
174.7 0.643441
174.8 0.642434
174.9 0.641427
175 0.64042
175.1 0.639378
175.2 0.638336
175.3 0.637294
175.4 0.636252
175.5 0.63521
175.6 0.634168
175.7 0.633126
175.8 0.632084
175.9 0.631042
176 0.63
176.1 0.628922
176.2 0.627844
176.3 0.626766
176.4 0.625688
176.5 0.62461
176.6 0.623532
176.7 0.622454
176.8 0.621376
176.9 0.620298
177 0.61922
177.1 0.618105
177.2 0.61699
177.3 0.615875
177.4 0.61476
177.5 0.613645
177.6 0.61253
177.7 0.611415
177.8 0.6103
177.9 0.609185
178 0.60807
178.1 0.606915
178.2 0.60576
178.3 0.604605
178.4 0.60345
178.5 0.602295
178.6 0.60114
178.7 0.599985
178.8 0.59883
178.9 0.597675
179 0.59652
179.1 0.595323
179.2 0.594126
179.3 0.592929
179.4 0.591732
179.5 0.590535
179.6 0.589338
179.7 0.588141
179.8 0.586944
179.9 0.585747
180 0.58455
180.1 0.583308
180.2 0.582066
180.3 0.580824
180.4 0.579582
180.5 0.57834
180.6 0.577098
180.7 0.575856
180.8 0.574614
180.9 0.573372
181 0.57213
181.1 0.570842
181.2 0.569554
181.3 0.568266
181.4 0.566978
181.5 0.56569
181.6 0.564402
181.7 0.563114
181.8 0.561826
181.9 0.560538
182 0.55925
182.1 0.557912
182.2 0.556574
182.3 0.555236
182.4 0.553898
182.5 0.55256
182.6 0.551222
182.7 0.549884
182.8 0.548546
182.9 0.547208
183 0.54587
183.1 0.544479
183.2 0.543088
183.3 0.541697
183.4 0.540306
183.5 0.538915
183.6 0.537524
183.7 0.536133
183.8 0.534742
183.9 0.533351
184 0.53196
184.1 0.530696
184.2 0.529432
184.3 0.528168
184.4 0.526904
184.5 0.52564
184.6 0.524376
184.7 0.523112
184.8 0.521848
184.9 0.520584
185 0.51932
185.1 0.519112
185.2 0.518904
185.3 0.518696
185.4 0.518488
185.5 0.51828
185.6 0.518072
185.7 0.517864
185.8 0.517656
185.9 0.517448
186 0.51724
186.1 0.517212
186.2 0.517184
186.3 0.517156
186.4 0.517128
186.5 0.5171
186.6 0.517072
186.7 0.517044
186.8 0.517016
186.9 0.516988
187 0.51696
187.1 0.51693
187.2 0.5169
187.3 0.51687
187.4 0.51684
187.5 0.51681
187.6 0.51678
187.7 0.51675
187.8 0.51672
187.9 0.51669
188 0.51666
188.1 0.516627
188.2 0.516594
188.3 0.516561
188.4 0.516528
188.5 0.516495
188.6 0.516462
188.7 0.516429
188.8 0.516396
188.9 0.516363
189 0.51633
189.1 0.516293
189.2 0.516256
189.3 0.516219
189.4 0.516182
189.5 0.516145
189.6 0.516108
189.7 0.516071
189.8 0.516034
189.9 0.515997
190 0.51596
190.1 0.51592
190.2 0.51588
190.3 0.51584
190.4 0.5158
190.5 0.51576
190.6 0.51572
190.7 0.51568
190.8 0.51564
190.9 0.5156
191 0.51556
191.1 0.515516
191.2 0.515472
191.3 0.515428
191.4 0.515384
191.5 0.51534
191.6 0.515296
191.7 0.515252
191.8 0.515208
191.9 0.515164
192 0.51512
192.1 0.51507
192.2 0.51502
192.3 0.51497
192.4 0.51492
192.5 0.51487
192.6 0.51482
192.7 0.51477
192.8 0.51472
192.9 0.51467
193 0.51462
193.1 0.514565
193.2 0.51451
193.3 0.514455
193.4 0.5144
193.5 0.514345
193.6 0.51429
193.7 0.514235
193.8 0.51418
193.9 0.514125
194 0.51407
194.1 0.514007
194.2 0.513944
194.3 0.513881
194.4 0.513818
194.5 0.513755
194.6 0.513692
194.7 0.513629
194.8 0.513566
194.9 0.513503
195 0.51344
195.1 0.513369
195.2 0.513298
195.3 0.513227
195.4 0.513156
195.5 0.513085
195.6 0.513014
195.7 0.512943
195.8 0.512872
195.9 0.512801
196 0.51273
196.1 0.512649
196.2 0.512568
196.3 0.512487
196.4 0.512406
196.5 0.512325
196.6 0.512244
196.7 0.512163
196.8 0.512082
196.9 0.512001
197 0.51192
197.1 0.511825
197.2 0.51173
197.3 0.511635
197.4 0.51154
197.5 0.511445
197.6 0.51135
197.7 0.511255
197.8 0.51116
197.9 0.511065
198 0.51097
198.1 0.51086
198.2 0.51075
198.3 0.51064
198.4 0.51053
198.5 0.51042
198.6 0.51031
198.7 0.5102
198.8 0.51009
198.9 0.50998
199 0.50987
199.1 0.509738
199.2 0.509606
199.3 0.509474
199.4 0.509342
199.5 0.50921
199.6 0.509078
199.7 0.508946
199.8 0.508814
199.9 0.508682
200 0.50855
200.1 0.508392
200.2 0.508234
200.3 0.508076
200.4 0.507918
200.5 0.50776
200.6 0.507602
200.7 0.507444
200.8 0.507286
200.9 0.507128
201 0.50697
201.1 0.506774
201.2 0.506578
201.3 0.506382
201.4 0.506186
201.5 0.50599
201.6 0.505794
201.7 0.505598
201.8 0.505402
201.9 0.505206
202 0.50501
202.1 0.504764
202.2 0.504518
202.3 0.504272
202.4 0.504026
202.5 0.50378
202.6 0.503534
202.7 0.503288
202.8 0.503042
202.9 0.502796
203 0.50255
203.1 0.502229
203.2 0.501908
203.3 0.501587
203.4 0.501266
203.5 0.500945
203.6 0.500624
203.7 0.500303
203.8 0.499982
203.9 0.499661
204 0.49934
204.1 0.498906
204.2 0.498472
204.3 0.498038
204.4 0.497604
204.5 0.49717
204.6 0.496736
204.7 0.496302
204.8 0.495868
204.9 0.495434
205 0.495
205.1 0.494378
205.2 0.493756
205.3 0.493134
205.4 0.492512
205.5 0.49189
205.6 0.491268
205.7 0.490646
205.8 0.490024
205.9 0.489402
206 0.48878
206.1 0.487817
206.2 0.486854
206.3 0.485891
206.4 0.484928
206.5 0.483965
206.6 0.483002
206.7 0.482039
206.8 0.481076
206.9 0.480113
207 0.47915
207.1 0.477458
207.2 0.475766
207.3 0.474074
207.4 0.472382
207.5 0.47069
207.6 0.468998
207.7 0.467306
207.8 0.465614
207.9 0.463922
208 0.46223
208.1 0.458476
208.2 0.454722
208.3 0.450968
208.4 0.447214
208.5 0.44346
208.6 0.439706
208.7 0.435952
208.8 0.432197999999999
208.9 0.428444
209 0.42469
209.1 0.413346
209.2 0.402001999999999
209.3 0.390657999999999
209.4 0.379313999999999
209.5 0.367969999999999
209.6 0.356625999999999
209.7 0.345281999999998
209.8 0.333937999999998
209.9 0.322593999999998
210 0.31125
210.1 0.30682
210.2 0.30239
210.3 0.29796
210.4 0.29353
210.5 0.2891
210.6 0.28467
210.7 0.280239999999999
210.8 0.275809999999999
210.9 0.271379999999999
211 0.26695
211.1 0.26663
211.2 0.26631
211.3 0.26599
211.4 0.26567
211.5 0.26535
211.6 0.26503
211.7 0.26471
211.8 0.26439
211.9 0.26407
212 0.26375
212.1 0.263411
212.2 0.263072
212.3 0.262733
212.4 0.262394
212.5 0.262055
212.6 0.261716
212.7 0.261377
212.8 0.261038
212.9 0.260699
213 0.26036
213.1 0.260002
213.2 0.259644
213.3 0.259286
213.4 0.258928
213.5 0.25857
213.6 0.258212
213.7 0.257854
213.8 0.257496
213.9 0.257138
214 0.25678
214.1 0.2564
214.2 0.25602
214.3 0.25564
214.4 0.25526
214.5 0.25488
214.6 0.2545
214.7 0.25412
214.8 0.25374
214.9 0.25336
215 0.25298
215.1 0.252578
215.2 0.252176
215.3 0.251774
215.4 0.251372
215.5 0.25097
215.6 0.250568
215.7 0.250166
215.8 0.249764
215.9 0.249362
216 0.24896
216.1 0.248533
216.2 0.248106
216.3 0.247679
216.4 0.247252
216.5 0.246825
216.6 0.246398
216.7 0.245971
216.8 0.245544
216.9 0.245117
217 0.24469
217.1 0.244235
217.2 0.24378
217.3 0.243325
217.4 0.24287
217.5 0.242415
217.6 0.24196
217.7 0.241505
217.8 0.24105
217.9 0.240595
218 0.24014
218.1 0.239655
218.2 0.23917
218.3 0.238685
218.4 0.2382
218.5 0.237715
218.6 0.23723
218.7 0.236745
218.8 0.23626
218.9 0.235775
219 0.23529
219.1 0.234771
219.2 0.234252
219.3 0.233733
219.4 0.233214
219.5 0.232695
219.6 0.232176
219.7 0.231657
219.8 0.231138
219.9 0.230619
220 0.2301
220.1 0.229544
220.2 0.228988
220.3 0.228432
220.4 0.227876
220.5 0.22732
220.6 0.226764
220.7 0.226208
220.8 0.225652
220.9 0.225096
221 0.22454
221.1 0.223943
221.2 0.223346
221.3 0.222749
221.4 0.222152
221.5 0.221555
221.6 0.220958
221.7 0.220361
221.8 0.219764
221.9 0.219167
222 0.21857
222.1 0.217927
222.2 0.217284
222.3 0.216641
222.4 0.215998
222.5 0.215355
222.6 0.214712
222.7 0.214069
222.8 0.213426
222.9 0.212783
223 0.21214
223.1 0.211446
223.2 0.210752
223.3 0.210058
223.4 0.209364
223.5 0.20867
223.6 0.207976
223.7 0.207282
223.8 0.206588
223.9 0.205894
224 0.2052
224.1 0.204448
224.2 0.203696
224.3 0.202944
224.4 0.202192
224.5 0.20144
224.6 0.200688
224.7 0.199936
224.8 0.199184
224.9 0.198432
225 0.19768
225.1 0.196862
225.2 0.196044
225.3 0.195226
225.4 0.194408
225.5 0.19359
225.6 0.192772
225.7 0.191954
225.8 0.191136
225.9 0.190318
226 0.1895
226.1 0.188608
226.2 0.187716
226.3 0.186824
226.4 0.185932
226.5 0.18504
226.6 0.184148
226.7 0.183256
226.8 0.182364
226.9 0.181472
227 0.18058
227.1 0.179604
227.2 0.178628
227.3 0.177652
227.4 0.176676
227.5 0.1757
227.6 0.174724
227.7 0.173748
227.8 0.172772
227.9 0.171796
228 0.17082
228.1 0.169745
228.2 0.16867
228.3 0.167595
228.4 0.16652
228.5 0.165445
228.6 0.16437
228.7 0.163295
228.8 0.16222
228.9 0.161145
229 0.16007
229.1 0.158883
229.2 0.157696
229.3 0.156509
229.4 0.155322
229.5 0.154135
229.6 0.152948
229.7 0.151761
229.8 0.150574
229.9 0.149387
230 0.1482
230.1 0.14688
230.2 0.14556
230.3 0.14424
230.4 0.14292
230.5 0.1416
230.6 0.14028
230.7 0.13896
230.8 0.13764
230.9 0.13632
231 0.135
231.1 0.133525
231.2 0.13205
231.3 0.130575
231.4 0.1291
231.5 0.127625
231.6 0.12615
231.7 0.124675
231.8 0.1232
231.9 0.121725
232 0.12025
232.1 0.118591
232.2 0.116932
232.3 0.115273
232.4 0.113614
232.5 0.111955
232.6 0.110296
232.7 0.108637
232.8 0.106978
232.9 0.105319
233 0.10366
233.1 0.1017797
233.2 0.0998993999999999
233.3 0.0980190999999999
233.4 0.0961387999999999
233.5 0.0942584999999999
233.6 0.0923781999999998
233.7 0.0904978999999997
233.8 0.0886175999999997
233.9 0.0867372999999998
234 0.084857
234.1 0.0827079999999999
234.2 0.0805589999999999
234.3 0.0784099999999999
234.4 0.0762609999999999
234.5 0.0741119999999999
234.6 0.0719629999999998
234.7 0.0698139999999997
234.8 0.0676649999999997
234.9 0.0655159999999997
235 0.063367
235.1 0.0608873999999999
235.2 0.0584077999999999
235.3 0.0559281999999998
235.4 0.0534485999999998
235.5 0.0509689999999998
235.6 0.0484893999999997
235.7 0.0460097999999996
235.8 0.0435301999999996
235.9 0.0410505999999997
236 0.038571
236.1 0.0357412999999999
236.2 0.0329115999999999
236.3 0.0300818999999998
236.4 0.0272521999999998
236.5 0.0244224999999998
236.6 0.0215927999999997
236.7 0.0187630999999996
236.8 0.0159333999999996
236.9 0.0131036999999996
237 0.010274
237.1 0.00924659999999997
237.2 0.00821919999999995
237.3 0.00719179999999993
237.4 0.00616439999999993
237.5 0.00513699999999993
237.6 0.00410959999999988
237.7 0.00308219999999985
237.8 0.00205479999999984
237.9 0.00102739999999986
238 0
238.1 0
238.2 0
238.3 0
238.4 0
238.5 0
238.6 0
238.7 0
238.8 0
238.9 0
239 0
239.1 0
239.2 0
239.3 0
239.4 0
239.5 0
239.6 0
239.7 0
239.8 0
239.9 0
240 0
240.1 0
240.2 0
240.3 0
240.4 0
240.5 0
240.6 0
240.7 0
240.8 0
240.9 0
241 0
241.1 0
241.2 0
241.3 0
241.4 0
241.5 0
241.6 0
241.7 0
241.8 0
241.9 0
242 0
242.1 0
242.2 0
242.3 0
242.4 0
242.5 0
242.6 0
242.7 0
242.8 0
242.9 0
243 0
243.1 0
243.2 0
243.3 0
243.4 0
243.5 0
243.6 0
243.7 0
243.8 0
243.9 0
244 0
244.1 0
244.2 0
244.3 0
244.4 0
244.5 0
244.6 0
244.7 0
244.8 0
244.9 0
245 0
245.1 0
245.2 0
245.3 0
245.4 0
245.5 0
245.6 0
245.7 0
245.8 0
245.9 0
246 0
246.1 0
246.2 0
246.3 0
246.4 0
246.5 0
246.6 0
246.7 0
246.8 0
246.9 0
247 0
247.1 0
247.2 0
247.3 0
247.4 0
247.5 0
247.6 0
247.7 0
247.8 0
247.9 0
248 0
248.1 0
248.2 0
248.3 0
248.4 0
248.5 0
248.6 0
248.7 0
248.8 0
248.9 0
249 0
249.1 0
249.2 0
249.3 0
249.4 0
249.5 0
249.6 0
249.7 0
249.8 0
249.9 0
250 0
250.1 0
250.2 0
250.3 0
250.4 0
250.5 0
250.6 0
250.7 0
250.8 0
250.9 0
251 0
251.1 0
251.2 0
251.3 0
251.4 0
251.5 0
251.6 0
251.7 0
251.8 0
251.9 0
252 0
252.1 0
252.2 0
252.3 0
252.4 0
252.5 0
252.6 0
252.7 0
252.8 0
252.9 0
253 0
253.1 0
253.2 0
253.3 0
253.4 0
253.5 0
253.6 0
253.7 0
253.8 0
253.9 0
254 0
254.1 0
254.2 0
254.3 0
254.4 0
254.5 0
254.6 0
254.7 0
254.8 0
254.9 0
255 0
255.1 0
255.2 0
255.3 0
255.4 0
255.5 0
255.6 0
255.7 0
255.8 0
255.9 0
256 0
256.1 0
256.2 0
256.3 0
256.4 0
256.5 0
256.6 0
256.7 0
256.8 0
256.9 0
257 0
257.1 0
257.2 0
257.3 0
257.4 0
257.5 0
257.6 0
257.7 0
257.8 0
257.9 0
258 0
258.1 0
258.2 0
258.3 0
258.4 0
258.5 0
258.6 0
258.7 0
258.8 0
258.9 0
259 0
259.1 0
259.2 0
259.3 0
259.4 0
259.5 0
259.6 0
259.7 0
259.8 0
259.9 0
260 0
260.1 0
260.2 0
260.3 0
260.4 0
260.5 0
260.6 0
260.7 0
260.8 0
260.9 0
261 0
261.1 0
261.2 0
261.3 0
261.4 0
261.5 0
261.6 0
261.7 0
261.8 0
261.9 0
262 0
262.1 0
262.2 0
262.3 0
262.4 0
262.5 0
262.6 0
262.7 0
262.8 0
262.9 0
263 0
263.1 0
263.2 0
263.3 0
263.4 0
263.5 0
263.6 0
263.7 0
263.8 0
263.9 0
264 0
264.1 0
264.2 0
264.3 0
264.4 0
264.5 0
264.6 0
264.7 0
264.8 0
264.9 0
265 0
265.1 0
265.2 0
265.3 0
265.4 0
265.5 0
265.6 0
265.7 0
265.8 0
265.9 0
266 0
266.1 0
266.2 0
266.3 0
266.4 0
266.5 0
266.6 0
266.7 0
266.8 0
266.9 0
267 0
267.1 0
267.2 0
267.3 0
267.4 0
267.5 0
267.6 0
267.7 0
267.8 0
267.9 0
268 0
268.1 0
268.2 0
268.3 0
268.4 0
268.5 0
268.6 0
268.7 0
268.8 0
268.9 0
269 0
269.1 0
269.2 0
269.3 0
269.4 0
269.5 0
269.6 0
269.7 0
269.8 0
269.9 0
270 0
270.1 0
270.2 0
270.3 0
270.4 0
270.5 0
270.6 0
270.7 0
270.8 0
270.9 0
271 0
271.1 0
271.2 0
271.3 0
271.4 0
271.5 0
271.6 0
271.7 0
271.8 0
271.9 0
272 0
272.1 0
272.2 0
272.3 0
272.4 0
272.5 0
272.6 0
272.7 0
272.8 0
272.9 0
273 0
273.1 0
273.2 0
273.3 0
273.4 0
273.5 0
273.6 0
273.7 0
273.8 0
273.9 0
274 0
274.1 0
274.2 0
274.3 0
274.4 0
274.5 0
274.6 0
274.7 0
274.8 0
274.9 0
275 0
275.1 0
275.2 0
275.3 0
275.4 0
275.5 0
275.6 0
275.7 0
275.8 0
275.9 0
276 0
276.1 0
276.2 0
276.3 0
276.4 0
276.5 0
276.6 0
276.7 0
276.8 0
276.9 0
