5 0.51608
6 0.51949
7 0.52188
8 0.52516
9 0.52833
10 0.53197
11 0.53526
12 0.53816
13 0.54212
14 0.54513
15 0.54771
16 0.55171
17 0.55517
18 0.55798
19 0.5603
20 0.56274
21 0.56734
22 0.57143
23 0.57479
24 0.57761
25 0.58021
26 0.58364
27 0.58684
28 0.58967
29 0.59219
30 0.59486
31 0.59959
32 0.60409
33 0.60806
34 0.61159
35 0.61475
36 0.6176
37 0.62018
38 0.62252
39 0.62466
40 0.62721
41 0.63258
42 0.6375
43 0.64165
44 0.6452
45 0.64825
46 0.65092
47 0.65327
48 0.65535
49 0.65721
50 0.65918
51 0.66281
52 0.66653
53 0.67007
54 0.67343
55 0.67662
56 0.67966
57 0.68257
58 0.68534
59 0.68798
60 0.69159
61 0.701
62 0.71056
63 0.72066
64 0.73245
65 0.75604
66 0.77978
67 0.80025
68 0.83082
69 0.92639
70 0.99369
71 0.98285
72 0.96264
73 0.90181
74 0.83391
75 0.7416
76 0.66853
77 0.65463
78 0.65549
79 0.6899
80 0.72729
81 0.74947
82 0.76628
83 0.76121
84 0.74501
85 0.69371
86 0.63558
87 0.60474
88 0.58051
89 0.56424
90 0.55489
91 0.57097
92 0.59468
93 0.64843
94 0.70447
95 0.72897
96 0.74745
97 0.75016
98 0.74829
99 0.7357
100 0.72763
101 0.76396
102 0.81094
103 0.86178
104 0.91696
105 0.96092
106 0.90183
107 0.77334
108 0.71143
109 0.029627
110 0
111 0
112 0
113 0
114 0
115 0
116 0
117 0
118 0
119 0
120 0
121 0
122 0
123 0
124 0
125 0
126 0
127 0
128 0
129 0
130 0
131 0
132 0
133 0
134 0
135 0
136 0
137 0
138 0
139 0
140 0
141 0
142 0
143 0
144 0
145 0
146 0
147 0
148 0
149 0
150 0
151 0
152 0
153 0
154 0
155 0
156 0
157 0
158 0
159 0
160 0
161 0
162 0
163 0
164 0
165 0
166 0
167 0
168 0
169 0
170 0
171 0
172 0
173 0
174 0
175 0
176 0
177 0
178 0
179 0
180 0
181 0
182 0
183 0
184 0
185 0
186 0
187 0
188 0
189 0
190 0
191 0
192 0
193 0
194 0
195 0
196 0
197 0
198 0
199 0
200 0
201 0
202 0
203 0
204 0
205 0
206 0
207 0
208 0
209 0
210 0
211 0
212 0
213 0
214 0
215 0
216 0
217 0
218 0
219 0
220 0
221 0
222 0
223 0
224 0
225 0
226 0
227 0
228 0
229 0
230 0
