5 0.32988
6 0.32589
7 0.32398
8 0.32296
9 0.32232
10 0.32048
11 0.31462
12 0.3116
13 0.30994
14 0.30889
15 0.30817
16 0.30764
17 0.30724
18 0.30678
19 0.30558
20 0.30413
21 0.30164
22 0.29937
23 0.29745
24 0.29581
25 0.29421
26 0.2919
27 0.28989
28 0.28823
29 0.28685
30 0.28547
31 0.28321
32 0.28114
33 0.27936
34 0.27782
35 0.27631
36 0.2741
37 0.27205
38 0.27027
39 0.2687
40 0.26719
41 0.26515
42 0.26323
43 0.2615
44 0.25994
45 0.25842
46 0.25639
47 0.25441
48 0.25256
49 0.25083
50 0.24916
51 0.24731
52 0.24547
53 0.24368
54 0.24196
55 0.24045
56 0.23997
57 0.2367
58 0.23163
59 0.22684
60 0.22231
61 0.21801
62 0.21403
63 0.21084
64 0.20786
65 0.20499
66 0.20222
67 0.19955
68 0.19696
69 0.19434
70 0.19129
71 0.18896
72 0.18765
73 0.18633
74 0.18498
75 0.18361
76 0.18221
77 0.18079
78 0.17876
79 0.17622
80 0.17375
81 0.17136
82 0.16904
83 0.16679
84 0.16581
85 0.16845
86 0.17161
87 0.17511
88 0.17885
89 0.14737
90 0.077108
91 0.045264
92 0.019755
93 0.011344
94 0.0038464
95 0
96 0
97 0
98 0
99 0
100 0
101 0
102 0
103 0
104 0
105 0
106 0
107 0
108 0
109 0
110 0
111 0
112 0
113 0
114 0
115 0
116 0
117 0
118 0
119 0
120 0
121 0
122 0
123 0
124 0
125 0
126 0
127 0
128 0
129 0
130 0
131 0
132 0
133 0
134 0
135 0
136 0
137 0
138 0
139 0
140 0
141 0
142 0
143 0
144 0
145 0
146 0
147 0
148 0
149 0
150 0
151 0
152 0
153 0
154 0
155 0
156 0
157 0
158 0
159 0
160 0
161 0
162 0
163 0
164 0
165 0
166 0
167 0
168 0
169 0
170 0
171 0
172 0
173 0
174 0
175 0
176 0
177 0
178 0
179 0
180 0
181 0
182 0
183 0
184 0
185 0
186 0
187 0
188 0
189 0
190 0
191 0
192 0
193 0
194 0
195 0
196 0
