5 0.021471
6 0.024195
7 0.032025
8 0.037877
9 0.041448
10 0.043854
11 0.045586
12 0.047768
13 0.058629
14 0.067996
15 0.074526
16 0.079339
17 0.083032
18 0.085956
19 0.088329
20 0.090292
21 0.091944
22 0.093353
23 0.094569
24 0.095629
25 0.097996
26 0.10462
27 0.1105
28 0.11547
29 0.11972
30 0.1234
31 0.12662
32 0.12945
33 0.13197
34 0.13422
35 0.13626
36 0.13971
37 0.14365
38 0.14738
39 0.15127
40 0.15522
41 0.15945
42 0.16357
43 0.16721
44 0.17092
45 0.17517
46 0.17906
47 0.18316
48 0.18689
49 0.19053
50 0.19417
51 0.1982
52 0.20212
53 0.20606
54 0.20984
55 0.21393
56 0.21773
57 0.22162
58 0.22548
59 0.22913
60 0.23297
61 0.23673
62 0.24045
63 0.24455
64 0.24844
65 0.25208
66 0.25603
67 0.26007
68 0.26394
69 0.26777
70 0.27195
71 0.27604
72 0.27998
73 0.28385
74 0.28786
75 0.29181
76 0.29566
77 0.29943
78 0.30316
79 0.30694
80 0.31073
81 0.31455
82 0.31838
83 0.32223
84 0.3261
85 0.32998
86 0.33387
87 0.33779
88 0.34172
89 0.34546
90 0.34901
91 0.35268
92 0.3565
93 0.36047
94 0.36459
95 0.36888
96 0.3726
97 0.37598
98 0.37952
99 0.38324
100 0.38715
101 0.39128
102 0.39563
103 0.40015
104 0.40244
105 0.40359
106 0.40475
107 0.40234
108 0.39725
109 0.39188
110 0.3862
111 0.38019
112 0.37382
113 0.36796
114 0.36344
115 0.35834
116 0.35254
117 0.34655
118 0.34043
119 0.33558
120 0.33008
121 0.32463
122 0.31883
123 0.31282
124 0.30665
125 0.29907
126 0.29142
127 0.28366
128 0.27617
129 0.26884
130 0.26113
131 0.25394
132 0.24592
133 0.23881
134 0.23072
135 0.22363
136 0.21532
137 0.20749
138 0.19959
139 0.19283
140 0.18386
141 0.17688
142 0.16871
143 0.1613
144 0.1532
145 0.14542
146 0.13774
147 0.13109
148 0.12944
149 0.12844
150 0.12729
151 0.12636
152 0.1254
153 0.12471
154 0.12347
155 0.12279
156 0.12204
157 0.12117
158 0.12026
159 0.11935
160 0.11841
161 0.11819
162 0.11819
163 0.11819
164 0.11819
165 0.11819
166 0.11819
167 0.11819
168 0.11819
169 0.11819
170 0.11819
171 0.11819
172 0.11819
173 0.11819
174 0.11819
175 0.11819
176 0.11819
177 0.11819
178 0.11819
179 0.11819
180 0.11819
181 0.11819
182 0.11819
183 0.11819
184 0.11819
185 0.11819
186 0.11819
187 0.11819
188 0.11819
189 0.11819
190 0.11819
191 0.11819
192 0.11819
193 0.11819
194 0.11819
195 0.11819
196 0.11819
197 0.11819
198 0.11819
199 0.11819
200 0.11819
201 0.11819
202 0.11819
203 0.11819
204 0.11819
205 0.11819
206 0.11819
207 0.11819
208 0.11819
209 0.11819
210 0.11819
211 0.11819
212 0.11819
213 0.11819
214 0.11819
215 0.11819
216 0.11819
217 0.11819
218 0.11819
219 0.11819
220 0.11819
221 0.11819
222 0.11819
223 0.11819
224 0.11819
225 0.11819
226 0.11819
227 0.11819
228 0.11819
229 0.11819
230 0.11819
231 0.11819
232 0.11819
233 0.11819
234 0.11819
235 0.11819
236 0.11819
237 0.11819
238 0.11819
239 0.11819
240 0.11819
241 0.11819
242 0.11819
243 0.11819
244 0.11819
245 0.11819
246 0.11819
247 0.11819
248 0.11819
249 0.11819
250 0.11819
251 0.11819
252 0.11819
253 0.11819
254 0.11819
255 0.11819
256 0.11819
257 0.11819
258 0.11819
259 0.11819
260 0.11819
261 0.11819
262 0.11819
263 0.11819
264 0.11819
265 0.11819
266 0.11819
267 0.11819
268 0.11819
269 0.11819
270 0.11819
271 0.11819
272 0.11819
273 0.11819
274 0.014534
275 0.013625
276 0.012717
277 0.011808
278 0.0109
279 0.0099915
280 0.0090831
281 0.0081747
282 0.0072663
283 0.0063579
284 0.0054496
285 0.0045413
286 0.003633
287 0.0027247
288 0.0018164
289 0.00090821
290 0.00011363
291 0
292 0
293 0
294 0
295 0
296 0
297 0
298 0
299 0
300 0
301 0
302 0
303 0
304 0
305 0
306 0
307 0
308 0
309 0
310 0
311 0
312 0
313 0
314 0
315 0
316 0
317 0
318 0
319 0
320 0
321 0
322 0
323 0
324 0
325 0
326 0
327 0
328 0
329 0
330 0
331 0
332 0
333 0
334 0
335 0
336 0
337 0
338 0
339 0
340 0
341 0
342 0
343 0
344 0
345 0
346 0
347 0
348 0
349 0
350 0
351 0
352 0
353 0
354 0
355 0
356 0
357 0
358 0
359 0
360 0
361 0
362 0
363 0
364 0
365 0
366 0
367 0
368 0
369 0
370 0
371 0
372 0
373 0
374 0
375 0
376 0
377 0
378 0
379 0
380 0
381 0
382 0
383 0
384 0
385 0
386 0
387 0
388 0
389 0
390 0
391 0
392 0
393 0
394 0
395 0
396 0
397 0
398 0
399 0
400 0
401 0
402 0
403 0
404 0
405 0
406 0
407 0
408 0
409 0
410 0
411 0
412 0
413 0
414 0
415 0
416 0
417 0
418 0
419 0
420 0
421 0
422 0
423 0
424 0
425 0
426 0
427 0
428 0
429 0
430 0
431 0
432 0
433 0
434 0
435 0
436 0
437 0
438 0
439 0
440 0
441 0
442 0
443 0
444 0
445 0
446 0
447 0
448 0
449 0
450 0
451 0
452 0
453 0
454 0
455 0
456 0
457 0
458 0
459 0
460 0
461 0
462 0
463 0
464 0
465 0
466 0
467 0
468 0
469 0
470 0
471 0
472 0
473 0
474 0
475 0
476 0
477 0
478 0
479 0
480 0
481 0
482 0
483 0
484 0
485 0
486 0
487 0
488 0
489 0
490 0
491 0
492 0
493 0
494 0
495 0
496 0
497 0
498 0
499 0
500 0
501 0
502 0
503 0
504 0
505 0
506 0
507 0
508 0
509 0
510 0
511 0
512 0
513 0
514 0
515 0
516 0
517 0
518 0
519 0
520 0
521 0
522 0
523 0
524 0
525 0
526 0
527 0
528 0
529 0
530 0
531 0
532 0
533 0
534 0
535 0
536 0
537 0
538 0
539 0
540 0
541 0
542 0
543 0
544 0
545 0
546 0
547 0
548 0
549 0
550 0
551 0
552 0
553 0
554 0
555 0
556 0
557 0
558 0
559 0
560 0
561 0
562 0
563 0
564 0
565 0
566 0
567 0
568 0
569 0
570 0
571 0
572 0
573 0
574 0
575 0
576 0
577 0
578 0
579 0
580 0
581 0
582 0
583 0
584 0
585 0
586 0
587 0
588 0
589 0
590 0
591 0
592 0
593 0
594 0
595 0
596 0
597 0
598 0
599 0
600 0
601 0
602 0
603 0
604 0
605 0
606 0
607 0
608 0
609 0
610 0
611 0
612 0
613 0
614 0
615 0
616 0
617 0
618 0
619 0
620 0
621 0
622 0
623 0
624 0
625 0
626 0
627 0
628 0
629 0
630 0
631 0
632 0
633 0
634 0
635 0
636 0
637 0
638 0
639 0
640 0
641 0
642 0
643 0
644 0
645 0
646 0
647 0
648 0
649 0
650 0
651 0
652 0
653 0
654 0
655 0
656 0
657 0
658 0
659 0
660 0
661 0
662 0
663 0
664 0
665 0
666 0
667 0
668 0
669 0
670 0
671 0
672 0
673 0
674 0
675 0
676 0
677 0
678 0
679 0
680 0
681 0
682 0
683 0
684 0
685 0
686 0
687 0
688 0
689 0
690 0
691 0
692 0
693 0
694 0
695 0
696 0
697 0
698 0
699 0
700 0
701 0
702 0
703 0
704 0
705 0
706 0
707 0
708 0
709 0
710 0
711 0
712 0
713 0
714 0
