5 0.3331
6 0.33411
7 0.33459
8 0.33485
9 0.33501
10 0.33561
11 0.33763
12 0.33867
13 0.33925
14 0.33961
15 0.33986
16 0.34004
17 0.34018
18 0.34028
19 0.34035
20 0.34052
21 0.3413
22 0.34204
23 0.34267
24 0.34321
25 0.34374
26 0.34447
27 0.34512
28 0.34565
29 0.34609
30 0.34651
31 0.34715
32 0.34773
33 0.34822
34 0.34865
35 0.34908
36 0.34974
37 0.35036
38 0.3509
39 0.35137
40 0.35181
41 0.35226
42 0.35267
43 0.35304
44 0.35337
45 0.35377
46 0.35464
47 0.35554
48 0.35638
49 0.35716
50 0.35785
51 0.35825
52 0.3586
53 0.35893
54 0.35926
55 0.35956
56 0.3598
57 0.36421
58 0.37119
59 0.37778
60 0.38403
61 0.38994
62 0.39519
63 0.39802
64 0.40039
65 0.40267
66 0.40488
67 0.40701
68 0.40907
69 0.41063
70 0.41044
71 0.40495
72 0.39185
73 0.37844
74 0.36478
75 0.35087
76 0.3367
77 0.32226
78 0.29975
79 0.27011
80 0.2414
81 0.21357
82 0.18658
83 0.16039
84 0.13529
85 0.11002
86 0.082255
87 0.051516
88 0.018666
89 0.0050769
90 0.00029778
91 0
92 0
93 0
94 0
95 0
96 0
97 0
98 0
99 0
100 0
101 0
102 0
103 0
104 0
105 0
106 0
107 0
108 0
109 0
110 0
111 0
112 0
113 0
114 0
115 0
116 0
117 0
118 0
119 0
120 0
121 0
122 0
123 0
124 0
125 0
126 0
127 0
128 0
129 0
130 0
131 0
132 0
133 0
134 0
135 0
136 0
137 0
138 0
139 0
140 0
141 0
142 0
143 0
144 0
145 0
146 0
147 0
148 0
149 0
150 0
151 0
152 0
153 0
154 0
155 0
156 0
157 0
158 0
159 0
160 0
161 0
162 0
163 0
164 0
165 0
166 0
167 0
168 0
169 0
170 0
171 0
172 0
173 0
174 0
175 0
176 0
177 0
178 0
179 0
180 0
181 0
182 0
183 0
184 0
185 0
186 0
187 0
188 0
189 0
190 0
191 0
192 0
193 0
194 0
195 0
196 0
