5 0.48392
6 0.48051
7 0.47812
8 0.47484
9 0.47167
10 0.46803
11 0.46474
12 0.46184
13 0.45788
14 0.45487
15 0.45229
16 0.44829
17 0.44483
18 0.44202
19 0.4397
20 0.43726
21 0.43266
22 0.42857
23 0.42521
24 0.42239
25 0.41979
26 0.41636
27 0.41316
28 0.41033
29 0.40781
30 0.40514
31 0.40041
32 0.39591
33 0.39194
34 0.38841
35 0.38525
36 0.3824
37 0.37982
38 0.37748
39 0.37534
40 0.37279
41 0.36742
42 0.3625
43 0.35835
44 0.3548
45 0.35175
46 0.34908
47 0.34673
48 0.34465
49 0.34279
50 0.34082
51 0.33719
52 0.33347
53 0.32993
54 0.32657
55 0.32338
56 0.32034
57 0.31743
58 0.31466
59 0.31202
60 0.30841
61 0.299
62 0.28944
63 0.27934
64 0.26755
65 0.24396
66 0.22022
67 0.19975
68 0.16918
69 0.073614
70 0.0020848
71 0
72 0
73 0
74 0
75 0
76 0
77 0
78 0
79 0
80 0
81 0
82 0
83 0
84 0
85 0
86 0
87 0
88 0
89 0
90 0
91 0
92 0
93 0
94 0
95 0
96 0
97 0
98 0
99 0
100 0
101 0
102 0
103 0
104 0
105 0
106 0
107 0
108 0
109 0
110 0
111 0
112 0
113 0
114 0
115 0
116 0
117 0
118 0
119 0
120 0
121 0
122 0
123 0
124 0
125 0
126 0
127 0
128 0
129 0
130 0
131 0
132 0
133 0
134 0
135 0
136 0
137 0
138 0
139 0
140 0
141 0
142 0
143 0
144 0
145 0
146 0
147 0
148 0
149 0
150 0
151 0
152 0
153 0
154 0
155 0
156 0
157 0
158 0
159 0
160 0
161 0
162 0
163 0
164 0
165 0
166 0
167 0
168 0
169 0
170 0
171 0
172 0
173 0
174 0
175 0
176 0
177 0
178 0
179 0
180 0
181 0
182 0
183 0
184 0
185 0
186 0
187 0
188 0
189 0
190 0
191 0
192 0
193 0
194 0
195 0
196 0
197 0
198 0
199 0
200 0
201 0
202 0
203 0
204 0
205 0
206 0
207 0
208 0
209 0
210 0
211 0
212 0
213 0
214 0
215 0
216 0
217 0
218 0
219 0
220 0
221 0
222 0
223 0
224 0
225 0
226 0
227 0
228 0
229 0
230 0
