5 0.026925
6 0.027275
7 0.027625
8 0.027975
9 0.028325
10 0.028675
11 0.029025
12 0.029375
13 0.029725
14 0.030075
15 0.030425
16 0.030775
17 0.031125
18 0.031475
19 0.031825
20 0.032175
21 0.032525
22 0.032875
23 0.033225
24 0.033575
25 0.033925
26 0.034275
27 0.034625
28 0.034975
29 0.035325
30 0.035675
31 0.036025
32 0.036375
33 0.036725
34 0.037075
35 0.037425
36 0.037775
37 0.038125
38 0.038475
39 0.038825
40 0.039175
41 0.039525
42 0.039875
43 0.040225
44 0.040575
45 0.040925
46 0.041275
47 0.041625
48 0.041975
49 0.042325
50 0.042675
51 0.043025
52 0.043375
53 0.043725
54 0.044075
55 0.044425
56 0.044775
57 0.045125
58 0.045475
59 0.045825
60 0.0454
61 0.04465
62 0.04475
63 0.044
64 0.0424
65 0.04315
66 0.0545
67 0.06965
68 0.0738
69 0.07265
70 0.0729386
71 0.0738158
72 0.074312
73 0.0732667
74 0.07225
75 0.0688161
76 0.0650949
77 0.0553534
78 0.0475313
79 0.0429094
80 0.0433492
81 0.0522429
82 0.0607253
83 0.0709464
84 0.0872782
85 0.0968846
86 0.112
87 0.125
88 0.13348
89 0.146102
90 0.147
91 0.155875
92 0.159
93 0.164
94 0.16
95 0.162803
96 0.161143
97 0.158861
98 0.1
99 0.1
100 0.1
101 0.1
102 0.1
103 0.1
104 0.1
105 0.1
106 0.1
107 0.1
108 0.1
109 0.1
110 0.1
111 0.1
112 0.1
113 0.1
114 0.1
115 0.1
116 0.1
117 0.1
118 0.1
119 0.1
120 0.1
121 0.1
122 0.1
123 0.1
124 0.1
125 0.1
126 0.1
127 0.1
128 0.1
129 0.1
130 0.25
131 0.25
132 0.25
133 0.25
134 0.25
135 0.25
136 0.25
137 0.25
138 0.25
139 0.25
140 0.25
141 0.25
142 0.25
143 0.25
