5 0.0049158
5.1 0.00511406
5.2 0.00531232
5.3 0.00551058
5.4 0.00570884
5.5 0.0059071
5.6 0.00610536
5.7 0.00630362
5.8 0.00650188
5.9 0.00670014
6 0.0068984
6.1 0.00699433
6.2 0.00709026
6.3 0.00718619
6.4 0.00728212
6.5 0.00737805
6.6 0.00747398
6.7 0.00756991
6.8 0.00766584
6.9 0.00776177
7 0.0078577
7.1 0.00790897
7.2 0.00796024
7.3 0.00801151
7.4 0.00806278
7.5 0.00811405
7.6 0.00816532
7.7 0.00821659
7.8 0.00826786
7.9 0.00831913
8 0.0083704
8.1 0.0084023
8.2 0.0084342
8.3 0.0084661
8.4 0.008498
8.5 0.0085299
8.6 0.0085618
8.7 0.0085937
8.8 0.0086256
8.9 0.0086575
9 0.0086894
9.1 0.00877823
9.2 0.00886706
9.3 0.00895589
9.4 0.00904472
9.5 0.00913355
9.6 0.00922238
9.7 0.00931121
9.8 0.00940004
9.9 0.00948887
10 0.0095777
10.1 0.00985793
10.2 0.01013816
10.3 0.01041839
10.4 0.01069862
10.5 0.01097885
10.6 0.01125908
10.7 0.01153931
10.8 0.01181954
10.9 0.01209977
11 0.01238
11.1 0.0125245
11.2 0.012669
11.3 0.0128135
11.4 0.012958
11.5 0.0131025
11.6 0.013247
11.7 0.0133915
11.8 0.013536
11.9 0.0136805
12 0.013825
12.1 0.0139043
12.2 0.0139836
12.3 0.0140629
12.4 0.0141422
12.5 0.0142215
12.6 0.0143008
12.7 0.0143801
12.8 0.0144594
12.9 0.0145387
13 0.014618
13.1 0.014668
13.2 0.014718
13.3 0.014768
13.4 0.014818
13.5 0.014868
13.6 0.014918
13.7 0.014968
13.8 0.015018
13.9 0.015068
14 0.015118
14.1 0.0151525
14.2 0.015187
14.3 0.0152215
14.4 0.015256
14.5 0.0152905
14.6 0.015325
14.7 0.0153595
14.8 0.015394
14.9 0.0154285
15 0.015463
15.1 0.0154882
15.2 0.0155134
15.3 0.0155386
15.4 0.0155638
15.5 0.015589
15.6 0.0156142
15.7 0.0156394
15.8 0.0156646
15.9 0.0156898
16 0.015715
16.1 0.0157342
16.2 0.0157534
16.3 0.0157726
16.4 0.0157918
16.5 0.015811
16.6 0.0158302
16.7 0.0158494
16.8 0.0158686
16.9 0.0158878
17 0.015907
17.1 0.0159329
17.2 0.0159588
17.3 0.0159847
17.4 0.0160106
17.5 0.0160365
17.6 0.0160624
17.7 0.0160883
17.8 0.0161142
17.9 0.0161401
18 0.016166
18.1 0.016249
18.2 0.016332
18.3 0.016415
18.4 0.016498
18.5 0.016581
18.6 0.016664
18.7 0.016747
18.8 0.01683
18.9 0.016913
19 0.016996
19.1 0.017087
19.2 0.017178
19.3 0.017269
19.4 0.01736
19.5 0.017451
19.6 0.017542
19.7 0.017633
19.8 0.017724
19.9 0.017815
20 0.017906
20.1 0.0180198
20.2 0.0181336
20.3 0.0182474
20.4 0.0183612
20.5 0.018475
20.6 0.0185888
20.7 0.0187026
20.8 0.0188164
20.9 0.0189302
21 0.019044
21.1 0.0191442
21.2 0.0192444
21.3 0.0193446
21.4 0.0194448
21.5 0.019545
21.6 0.0196452
21.7 0.0197454
21.8 0.0198456
21.9 0.0199458
22 0.020046
22.1 0.0201307
22.2 0.0202154
22.3 0.0203001
22.4 0.0203848
22.5 0.0204695
22.6 0.0205542
22.7 0.0206389
22.8 0.0207236
22.9 0.0208083
23 0.020893
23.1 0.0209655
23.2 0.021038
23.3 0.0211105
23.4 0.021183
23.5 0.0212555
23.6 0.021328
23.7 0.0214005
23.8 0.021473
23.9 0.0215455
24 0.021618
24.1 0.0216914
24.2 0.0217648
24.3 0.0218382
24.4 0.0219116
24.5 0.021985
24.6 0.0220584
24.7 0.0221318
24.8 0.0222052
24.9 0.0222786
25 0.022352
25.1 0.0224696
25.2 0.0225872
25.3 0.0227048
25.4 0.0228224
25.5 0.02294
25.6 0.0230576
25.7 0.0231752
25.8 0.0232928
25.9 0.0234104
26 0.023528
26.1 0.0236314
26.2 0.0237348
26.3 0.0238382
26.4 0.0239416
26.5 0.024045
26.6 0.0241484
26.7 0.0242518
26.8 0.0243552
26.9 0.0244586
27 0.024562
27.1 0.0246472
27.2 0.0247324
27.3 0.0248176
27.4 0.0249028
27.5 0.024988
27.6 0.0250732
27.7 0.0251584
27.8 0.0252436
27.9 0.0253288
28 0.025414
28.1 0.0254854
28.2 0.0255568
28.3 0.0256282
28.4 0.0256996
28.5 0.025771
28.6 0.0258424
28.7 0.0259138
28.8 0.0259852
28.9 0.0260566
29 0.026128
29.1 0.0261979
29.2 0.0262678
29.3 0.0263377
29.4 0.0264076
29.5 0.0264775
29.6 0.0265474
29.7 0.0266173
29.8 0.0266872
29.9 0.0267571
30 0.026827
30.1 0.0269367
30.2 0.0270464
30.3 0.0271561
30.4 0.0272658
30.5 0.0273755
30.6 0.0274852
30.7 0.0275949
30.8 0.0277046
30.9 0.0278143
31 0.027924
31.1 0.0280246
31.2 0.0281252
31.3 0.0282258
31.4 0.0283264
31.5 0.028427
31.6 0.0285276
31.7 0.0286282
31.8 0.0287288
31.9 0.0288294
32 0.02893
32.1 0.0290161
32.2 0.0291022
32.3 0.0291883
32.4 0.0292744
32.5 0.0293605
32.6 0.0294466
32.7 0.0295327
32.8 0.0296188
32.9 0.0297049
33 0.029791
33.1 0.0298656
33.2 0.0299402
33.3 0.0300148
33.4 0.0300894
33.5 0.030164
33.6 0.0302386
33.7 0.0303132
33.8 0.0303878
33.9 0.0304624
34 0.030537
34.1 0.0306101
34.2 0.0306832
34.3 0.0307563
34.4 0.0308294
34.5 0.0309025
34.6 0.0309756
34.7 0.0310487
34.8 0.0311218
34.9 0.0311949
35 0.031268
35.1 0.0313752
35.2 0.0314824
35.3 0.0315896
35.4 0.0316968
35.5 0.031804
35.6 0.0319112
35.7 0.0320184
35.8 0.0321256
35.9 0.0322328
36 0.03234
36.1 0.0324392
36.2 0.0325384
36.3 0.0326376
36.4 0.0327368
36.5 0.032836
36.6 0.0329352
36.7 0.0330344
36.8 0.0331336
36.9 0.0332328
37 0.033332
37.1 0.0334184
37.2 0.0335048
37.3 0.0335912
37.4 0.0336776
37.5 0.033764
37.6 0.0338504
37.7 0.0339368
37.8 0.0340232
37.9 0.0341096
38 0.034196
38.1 0.034272
38.2 0.034348
38.3 0.034424
38.4 0.0345
38.5 0.034576
38.6 0.034652
38.7 0.034728
38.8 0.034804
38.9 0.03488
39 0.034956
39.1 0.0350298
39.2 0.0351036
39.3 0.0351774
39.4 0.0352512
39.5 0.035325
39.6 0.0353988
39.7 0.0354726
39.8 0.0355464
39.9 0.0356202
40 0.035694
40.1 0.0357964
40.2 0.0358988
40.3 0.0360012
40.4 0.0361036
40.5 0.036206
40.6 0.0363084
40.7 0.0364108
40.8 0.0365132
40.9 0.0366156
41 0.036718
41.1 0.0368152
41.2 0.0369124
41.3 0.0370096
41.4 0.0371068
41.5 0.037204
41.6 0.0373012
41.7 0.0373984
41.8 0.0374956
41.9 0.0375928
42 0.03769
42.1 0.0377772
42.2 0.0378644
42.3 0.0379516
42.4 0.0380388
42.5 0.038126
42.6 0.0382132
42.7 0.0383004
42.8 0.0383876
42.9 0.0384748
43 0.038562
43.1 0.0386407
43.2 0.0387194
43.3 0.0387981
43.4 0.0388768
43.5 0.0389555
43.6 0.0390342
43.7 0.0391129
43.8 0.0391916
43.9 0.0392703
44 0.039349
44.1 0.039425
44.2 0.039501
44.3 0.039577
44.4 0.039653
44.5 0.039729
44.6 0.039805
44.7 0.039881
44.8 0.039957
44.9 0.040033
45 0.040109
45.1 0.0402055
45.2 0.040302
45.3 0.0403985
45.4 0.040495
45.5 0.0405915
45.6 0.040688
45.7 0.0407845
45.8 0.040881
45.9 0.0409775
46 0.041074
46.1 0.0411679
46.2 0.0412618
46.3 0.0413557
46.4 0.0414496
46.5 0.0415435
46.6 0.0416374
46.7 0.0417313
46.8 0.0418252
46.9 0.0419191
47 0.042013
47.1 0.0421006
47.2 0.0421882
47.3 0.0422758
47.4 0.0423634
47.5 0.042451
47.6 0.0425386
47.7 0.0426262
47.8 0.0427138
47.9 0.0428014
48 0.042889
48.1 0.0429709
48.2 0.0430528
48.3 0.0431347
48.4 0.0432166
48.5 0.0432985
48.6 0.0433804
48.7 0.0434623
48.8 0.0435442
48.9 0.0436261
49 0.043708
49.1 0.0437878
49.2 0.0438676
49.3 0.0439474
49.4 0.0440272
49.5 0.044107
49.6 0.0441868
49.7 0.0442666
49.8 0.0443464
49.9 0.0444262
50 0.044506
50.1 0.0446009
50.2 0.0446958
50.3 0.0447907
50.4 0.0448856
50.5 0.0449805
50.6 0.0450754
50.7 0.0451703
50.8 0.0452652
50.9 0.0453601
51 0.045455
51.1 0.0455499
51.2 0.0456448
51.3 0.0457397
51.4 0.0458346
51.5 0.0459295
51.6 0.0460244
51.7 0.0461193
51.8 0.0462142
51.9 0.0463091
52 0.046404
52.1 0.0464959
52.2 0.0465878
52.3 0.0466797
52.4 0.0467716
52.5 0.0468635
52.6 0.0469554
52.7 0.0470473
52.8 0.0471392
52.9 0.0472311
53 0.047323
53.1 0.0474121
53.2 0.0475012
53.3 0.0475903
53.4 0.0476794
53.5 0.0477685
53.6 0.0478576
53.7 0.0479467
53.8 0.0480358
53.9 0.0481249
54 0.048214
54.1 0.0482557
54.2 0.0482974
54.3 0.0483391
54.4 0.0483808
54.5 0.0484225
54.6 0.0484642
54.7 0.0485059
54.8 0.0485476
54.9 0.0485893
55 0.048631
55.1 0.0484104
55.2 0.0481898
55.3 0.0479692
55.4 0.0477486
55.5 0.047528
55.6 0.0473074
55.7 0.0470868
55.8 0.0468662
55.9 0.0466456
56 0.046425
56.1 0.0462376
56.2 0.0460502
56.3 0.0458628
56.4 0.0456754
56.5 0.045488
56.6 0.0453006
56.7 0.0451132
56.8 0.0449258
56.9 0.0447384
57 0.044551
57.1 0.0444174
57.2 0.0442838
57.3 0.0441502
57.4 0.0440166
57.5 0.043883
57.6 0.0437494
57.7 0.0436158
57.8 0.0434822
57.9 0.0433486
58 0.043215
58.1 0.0430887
58.2 0.0429624
58.3 0.0428361
58.4 0.0427098
58.5 0.0425835
58.6 0.0424572
58.7 0.0423309
58.8 0.0422046
58.9 0.0420783
59 0.041952
59.1 0.0418324
59.2 0.0417128
59.3 0.0415932
59.4 0.0414736
59.5 0.041354
59.6 0.0412344
59.7 0.0411148
59.8 0.0409952
59.9 0.0408756
60 0.040756
60.1 0.0406427
60.2 0.0405294
60.3 0.0404161
60.4 0.0403028
60.5 0.0401895
60.6 0.0400762
60.7 0.0399629
60.8 0.0398496
60.9 0.0397363
61 0.039623
61.1 0.039507
61.2 0.039391
61.3 0.039275
61.4 0.039159
61.5 0.039043
61.6 0.038927
61.7 0.038811
61.8 0.038695
61.9 0.038579
62 0.038463
62.1 0.0383026
62.2 0.0381422
62.3 0.0379818
62.4 0.0378214
62.5 0.037661
62.6 0.0375006
62.7 0.0373402
62.8 0.0371798
62.9 0.0370194
63 0.036859
63.1 0.0366964
63.2 0.0365338
63.3 0.0363712
63.4 0.0362086
63.5 0.036046
63.6 0.0358834
63.7 0.0357208
63.8 0.0355582
63.9 0.0353956
64 0.035233
64.1 0.0350761
64.2 0.0349192
64.3 0.0347623
64.4 0.0346054
64.5 0.0344485
64.6 0.0342916
64.7 0.0341347
64.8 0.0339778
64.9 0.0338209
65 0.033664
65.1 0.0335126
65.2 0.0333612
65.3 0.0332098
65.4 0.0330584
65.5 0.032907
65.6 0.0327556
65.7 0.0326042
65.8 0.0324528
65.9 0.0323014
66 0.03215
66.1 0.0320039
66.2 0.0318578
66.3 0.0317117
66.4 0.0315656
66.5 0.0314195
66.6 0.0312734
66.7 0.0311273
66.8 0.0309812
66.9 0.0308351
67 0.030689
67.1 0.0305478
67.2 0.0304066
67.3 0.0302654
67.4 0.0301242
67.5 0.029983
67.6 0.0298418
67.7 0.0297006
67.8 0.0295594
67.9 0.0294182
68 0.029277
68.1 0.0291262
68.2 0.0289754
68.3 0.0288246
68.4 0.0286738
68.5 0.028523
68.6 0.0283722
68.7 0.0282214
68.8 0.0280706
68.9 0.0279198
69 0.027769
69.1 0.0275656
69.2 0.0273622
69.3 0.0271588
69.4 0.0269554
69.5 0.026752
69.6 0.0265486
69.7 0.0263452
69.8 0.0261418
69.9 0.0259384
70 0.025735
70.1 0.0257493
70.2 0.0257636
70.3 0.0257779
70.4 0.0257922
70.5 0.0258065
70.6 0.0258208
70.7 0.0258351
70.8 0.0258494
70.9 0.0258637
71 0.025878
71.1 0.026215
71.2 0.026552
71.3 0.026889
71.4 0.027226
71.5 0.027563
71.6 0.0279
71.7 0.028237
71.8 0.028574
71.9 0.028911
72 0.029248
72.1 0.029594
72.2 0.02994
72.3 0.030286
72.4 0.030632
72.5 0.030978
72.6 0.031324
72.7 0.03167
72.8 0.032016
72.9 0.032362
73 0.032708
73.1 0.0330603
73.2 0.0334126
73.3 0.0337649
73.4 0.0341172
73.5 0.0344695
73.6 0.0348218
73.7 0.0351741
73.8 0.0355264
73.9 0.0358787
74 0.036231
74.1 0.0365899
74.2 0.0369488
74.3 0.0373077
74.4 0.0376666
74.5 0.0380255
74.6 0.0383844
74.7 0.0387433
74.8 0.0391022
74.9 0.0394611
75 0.03982
75.1 0.0401857
75.2 0.0405514
75.3 0.0409171
75.4 0.0412828
75.5 0.0416485
75.6 0.0420142
75.7 0.0423799
75.8 0.0427456
75.9 0.0431113
76 0.043477
76.1 0.0438496
76.2 0.0442222
76.3 0.0445948
76.4 0.0449674
76.5 0.04534
76.6 0.0457126
76.7 0.0460852
76.8 0.0464578
76.9 0.0468304
77 0.047203
77.1 0.0477899
77.2 0.0483768
77.3 0.0489637
77.4 0.0495506
77.5 0.0501375
77.6 0.0507244
77.7 0.0513113
77.8 0.0518982
77.9 0.0524851
78 0.053072
78.1 0.0538491
78.2 0.0546262
78.3 0.0554033
78.4 0.0561804
78.5 0.0569575
78.6 0.0577346
78.7 0.0585117
78.8 0.0592888
78.9 0.0600659000000001
79 0.060843
79.1 0.0615959
79.2 0.0623488
79.3 0.0631017
79.4 0.0638546
79.5 0.0646075
79.6 0.0653604000000001
79.7 0.0661133000000001
79.8 0.0668662
79.9 0.0676191000000001
80 0.068372
80.1 0.0691017
80.2 0.0698314
80.3 0.0705611
80.4 0.0712908
80.5 0.0720205
80.6 0.0727502
80.7 0.0734799
80.8 0.0742096
80.9 0.0749393000000001
81 0.075669
81.1 0.0763767
81.2 0.0770844
81.3 0.0777921
81.4 0.0784998
81.5 0.0792075
81.6 0.0799152
81.7 0.0806229000000001
81.8 0.0813306000000001
81.9 0.0820383000000001
82 0.082746
82.1 0.0834325
82.2 0.084119
82.3 0.0848055
82.4 0.085492
82.5 0.0861785
82.6 0.086865
82.7 0.0875515
82.8 0.0882380000000001
82.9 0.0889245000000001
83 0.089611
83.1 0.0901151
83.2 0.0906192
83.3 0.0911233
83.4 0.0916274
83.5 0.0921315
83.6 0.0926356
83.7 0.0931397
83.8 0.0936438000000001
83.9 0.0941479000000001
84 0.094652
84.1 0.0946803
84.2 0.0947086
84.3 0.0947369
84.4 0.0947652
84.5 0.0947935
84.6 0.0948218
84.7 0.0948501
84.8 0.0948784
84.9 0.0949067
85 0.094935
85.1 0.0949328
85.2 0.0949306
85.3 0.0949284
85.4 0.0949262
85.5 0.094924
85.6 0.0949218
85.7 0.0949196
85.8 0.0949174
85.9 0.0949152
86 0.094913
86.1 0.0949107
86.2 0.0949084
86.3 0.0949061
86.4 0.0949038
86.5 0.0949015
86.6 0.0948992
86.7 0.0948969
86.8 0.0948946
86.9 0.0948923
87 0.09489
87.1 0.0947344
87.2 0.0945788
87.3 0.0944232
87.4 0.0942676
87.5 0.094112
87.6 0.0939564
87.7 0.0938008
87.8 0.0936452
87.9 0.0934896
88 0.093334
88.1 0.0943406
88.2 0.0953472
88.3 0.0963538
88.4 0.0973604000000001
88.5 0.0983670000000001
88.6 0.0993736000000001
88.7 0.1003802
88.8 0.1013868
88.9 0.1023934
89 0.1034
89.1 0.107515
89.2 0.11163
89.3 0.115745
89.4 0.11986
89.5 0.123975
89.6 0.12809
89.7 0.132205
89.8 0.13632
89.9 0.140435
90 0.14455
90.1 0.144074
90.2 0.143598
90.3 0.143122
90.4 0.142646
90.5 0.14217
90.6 0.141694
90.7 0.141218
90.8 0.140742
90.9 0.140266
91 0.13979
91.1 0.139493
91.2 0.139196
91.3 0.138899
91.4 0.138602
91.5 0.138305
91.6 0.138008
91.7 0.137711
91.8 0.137414
91.9 0.137117
92 0.13682
92.1 0.138138
92.2 0.139456
92.3 0.140774
92.4 0.142092
92.5 0.14341
92.6 0.144728
92.7 0.146046
92.8 0.147364
92.9 0.148682
93 0.15
93.1 0.151467
93.2 0.152934
93.3 0.154401
93.4 0.155868
93.5 0.157335
93.6 0.158802
93.7 0.160269
93.8 0.161736
93.9 0.163203
94 0.16467
94.1 0.165772
94.2 0.166874
94.3 0.167976
94.4 0.169078
94.5 0.17018
94.6 0.171282
94.7 0.172384
94.8 0.173486
94.9 0.174588
95 0.17569
95.1 0.176415
95.2 0.17714
95.3 0.177865
95.4 0.17859
95.5 0.179315
95.6 0.18004
95.7 0.180765
95.8 0.18149
95.9 0.182215
96 0.18294
96.1 0.185114
96.2 0.187288
96.3 0.189462
96.4 0.191636
96.5 0.19381
96.6 0.195984
96.7 0.198158
96.8 0.200332
96.9 0.202506
97 0.20468
97.1 0.20745
97.2 0.21022
97.3 0.21299
97.4 0.21576
97.5 0.21853
97.6 0.2213
97.7 0.22407
97.8 0.22684
97.9 0.22961
98 0.23238
98.1 0.234754
98.2 0.237128
98.3 0.239502
98.4 0.241876
98.5 0.24425
98.6 0.246624
98.7 0.248998
98.8 0.251372
98.9 0.253746
99 0.25612
99.1 0.258175
99.2 0.26023
99.3 0.262285
99.4 0.26434
99.5 0.266395
99.6 0.26845
99.7 0.270505
99.8 0.27256
99.9 0.274615
100 0.27667
100.1 0.278468
100.2 0.280266
100.3 0.282064
100.4 0.283862
100.5 0.28566
100.6 0.287458
100.7 0.289256
100.8 0.291054
100.9 0.292852
101 0.29465
101.1 0.295873
101.2 0.297096
101.3 0.298319
101.4 0.299542
101.5 0.300765
101.6 0.301988
101.7 0.303211
101.8 0.304434
101.9 0.305657
102 0.30688
102.1 0.307505
102.2 0.30813
102.3 0.308755
102.4 0.30938
102.5 0.310005
102.6 0.31063
102.7 0.311255
102.8 0.31188
102.9 0.312505
103 0.31313
103.1 0.313009
103.2 0.312888
103.3 0.312767
103.4 0.312646
103.5 0.312525
103.6 0.312404
103.7 0.312283
103.8 0.312162
103.9 0.312041
104 0.31192
104.1 0.311231
104.2 0.310542
104.3 0.309853
104.4 0.309164
104.5 0.308475
104.6 0.307786
104.7 0.307097
104.8 0.306408
104.9 0.305719
105 0.30503
105.1 0.303883
105.2 0.302736
105.3 0.301589
105.4 0.300442
105.5 0.299295
105.6 0.298148
105.7 0.297001
105.8 0.295854
105.9 0.294707
106 0.29356
106.1 0.292616
106.2 0.291672
106.3 0.290728
106.4 0.289784
106.5 0.28884
106.6 0.287896
106.7 0.286952
106.8 0.286008
106.9 0.285064
107 0.28412
107.1 0.284082
107.2 0.284044
107.3 0.284006
107.4 0.283968
107.5 0.28393
107.6 0.283892
107.7 0.283854
107.8 0.283816
107.9 0.283778
108 0.28374
108.1 0.283735
108.2 0.28373
108.3 0.283725
108.4 0.28372
108.5 0.283715
108.6 0.28371
108.7 0.283705
108.8 0.2837
108.9 0.283695
109 0.28369
109.1 0.28415
109.2 0.28461
109.3 0.28507
109.4 0.28553
109.5 0.28599
109.6 0.28645
109.7 0.28691
109.8 0.28737
109.9 0.28783
110 0.28829
110.1 0.289201
110.2 0.290112
110.3 0.291023
110.4 0.291934
110.5 0.292845
110.6 0.293756
110.7 0.294667
110.8 0.295578
110.9 0.296489
111 0.2974
111.1 0.297992
111.2 0.298584
111.3 0.299176
111.4 0.299768
111.5 0.30036
111.6 0.300952
111.7 0.301544
111.8 0.302136
111.9 0.302728
112 0.30332
112.1 0.303172
112.2 0.303024
112.3 0.302876
112.4 0.302728
112.5 0.30258
112.6 0.302432
112.7 0.302284
112.8 0.302136
112.9 0.301988
113 0.30184
113.1 0.302884
113.2 0.303928
113.3 0.304972
113.4 0.306016
113.5 0.30706
113.6 0.308104
113.7 0.309148
113.8 0.310192
113.9 0.311236
114 0.31228
114.1 0.313298
114.2 0.314316
114.3 0.315334
114.4 0.316352
114.5 0.31737
114.6 0.318388
114.7 0.319406
114.8 0.320424
114.9 0.321442
115 0.32246
115.1 0.323481
115.2 0.324502
115.3 0.325523
115.4 0.326544
115.5 0.327565
115.6 0.328586
115.7 0.329607
115.8 0.330628
115.9 0.331649
116 0.33267
116.1 0.333643
116.2 0.334616
116.3 0.335589
116.4 0.336562
116.5 0.337535
116.6 0.338508
116.7 0.339481
116.8 0.340454
116.9 0.341427
117 0.3424
117.1 0.353098
117.2 0.363796
117.3 0.374494
117.4 0.385192000000001
117.5 0.395890000000001
117.6 0.406588000000001
117.7 0.417286000000001
117.8 0.427984000000001
117.9 0.438682000000001
118 0.44938
118.1 0.455534
118.2 0.461688
118.3 0.467842
118.4 0.473996
118.5 0.48015
118.6 0.486304
118.7 0.492458
118.8 0.498612000000001
118.9 0.504766000000001
119 0.51092
119.1 0.510957
119.2 0.510994
119.3 0.511031
119.4 0.511068
119.5 0.511105
119.6 0.511142
119.7 0.511179
119.8 0.511216
119.9 0.511253
120 0.51129
120.1 0.511168
120.2 0.511046
120.3 0.510924
120.4 0.510802
120.5 0.51068
120.6 0.510558
120.7 0.510436
120.8 0.510314
120.9 0.510192
121 0.51007
121.1 0.510104
121.2 0.510138
121.3 0.510172
121.4 0.510206
121.5 0.51024
121.6 0.510274
121.7 0.510308
121.8 0.510342
121.9 0.510376
122 0.51041
122.1 0.51045
122.2 0.51049
122.3 0.51053
122.4 0.51057
122.5 0.51061
122.6 0.51065
122.7 0.51069
122.8 0.51073
122.9 0.51077
123 0.51081
123.1 0.510847
123.2 0.510884
123.3 0.510921
123.4 0.510958
123.5 0.510995
123.6 0.511032
123.7 0.511069
123.8 0.511106
123.9 0.511143
124 0.51118
124.1 0.511092
124.2 0.511004
124.3 0.510916
124.4 0.510828
124.5 0.51074
124.6 0.510652
124.7 0.510564
124.8 0.510476
124.9 0.510388
125 0.5103
125.1 0.5103
125.2 0.5103
125.3 0.5103
125.4 0.5103
125.5 0.5103
125.6 0.5103
125.7 0.5103
125.8 0.5103
125.9 0.5103
126 0.5103
126.1 0.510229
126.2 0.510158
126.3 0.510087
126.4 0.510016
126.5 0.509945
126.6 0.509874
126.7 0.509803
126.8 0.509732
126.9 0.509661
127 0.50959
127.1 0.509635
127.2 0.50968
127.3 0.509725
127.4 0.50977
127.5 0.509815
127.6 0.50986
127.7 0.509905
127.8 0.50995
127.9 0.509995
128 0.51004
128.1 0.510073
128.2 0.510106
128.3 0.510139
128.4 0.510172
128.5 0.510205
128.6 0.510238
128.7 0.510271
128.8 0.510304
128.9 0.510337
129 0.51037
129.1 0.510322
129.2 0.510274
129.3 0.510226
129.4 0.510178
129.5 0.51013
129.6 0.510082
129.7 0.510034
129.8 0.509986
129.9 0.509938
130 0.50989
130.1 0.5099
130.2 0.50991
130.3 0.50992
130.4 0.50993
130.5 0.50994
130.6 0.50995
130.7 0.50996
130.8 0.50997
130.9 0.50998
131 0.50999
131.1 0.510004
131.2 0.510018
131.3 0.510032
131.4 0.510046
131.5 0.51006
131.6 0.510074
131.7 0.510088
131.8 0.510102
131.9 0.510116
132 0.51013
132.1 0.510195
132.2 0.51026
132.3 0.510325
132.4 0.51039
132.5 0.510455
132.6 0.51052
132.7 0.510585
132.8 0.51065
132.9 0.510715
133 0.51078
133.1 0.510682
133.2 0.510584
133.3 0.510486
133.4 0.510388
133.5 0.51029
133.6 0.510192
133.7 0.510094
133.8 0.509996
133.9 0.509898
134 0.5098
134.1 0.509754
134.2 0.509708
134.3 0.509662
134.4 0.509616
134.5 0.50957
134.6 0.509524
134.7 0.509478
134.8 0.509432
134.9 0.509386
135 0.50934
135.1 0.509377
135.2 0.509414
135.3 0.509451
135.4 0.509488
135.5 0.509525
135.6 0.509562
135.7 0.509599
135.8 0.509636
135.9 0.509673
136 0.50971
136.1 0.509851
136.2 0.509992
136.3 0.510133
136.4 0.510274
136.5 0.510415
136.6 0.510556
136.7 0.510697
136.8 0.510838
136.9 0.510979
137 0.51112
137.1 0.511113
137.2 0.511106
137.3 0.511099
137.4 0.511092
137.5 0.511085
137.6 0.511078
137.7 0.511071
137.8 0.511064
137.9 0.511057
138 0.51105
138.1 0.511033
138.2 0.511016
138.3 0.510999
138.4 0.510982
138.5 0.510965
138.6 0.510948
138.7 0.510931
138.8 0.510914
138.9 0.510897
139 0.51088
139.1 0.510776
139.2 0.510672
139.3 0.510568
139.4 0.510464
139.5 0.51036
139.6 0.510256
139.7 0.510152
139.8 0.510048
139.9 0.509944
140 0.50984
140.1 0.509843
140.2 0.509846
140.3 0.509849
140.4 0.509852
140.5 0.509855
140.6 0.509858
140.7 0.509861
140.8 0.509864
140.9 0.509867
141 0.50987
141.1 0.509908
141.2 0.509946
141.3 0.509984
141.4 0.510022
141.5 0.51006
141.6 0.510098
141.7 0.510136
141.8 0.510174
141.9 0.510212
142 0.51025
142.1 0.51024
142.2 0.51023
142.3 0.51022
142.4 0.51021
142.5 0.5102
142.6 0.51019
142.7 0.51018
142.8 0.51017
142.9 0.51016
143 0.51015
143.1 0.510154
143.2 0.510158
143.3 0.510162
143.4 0.510166
143.5 0.51017
143.6 0.510174
143.7 0.510178
143.8 0.510182
143.9 0.510186
144 0.51019
144.1 0.510161
144.2 0.510132
144.3 0.510103
144.4 0.510074
144.5 0.510045
144.6 0.510016
144.7 0.509987
144.8 0.509958
144.9 0.509929
145 0.5099
145.1 0.50993
145.2 0.50996
145.3 0.50999
145.4 0.51002
145.5 0.51005
145.6 0.51008
145.7 0.51011
145.8 0.51014
145.9 0.51017
146 0.5102
146.1 0.510188
146.2 0.510176
146.3 0.510164
146.4 0.510152
146.5 0.51014
146.6 0.510128
146.7 0.510116
146.8 0.510104
146.9 0.510092
147 0.51008
147.1 0.510086
147.2 0.510092
147.3 0.510098
147.4 0.510104
147.5 0.51011
147.6 0.510116
147.7 0.510122
147.8 0.510128
147.9 0.510134
148 0.51014
148.1 0.510121
148.2 0.510102
148.3 0.510083
148.4 0.510064
148.5 0.510045
148.6 0.510026
148.7 0.510007
148.8 0.509988
148.9 0.509969
149 0.50995
149.1 0.509949
149.2 0.509948
149.3 0.509947
149.4 0.509946
149.5 0.509945
149.6 0.509944
149.7 0.509943
149.8 0.509942
149.9 0.509941
150 0.50994
150.1 0.509932
150.2 0.509924
150.3 0.509916
150.4 0.509908
150.5 0.5099
150.6 0.509892
150.7 0.509884
150.8 0.509876
150.9 0.509868
151 0.50986
151.1 0.509851
151.2 0.509842
151.3 0.509833
151.4 0.509824
151.5 0.509815
151.6 0.509806
151.7 0.509797
151.8 0.509788
151.9 0.509779
152 0.50977
152.1 0.509918
152.2 0.510066
152.3 0.510214
152.4 0.510362
152.5 0.51051
152.6 0.510658
152.7 0.510806
152.8 0.510954
152.9 0.511102
153 0.51125
153.1 0.511198
153.2 0.511146
153.3 0.511094
153.4 0.511042
153.5 0.51099
153.6 0.510938
153.7 0.510886
153.8 0.510834
153.9 0.510782
154 0.51073
154.1 0.510536
154.2 0.510342
154.3 0.510148
154.4 0.509954
154.5 0.50976
154.6 0.509566
154.7 0.509372
154.8 0.509178
154.9 0.508984
155 0.50879
155.1 0.508796
155.2 0.508802
155.3 0.508808
155.4 0.508814
155.5 0.50882
155.6 0.508826
155.7 0.508832
155.8 0.508838
155.9 0.508844
156 0.50885
156.1 0.50896
156.2 0.50907
156.3 0.50918
156.4 0.50929
156.5 0.5094
156.6 0.50951
156.7 0.50962
156.8 0.50973
156.9 0.50984
157 0.50995
157.1 0.510014
157.2 0.510078
157.3 0.510142
157.4 0.510206
157.5 0.51027
157.6 0.510334
157.7 0.510398
157.8 0.510462
157.9 0.510526
158 0.51059
158.1 0.510512
158.2 0.510434
158.3 0.510356
158.4 0.510278
158.5 0.5102
158.6 0.510122
158.7 0.510044
158.8 0.509966
158.9 0.509888
159 0.50981
159.1 0.509874
159.2 0.509938
159.3 0.510002
159.4 0.510066
159.5 0.51013
159.6 0.510194
159.7 0.510258
159.8 0.510322
159.9 0.510386
160 0.51045
160.1 0.510345
160.2 0.51024
160.3 0.510135
160.4 0.51003
160.5 0.509925
160.6 0.50982
160.7 0.509715
160.8 0.50961
160.9 0.509505
161 0.5094
161.1 0.509394
161.2 0.509388
161.3 0.509382
161.4 0.509376
161.5 0.50937
161.6 0.509364
161.7 0.509358
161.8 0.509352
161.9 0.509346
162 0.50934
162.1 0.509344
162.2 0.509348
162.3 0.509352
162.4 0.509356
162.5 0.50936
162.6 0.509364
162.7 0.509368
162.8 0.509372
162.9 0.509376
163 0.50938
163.1 0.509437
163.2 0.509494
163.3 0.509551
163.4 0.509608
163.5 0.509665
163.6 0.509722
163.7 0.509779
163.8 0.509836
163.9 0.509893
164 0.50995
164.1 0.509963
164.2 0.509976
164.3 0.509989
164.4 0.510002
164.5 0.510015
164.6 0.510028
164.7 0.510041
164.8 0.510054
164.9 0.510067
165 0.51008
165.1 0.509967
165.2 0.509854
165.3 0.509741
165.4 0.509628
165.5 0.509515
165.6 0.509402
165.7 0.509289
165.8 0.509176
165.9 0.509063
166 0.50895
166.1 0.508948
166.2 0.508946
166.3 0.508944
166.4 0.508942
166.5 0.50894
166.6 0.508938
166.7 0.508936
166.8 0.508934
166.9 0.508932
167 0.50893
167.1 0.509039
167.2 0.509148
167.3 0.509257
167.4 0.509366
167.5 0.509475
167.6 0.509584
167.7 0.509693
167.8 0.509802
167.9 0.509911
168 0.51002
168.1 0.510029
168.2 0.510038
168.3 0.510047
168.4 0.510056
168.5 0.510065
168.6 0.510074
168.7 0.510083
168.8 0.510092
168.9 0.510101
169 0.51011
169.1 0.510075
169.2 0.51004
169.3 0.510005
169.4 0.50997
169.5 0.509935
169.6 0.5099
169.7 0.509865
169.8 0.50983
169.9 0.509795
170 0.50976
170.1 0.509776
170.2 0.509792
170.3 0.509808
170.4 0.509824
170.5 0.50984
170.6 0.509856
170.7 0.509872
170.8 0.509888
170.9 0.509904
171 0.50992
171.1 0.50994
171.2 0.50996
171.3 0.50998
171.4 0.51
171.5 0.51002
171.6 0.51004
171.7 0.51006
171.8 0.51008
171.9 0.5101
172 0.51012
172.1 0.510101
172.2 0.510082
172.3 0.510063
172.4 0.510044
172.5 0.510025
172.6 0.510006
172.7 0.509987
172.8 0.509968
172.9 0.509949
173 0.50993
173.1 0.509978
173.2 0.510026
173.3 0.510074
173.4 0.510122
173.5 0.51017
173.6 0.510218
173.7 0.510266
173.8 0.510314
173.9 0.510362
174 0.51041
174.1 0.510406
174.2 0.510402
174.3 0.510398
174.4 0.510394
174.5 0.51039
174.6 0.510386
174.7 0.510382
174.8 0.510378
174.9 0.510374
175 0.51037
175.1 0.510333
175.2 0.510296
175.3 0.510259
175.4 0.510222
175.5 0.510185
175.6 0.510148
175.7 0.510111
175.8 0.510074
175.9 0.510037
176 0.51
176.1 0.510041
176.2 0.510082
176.3 0.510123
176.4 0.510164
176.5 0.510205
176.6 0.510246
176.7 0.510287
176.8 0.510328
176.9 0.510369
177 0.51041
177.1 0.510272
177.2 0.510134
177.3 0.509996
177.4 0.509858
177.5 0.50972
177.6 0.509582
177.7 0.509444
177.8 0.509306
177.9 0.509168
178 0.50903
178.1 0.50909
178.2 0.50915
178.3 0.50921
178.4 0.50927
178.5 0.50933
178.6 0.50939
178.7 0.50945
178.8 0.50951
178.9 0.50957
179 0.50963
179.1 0.509658
179.2 0.509686
179.3 0.509714
179.4 0.509742
179.5 0.50977
179.6 0.509798
179.7 0.509826
179.8 0.509854
179.9 0.509882
180 0.50991
180.1 0.50989
180.2 0.50987
180.3 0.50985
180.4 0.50983
180.5 0.50981
180.6 0.50979
180.7 0.50977
180.8 0.50975
180.9 0.50973
181 0.50971
181.1 0.509688
181.2 0.509666
181.3 0.509644
181.4 0.509622
181.5 0.5096
181.6 0.509578
181.7 0.509556
181.8 0.509534
181.9 0.509512
182 0.50949
182.1 0.509486
182.2 0.509482
182.3 0.509478
182.4 0.509474
182.5 0.50947
182.6 0.509466
182.7 0.509462
182.8 0.509458
182.9 0.509454
183 0.50945
183.1 0.509415
183.2 0.50938
183.3 0.509345
183.4 0.50931
183.5 0.509275
183.6 0.50924
183.7 0.509205
183.8 0.50917
183.9 0.509135
184 0.5091
184.1 0.509091
184.2 0.509082
184.3 0.509073
184.4 0.509064
184.5 0.509055
184.6 0.509046
184.7 0.509037
184.8 0.509028
184.9 0.509019
185 0.50901
185.1 0.509072
185.2 0.509134
185.3 0.509196
185.4 0.509258
185.5 0.50932
185.6 0.509382
185.7 0.509444
185.8 0.509506
185.9 0.509568
186 0.50963
186.1 0.509637
186.2 0.509644
186.3 0.509651
186.4 0.509658
186.5 0.509665
186.6 0.509672
186.7 0.509679
186.8 0.509686
186.9 0.509693
187 0.5097
187.1 0.509729
187.2 0.509758
187.3 0.509787
187.4 0.509816
187.5 0.509845
187.6 0.509874
187.7 0.509903
187.8 0.509932
187.9 0.509961
188 0.50999
188.1 0.509966
188.2 0.509942
188.3 0.509918
188.4 0.509894
188.5 0.50987
188.6 0.509846
188.7 0.509822
188.8 0.509798
188.9 0.509774
189 0.50975
189.1 0.509735
189.2 0.50972
189.3 0.509705
189.4 0.50969
189.5 0.509675
189.6 0.50966
189.7 0.509645
189.8 0.50963
189.9 0.509615
190 0.5096
190.1 0.509676
190.2 0.509752
190.3 0.509828
190.4 0.509904
190.5 0.50998
190.6 0.510056
190.7 0.510132
190.8 0.510208
190.9 0.510284
191 0.51036
191.1 0.510353
191.2 0.510346
191.3 0.510339
191.4 0.510332
191.5 0.510325
191.6 0.510318
191.7 0.510311
191.8 0.510304
191.9 0.510297
192 0.51029
192.1 0.510224
192.2 0.510158
192.3 0.510092
192.4 0.510026
192.5 0.50996
192.6 0.509894
192.7 0.509828
192.8 0.509762
192.9 0.509696
193 0.50963
193.1 0.509561
193.2 0.509492
193.3 0.509423
193.4 0.509354
193.5 0.509285
193.6 0.509216
193.7 0.509147
193.8 0.509078
193.9 0.509009
194 0.50894
194.1 0.509063
194.2 0.509186
194.3 0.509309
194.4 0.509432
194.5 0.509555
194.6 0.509678
194.7 0.509801
194.8 0.509924
194.9 0.510047
195 0.51017
195.1 0.521655
195.2 0.533140000000001
195.3 0.544625000000001
195.4 0.556110000000001
195.5 0.567595000000001
195.6 0.579080000000001
195.7 0.590565000000002
195.8 0.602050000000002
195.9 0.613535000000001
196 0.62502
196.1 0
196.2 0
196.3 0
196.4 0
196.5 0
196.6 0
196.7 0
196.8 0
196.9 0
