5 0.008373
5.1 0.00847932
5.2 0.00858564
5.3 0.00869196
5.4 0.00879828
5.5 0.0089046
5.6 0.00901092
5.7 0.00911724
5.8 0.00922356
5.9 0.00932988
6 0.0094362
6.1 0.00974148
6.2 0.01004676
6.3 0.01035204
6.4 0.01065732
6.5 0.0109626
6.6 0.01126788
6.7 0.01157316
6.8 0.01187844
6.9 0.01218372
7 0.012489
7.1 0.0127172
7.2 0.0129454
7.3 0.0131736
7.4 0.0134018
7.5 0.01363
7.6 0.0138582
7.7 0.0140864
7.8 0.0143146
7.9 0.0145428
8 0.014771
8.1 0.0149102
8.2 0.0150494
8.3 0.0151886
8.4 0.0153278
8.5 0.015467
8.6 0.0156062
8.7 0.0157454
8.8 0.0158846
8.9 0.0160238
9 0.016163
9.1 0.0162569
9.2 0.0163508
9.3 0.0164447
9.4 0.0165386
9.5 0.0166325
9.6 0.0167264
9.7 0.0168203
9.8 0.0169142
9.9 0.0170081
10 0.017102
10.1 0.0171695
10.2 0.017237
10.3 0.0173045
10.4 0.017372
10.5 0.0174395
10.6 0.017507
10.7 0.0175745
10.8 0.017642
10.9 0.0177095
11 0.017777
11.1 0.0178622
11.2 0.0179474
11.3 0.0180326
11.4 0.0181178
11.5 0.018203
11.6 0.0182882
11.7 0.0183734
11.8 0.0184586
11.9 0.0185438
12 0.018629
12.1 0.0190546
12.2 0.0194802
12.3 0.0199058
12.4 0.0203314
12.5 0.020757
12.6 0.0211826
12.7 0.0216082
12.8 0.0220338
12.9 0.0224594
13 0.022885
13.1 0.0232521
13.2 0.0236192
13.3 0.0239863
13.4 0.0243534
13.5 0.0247205
13.6 0.0250876
13.7 0.0254547
13.8 0.0258218
13.9 0.0261889
14 0.026556
14.1 0.0268118
14.2 0.0270676
14.3 0.0273234
14.4 0.0275792
14.5 0.027835
14.6 0.0280908
14.7 0.0283466
14.8 0.0286024
14.9 0.0288582
15 0.029114
15.1 0.0293026
15.2 0.0294912
15.3 0.0296798
15.4 0.0298684
15.5 0.030057
15.6 0.0302456
15.7 0.0304342
15.8 0.0306228
15.9 0.0308114
16 0.031
16.1 0.0311447
16.2 0.0312894
16.3 0.0314341
16.4 0.0315788
16.5 0.0317235
16.6 0.0318682
16.7 0.0320129
16.8 0.0321576
16.9 0.0323023
17 0.032447
17.1 0.0325616
17.2 0.0326762
17.3 0.0327908
17.4 0.0329054
17.5 0.03302
17.6 0.0331346
17.7 0.0332492
17.8 0.0333638
17.9 0.0334784
18 0.033593
18.1 0.033686
18.2 0.033779
18.3 0.033872
18.4 0.033965
18.5 0.034058
18.6 0.034151
18.7 0.034244
18.8 0.034337
18.9 0.03443
19 0.034523
19.1 0.0345999
19.2 0.0346768
19.3 0.0347537
19.4 0.0348306
19.5 0.0349075
19.6 0.0349844
19.7 0.0350613
19.8 0.0351382
19.9 0.0352151
20 0.035292
20.1 0.0353567
20.2 0.0354214
20.3 0.0354861
20.4 0.0355508
20.5 0.0356155
20.6 0.0356802
20.7 0.0357449
20.8 0.0358096
20.9 0.0358743
21 0.035939
21.1 0.0359943
21.2 0.0360496
21.3 0.0361049
21.4 0.0361602
21.5 0.0362155
21.6 0.0362708
21.7 0.0363261
21.8 0.0363814
21.9 0.0364367
22 0.036492
22.1 0.0365396
22.2 0.0365872
22.3 0.0366348
22.4 0.0366824
22.5 0.03673
22.6 0.0367776
22.7 0.0368252
22.8 0.0368728
22.9 0.0369204
23 0.036968
23.1 0.0370096
23.2 0.0370512
23.3 0.0370928
23.4 0.0371344
23.5 0.037176
23.6 0.0372176
23.7 0.0372592
23.8 0.0373008
23.9 0.0373424
24 0.037384
24.1 0.0374767
24.2 0.0375694
24.3 0.0376621
24.4 0.0377548
24.5 0.0378475
24.6 0.0379402
24.7 0.0380329
24.8 0.0381256
24.9 0.0382183
25 0.038311
25.1 0.0385706
25.2 0.0388302
25.3 0.0390898
25.4 0.0393494
25.5 0.039609
25.6 0.0398686
25.7 0.0401282
25.8 0.0403878
25.9 0.0406474
26 0.040907
26.1 0.0411376
26.2 0.0413682
26.3 0.0415988
26.4 0.0418294
26.5 0.04206
26.6 0.0422906
26.7 0.0425212
26.8 0.0427518
26.9 0.0429824
27 0.043213
27.1 0.0434077
27.2 0.0436024
27.3 0.0437971
27.4 0.0439918
27.5 0.0441865
27.6 0.0443812
27.7 0.0445759
27.8 0.0447706
27.9 0.0449653
28 0.04516
28.1 0.0453267
28.2 0.0454934
28.3 0.0456601
28.4 0.0458268
28.5 0.0459935
28.6 0.0461602
28.7 0.0463269
28.8 0.0464936
28.9 0.0466603
29 0.046827
29.1 0.0469712
29.2 0.0471154
29.3 0.0472596
29.4 0.0474038
29.5 0.047548
29.6 0.0476922
29.7 0.0478364
29.8 0.0479806
29.9 0.0481248
30 0.048269
30.1 0.0483951
30.2 0.0485212
30.3 0.0486473
30.4 0.0487734
30.5 0.0488995
30.6 0.0490256
30.7 0.0491517
30.8 0.0492778
30.9 0.0494039
31 0.04953
31.1 0.0496411
31.2 0.0497522
31.3 0.0498633
31.4 0.0499744
31.5 0.0500855
31.6 0.0501966
31.7 0.0503077
31.8 0.0504188
31.9 0.0505299
32 0.050641
32.1 0.0507397
32.2 0.0508384
32.3 0.0509371
32.4 0.0510358
32.5 0.0511345
32.6 0.0512332
32.7 0.0513319
32.8 0.0514306
32.9 0.0515293
33 0.051628
33.1 0.0517163
33.2 0.0518046
33.3 0.0518929
33.4 0.0519812
33.5 0.0520695
33.6 0.0521578
33.7 0.0522461
33.8 0.0523344
33.9 0.0524227
34 0.052511
34.1 0.0525908
34.2 0.0526706
34.3 0.0527504
34.4 0.0528302
34.5 0.05291
34.6 0.0529898
34.7 0.0530696
34.8 0.0531494
34.9 0.0532292
35 0.053309
35.1 0.0534319
35.2 0.0535548
35.3 0.0536777
35.4 0.0538006
35.5 0.0539235
35.6 0.0540464
35.7 0.0541693
35.8 0.0542922
35.9 0.0544151
36 0.054538
36.1 0.0546906
36.2 0.0548432
36.3 0.0549958
36.4 0.0551484
36.5 0.055301
36.6 0.0554536
36.7 0.0556062
36.8 0.0557588
36.9 0.0559114
37 0.056064
37.1 0.0562174
37.2 0.0563708
37.3 0.0565242
37.4 0.0566776
37.5 0.056831
37.6 0.0569844
37.7 0.0571378
37.8 0.0572912
37.9 0.0574446
38 0.057598
38.1 0.0577496
38.2 0.0579012
38.3 0.0580528
38.4 0.0582044
38.5 0.058356
38.6 0.0585076
38.7 0.0586592
38.8 0.0588108
38.9 0.0589624
39 0.059114
39.1 0.0592663
39.2 0.0594186
39.3 0.0595709
39.4 0.0597232
39.5 0.0598755
39.6 0.0600278
39.7 0.0601801
39.8 0.0603324
39.9 0.0604847
40 0.060637
40.1 0.0607904
40.2 0.0609438
40.3 0.0610972
40.4 0.0612506
40.5 0.061404
40.6 0.0615574
40.7 0.0617108
40.8 0.0618642
40.9 0.0620176
41 0.062171
41.1 0.0623415
41.2 0.062512
41.3 0.0626825
41.4 0.062853
41.5 0.0630235
41.6 0.063194
41.7 0.0633645
41.8 0.063535
41.9 0.0637055
42 0.063876
42.1 0.0640288
42.2 0.0641816
42.3 0.0643344
42.4 0.0644872
42.5 0.06464
42.6 0.0647928
42.7 0.0649456
42.8 0.0650984
42.9 0.0652512
43 0.065404
43.1 0.0655422
43.2 0.0656804
43.3 0.0658186
43.4 0.0659568
43.5 0.066095
43.6 0.0662332
43.7 0.0663714
43.8 0.0665096
43.9 0.0666478
44 0.066786
44.1 0.0669457
44.2 0.0671054
44.3 0.0672651
44.4 0.0674248
44.5 0.0675845
44.6 0.0677442
44.7 0.0679039
44.8 0.0680636
44.9 0.0682233
45 0.068383
45.1 0.0685312
45.2 0.0686794
45.3 0.0688276
45.4 0.0689758
45.5 0.069124
45.6 0.0692722
45.7 0.0694204
45.8 0.0695686
45.9 0.0697168
46 0.069865
46.1 0.0700259
46.2 0.0701868
46.3 0.0703477
46.4 0.0705086
46.5 0.0706695
46.6 0.0708304
46.7 0.0709913
46.8 0.0711522
46.9 0.0713131
47 0.071474
47.1 0.0716202
47.2 0.0717664
47.3 0.0719126
47.4 0.0720588
47.5 0.072205
47.6 0.0723512
47.7 0.0724974
47.8 0.0726436
47.9 0.0727898
48 0.072936
48.1 0.0730775
48.2 0.073219
48.3 0.0733605
48.4 0.073502
48.5 0.0736435
48.6 0.073785
48.7 0.0739265
48.8 0.074068
48.9 0.0742095
49 0.074351
49.1 0.0744941
49.2 0.0746372
49.3 0.0747803
49.4 0.0749234
49.5 0.0750665
49.6 0.0752096
49.7 0.0753527
49.8 0.0754958
49.9 0.0756389
50 0.075782
50.1 0.0759425
50.2 0.076103
50.3 0.0762635
50.4 0.076424
50.5 0.0765845
50.6 0.076745
50.7 0.0769055
50.8 0.077066
50.9 0.0772265
51 0.077387
51.1 0.077541
51.2 0.077695
51.3 0.077849
51.4 0.078003
51.5 0.078157
51.6 0.078311
51.7 0.078465
51.8 0.078619
51.9 0.078773
52 0.078927
52.1 0.079078
52.2 0.079229
52.3 0.07938
52.4 0.079531
52.5 0.079682
52.6 0.079833
52.7 0.079984
52.8 0.080135
52.9 0.080286
53 0.080437
53.1 0.0805821
53.2 0.0807272
53.3 0.0808723
53.4 0.0810174
53.5 0.0811625
53.6 0.0813076
53.7 0.0814527
53.8 0.0815978
53.9 0.0817429
54 0.081888
54.1 0.0820478
54.2 0.0822076
54.3 0.0823674
54.4 0.0825272
54.5 0.082687
54.6 0.0828468
54.7 0.0830066
54.8 0.0831664
54.9 0.0833262
55 0.083486
55.1 0.0836348
55.2 0.0837836
55.3 0.0839324
55.4 0.0840812
55.5 0.08423
55.6 0.0843788
55.7 0.0845276
55.8 0.0846764
55.9 0.0848252
56 0.084974
56.1 0.0851288
56.2 0.0852836
56.3 0.0854384
56.4 0.0855932
56.5 0.085748
56.6 0.0859028
56.7 0.0860576
56.8 0.0862124
56.9 0.0863672
57 0.086522
57.1 0.0866771
57.2 0.0868322
57.3 0.0869873
57.4 0.0871424
57.5 0.0872975
57.6 0.0874526
57.7 0.0876077
57.8 0.0877628
57.9 0.0879179
58 0.088073
58.1 0.0882197
58.2 0.0883664
58.3 0.0885131
58.4 0.0886598
58.5 0.0888065
58.6 0.0889532
58.7 0.0890999
58.8 0.0892466
58.9 0.0893933
59 0.08954
59.1 0.0896969
59.2 0.0898538
59.3 0.0900107
59.4 0.0901676
59.5 0.0903245
59.6 0.0904814
59.7 0.0906383
59.8 0.0907952
59.9 0.0909521
60 0.091109
60.1 0.0912632
60.2 0.0914174
60.3 0.0915716
60.4 0.0917258
60.5 0.09188
60.6 0.0920342
60.7 0.0921884
60.8 0.0923426
60.9 0.0924968
61 0.092651
61.1 0.0928021
61.2 0.0929532
61.3 0.0931043
61.4 0.0932554
61.5 0.0934065
61.6 0.0935576
61.7 0.0937087
61.8 0.0938598
61.9 0.0940109
62 0.094162
62.1 0.0943191
62.2 0.0944762
62.3 0.0946333
62.4 0.0947904
62.5 0.0949475
62.6 0.0951046
62.7 0.0952617
62.8 0.0954188
62.9 0.0955759
63 0.095733
63.1 0.0958811
63.2 0.0960292
63.3 0.0961773
63.4 0.0963254
63.5 0.0964735
63.6 0.0966216
63.7 0.0967697
63.8 0.0969178
63.9 0.0970659
64 0.097214
64.1 0.0973523
64.2 0.0974906
64.3 0.0976289
64.4 0.0977672
64.5 0.0979055
64.6 0.0980438
64.7 0.0981821
64.8 0.0983204
64.9 0.0984587
65 0.098597
65.1 0.0987503
65.2 0.0989036
65.3 0.0990569
65.4 0.0992102
65.5 0.0993635
65.6 0.0995168
65.7 0.0996701
65.8 0.0998234
65.9 0.0999767
66 0.10013
66.1 0.100288
66.2 0.100446
66.3 0.100604
66.4 0.100762
66.5 0.10092
66.6 0.101078
66.7 0.101236
66.8 0.101394
66.9 0.101552
67 0.10171
67.1 0.101861
67.2 0.102012
67.3 0.102163
67.4 0.102314
67.5 0.102465
67.6 0.102616
67.7 0.102767
67.8 0.102918
67.9 0.103069
68 0.10322
68.1 0.103368
68.2 0.103516
68.3 0.103664
68.4 0.103812
68.5 0.10396
68.6 0.104108
68.7 0.104256
68.8 0.104404
68.9 0.104552
69 0.1047
69.1 0.104858
69.2 0.105016
69.3 0.105174
69.4 0.105332
69.5 0.10549
69.6 0.105648
69.7 0.105806
69.8 0.105964
69.9 0.106122
70 0.10628
70.1 0.106434
70.2 0.106588
70.3 0.106742
70.4 0.106896
70.5 0.10705
70.6 0.107204
70.7 0.107358
70.8 0.107512
70.9 0.107666
71 0.10782
71.1 0.107968
71.2 0.108116
71.3 0.108264
71.4 0.108412
71.5 0.10856
71.6 0.108708
71.7 0.108856
71.8 0.109004
71.9 0.109152
72 0.1093
72.1 0.109446
72.2 0.109592
72.3 0.109738
72.4 0.109884
72.5 0.11003
72.6 0.110176
72.7 0.110322
72.8 0.110468
72.9 0.110614
73 0.11076
73.1 0.110915
73.2 0.11107
73.3 0.111225
73.4 0.11138
73.5 0.111535
73.6 0.11169
73.7 0.111845
73.8 0.112
73.9 0.112155
74 0.11231
74.1 0.112462
74.2 0.112614
74.3 0.112766
74.4 0.112918
74.5 0.11307
74.6 0.113222
74.7 0.113374
74.8 0.113526
74.9 0.113678
75 0.11383
75.1 0.113979
75.2 0.114128
75.3 0.114277
75.4 0.114426
75.5 0.114575
75.6 0.114724
75.7 0.114873
75.8 0.115022
75.9 0.115171
76 0.11532
76.1 0.115465
76.2 0.11561
76.3 0.115755
76.4 0.1159
76.5 0.116045
76.6 0.11619
76.7 0.116335
76.8 0.11648
76.9 0.116625
77 0.11677
77.1 0.116916
77.2 0.117062
77.3 0.117208
77.4 0.117354
77.5 0.1175
77.6 0.117646
77.7 0.117792
77.8 0.117938
77.9 0.118084
78 0.11823
78.1 0.118381
78.2 0.118532
78.3 0.118683
78.4 0.118834
78.5 0.118985
78.6 0.119136
78.7 0.119287
78.8 0.119438
78.9 0.119589
79 0.11974
79.1 0.119891
79.2 0.120042
79.3 0.120193
79.4 0.120344
79.5 0.120495
79.6 0.120646
79.7 0.120797
79.8 0.120948
79.9 0.121099
80 0.12125
80.1 0.121402
80.2 0.121554
80.3 0.121706
80.4 0.121858
80.5 0.12201
80.6 0.122162
80.7 0.122314
80.8 0.122466
80.9 0.122618
81 0.12277
81.1 0.122922
81.2 0.123074
81.3 0.123226
81.4 0.123378
81.5 0.12353
81.6 0.123682
81.7 0.123834
81.8 0.123986
81.9 0.124138
82 0.12429
82.1 0.124441
82.2 0.124592
82.3 0.124743
82.4 0.124894
82.5 0.125045
82.6 0.125196
82.7 0.125347
82.8 0.125498
82.9 0.125649
83 0.1258
83.1 0.125948
83.2 0.126096
83.3 0.126244
83.4 0.126392
83.5 0.12654
83.6 0.126688
83.7 0.126836
83.8 0.126984
83.9 0.127132
84 0.12728
84.1 0.127427
84.2 0.127574
84.3 0.127721
84.4 0.127868
84.5 0.128015
84.6 0.128162
84.7 0.128309
84.8 0.128456
84.9 0.128603
85 0.12875
85.1 0.128899
85.2 0.129048
85.3 0.129197
85.4 0.129346
85.5 0.129495
85.6 0.129644
85.7 0.129793
85.8 0.129942
85.9 0.130091
86 0.13024
86.1 0.130389
86.2 0.130538
86.3 0.130687
86.4 0.130836
86.5 0.130985
86.6 0.131134
86.7 0.131283
86.8 0.131432
86.9 0.131581
87 0.13173
87.1 0.131879
87.2 0.132028
87.3 0.132177
87.4 0.132326
87.5 0.132475
87.6 0.132624
87.7 0.132773
87.8 0.132922
87.9 0.133071
88 0.13322
88.1 0.133365
88.2 0.13351
88.3 0.133655
88.4 0.1338
88.5 0.133945
88.6 0.13409
88.7 0.134235
88.8 0.13438
88.9 0.134525
89 0.13467
89.1 0.134809
89.2 0.134948
89.3 0.135087
89.4 0.135226
89.5 0.135365
89.6 0.135504
89.7 0.135643
89.8 0.135782
89.9 0.135921
90 0.13606
90.1 0.136205
90.2 0.13635
90.3 0.136495
90.4 0.13664
90.5 0.136785
90.6 0.13693
90.7 0.137075
90.8 0.13722
90.9 0.137365
91 0.13751
91.1 0.13766
91.2 0.13781
91.3 0.13796
91.4 0.13811
91.5 0.13826
91.6 0.13841
91.7 0.13856
91.8 0.13871
91.9 0.13886
92 0.13901
92.1 0.139166
92.2 0.139322
92.3 0.139478
92.4 0.139634
92.5 0.13979
92.6 0.139946
92.7 0.140102
92.8 0.140258
92.9 0.140414
93 0.14057
93.1 0.140732
93.2 0.140894
93.3 0.141056
93.4 0.141218
93.5 0.14138
93.6 0.141542
93.7 0.141704
93.8 0.141866
93.9 0.142028
94 0.14219
94.1 0.142358
94.2 0.142526
94.3 0.142694
94.4 0.142862
94.5 0.14303
94.6 0.143198
94.7 0.143366
94.8 0.143534
94.9 0.143702
95 0.14387
95.1 0.144015
95.2 0.14416
95.3 0.144305
95.4 0.14445
95.5 0.144595
95.6 0.14474
95.7 0.144885
95.8 0.14503
95.9 0.145175
96 0.14532
96.1 0.14545
96.2 0.14558
96.3 0.14571
96.4 0.14584
96.5 0.14597
96.6 0.1461
96.7 0.14623
96.8 0.14636
96.9 0.14649
97 0.14662
97.1 0.146756
97.2 0.146892
97.3 0.147028
97.4 0.147164
97.5 0.1473
97.6 0.147436
97.7 0.147572
97.8 0.147708
97.9 0.147844
98 0.14798
98.1 0.148124
98.2 0.148268
98.3 0.148412
98.4 0.148556
98.5 0.1487
98.6 0.148844
98.7 0.148988
98.8 0.149132
98.9 0.149276
99 0.14942
99.1 0.149571
99.2 0.149722
99.3 0.149873
99.4 0.150024
99.5 0.150175
99.6 0.150326
99.7 0.150477
99.8 0.150628
99.9 0.150779
100 0.15093
100.1 0.151088
100.2 0.151246
100.3 0.151404
100.4 0.151562
100.5 0.15172
100.6 0.151878
100.7 0.152036
100.8 0.152194
100.9 0.152352
101 0.15251
101.1 0.152678
101.2 0.152846
101.3 0.153014
101.4 0.153182
101.5 0.15335
101.6 0.153518
101.7 0.153686
101.8 0.153854
101.9 0.154022
102 0.15419
102.1 0.154369
102.2 0.154548
102.3 0.154727
102.4 0.154906
102.5 0.155085
102.6 0.155264
102.7 0.155443
102.8 0.155622
102.9 0.155801
103 0.15598
103.1 0.15621
103.2 0.15644
103.3 0.15667
103.4 0.1569
103.5 0.15713
103.6 0.15736
103.7 0.15759
103.8 0.15782
103.9 0.15805
104 0.15828
104.1 0.158541
104.2 0.158802
104.3 0.159063
104.4 0.159324
104.5 0.159585
104.6 0.159846
104.7 0.160107
104.8 0.160368
104.9 0.160629
105 0.16089
105.1 0.161161
105.2 0.161432
105.3 0.161703
105.4 0.161974
105.5 0.162245
105.6 0.162516
105.7 0.162787
105.8 0.163058
105.9 0.163329
106 0.1636
106.1 0.163995
106.2 0.16439
106.3 0.164785
106.4 0.16518
106.5 0.165575
106.6 0.16597
106.7 0.166365
106.8 0.16676
106.9 0.167155
107 0.16755
107.1 0.168045
107.2 0.16854
107.3 0.169035
107.4 0.16953
107.5 0.170025
107.6 0.17052
107.7 0.171015
107.8 0.17151
107.9 0.172005
108 0.1725
108.1 0.173022
108.2 0.173544
108.3 0.174066
108.4 0.174588
108.5 0.17511
108.6 0.175632
108.7 0.176154
108.8 0.176676
108.9 0.177198
109 0.17772
109.1 0.178271
109.2 0.178822
109.3 0.179373
109.4 0.179924
109.5 0.180475
109.6 0.181026
109.7 0.181577
109.8 0.182128
109.9 0.182679
110 0.18323
110.1 0.183814
110.2 0.184398
110.3 0.184982
110.4 0.185566
110.5 0.18615
110.6 0.186734
110.7 0.187318
110.8 0.187902
110.9 0.188486
111 0.18907
111.1 0.189688
111.2 0.190306
111.3 0.190924
111.4 0.191542
111.5 0.19216
111.6 0.192778
111.7 0.193396
111.8 0.194014
111.9 0.194632
112 0.19525
112.1 0.195831
112.2 0.196412
112.3 0.196993
112.4 0.197574
112.5 0.198155
112.6 0.198736
112.7 0.199317
112.8 0.199898
112.9 0.200479
113 0.20106
113.1 0.201537
113.2 0.202014
113.3 0.202491
113.4 0.202968
113.5 0.203445
113.6 0.203922
113.7 0.204399
113.8 0.204876
113.9 0.205353
114 0.20583
114.1 0.206369
114.2 0.206908
114.3 0.207447
114.4 0.207986
114.5 0.208525
114.6 0.209064
114.7 0.209603
114.8 0.210142
114.9 0.210681
115 0.21122
115.1 0.211826
115.2 0.212432
115.3 0.213038
115.4 0.213644
115.5 0.21425
115.6 0.214856
115.7 0.215462
115.8 0.216068
115.9 0.216674
116 0.21728
116.1 0.217859
116.2 0.218438
116.3 0.219017
116.4 0.219596
116.5 0.220175
116.6 0.220754
116.7 0.221333
116.8 0.221912
116.9 0.222491
117 0.22307
117.1 0.22366
117.2 0.22425
117.3 0.22484
117.4 0.22543
117.5 0.22602
117.6 0.22661
117.7 0.2272
117.8 0.22779
117.9 0.22838
118 0.22897
118.1 0.229482
118.2 0.229994
118.3 0.230506
118.4 0.231018
118.5 0.23153
118.6 0.232042
118.7 0.232554
118.8 0.233066
118.9 0.233578
119 0.23409
119.1 0.234675
119.2 0.23526
119.3 0.235845
119.4 0.23643
119.5 0.237015
119.6 0.2376
119.7 0.238185
119.8 0.23877
119.9 0.239355
120 0.23994
120.1 0.240486
120.2 0.241032
120.3 0.241578
120.4 0.242124
120.5 0.24267
120.6 0.243216
120.7 0.243762
120.8 0.244308
120.9 0.244854
121 0.2454
121.1 0.245927
121.2 0.246454
121.3 0.246981
121.4 0.247508
121.5 0.248035
121.6 0.248562
121.7 0.249089
121.8 0.249616
121.9 0.250143
122 0.25067
122.1 0.250953
122.2 0.251236
122.3 0.251519
122.4 0.251802
122.5 0.252085
122.6 0.252368
122.7 0.252651
122.8 0.252934
122.9 0.253217
123 0.2535
123.1 0.253572
123.2 0.253644
123.3 0.253716
123.4 0.253788
123.5 0.25386
123.6 0.253932
123.7 0.254004
123.8 0.254076
123.9 0.254148
124 0.25422
124.1 0.253338
124.2 0.252456
124.3 0.251574
124.4 0.250692
124.5 0.24981
124.6 0.248928
124.7 0.248046
124.8 0.247164
124.9 0.246282
125 0.2454
125.1 0.244382
125.2 0.243364
125.3 0.242346
125.4 0.241328
125.5 0.24031
125.6 0.239292
125.7 0.238274
125.8 0.237256
125.9 0.236238
126 0.23522
126.1 0.234178
126.2 0.233136
126.3 0.232094
126.4 0.231052
126.5 0.23001
126.6 0.228968
126.7 0.227926
126.8 0.226884
126.9 0.225842
127 0.2248
127.1 0.223793
127.2 0.222786
127.3 0.221779
127.4 0.220772
127.5 0.219765
127.6 0.218758
127.7 0.217751
127.8 0.216744
127.9 0.215737
128 0.21473
128.1 0.213741
128.2 0.212752
128.3 0.211763
128.4 0.210774
128.5 0.209785
128.6 0.208796
128.7 0.207807
128.8 0.206818
128.9 0.205829
129 0.20484
129.1 0.203802
129.2 0.202764
129.3 0.201726
129.4 0.200688
129.5 0.19965
129.6 0.198612
129.7 0.197574
129.8 0.196536
129.9 0.195498
130 0.19446
130.1 0.193512
130.2 0.192564
130.3 0.191616
130.4 0.190668
130.5 0.18972
130.6 0.188772
130.7 0.187824
130.8 0.186876
130.9 0.185928
131 0.18498
131.1 0.183924
131.2 0.182868
131.3 0.181812
131.4 0.180756
131.5 0.1797
131.6 0.178644
131.7 0.177588
131.8 0.176532
131.9 0.175476
132 0.17442
132.1 0.173473
132.2 0.172526
132.3 0.171579
132.4 0.170632
132.5 0.169685
132.6 0.168738
132.7 0.167791
132.8 0.166844
132.9 0.165897
133 0.16495
133.1 0.163867
133.2 0.162784
133.3 0.161701
133.4 0.160618
133.5 0.159535
133.6 0.158452
133.7 0.157369
133.8 0.156286
133.9 0.155203
134 0.15412
134.1 0.15315
134.2 0.15218
134.3 0.15121
134.4 0.15024
134.5 0.14927
134.6 0.1483
134.7 0.14733
134.8 0.14636
134.9 0.14539
135 0.14442
135.1 0.143289
135.2 0.142158
135.3 0.141027
135.4 0.139896
135.5 0.138765
135.6 0.137634
135.7 0.136503
135.8 0.135372
135.9 0.134241
136 0.13311
136.1 0.132111
136.2 0.131112
136.3 0.130113
136.4 0.129114
136.5 0.128115
136.6 0.127116
136.7 0.126117
136.8 0.125118
136.9 0.124119
137 0.12312
137.1 0.12212
137.2 0.12112
137.3 0.12012
137.4 0.11912
137.5 0.11812
137.6 0.11712
137.7 0.11612
137.8 0.11512
137.9 0.11412
138 0.11312
138.1 0.112187
138.2 0.111254
138.3 0.110321
138.4 0.109388
138.5 0.108455
138.6 0.107522
138.7 0.106589
138.8 0.105656
138.9 0.104723
139 0.10379
139.1 0.1025921
139.2 0.1013942
139.3 0.1001963
139.4 0.0989983999999999
139.5 0.0978004999999999
139.6 0.0966025999999999
139.7 0.0954046999999999
139.8 0.0942067999999999
139.9 0.0930088999999999
140 0.091811
140.1 0.0908882
140.2 0.0899654
140.3 0.0890426
140.4 0.0881197999999999
140.5 0.0871969999999999
140.6 0.0862742
140.7 0.0853513999999999
140.8 0.0844285999999999
140.9 0.0835057999999999
141 0.082583
141.1 0.0814737
141.2 0.0803644
141.3 0.0792551
141.4 0.0781457999999999
141.5 0.0770364999999999
141.6 0.0759271999999999
141.7 0.0748178999999999
141.8 0.0737085999999999
141.9 0.0725992999999999
142 0.07149
142.1 0.0705113
142.2 0.0695326
142.3 0.0685539
142.4 0.0675751999999999
142.5 0.0665964999999999
142.6 0.0656178
142.7 0.0646390999999999
142.8 0.0636603999999999
142.9 0.0626816999999999
143 0.061703
143.1 0.0606418
143.2 0.0595806
143.3 0.0585194
143.4 0.0574581999999999
143.5 0.0563969999999999
143.6 0.0553358
143.7 0.0542745999999999
143.8 0.0532133999999999
143.9 0.0521521999999999
144 0.051091
144.1 0.0500629
144.2 0.0490348
144.3 0.0480067
144.4 0.0469785999999999
144.5 0.0459504999999999
144.6 0.0449224
144.7 0.0438942999999999
144.8 0.0428661999999999
144.9 0.0418380999999999
145 0.04081
145.1 0.0397898
145.2 0.0387696
145.3 0.0377494
145.4 0.0367291999999999
145.5 0.0357089999999999
145.6 0.0346888
145.7 0.0336685999999999
145.8 0.0326483999999999
145.9 0.0316281999999999
146 0.030608
146.1 0.0296911
146.2 0.0287742
146.3 0.0278573
146.4 0.0269404
146.5 0.0260234999999999
146.6 0.0251066
146.7 0.0241896999999999
146.8 0.0232727999999999
146.9 0.0223558999999999
147 0.021439
147.1 0.0212835
147.2 0.021128
147.3 0.0209725
147.4 0.020817
147.5 0.0206615
147.6 0.020506
147.7 0.0203505
147.8 0.020195
147.9 0.0200395
148 0.019884
148.1 0.0198653
148.2 0.0198466
148.3 0.0198279
148.4 0.0198092
148.5 0.0197905
148.6 0.0197718
148.7 0.0197531
148.8 0.0197344
148.9 0.0197157
149 0.019697
149.1 0.0196839
149.2 0.0196708
149.3 0.0196577
149.4 0.0196446
149.5 0.0196315
149.6 0.0196184
149.7 0.0196053
149.8 0.0195922
149.9 0.0195791
150 0.019566
150.1 0.0195493
150.2 0.0195326
150.3 0.0195159
150.4 0.0194992
150.5 0.0194825
150.6 0.0194658
150.7 0.0194491
150.8 0.0194324
150.9 0.0194157
151 0.019399
151.1 0.019381
151.2 0.019363
151.3 0.019345
151.4 0.019327
151.5 0.019309
151.6 0.019291
151.7 0.019273
151.8 0.019255
151.9 0.019237
152 0.019219
152.1 0.019204
152.2 0.019189
152.3 0.019174
152.4 0.019159
152.5 0.019144
152.6 0.019129
152.7 0.019114
152.8 0.019099
152.9 0.019084
153 0.019069
153.1 0.0190534
153.2 0.0190378
153.3 0.0190222
153.4 0.0190066
153.5 0.018991
153.6 0.0189754
153.7 0.0189598
153.8 0.0189442
153.9 0.0189286
154 0.018913
154.1 0.0188966
154.2 0.0188802
154.3 0.0188638
154.4 0.0188474
154.5 0.018831
154.6 0.0188146
154.7 0.0187982
154.8 0.0187818
154.9 0.0187654
155 0.018749
155.1 0.018735
155.2 0.018721
155.3 0.018707
155.4 0.018693
155.5 0.018679
155.6 0.018665
155.7 0.018651
155.8 0.018637
155.9 0.018623
156 0.018609
156.1 0.0185949
156.2 0.0185808
156.3 0.0185667
156.4 0.0185526
156.5 0.0185385
156.6 0.0185244
156.7 0.0185103
156.8 0.0184962
156.9 0.0184821
157 0.018468
157.1 0.0184513
157.2 0.0184346
157.3 0.0184179
157.4 0.0184012
157.5 0.0183845
157.6 0.0183678
157.7 0.0183511
157.8 0.0183344
157.9 0.0183177
158 0.018301
158.1 0.0182849
158.2 0.0182688
158.3 0.0182527
158.4 0.0182366
158.5 0.0182205
158.6 0.0182044
158.7 0.0181883
158.8 0.0181722
158.9 0.0181561
159 0.01814
159.1 0.0181215
159.2 0.018103
159.3 0.0180845
159.4 0.018066
159.5 0.0180475
159.6 0.018029
159.7 0.0180105
159.8 0.017992
159.9 0.0179735
160 0.017955
160.1 0.0179506
160.2 0.0179462
160.3 0.0179418
160.4 0.0179374
160.5 0.017933
160.6 0.0179286
160.7 0.0179242
160.8 0.0179198
160.9 0.0179154
161 0.017911
161.1 0.017911
161.2 0.017911
161.3 0.017911
161.4 0.017911
161.5 0.017911
161.6 0.017911
161.7 0.017911
161.8 0.017911
161.9 0.017911
162 0.017911
162.1 0.017911
162.2 0.017911
162.3 0.017911
162.4 0.017911
162.5 0.017911
162.6 0.017911
162.7 0.017911
162.8 0.017911
162.9 0.017911
163 0.017911
163.1 0.017911
163.2 0.017911
163.3 0.017911
163.4 0.017911
163.5 0.017911
163.6 0.017911
163.7 0.017911
163.8 0.017911
163.9 0.017911
164 0.017911
164.1 0.017911
164.2 0.017911
164.3 0.017911
164.4 0.017911
164.5 0.017911
164.6 0.017911
164.7 0.017911
164.8 0.017911
164.9 0.017911
165 0.017911
165.1 0.017911
165.2 0.017911
165.3 0.017911
165.4 0.017911
165.5 0.017911
165.6 0.017911
165.7 0.017911
165.8 0.017911
165.9 0.017911
166 0.017911
166.1 0.017911
166.2 0.017911
166.3 0.017911
166.4 0.017911
166.5 0.017911
166.6 0.017911
166.7 0.017911
166.8 0.017911
166.9 0.017911
167 0.017911
167.1 0.017911
167.2 0.017911
167.3 0.017911
167.4 0.017911
167.5 0.017911
167.6 0.017911
167.7 0.017911
167.8 0.017911
167.9 0.017911
168 0.017911
168.1 0.017911
168.2 0.017911
168.3 0.017911
168.4 0.017911
168.5 0.017911
168.6 0.017911
168.7 0.017911
168.8 0.017911
168.9 0.017911
169 0.017911
169.1 0.017911
169.2 0.017911
169.3 0.017911
169.4 0.017911
169.5 0.017911
169.6 0.017911
169.7 0.017911
169.8 0.017911
169.9 0.017911
170 0.017911
170.1 0.017911
170.2 0.017911
170.3 0.017911
170.4 0.017911
170.5 0.017911
170.6 0.017911
170.7 0.017911
170.8 0.017911
170.9 0.017911
171 0.017911
171.1 0.017911
171.2 0.017911
171.3 0.017911
171.4 0.017911
171.5 0.017911
171.6 0.017911
171.7 0.017911
171.8 0.017911
171.9 0.017911
172 0.017911
172.1 0.017911
172.2 0.017911
172.3 0.017911
172.4 0.017911
172.5 0.017911
172.6 0.017911
172.7 0.017911
172.8 0.017911
172.9 0.017911
173 0.017911
173.1 0.017911
173.2 0.017911
173.3 0.017911
173.4 0.017911
173.5 0.017911
173.6 0.017911
173.7 0.017911
173.8 0.017911
173.9 0.017911
174 0.017911
174.1 0.017911
174.2 0.017911
174.3 0.017911
174.4 0.017911
174.5 0.017911
174.6 0.017911
174.7 0.017911
174.8 0.017911
174.9 0.017911
175 0.017911
175.1 0.017911
175.2 0.017911
175.3 0.017911
175.4 0.017911
175.5 0.017911
175.6 0.017911
175.7 0.017911
175.8 0.017911
175.9 0.017911
176 0.017911
176.1 0.017911
176.2 0.017911
176.3 0.017911
176.4 0.017911
176.5 0.017911
176.6 0.017911
176.7 0.017911
176.8 0.017911
176.9 0.017911
177 0.017911
177.1 0.017911
177.2 0.017911
177.3 0.017911
177.4 0.017911
177.5 0.017911
177.6 0.017911
177.7 0.017911
177.8 0.017911
177.9 0.017911
178 0.017911
178.1 0.017911
178.2 0.017911
178.3 0.017911
178.4 0.017911
178.5 0.017911
178.6 0.017911
178.7 0.017911
178.8 0.017911
178.9 0.017911
179 0.017911
179.1 0.017911
179.2 0.017911
179.3 0.017911
179.4 0.017911
179.5 0.017911
179.6 0.017911
179.7 0.017911
179.8 0.017911
179.9 0.017911
180 0.017911
180.1 0.017911
180.2 0.017911
180.3 0.017911
180.4 0.017911
180.5 0.017911
180.6 0.017911
180.7 0.017911
180.8 0.017911
180.9 0.017911
181 0.017911
181.1 0.017911
181.2 0.017911
181.3 0.017911
181.4 0.017911
181.5 0.017911
181.6 0.017911
181.7 0.017911
181.8 0.017911
181.9 0.017911
182 0.017911
182.1 0.017911
182.2 0.017911
182.3 0.017911
182.4 0.017911
182.5 0.017911
182.6 0.017911
182.7 0.017911
182.8 0.017911
182.9 0.017911
183 0.017911
183.1 0.017911
183.2 0.017911
183.3 0.017911
183.4 0.017911
183.5 0.017911
183.6 0.017911
183.7 0.017911
183.8 0.017911
183.9 0.017911
184 0.017911
184.1 0.017911
184.2 0.017911
184.3 0.017911
184.4 0.017911
184.5 0.017911
184.6 0.017911
184.7 0.017911
184.8 0.017911
184.9 0.017911
185 0.017911
185.1 0.017911
185.2 0.017911
185.3 0.017911
185.4 0.017911
185.5 0.017911
185.6 0.017911
185.7 0.017911
185.8 0.017911
185.9 0.017911
186 0.017911
186.1 0.017911
186.2 0.017911
186.3 0.017911
186.4 0.017911
186.5 0.017911
186.6 0.017911
186.7 0.017911
186.8 0.017911
186.9 0.017911
187 0.017911
187.1 0.017911
187.2 0.017911
187.3 0.017911
187.4 0.017911
187.5 0.017911
187.6 0.017911
187.7 0.017911
187.8 0.017911
187.9 0.017911
188 0.017911
188.1 0.017911
188.2 0.017911
188.3 0.017911
188.4 0.017911
188.5 0.017911
188.6 0.017911
188.7 0.017911
188.8 0.017911
188.9 0.017911
189 0.017911
189.1 0.017911
189.2 0.017911
189.3 0.017911
189.4 0.017911
189.5 0.017911
189.6 0.017911
189.7 0.017911
189.8 0.017911
189.9 0.017911
190 0.017911
190.1 0.017911
190.2 0.017911
190.3 0.017911
190.4 0.017911
190.5 0.017911
190.6 0.017911
190.7 0.017911
190.8 0.017911
190.9 0.017911
191 0.017911
191.1 0.017911
191.2 0.017911
191.3 0.017911
191.4 0.017911
191.5 0.017911
191.6 0.017911
191.7 0.017911
191.8 0.017911
191.9 0.017911
192 0.017911
192.1 0.017911
192.2 0.017911
192.3 0.017911
192.4 0.017911
192.5 0.017911
192.6 0.017911
192.7 0.017911
192.8 0.017911
192.9 0.017911
193 0.017911
193.1 0.017911
193.2 0.017911
193.3 0.017911
193.4 0.017911
193.5 0.017911
193.6 0.017911
193.7 0.017911
193.8 0.017911
193.9 0.017911
194 0.017911
194.1 0.017911
194.2 0.017911
194.3 0.017911
194.4 0.017911
194.5 0.017911
194.6 0.017911
194.7 0.017911
194.8 0.017911
194.9 0.017911
195 0.017911
195.1 0.017911
195.2 0.017911
195.3 0.017911
195.4 0.017911
195.5 0.017911
195.6 0.017911
195.7 0.017911
195.8 0.017911
195.9 0.017911
196 0.017911
196.1 0.017911
196.2 0.017911
196.3 0.017911
196.4 0.017911
196.5 0.017911
196.6 0.017911
196.7 0.017911
196.8 0.017911
196.9 0.017911
197 0.017911
197.1 0.017911
197.2 0.017911
197.3 0.017911
197.4 0.017911
197.5 0.017911
197.6 0.017911
197.7 0.017911
197.8 0.017911
197.9 0.017911
198 0.017911
198.1 0.017911
198.2 0.017911
198.3 0.017911
198.4 0.017911
198.5 0.017911
198.6 0.017911
198.7 0.017911
198.8 0.017911
198.9 0.017911
199 0.017911
199.1 0.017911
199.2 0.017911
199.3 0.017911
199.4 0.017911
199.5 0.017911
199.6 0.017911
199.7 0.017911
199.8 0.017911
199.9 0.017911
200 0.017911
200.1 0.017911
200.2 0.017911
200.3 0.017911
200.4 0.017911
200.5 0.017911
200.6 0.017911
200.7 0.017911
200.8 0.017911
200.9 0.017911
201 0.017911
201.1 0.017911
201.2 0.017911
201.3 0.017911
201.4 0.017911
201.5 0.017911
201.6 0.017911
201.7 0.017911
201.8 0.017911
201.9 0.017911
202 0.017911
202.1 0.017911
202.2 0.017911
202.3 0.017911
202.4 0.017911
202.5 0.017911
202.6 0.017911
202.7 0.017911
202.8 0.017911
202.9 0.017911
203 0.017911
203.1 0.017911
203.2 0.017911
203.3 0.017911
203.4 0.017911
203.5 0.017911
203.6 0.017911
203.7 0.017911
203.8 0.017911
203.9 0.017911
204 0.017911
204.1 0.017911
204.2 0.017911
204.3 0.017911
204.4 0.017911
204.5 0.017911
204.6 0.017911
204.7 0.017911
204.8 0.017911
204.9 0.017911
205 0.017911
205.1 0.017911
205.2 0.017911
205.3 0.017911
205.4 0.017911
205.5 0.017911
205.6 0.017911
205.7 0.017911
205.8 0.017911
205.9 0.017911
206 0.017911
206.1 0.017911
206.2 0.017911
206.3 0.017911
206.4 0.017911
206.5 0.017911
206.6 0.017911
206.7 0.017911
206.8 0.017911
206.9 0.017911
207 0.017911
207.1 0.017911
207.2 0.017911
207.3 0.017911
207.4 0.017911
207.5 0.017911
207.6 0.017911
207.7 0.017911
207.8 0.017911
207.9 0.017911
208 0.017911
208.1 0.017911
208.2 0.017911
208.3 0.017911
208.4 0.017911
208.5 0.017911
208.6 0.017911
208.7 0.017911
208.8 0.017911
208.9 0.017911
209 0.017911
209.1 0.017911
209.2 0.017911
209.3 0.017911
209.4 0.017911
209.5 0.017911
209.6 0.017911
209.7 0.017911
209.8 0.017911
209.9 0.017911
210 0.017911
210.1 0.017911
210.2 0.017911
210.3 0.017911
210.4 0.017911
210.5 0.017911
210.6 0.017911
210.7 0.017911
210.8 0.017911
210.9 0.017911
211 0.017911
211.1 0.017911
211.2 0.017911
211.3 0.017911
211.4 0.017911
211.5 0.017911
211.6 0.017911
211.7 0.017911
211.8 0.017911
211.9 0.017911
212 0.017911
212.1 0.017911
212.2 0.017911
212.3 0.017911
212.4 0.017911
212.5 0.017911
212.6 0.017911
212.7 0.017911
212.8 0.017911
212.9 0.017911
213 0.017911
213.1 0.017911
213.2 0.017911
213.3 0.017911
213.4 0.017911
213.5 0.017911
213.6 0.017911
213.7 0.017911
213.8 0.017911
213.9 0.017911
214 0.017911
214.1 0.017911
214.2 0.017911
214.3 0.017911
214.4 0.017911
214.5 0.017911
214.6 0.017911
214.7 0.017911
214.8 0.017911
214.9 0.017911
215 0.017911
215.1 0.017911
215.2 0.017911
215.3 0.017911
215.4 0.017911
215.5 0.017911
215.6 0.017911
215.7 0.017911
215.8 0.017911
215.9 0.017911
216 0.017911
216.1 0.017911
216.2 0.017911
216.3 0.017911
216.4 0.017911
216.5 0.017911
216.6 0.017911
216.7 0.017911
216.8 0.017911
216.9 0.017911
217 0.017911
217.1 0.017911
217.2 0.017911
217.3 0.017911
217.4 0.017911
217.5 0.017911
217.6 0.017911
217.7 0.017911
217.8 0.017911
217.9 0.017911
218 0.017911
218.1 0.017911
218.2 0.017911
218.3 0.017911
218.4 0.017911
218.5 0.017911
218.6 0.017911
218.7 0.017911
218.8 0.017911
218.9 0.017911
219 0.017911
219.1 0.017911
219.2 0.017911
219.3 0.017911
219.4 0.017911
219.5 0.017911
219.6 0.017911
219.7 0.017911
219.8 0.017911
219.9 0.017911
220 0.017911
220.1 0.017911
220.2 0.017911
220.3 0.017911
220.4 0.017911
220.5 0.017911
220.6 0.017911
220.7 0.017911
220.8 0.017911
220.9 0.017911
221 0.017911
221.1 0.017911
221.2 0.017911
221.3 0.017911
221.4 0.017911
221.5 0.017911
221.6 0.017911
221.7 0.017911
221.8 0.017911
221.9 0.017911
222 0.017911
222.1 0.017911
222.2 0.017911
222.3 0.017911
222.4 0.017911
222.5 0.017911
222.6 0.017911
222.7 0.017911
222.8 0.017911
222.9 0.017911
223 0.017911
223.1 0.017911
223.2 0.017911
223.3 0.017911
223.4 0.017911
223.5 0.017911
223.6 0.017911
223.7 0.017911
223.8 0.017911
223.9 0.017911
224 0.017911
224.1 0.017911
224.2 0.017911
224.3 0.017911
224.4 0.017911
224.5 0.017911
224.6 0.017911
224.7 0.017911
224.8 0.017911
224.9 0.017911
225 0.017911
225.1 0.017911
225.2 0.017911
225.3 0.017911
225.4 0.017911
225.5 0.017911
225.6 0.017911
225.7 0.017911
225.8 0.017911
225.9 0.017911
226 0.017911
226.1 0.017911
226.2 0.017911
226.3 0.017911
226.4 0.017911
226.5 0.017911
226.6 0.017911
226.7 0.017911
226.8 0.017911
226.9 0.017911
227 0.017911
227.1 0.017911
227.2 0.017911
227.3 0.017911
227.4 0.017911
227.5 0.017911
227.6 0.017911
227.7 0.017911
227.8 0.017911
227.9 0.017911
228 0.017911
228.1 0.017911
228.2 0.017911
228.3 0.017911
228.4 0.017911
228.5 0.017911
228.6 0.017911
228.7 0.017911
228.8 0.017911
228.9 0.017911
229 0.017911
229.1 0.017911
229.2 0.017911
229.3 0.017911
229.4 0.017911
229.5 0.017911
229.6 0.017911
229.7 0.017911
229.8 0.017911
229.9 0.017911
230 0.017911
230.1 0.017911
230.2 0.017911
230.3 0.017911
230.4 0.017911
230.5 0.017911
230.6 0.017911
230.7 0.017911
230.8 0.017911
230.9 0.017911
231 0.017911
231.1 0.017911
231.2 0.017911
231.3 0.017911
231.4 0.017911
231.5 0.017911
231.6 0.017911
231.7 0.017911
231.8 0.017911
231.9 0.017911
232 0.017911
232.1 0.017911
232.2 0.017911
232.3 0.017911
232.4 0.017911
232.5 0.017911
232.6 0.017911
232.7 0.017911
232.8 0.017911
232.9 0.017911
233 0.017911
233.1 0.017911
233.2 0.017911
233.3 0.017911
233.4 0.017911
233.5 0.017911
233.6 0.017911
233.7 0.017911
233.8 0.017911
233.9 0.017911
234 0.017911
234.1 0.017911
234.2 0.017911
234.3 0.017911
234.4 0.017911
234.5 0.017911
234.6 0.017911
234.7 0.017911
234.8 0.017911
234.9 0.017911
235 0.017911
235.1 0.017911
235.2 0.017911
235.3 0.017911
235.4 0.017911
235.5 0.017911
235.6 0.017911
235.7 0.017911
235.8 0.017911
235.9 0.017911
236 0.017911
236.1 0.017911
236.2 0.017911
236.3 0.017911
236.4 0.017911
236.5 0.017911
236.6 0.017911
236.7 0.017911
236.8 0.017911
236.9 0.017911
237 0.017911
237.1 0.017911
237.2 0.017911
237.3 0.017911
237.4 0.017911
237.5 0.017911
237.6 0.017911
237.7 0.017911
237.8 0.017911
237.9 0.017911
238 0.017911
238.1 0.017911
238.2 0.017911
238.3 0.017911
238.4 0.017911
238.5 0.017911
238.6 0.017911
238.7 0.017911
238.8 0.017911
238.9 0.017911
239 0.017911
239.1 0.017911
239.2 0.017911
239.3 0.017911
239.4 0.017911
239.5 0.017911
239.6 0.017911
239.7 0.017911
239.8 0.017911
239.9 0.017911
240 0.017911
240.1 0.017911
240.2 0.017911
240.3 0.017911
240.4 0.017911
240.5 0.017911
240.6 0.017911
240.7 0.017911
240.8 0.017911
240.9 0.017911
241 0.017911
241.1 0.017911
241.2 0.017911
241.3 0.017911
241.4 0.017911
241.5 0.017911
241.6 0.017911
241.7 0.017911
241.8 0.017911
241.9 0.017911
242 0.017911
242.1 0.017911
242.2 0.017911
242.3 0.017911
242.4 0.017911
242.5 0.017911
242.6 0.017911
242.7 0.017911
242.8 0.017911
242.9 0.017911
243 0.017911
243.1 0.017911
243.2 0.017911
243.3 0.017911
243.4 0.017911
243.5 0.017911
243.6 0.017911
243.7 0.017911
243.8 0.017911
243.9 0.017911
244 0.017911
244.1 0.017911
244.2 0.017911
244.3 0.017911
244.4 0.017911
244.5 0.017911
244.6 0.017911
244.7 0.017911
244.8 0.017911
244.9 0.017911
245 0.017911
245.1 0.017911
245.2 0.017911
245.3 0.017911
245.4 0.017911
245.5 0.017911
245.6 0.017911
245.7 0.017911
245.8 0.017911
245.9 0.017911
246 0.017911
246.1 0.017911
246.2 0.017911
246.3 0.017911
246.4 0.017911
246.5 0.017911
246.6 0.017911
246.7 0.017911
246.8 0.017911
246.9 0.017911
247 0.017911
247.1 0.017911
247.2 0.017911
247.3 0.017911
247.4 0.017911
247.5 0.017911
247.6 0.017911
247.7 0.017911
247.8 0.017911
247.9 0.017911
248 0.017911
248.1 0.017911
248.2 0.017911
248.3 0.017911
248.4 0.017911
248.5 0.017911
248.6 0.017911
248.7 0.017911
248.8 0.017911
248.9 0.017911
249 0.017911
249.1 0.017911
249.2 0.017911
249.3 0.017911
249.4 0.017911
249.5 0.017911
249.6 0.017911
249.7 0.017911
249.8 0.017911
249.9 0.017911
250 0.017911
250.1 0.017911
250.2 0.017911
250.3 0.017911
250.4 0.017911
250.5 0.017911
250.6 0.017911
250.7 0.017911
250.8 0.017911
250.9 0.017911
251 0.017911
251.1 0.017911
251.2 0.017911
251.3 0.017911
251.4 0.017911
251.5 0.017911
251.6 0.017911
251.7 0.017911
251.8 0.017911
251.9 0.017911
252 0.017911
252.1 0.017911
252.2 0.017911
252.3 0.017911
252.4 0.017911
252.5 0.017911
252.6 0.017911
252.7 0.017911
252.8 0.017911
252.9 0.017911
253 0.017911
253.1 0.017911
253.2 0.017911
253.3 0.017911
253.4 0.017911
253.5 0.017911
253.6 0.017911
253.7 0.017911
253.8 0.017911
253.9 0.017911
254 0.017911
254.1 0.017911
254.2 0.017911
254.3 0.017911
254.4 0.017911
254.5 0.017911
254.6 0.017911
254.7 0.017911
254.8 0.017911
254.9 0.017911
255 0.017911
255.1 0.017911
255.2 0.017911
255.3 0.017911
255.4 0.017911
255.5 0.017911
255.6 0.017911
255.7 0.017911
255.8 0.017911
255.9 0.017911
256 0.017911
256.1 0.017911
256.2 0.017911
256.3 0.017911
256.4 0.017911
256.5 0.017911
256.6 0.017911
256.7 0.017911
256.8 0.017911
256.9 0.017911
257 0.017911
257.1 0.017911
257.2 0.017911
257.3 0.017911
257.4 0.017911
257.5 0.017911
257.6 0.017911
257.7 0.017911
257.8 0.017911
257.9 0.017911
258 0.017911
258.1 0.017911
258.2 0.017911
258.3 0.017911
258.4 0.017911
258.5 0.017911
258.6 0.017911
258.7 0.017911
258.8 0.017911
258.9 0.017911
259 0.017911
259.1 0.017911
259.2 0.017911
259.3 0.017911
259.4 0.017911
259.5 0.017911
259.6 0.017911
259.7 0.017911
259.8 0.017911
259.9 0.017911
260 0.017911
260.1 0.017911
260.2 0.017911
260.3 0.017911
260.4 0.017911
260.5 0.017911
260.6 0.017911
260.7 0.017911
260.8 0.017911
260.9 0.017911
261 0.017911
261.1 0.017911
261.2 0.017911
261.3 0.017911
261.4 0.017911
261.5 0.017911
261.6 0.017911
261.7 0.017911
261.8 0.017911
261.9 0.017911
262 0.017911
262.1 0.017911
262.2 0.017911
262.3 0.017911
262.4 0.017911
262.5 0.017911
262.6 0.017911
262.7 0.017911
262.8 0.017911
262.9 0.017911
263 0.017911
263.1 0.017911
263.2 0.017911
263.3 0.017911
263.4 0.017911
263.5 0.017911
263.6 0.017911
263.7 0.017911
263.8 0.017911
263.9 0.017911
264 0.017911
264.1 0.017911
264.2 0.017911
264.3 0.017911
264.4 0.017911
264.5 0.017911
264.6 0.017911
264.7 0.017911
264.8 0.017911
264.9 0.017911
265 0.017911
265.1 0.017911
265.2 0.017911
265.3 0.017911
265.4 0.017911
265.5 0.017911
265.6 0.017911
265.7 0.017911
265.8 0.017911
265.9 0.017911
266 0.017911
266.1 0.017911
266.2 0.017911
266.3 0.017911
266.4 0.017911
266.5 0.017911
266.6 0.017911
266.7 0.017911
266.8 0.017911
266.9 0.017911
267 0.017911
267.1 0.017911
267.2 0.017911
267.3 0.017911
267.4 0.017911
267.5 0.017911
267.6 0.017911
267.7 0.017911
267.8 0.017911
267.9 0.017911
268 0.017911
268.1 0.017911
268.2 0.017911
268.3 0.017911
268.4 0.017911
268.5 0.017911
268.6 0.017911
268.7 0.017911
268.8 0.017911
268.9 0.017911
269 0.017911
269.1 0.017911
269.2 0.017911
269.3 0.017911
269.4 0.017911
269.5 0.017911
269.6 0.017911
269.7 0.017911
269.8 0.017911
269.9 0.017911
270 0.017911
270.1 0.017911
270.2 0.017911
270.3 0.017911
270.4 0.017911
270.5 0.017911
270.6 0.017911
270.7 0.017911
270.8 0.017911
270.9 0.017911
271 0.017911
271.1 0.017911
271.2 0.017911
271.3 0.017911
271.4 0.017911
271.5 0.017911
271.6 0.017911
271.7 0.017911
271.8 0.017911
271.9 0.017911
272 0.017911
272.1 0.0179109
272.2 0.0179108
272.3 0.0179107
272.4 0.0179106
272.5 0.0179105
272.6 0.0179104
272.7 0.0179103
272.8 0.0179102
272.9 0.0179101
273 0.01791
273.1 0.016119
273.2 0.0143280000000001
273.3 0.0125370000000001
273.4 0.010746
273.5 0.0089550000000001
273.6 0.00716400000000008
273.7 0.00537300000000021
273.8 0.00358200000000021
273.9 0.001791
274 0
274.1 0
274.2 0
274.3 0
274.4 0
274.5 0
274.6 0
274.7 0
274.8 0
274.9 0
275 0
275.1 0
275.2 0
275.3 0
275.4 0
275.5 0
275.6 0
275.7 0
275.8 0
275.9 0
276 0
276.1 0
276.2 0
276.3 0
276.4 0
276.5 0
276.6 0
276.7 0
276.8 0
276.9 0
277 0
277.1 0
277.2 0
277.3 0
277.4 0
277.5 0
277.6 0
277.7 0
277.8 0
277.9 0
278 0
278.1 0
278.2 0
278.3 0
278.4 0
278.5 0
278.6 0
278.7 0
278.8 0
278.9 0
279 0
279.1 0
279.2 0
279.3 0
279.4 0
279.5 0
279.6 0
279.7 0
279.8 0
279.9 0
280 0
280.1 0
280.2 0
280.3 0
280.4 0
280.5 0
280.6 0
280.7 0
280.8 0
280.9 0
281 0
281.1 0
281.2 0
281.3 0
281.4 0
281.5 0
281.6 0
281.7 0
281.8 0
281.9 0
282 0
282.1 0
282.2 0
282.3 0
282.4 0
282.5 0
282.6 0
282.7 0
282.8 0
282.9 0
283 0
283.1 0
283.2 0
283.3 0
283.4 0
283.5 0
283.6 0
283.7 0
283.8 0
283.9 0
284 0
284.1 0
284.2 0
284.3 0
284.4 0
284.5 0
284.6 0
284.7 0
284.8 0
284.9 0
285 0
285.1 0
285.2 0
285.3 0
285.4 0
285.5 0
285.6 0
285.7 0
285.8 0
285.9 0
286 0
286.1 0
286.2 0
286.3 0
286.4 0
286.5 0
286.6 0
286.7 0
286.8 0
286.9 0
287 0
287.1 0
287.2 0
287.3 0
287.4 0
287.5 0
287.6 0
287.7 0
287.8 0
287.9 0
288 0
288.1 0
288.2 0
288.3 0
288.4 0
288.5 0
288.6 0
288.7 0
288.8 0
288.9 0
289 0
289.1 0
289.2 0
289.3 0
289.4 0
289.5 0
289.6 0
289.7 0
289.8 0
289.9 0
290 0
290.1 0
290.2 0
290.3 0
290.4 0
290.5 0
290.6 0
290.7 0
290.8 0
290.9 0
291 0
291.1 0
291.2 0
291.3 0
291.4 0
291.5 0
291.6 0
291.7 0
291.8 0
291.9 0
292 0
292.1 0
292.2 0
292.3 0
292.4 0
292.5 0
292.6 0
292.7 0
292.8 0
292.9 0
293 0
293.1 0
293.2 0
293.3 0
293.4 0
293.5 0
293.6 0
293.7 0
293.8 0
293.9 0
294 0
294.1 0
294.2 0
294.3 0
294.4 0
294.5 0
294.6 0
294.7 0
294.8 0
294.9 0
295 0
295.1 0
295.2 0
295.3 0
295.4 0
295.5 0
295.6 0
295.7 0
295.8 0
295.9 0
296 0
296.1 0
296.2 0
296.3 0
296.4 0
296.5 0
296.6 0
296.7 0
296.8 0
296.9 0
297 0
297.1 0
297.2 0
297.3 0
297.4 0
297.5 0
297.6 0
297.7 0
297.8 0
297.9 0
298 0
298.1 0
298.2 0
298.3 0
298.4 0
298.5 0
298.6 0
298.7 0
298.8 0
298.9 0
299 0
299.1 0
299.2 0
299.3 0
299.4 0
299.5 0
299.6 0
299.7 0
299.8 0
299.9 0
300 0
300.1 0
300.2 0
300.3 0
300.4 0
300.5 0
300.6 0
300.7 0
300.8 0
300.9 0
301 0
301.1 0
301.2 0
301.3 0
301.4 0
301.5 0
301.6 0
301.7 0
301.8 0
301.9 0
302 0
302.1 0
302.2 0
302.3 0
302.4 0
302.5 0
302.6 0
302.7 0
302.8 0
302.9 0
303 0
303.1 0
303.2 0
303.3 0
303.4 0
303.5 0
303.6 0
303.7 0
303.8 0
303.9 0
304 0
304.1 0
304.2 0
304.3 0
304.4 0
304.5 0
304.6 0
304.7 0
304.8 0
304.9 0
305 0
305.1 0
305.2 0
305.3 0
305.4 0
305.5 0
305.6 0
305.7 0
305.8 0
305.9 0
306 0
306.1 0
306.2 0
306.3 0
306.4 0
306.5 0
306.6 0
306.7 0
306.8 0
306.9 0
307 0
307.1 0
307.2 0
307.3 0
307.4 0
307.5 0
307.6 0
307.7 0
307.8 0
307.9 0
308 0
308.1 0
308.2 0
308.3 0
308.4 0
308.5 0
308.6 0
308.7 0
308.8 0
308.9 0
309 0
309.1 0
309.2 0
309.3 0
309.4 0
309.5 0
309.6 0
309.7 0
309.8 0
309.9 0
310 0
310.1 0
310.2 0
310.3 0
310.4 0
310.5 0
310.6 0
310.7 0
310.8 0
310.9 0
311 0
311.1 0
311.2 0
311.3 0
311.4 0
311.5 0
311.6 0
311.7 0
311.8 0
311.9 0
312 0
312.1 0
312.2 0
312.3 0
312.4 0
312.5 0
312.6 0
312.7 0
312.8 0
312.9 0
313 0
313.1 0
313.2 0
313.3 0
313.4 0
313.5 0
313.6 0
313.7 0
313.8 0
313.9 0
314 0
314.1 0
314.2 0
314.3 0
314.4 0
314.5 0
314.6 0
314.7 0
314.8 0
314.9 0
315 0
315.1 0
315.2 0
315.3 0
315.4 0
315.5 0
315.6 0
315.7 0
315.8 0
315.9 0
316 0
316.1 0
316.2 0
316.3 0
316.4 0
316.5 0
316.6 0
316.7 0
316.8 0
316.9 0
317 0
317.1 0
317.2 0
317.3 0
317.4 0
317.5 0
317.6 0
317.7 0
317.8 0
317.9 0
318 0
318.1 0
318.2 0
318.3 0
318.4 0
318.5 0
318.6 0
318.7 0
318.8 0
318.9 0
319 0
319.1 0
319.2 0
319.3 0
319.4 0
319.5 0
319.6 0
319.7 0
319.8 0
319.9 0
320 0
320.1 0
320.2 0
320.3 0
320.4 0
320.5 0
320.6 0
320.7 0
320.8 0
320.9 0
321 0
321.1 0
321.2 0
321.3 0
321.4 0
321.5 0
321.6 0
321.7 0
321.8 0
321.9 0
322 0
322.1 0
322.2 0
322.3 0
322.4 0
322.5 0
322.6 0
322.7 0
322.8 0
322.9 0
323 0
323.1 0
323.2 0
323.3 0
323.4 0
323.5 0
323.6 0
323.7 0
323.8 0
323.9 0
324 0
324.1 0
324.2 0
324.3 0
324.4 0
324.5 0
324.6 0
324.7 0
324.8 0
324.9 0
325 0
325.1 0
325.2 0
325.3 0
325.4 0
325.5 0
325.6 0
325.7 0
325.8 0
325.9 0
326 0
326.1 0
326.2 0
326.3 0
326.4 0
326.5 0
326.6 0
326.7 0
326.8 0
326.9 0
327 0
327.1 0
327.2 0
327.3 0
327.4 0
327.5 0
327.6 0
327.7 0
327.8 0
327.9 0
328 0
328.1 0
328.2 0
328.3 0
328.4 0
328.5 0
328.6 0
328.7 0
328.8 0
328.9 0
329 0
329.1 0
329.2 0
329.3 0
329.4 0
329.5 0
329.6 0
329.7 0
329.8 0
329.9 0
330 0
330.1 0
330.2 0
330.3 0
330.4 0
330.5 0
330.6 0
330.7 0
330.8 0
330.9 0
331 0
331.1 0
331.2 0
331.3 0
331.4 0
331.5 0
331.6 0
331.7 0
331.8 0
331.9 0
332 0
332.1 0
332.2 0
332.3 0
332.4 0
332.5 0
332.6 0
332.7 0
332.8 0
332.9 0
333 0
333.1 0
333.2 0
333.3 0
333.4 0
333.5 0
333.6 0
333.7 0
333.8 0
333.9 0
334 0
334.1 0
334.2 0
334.3 0
334.4 0
334.5 0
334.6 0
334.7 0
334.8 0
334.9 0
335 0
335.1 0
335.2 0
335.3 0
335.4 0
335.5 0
335.6 0
335.7 0
335.8 0
335.9 0
336 0
336.1 0
336.2 0
336.3 0
336.4 0
336.5 0
336.6 0
336.7 0
336.8 0
336.9 0
337 0
337.1 0
337.2 0
337.3 0
337.4 0
337.5 0
337.6 0
337.7 0
337.8 0
337.9 0
338 0
338.1 0
338.2 0
338.3 0
338.4 0
338.5 0
338.6 0
338.7 0
338.8 0
338.9 0
339 0
339.1 0
339.2 0
339.3 0
339.4 0
339.5 0
339.6 0
339.7 0
339.8 0
339.9 0
340 0
340.1 0
340.2 0
340.3 0
340.4 0
340.5 0
340.6 0
340.7 0
340.8 0
340.9 0
341 0
341.1 0
341.2 0
341.3 0
341.4 0
341.5 0
341.6 0
341.7 0
341.8 0
341.9 0
342 0
342.1 0
342.2 0
342.3 0
342.4 0
342.5 0
342.6 0
342.7 0
342.8 0
342.9 0
343 0
343.1 0
343.2 0
343.3 0
343.4 0
343.5 0
343.6 0
343.7 0
343.8 0
343.9 0
344 0
344.1 0
344.2 0
344.3 0
344.4 0
344.5 0
344.6 0
344.7 0
344.8 0
344.9 0
345 0
345.1 0
345.2 0
345.3 0
345.4 0
345.5 0
345.6 0
345.7 0
345.8 0
345.9 0
346 0
346.1 0
346.2 0
346.3 0
346.4 0
346.5 0
346.6 0
346.7 0
346.8 0
346.9 0
347 0
347.1 0
347.2 0
347.3 0
347.4 0
347.5 0
347.6 0
347.7 0
347.8 0
347.9 0
348 0
348.1 0
348.2 0
348.3 0
348.4 0
348.5 0
348.6 0
348.7 0
348.8 0
348.9 0
349 0
349.1 0
349.2 0
349.3 0
349.4 0
349.5 0
349.6 0
349.7 0
349.8 0
349.9 0
350 0
350.1 0
350.2 0
350.3 0
350.4 0
350.5 0
350.6 0
350.7 0
350.8 0
350.9 0
351 0
351.1 0
351.2 0
351.3 0
351.4 0
351.5 0
351.6 0
351.7 0
351.8 0
351.9 0
352 0
352.1 0
352.2 0
352.3 0
352.4 0
352.5 0
352.6 0
352.7 0
352.8 0
352.9 0
353 0
353.1 0
353.2 0
353.3 0
353.4 0
353.5 0
353.6 0
353.7 0
353.8 0
353.9 0
354 0
354.1 0
354.2 0
354.3 0
354.4 0
354.5 0
354.6 0
354.7 0
354.8 0
354.9 0
355 0
355.1 0
355.2 0
355.3 0
355.4 0
355.5 0
355.6 0
355.7 0
355.8 0
355.9 0
356 0
356.1 0
356.2 0
356.3 0
356.4 0
356.5 0
356.6 0
356.7 0
356.8 0
356.9 0
357 0
357.1 0
357.2 0
357.3 0
357.4 0
357.5 0
357.6 0
357.7 0
357.8 0
357.9 0
358 0
358.1 0
358.2 0
358.3 0
358.4 0
358.5 0
358.6 0
358.7 0
358.8 0
358.9 0
359 0
359.1 0
359.2 0
359.3 0
359.4 0
359.5 0
359.6 0
359.7 0
359.8 0
359.9 0
360 0
360.1 0
360.2 0
360.3 0
360.4 0
360.5 0
360.6 0
360.7 0
360.8 0
360.9 0
361 0
361.1 0
361.2 0
361.3 0
361.4 0
361.5 0
361.6 0
361.7 0
361.8 0
361.9 0
362 0
362.1 0
362.2 0
362.3 0
362.4 0
362.5 0
362.6 0
362.7 0
362.8 0
362.9 0
363 0
363.1 0
363.2 0
363.3 0
363.4 0
363.5 0
363.6 0
363.7 0
363.8 0
363.9 0
364 0
364.1 0
364.2 0
364.3 0
364.4 0
364.5 0
364.6 0
364.7 0
364.8 0
364.9 0
365 0
365.1 0
365.2 0
365.3 0
365.4 0
365.5 0
365.6 0
365.7 0
365.8 0
365.9 0
366 0
366.1 0
366.2 0
366.3 0
366.4 0
366.5 0
366.6 0
366.7 0
366.8 0
366.9 0
367 0
367.1 0
367.2 0
367.3 0
367.4 0
367.5 0
367.6 0
367.7 0
367.8 0
367.9 0
368 0
368.1 0
368.2 0
368.3 0
368.4 0
368.5 0
368.6 0
368.7 0
368.8 0
368.9 0
369 0
369.1 0
369.2 0
369.3 0
369.4 0
369.5 0
369.6 0
369.7 0
369.8 0
369.9 0
370 0
370.1 0
370.2 0
370.3 0
370.4 0
370.5 0
370.6 0
370.7 0
370.8 0
370.9 0
371 0
371.1 0
371.2 0
371.3 0
371.4 0
371.5 0
371.6 0
371.7 0
371.8 0
371.9 0
372 0
372.1 0
372.2 0
372.3 0
372.4 0
372.5 0
372.6 0
372.7 0
372.8 0
372.9 0
373 0
373.1 0
373.2 0
373.3 0
373.4 0
373.5 0
373.6 0
373.7 0
373.8 0
373.9 0
374 0
374.1 0
374.2 0
374.3 0
374.4 0
374.5 0
374.6 0
374.7 0
374.8 0
374.9 0
375 0
375.1 0
375.2 0
375.3 0
375.4 0
375.5 0
375.6 0
375.7 0
375.8 0
375.9 0
376 0
376.1 0
376.2 0
376.3 0
376.4 0
376.5 0
376.6 0
376.7 0
376.8 0
376.9 0
377 0
377.1 0
377.2 0
377.3 0
377.4 0
377.5 0
377.6 0
377.7 0
377.8 0
377.9 0
378 0
378.1 0
378.2 0
378.3 0
378.4 0
378.5 0
378.6 0
378.7 0
378.8 0
378.9 0
379 0
379.1 0
379.2 0
379.3 0
379.4 0
379.5 0
379.6 0
379.7 0
379.8 0
379.9 0
380 0
380.1 0
380.2 0
380.3 0
380.4 0
380.5 0
380.6 0
380.7 0
380.8 0
380.9 0
381 0
381.1 0
381.2 0
381.3 0
381.4 0
381.5 0
381.6 0
381.7 0
381.8 0
381.9 0
382 0
382.1 0
382.2 0
382.3 0
382.4 0
382.5 0
382.6 0
382.7 0
382.8 0
382.9 0
383 0
383.1 0
383.2 0
383.3 0
383.4 0
383.5 0
383.6 0
383.7 0
383.8 0
383.9 0
384 0
384.1 0
384.2 0
384.3 0
384.4 0
384.5 0
384.6 0
384.7 0
384.8 0
384.9 0
385 0
385.1 0
385.2 0
385.3 0
385.4 0
385.5 0
385.6 0
385.7 0
385.8 0
385.9 0
386 0
386.1 0
386.2 0
386.3 0
386.4 0
386.5 0
386.6 0
386.7 0
386.8 0
386.9 0
387 0
387.1 0
387.2 0
387.3 0
387.4 0
387.5 0
387.6 0
387.7 0
387.8 0
387.9 0
388 0
388.1 0
388.2 0
388.3 0
388.4 0
388.5 0
388.6 0
388.7 0
388.8 0
388.9 0
389 0
389.1 0
389.2 0
389.3 0
389.4 0
389.5 0
389.6 0
389.7 0
389.8 0
389.9 0
390 0
390.1 0
390.2 0
390.3 0
390.4 0
390.5 0
390.6 0
390.7 0
390.8 0
390.9 0
391 0
391.1 0
391.2 0
391.3 0
391.4 0
391.5 0
391.6 0
391.7 0
391.8 0
391.9 0
392 0
392.1 0
392.2 0
392.3 0
392.4 0
392.5 0
392.6 0
392.7 0
392.8 0
392.9 0
393 0
393.1 0
393.2 0
393.3 0
393.4 0
393.5 0
393.6 0
393.7 0
393.8 0
393.9 0
394 0
394.1 0
394.2 0
394.3 0
394.4 0
394.5 0
394.6 0
394.7 0
394.8 0
394.9 0
395 0
395.1 0
395.2 0
395.3 0
395.4 0
395.5 0
395.6 0
395.7 0
395.8 0
395.9 0
396 0
396.1 0
396.2 0
396.3 0
396.4 0
396.5 0
396.6 0
396.7 0
396.8 0
396.9 0
397 0
397.1 0
397.2 0
397.3 0
397.4 0
397.5 0
397.6 0
397.7 0
397.8 0
397.9 0
398 0
398.1 0
398.2 0
398.3 0
398.4 0
398.5 0
398.6 0
398.7 0
398.8 0
398.9 0
399 0
399.1 0
399.2 0
399.3 0
399.4 0
399.5 0
399.6 0
399.7 0
399.8 0
399.9 0
400 0
400.1 0
400.2 0
400.3 0
400.4 0
400.5 0
400.6 0
400.7 0
400.8 0
400.9 0
401 0
401.1 0
401.2 0
401.3 0
401.4 0
401.5 0
401.6 0
401.7 0
401.8 0
401.9 0
402 0
402.1 0
402.2 0
402.3 0
402.4 0
402.5 0
402.6 0
402.7 0
402.8 0
402.9 0
403 0
403.1 0
403.2 0
403.3 0
403.4 0
403.5 0
403.6 0
403.7 0
403.8 0
403.9 0
404 0
404.1 0
404.2 0
404.3 0
404.4 0
404.5 0
404.6 0
404.7 0
404.8 0
404.9 0
405 0
405.1 0
405.2 0
405.3 0
405.4 0
405.5 0
405.6 0
405.7 0
405.8 0
405.9 0
406 0
406.1 0
406.2 0
406.3 0
406.4 0
406.5 0
406.6 0
406.7 0
406.8 0
406.9 0
407 0
407.1 0
407.2 0
407.3 0
407.4 0
407.5 0
407.6 0
407.7 0
407.8 0
407.9 0
408 0
408.1 0
408.2 0
408.3 0
408.4 0
408.5 0
408.6 0
408.7 0
408.8 0
408.9 0
409 0
409.1 0
409.2 0
409.3 0
409.4 0
409.5 0
409.6 0
409.7 0
409.8 0
409.9 0
410 0
410.1 0
410.2 0
410.3 0
410.4 0
410.5 0
410.6 0
410.7 0
410.8 0
410.9 0
411 0
411.1 0
411.2 0
411.3 0
411.4 0
411.5 0
411.6 0
411.7 0
411.8 0
411.9 0
412 0
412.1 0
412.2 0
412.3 0
412.4 0
412.5 0
412.6 0
412.7 0
412.8 0
412.9 0
413 0
413.1 0
413.2 0
413.3 0
413.4 0
413.5 0
413.6 0
413.7 0
413.8 0
413.9 0
414 0
414.1 0
414.2 0
414.3 0
414.4 0
414.5 0
414.6 0
414.7 0
414.8 0
414.9 0
415 0
415.1 0
415.2 0
415.3 0
415.4 0
415.5 0
415.6 0
415.7 0
415.8 0
415.9 0
416 0
416.1 0
416.2 0
416.3 0
416.4 0
416.5 0
416.6 0
416.7 0
416.8 0
416.9 0
417 0
417.1 0
417.2 0
417.3 0
417.4 0
417.5 0
417.6 0
417.7 0
417.8 0
417.9 0
418 0
418.1 0
418.2 0
418.3 0
418.4 0
418.5 0
418.6 0
418.7 0
418.8 0
418.9 0
419 0
419.1 0
419.2 0
419.3 0
419.4 0
419.5 0
419.6 0
419.7 0
419.8 0
419.9 0
420 0
420.1 0
420.2 0
420.3 0
420.4 0
420.5 0
420.6 0
420.7 0
420.8 0
420.9 0
421 0
421.1 0
421.2 0
421.3 0
421.4 0
421.5 0
421.6 0
421.7 0
421.8 0
421.9 0
422 0
422.1 0
422.2 0
422.3 0
422.4 0
422.5 0
422.6 0
422.7 0
422.8 0
422.9 0
423 0
423.1 0
423.2 0
423.3 0
423.4 0
423.5 0
423.6 0
423.7 0
423.8 0
423.9 0
424 0
424.1 0
424.2 0
424.3 0
424.4 0
424.5 0
424.6 0
424.7 0
424.8 0
424.9 0
425 0
425.1 0
425.2 0
425.3 0
425.4 0
425.5 0
425.6 0
425.7 0
425.8 0
425.9 0
426 0
426.1 0
426.2 0
426.3 0
426.4 0
426.5 0
426.6 0
426.7 0
426.8 0
426.9 0
427 0
427.1 0
427.2 0
427.3 0
427.4 0
427.5 0
427.6 0
427.7 0
427.8 0
427.9 0
428 0
428.1 0
428.2 0
428.3 0
428.4 0
428.5 0
428.6 0
428.7 0
428.8 0
428.9 0
429 0
429.1 0
429.2 0
429.3 0
429.4 0
429.5 0
429.6 0
429.7 0
429.8 0
429.9 0
430 0
430.1 0
430.2 0
430.3 0
430.4 0
430.5 0
430.6 0
430.7 0
430.8 0
430.9 0
431 0
431.1 0
431.2 0
431.3 0
431.4 0
431.5 0
431.6 0
431.7 0
431.8 0
431.9 0
432 0
432.1 0
432.2 0
432.3 0
432.4 0
432.5 0
432.6 0
432.7 0
432.8 0
432.9 0
433 0
433.1 0
433.2 0
433.3 0
433.4 0
433.5 0
433.6 0
433.7 0
433.8 0
433.9 0
434 0
434.1 0
434.2 0
434.3 0
434.4 0
434.5 0
434.6 0
434.7 0
434.8 0
434.9 0
435 0
435.1 0
435.2 0
435.3 0
435.4 0
435.5 0
435.6 0
435.7 0
435.8 0
435.9 0
436 0
436.1 0
436.2 0
436.3 0
436.4 0
436.5 0
436.6 0
436.7 0
436.8 0
436.9 0
437 0
437.1 0
437.2 0
437.3 0
437.4 0
437.5 0
437.6 0
437.7 0
437.8 0
437.9 0
438 0
438.1 0
438.2 0
438.3 0
438.4 0
438.5 0
438.6 0
438.7 0
438.8 0
438.9 0
439 0
439.1 0
439.2 0
439.3 0
439.4 0
439.5 0
439.6 0
439.7 0
439.8 0
439.9 0
440 0
440.1 0
440.2 0
440.3 0
440.4 0
440.5 0
440.6 0
440.7 0
440.8 0
440.9 0
441 0
441.1 0
441.2 0
441.3 0
441.4 0
441.5 0
441.6 0
441.7 0
441.8 0
441.9 0
442 0
442.1 0
442.2 0
442.3 0
442.4 0
442.5 0
442.6 0
442.7 0
442.8 0
442.9 0
443 0
443.1 0
443.2 0
443.3 0
443.4 0
443.5 0
443.6 0
443.7 0
443.8 0
443.9 0
444 0
444.1 0
444.2 0
444.3 0
444.4 0
444.5 0
444.6 0
444.7 0
444.8 0
444.9 0
445 0
445.1 0
445.2 0
445.3 0
445.4 0
445.5 0
445.6 0
445.7 0
445.8 0
445.9 0
446 0
446.1 0
446.2 0
446.3 0
446.4 0
446.5 0
446.6 0
446.7 0
446.8 0
446.9 0
447 0
447.1 0
447.2 0
447.3 0
447.4 0
447.5 0
447.6 0
447.7 0
447.8 0
447.9 0
448 0
448.1 0
448.2 0
448.3 0
448.4 0
448.5 0
448.6 0
448.7 0
448.8 0
448.9 0
449 0
449.1 0
449.2 0
449.3 0
449.4 0
449.5 0
449.6 0
449.7 0
449.8 0
449.9 0
450 0
450.1 0
450.2 0
450.3 0
450.4 0
450.5 0
450.6 0
450.7 0
450.8 0
450.9 0
451 0
451.1 0
451.2 0
451.3 0
451.4 0
451.5 0
451.6 0
451.7 0
451.8 0
451.9 0
452 0
452.1 0
452.2 0
452.3 0
452.4 0
452.5 0
452.6 0
452.7 0
452.8 0
452.9 0
453 0
453.1 0
453.2 0
453.3 0
453.4 0
453.5 0
453.6 0
453.7 0
453.8 0
453.9 0
454 0
454.1 0
454.2 0
454.3 0
454.4 0
454.5 0
454.6 0
454.7 0
454.8 0
454.9 0
455 0
455.1 0
455.2 0
455.3 0
455.4 0
455.5 0
455.6 0
455.7 0
455.8 0
455.9 0
456 0
456.1 0
456.2 0
456.3 0
456.4 0
456.5 0
456.6 0
456.7 0
456.8 0
456.9 0
457 0
457.1 0
457.2 0
457.3 0
457.4 0
457.5 0
457.6 0
457.7 0
457.8 0
457.9 0
458 0
458.1 0
458.2 0
458.3 0
458.4 0
458.5 0
458.6 0
458.7 0
458.8 0
458.9 0
459 0
459.1 0
459.2 0
459.3 0
459.4 0
459.5 0
459.6 0
459.7 0
459.8 0
459.9 0
460 0
460.1 0
460.2 0
460.3 0
460.4 0
460.5 0
460.6 0
460.7 0
460.8 0
460.9 0
461 0
461.1 0
461.2 0
461.3 0
461.4 0
461.5 0
461.6 0
461.7 0
461.8 0
461.9 0
462 0
462.1 0
462.2 0
462.3 0
462.4 0
462.5 0
462.6 0
462.7 0
462.8 0
462.9 0
463 0
463.1 0
463.2 0
463.3 0
463.4 0
463.5 0
463.6 0
463.7 0
463.8 0
463.9 0
464 0
464.1 0
464.2 0
464.3 0
464.4 0
464.5 0
464.6 0
464.7 0
464.8 0
464.9 0
465 0
465.1 0
465.2 0
465.3 0
465.4 0
465.5 0
465.6 0
465.7 0
465.8 0
465.9 0
466 0
466.1 0
466.2 0
466.3 0
466.4 0
466.5 0
466.6 0
466.7 0
466.8 0
466.9 0
467 0
467.1 0
467.2 0
467.3 0
467.4 0
467.5 0
467.6 0
467.7 0
467.8 0
467.9 0
468 0
468.1 0
468.2 0
468.3 0
468.4 0
468.5 0
468.6 0
468.7 0
468.8 0
468.9 0
469 0
469.1 0
469.2 0
469.3 0
469.4 0
469.5 0
469.6 0
469.7 0
469.8 0
469.9 0
470 0
470.1 0
470.2 0
470.3 0
470.4 0
470.5 0
470.6 0
470.7 0
470.8 0
470.9 0
471 0
471.1 0
471.2 0
471.3 0
471.4 0
471.5 0
471.6 0
471.7 0
471.8 0
471.9 0
472 0
472.1 0
472.2 0
472.3 0
472.4 0
472.5 0
472.6 0
472.7 0
472.8 0
472.9 0
473 0
473.1 0
473.2 0
473.3 0
473.4 0
473.5 0
473.6 0
473.7 0
473.8 0
473.9 0
474 0
474.1 0
474.2 0
474.3 0
474.4 0
474.5 0
474.6 0
474.7 0
474.8 0
474.9 0
475 0
475.1 0
475.2 0
475.3 0
475.4 0
475.5 0
475.6 0
475.7 0
475.8 0
475.9 0
476 0
476.1 0
476.2 0
476.3 0
476.4 0
476.5 0
476.6 0
476.7 0
476.8 0
476.9 0
477 0
477.1 0
477.2 0
477.3 0
477.4 0
477.5 0
477.6 0
477.7 0
477.8 0
477.9 0
478 0
478.1 0
478.2 0
478.3 0
478.4 0
478.5 0
478.6 0
478.7 0
478.8 0
478.9 0
479 0
479.1 0
479.2 0
479.3 0
479.4 0
479.5 0
479.6 0
479.7 0
479.8 0
479.9 0
480 0
480.1 0
480.2 0
480.3 0
480.4 0
480.5 0
480.6 0
480.7 0
480.8 0
480.9 0
481 0
481.1 0
481.2 0
481.3 0
481.4 0
481.5 0
481.6 0
481.7 0
481.8 0
481.9 0
482 0
482.1 0
482.2 0
482.3 0
482.4 0
482.5 0
482.6 0
482.7 0
482.8 0
482.9 0
483 0
483.1 0
483.2 0
483.3 0
483.4 0
483.5 0
483.6 0
483.7 0
483.8 0
483.9 0
484 0
484.1 0
484.2 0
484.3 0
484.4 0
484.5 0
484.6 0
484.7 0
484.8 0
484.9 0
485 0
485.1 0
485.2 0
485.3 0
485.4 0
485.5 0
485.6 0
485.7 0
485.8 0
485.9 0
486 0
486.1 0
486.2 0
486.3 0
486.4 0
486.5 0
486.6 0
486.7 0
486.8 0
486.9 0
487 0
487.1 0
487.2 0
487.3 0
487.4 0
487.5 0
487.6 0
487.7 0
487.8 0
487.9 0
488 0
488.1 0
488.2 0
488.3 0
488.4 0
488.5 0
488.6 0
488.7 0
488.8 0
488.9 0
489 0
489.1 0
489.2 0
489.3 0
489.4 0
489.5 0
489.6 0
489.7 0
489.8 0
489.9 0
490 0
490.1 0
490.2 0
490.3 0
490.4 0
490.5 0
490.6 0
490.7 0
490.8 0
490.9 0
491 0
491.1 0
491.2 0
491.3 0
491.4 0
491.5 0
491.6 0
491.7 0
491.8 0
491.9 0
492 0
492.1 0
492.2 0
492.3 0
492.4 0
492.5 0
492.6 0
492.7 0
492.8 0
492.9 0
493 0
493.1 0
493.2 0
493.3 0
493.4 0
493.5 0
493.6 0
493.7 0
493.8 0
493.9 0
494 0
494.1 0
494.2 0
494.3 0
494.4 0
494.5 0
494.6 0
494.7 0
494.8 0
494.9 0
495 0
495.1 0
495.2 0
495.3 0
495.4 0
495.5 0
495.6 0
495.7 0
495.8 0
495.9 0
496 0
496.1 0
496.2 0
496.3 0
496.4 0
496.5 0
496.6 0
496.7 0
496.8 0
496.9 0
497 0
497.1 0
497.2 0
497.3 0
497.4 0
497.5 0
497.6 0
497.7 0
497.8 0
497.9 0
498 0
498.1 0
498.2 0
498.3 0
498.4 0
498.5 0
498.6 0
498.7 0
498.8 0
498.9 0
499 0
499.1 0
499.2 0
499.3 0
499.4 0
499.5 0
499.6 0
499.7 0
499.8 0
499.9 0
500 0
500.1 0
500.2 0
500.3 0
500.4 0
500.5 0
500.6 0
500.7 0
500.8 0
500.9 0
501 0
501.1 0
501.2 0
501.3 0
501.4 0
501.5 0
501.6 0
501.7 0
501.8 0
501.9 0
502 0
502.1 0
502.2 0
502.3 0
502.4 0
502.5 0
502.6 0
502.7 0
502.8 0
502.9 0
503 0
503.1 0
503.2 0
503.3 0
503.4 0
503.5 0
503.6 0
503.7 0
503.8 0
503.9 0
504 0
504.1 0
504.2 0
504.3 0
504.4 0
504.5 0
504.6 0
504.7 0
504.8 0
504.9 0
505 0
505.1 0
505.2 0
505.3 0
505.4 0
505.5 0
505.6 0
505.7 0
505.8 0
505.9 0
506 0
506.1 0
506.2 0
506.3 0
506.4 0
506.5 0
506.6 0
506.7 0
506.8 0
506.9 0
507 0
507.1 0
507.2 0
507.3 0
507.4 0
507.5 0
507.6 0
507.7 0
507.8 0
507.9 0
508 0
508.1 0
508.2 0
508.3 0
508.4 0
508.5 0
508.6 0
508.7 0
508.8 0
508.9 0
509 0
509.1 0
509.2 0
509.3 0
509.4 0
509.5 0
509.6 0
509.7 0
509.8 0
509.9 0
510 0
510.1 0
510.2 0
510.3 0
510.4 0
510.5 0
510.6 0
510.7 0
510.8 0
510.9 0
511 0
511.1 0
511.2 0
511.3 0
511.4 0
511.5 0
511.6 0
511.7 0
511.8 0
511.9 0
512 0
512.1 0
512.2 0
512.3 0
512.4 0
512.5 0
512.6 0
512.7 0
512.8 0
512.9 0
513 0
513.1 0
513.2 0
513.3 0
513.4 0
513.5 0
513.6 0
513.7 0
513.8 0
513.9 0
514 0
514.1 0
514.2 0
514.3 0
514.4 0
514.5 0
514.6 0
514.7 0
514.8 0
514.9 0
515 0
515.1 0
515.2 0
515.3 0
515.4 0
515.5 0
515.6 0
515.7 0
515.8 0
515.9 0
516 0
516.1 0
516.2 0
516.3 0
516.4 0
516.5 0
516.6 0
516.7 0
516.8 0
516.9 0
517 0
517.1 0
517.2 0
517.3 0
517.4 0
517.5 0
517.6 0
517.7 0
517.8 0
517.9 0
518 0
518.1 0
518.2 0
518.3 0
518.4 0
518.5 0
518.6 0
518.7 0
518.8 0
518.9 0
519 0
519.1 0
519.2 0
519.3 0
519.4 0
519.5 0
519.6 0
519.7 0
519.8 0
519.9 0
520 0
520.1 0
520.2 0
520.3 0
520.4 0
520.5 0
520.6 0
520.7 0
520.8 0
520.9 0
521 0
521.1 0
521.2 0
521.3 0
521.4 0
521.5 0
521.6 0
521.7 0
521.8 0
521.9 0
522 0
522.1 0
522.2 0
522.3 0
522.4 0
522.5 0
522.6 0
522.7 0
522.8 0
522.9 0
523 0
523.1 0
523.2 0
523.3 0
523.4 0
523.5 0
523.6 0
523.7 0
523.8 0
523.9 0
524 0
524.1 0
524.2 0
524.3 0
524.4 0
524.5 0
524.6 0
524.7 0
524.8 0
524.9 0
525 0
525.1 0
525.2 0
525.3 0
525.4 0
525.5 0
525.6 0
525.7 0
525.8 0
525.9 0
526 0
526.1 0
526.2 0
526.3 0
526.4 0
526.5 0
526.6 0
526.7 0
526.8 0
526.9 0
527 0
527.1 0
527.2 0
527.3 0
527.4 0
527.5 0
527.6 0
527.7 0
527.8 0
527.9 0
528 0
528.1 0
528.2 0
528.3 0
528.4 0
528.5 0
528.6 0
528.7 0
528.8 0
528.9 0
529 0
529.1 0
529.2 0
529.3 0
529.4 0
529.5 0
529.6 0
529.7 0
529.8 0
529.9 0
530 0
530.1 0
530.2 0
530.3 0
530.4 0
530.5 0
530.6 0
530.7 0
530.8 0
530.9 0
531 0
531.1 0
531.2 0
531.3 0
531.4 0
531.5 0
531.6 0
531.7 0
531.8 0
531.9 0
532 0
532.1 0
532.2 0
532.3 0
532.4 0
532.5 0
532.6 0
532.7 0
532.8 0
532.9 0
533 0
533.1 0
533.2 0
533.3 0
533.4 0
533.5 0
533.6 0
533.7 0
533.8 0
533.9 0
534 0
534.1 0
534.2 0
534.3 0
534.4 0
534.5 0
534.6 0
534.7 0
534.8 0
534.9 0
535 0
535.1 0
535.2 0
535.3 0
535.4 0
535.5 0
535.6 0
535.7 0
535.8 0
535.9 0
536 0
536.1 0
536.2 0
536.3 0
536.4 0
536.5 0
536.6 0
536.7 0
536.8 0
536.9 0
537 0
537.1 0
537.2 0
537.3 0
537.4 0
537.5 0
537.6 0
537.7 0
537.8 0
537.9 0
538 0
538.1 0
538.2 0
538.3 0
538.4 0
538.5 0
538.6 0
538.7 0
538.8 0
538.9 0
539 0
539.1 0
539.2 0
539.3 0
539.4 0
539.5 0
539.6 0
539.7 0
539.8 0
539.9 0
540 0
540.1 0
540.2 0
540.3 0
540.4 0
540.5 0
540.6 0
540.7 0
540.8 0
540.9 0
541 0
541.1 0
541.2 0
541.3 0
541.4 0
541.5 0
541.6 0
541.7 0
541.8 0
541.9 0
542 0
542.1 0
542.2 0
542.3 0
542.4 0
542.5 0
542.6 0
542.7 0
542.8 0
542.9 0
543 0
543.1 0
543.2 0
543.3 0
543.4 0
543.5 0
543.6 0
543.7 0
543.8 0
543.9 0
544 0
544.1 0
544.2 0
544.3 0
544.4 0
544.5 0
544.6 0
544.7 0
544.8 0
544.9 0
545 0
545.1 0
545.2 0
545.3 0
545.4 0
545.5 0
545.6 0
545.7 0
545.8 0
545.9 0
546 0
546.1 0
546.2 0
546.3 0
546.4 0
546.5 0
546.6 0
546.7 0
546.8 0
546.9 0
547 0
547.1 0
547.2 0
547.3 0
547.4 0
547.5 0
547.6 0
547.7 0
547.8 0
547.9 0
548 0
548.1 0
548.2 0
548.3 0
548.4 0
548.5 0
548.6 0
548.7 0
548.8 0
548.9 0
549 0
549.1 0
549.2 0
549.3 0
549.4 0
549.5 0
549.6 0
549.7 0
549.8 0
549.9 0
550 0
550.1 0
550.2 0
550.3 0
550.4 0
550.5 0
550.6 0
550.7 0
550.8 0
550.9 0
551 0
551.1 0
551.2 0
551.3 0
551.4 0
551.5 0
551.6 0
551.7 0
551.8 0
551.9 0
552 0
552.1 0
552.2 0
552.3 0
552.4 0
552.5 0
552.6 0
552.7 0
552.8 0
552.9 0
553 0
553.1 0
553.2 0
553.3 0
553.4 0
553.5 0
553.6 0
553.7 0
553.8 0
553.9 0
554 0
554.1 0
554.2 0
554.3 0
554.4 0
554.5 0
554.6 0
554.7 0
554.8 0
554.9 0
555 0
555.1 0
555.2 0
555.3 0
555.4 0
555.5 0
555.6 0
555.7 0
555.8 0
555.9 0
556 0
556.1 0
556.2 0
556.3 0
556.4 0
556.5 0
556.6 0
556.7 0
556.8 0
556.9 0
557 0
557.1 0
557.2 0
557.3 0
557.4 0
557.5 0
557.6 0
557.7 0
557.8 0
557.9 0
558 0
558.1 0
558.2 0
558.3 0
558.4 0
558.5 0
558.6 0
558.7 0
558.8 0
558.9 0
559 0
559.1 0
559.2 0
559.3 0
559.4 0
559.5 0
559.6 0
559.7 0
559.8 0
559.9 0
560 0
560.1 0
560.2 0
560.3 0
560.4 0
560.5 0
560.6 0
560.7 0
560.8 0
560.9 0
561 0
561.1 0
561.2 0
561.3 0
561.4 0
561.5 0
561.6 0
561.7 0
561.8 0
561.9 0
562 0
562.1 0
562.2 0
562.3 0
562.4 0
562.5 0
562.6 0
562.7 0
562.8 0
562.9 0
563 0
563.1 0
563.2 0
563.3 0
563.4 0
563.5 0
563.6 0
563.7 0
563.8 0
563.9 0
564 0
564.1 0
564.2 0
564.3 0
564.4 0
564.5 0
564.6 0
564.7 0
564.8 0
564.9 0
565 0
565.1 0
565.2 0
565.3 0
565.4 0
565.5 0
565.6 0
565.7 0
565.8 0
565.9 0
566 0
566.1 0
566.2 0
566.3 0
566.4 0
566.5 0
566.6 0
566.7 0
566.8 0
566.9 0
567 0
567.1 0
567.2 0
567.3 0
567.4 0
567.5 0
567.6 0
567.7 0
567.8 0
567.9 0
568 0
568.1 0
568.2 0
568.3 0
568.4 0
568.5 0
568.6 0
568.7 0
568.8 0
568.9 0
569 0
569.1 0
569.2 0
569.3 0
569.4 0
569.5 0
569.6 0
569.7 0
569.8 0
569.9 0
570 0
570.1 0
570.2 0
570.3 0
570.4 0
570.5 0
570.6 0
570.7 0
570.8 0
570.9 0
571 0
571.1 0
571.2 0
571.3 0
571.4 0
571.5 0
571.6 0
571.7 0
571.8 0
571.9 0
572 0
572.1 0
572.2 0
572.3 0
572.4 0
572.5 0
572.6 0
572.7 0
572.8 0
572.9 0
573 0
573.1 0
573.2 0
573.3 0
573.4 0
573.5 0
573.6 0
573.7 0
573.8 0
573.9 0
574 0
574.1 0
574.2 0
574.3 0
574.4 0
574.5 0
574.6 0
574.7 0
574.8 0
574.9 0
575 0
575.1 0
575.2 0
575.3 0
575.4 0
575.5 0
575.6 0
575.7 0
575.8 0
575.9 0
576 0
576.1 0
576.2 0
576.3 0
576.4 0
576.5 0
576.6 0
576.7 0
576.8 0
576.9 0
577 0
577.1 0
577.2 0
577.3 0
577.4 0
577.5 0
577.6 0
577.7 0
577.8 0
577.9 0
578 0
578.1 0
578.2 0
578.3 0
578.4 0
578.5 0
578.6 0
578.7 0
578.8 0
578.9 0
579 0
579.1 0
579.2 0
579.3 0
579.4 0
579.5 0
579.6 0
579.7 0
579.8 0
579.9 0
580 0
580.1 0
580.2 0
580.3 0
580.4 0
580.5 0
580.6 0
580.7 0
580.8 0
580.9 0
581 0
581.1 0
581.2 0
581.3 0
581.4 0
581.5 0
581.6 0
581.7 0
581.8 0
581.9 0
582 0
582.1 0
582.2 0
582.3 0
582.4 0
582.5 0
582.6 0
582.7 0
582.8 0
582.9 0
583 0
583.1 0
583.2 0
583.3 0
583.4 0
583.5 0
583.6 0
583.7 0
583.8 0
583.9 0
584 0
584.1 0
584.2 0
584.3 0
584.4 0
584.5 0
584.6 0
584.7 0
584.8 0
584.9 0
585 0
585.1 0
585.2 0
585.3 0
585.4 0
585.5 0
585.6 0
585.7 0
585.8 0
585.9 0
586 0
586.1 0
586.2 0
586.3 0
586.4 0
586.5 0
586.6 0
586.7 0
586.8 0
586.9 0
587 0
587.1 0
587.2 0
587.3 0
587.4 0
587.5 0
587.6 0
587.7 0
587.8 0
587.9 0
588 0
588.1 0
588.2 0
588.3 0
588.4 0
588.5 0
588.6 0
588.7 0
588.8 0
588.9 0
589 0
589.1 0
589.2 0
589.3 0
589.4 0
589.5 0
589.6 0
589.7 0
589.8 0
589.9 0
590 0
590.1 0
590.2 0
590.3 0
590.4 0
590.5 0
590.6 0
590.7 0
590.8 0
590.9 0
591 0
591.1 0
591.2 0
591.3 0
591.4 0
591.5 0
591.6 0
591.7 0
591.8 0
591.9 0
592 0
592.1 0
592.2 0
592.3 0
592.4 0
592.5 0
592.6 0
592.7 0
592.8 0
592.9 0
593 0
593.1 0
593.2 0
593.3 0
593.4 0
593.5 0
593.6 0
593.7 0
593.8 0
593.9 0
594 0
594.1 0
594.2 0
594.3 0
594.4 0
594.5 0
594.6 0
594.7 0
594.8 0
594.9 0
595 0
595.1 0
595.2 0
595.3 0
595.4 0
595.5 0
595.6 0
595.7 0
595.8 0
595.9 0
596 0
596.1 0
596.2 0
596.3 0
596.4 0
596.5 0
596.6 0
596.7 0
596.8 0
596.9 0
597 0
597.1 0
597.2 0
597.3 0
597.4 0
597.5 0
597.6 0
597.7 0
597.8 0
597.9 0
598 0
598.1 0
598.2 0
598.3 0
598.4 0
598.5 0
598.6 0
598.7 0
598.8 0
598.9 0
599 0
599.1 0
599.2 0
599.3 0
599.4 0
599.5 0
599.6 0
599.7 0
599.8 0
599.9 0
600 0
600.1 0
600.2 0
600.3 0
600.4 0
600.5 0
600.6 0
600.7 0
600.8 0
600.9 0
601 0
601.1 0
601.2 0
601.3 0
601.4 0
601.5 0
601.6 0
601.7 0
601.8 0
601.9 0
602 0
602.1 0
602.2 0
602.3 0
602.4 0
602.5 0
602.6 0
602.7 0
602.8 0
602.9 0
603 0
603.1 0
603.2 0
603.3 0
603.4 0
603.5 0
603.6 0
603.7 0
603.8 0
603.9 0
604 0
604.1 0
604.2 0
604.3 0
604.4 0
604.5 0
604.6 0
604.7 0
604.8 0
604.9 0
605 0
605.1 0
605.2 0
605.3 0
605.4 0
605.5 0
605.6 0
605.7 0
605.8 0
605.9 0
606 0
606.1 0
606.2 0
606.3 0
606.4 0
606.5 0
606.6 0
606.7 0
606.8 0
606.9 0
607 0
607.1 0
607.2 0
607.3 0
607.4 0
607.5 0
607.6 0
607.7 0
607.8 0
607.9 0
608 0
608.1 0
608.2 0
608.3 0
608.4 0
608.5 0
608.6 0
608.7 0
608.8 0
608.9 0
609 0
609.1 0
609.2 0
609.3 0
609.4 0
609.5 0
609.6 0
609.7 0
609.8 0
609.9 0
610 0
610.1 0
610.2 0
610.3 0
610.4 0
610.5 0
610.6 0
610.7 0
610.8 0
610.9 0
611 0
611.1 0
611.2 0
611.3 0
611.4 0
611.5 0
611.6 0
611.7 0
611.8 0
611.9 0
612 0
612.1 0
612.2 0
612.3 0
612.4 0
612.5 0
612.6 0
612.7 0
612.8 0
612.9 0
613 0
613.1 0
613.2 0
613.3 0
613.4 0
613.5 0
613.6 0
613.7 0
613.8 0
613.9 0
614 0
614.1 0
614.2 0
614.3 0
614.4 0
614.5 0
614.6 0
614.7 0
614.8 0
614.9 0
615 0
615.1 0
615.2 0
615.3 0
615.4 0
615.5 0
615.6 0
615.7 0
615.8 0
615.9 0
616 0
616.1 0
616.2 0
616.3 0
616.4 0
616.5 0
616.6 0
616.7 0
616.8 0
616.9 0
617 0
617.1 0
617.2 0
617.3 0
617.4 0
617.5 0
617.6 0
617.7 0
617.8 0
617.9 0
618 0
618.1 0
618.2 0
618.3 0
618.4 0
618.5 0
618.6 0
618.7 0
618.8 0
618.9 0
619 0
619.1 0
619.2 0
619.3 0
619.4 0
619.5 0
619.6 0
619.7 0
619.8 0
619.9 0
620 0
620.1 0
620.2 0
620.3 0
620.4 0
620.5 0
620.6 0
620.7 0
620.8 0
620.9 0
621 0
621.1 0
621.2 0
621.3 0
621.4 0
621.5 0
621.6 0
621.7 0
621.8 0
621.9 0
622 0
622.1 0
622.2 0
622.3 0
622.4 0
622.5 0
622.6 0
622.7 0
622.8 0
622.9 0
623 0
623.1 0
623.2 0
623.3 0
623.4 0
623.5 0
623.6 0
623.7 0
623.8 0
623.9 0
624 0
624.1 0
624.2 0
624.3 0
624.4 0
624.5 0
624.6 0
624.7 0
624.8 0
624.9 0
625 0
625.1 0
625.2 0
625.3 0
625.4 0
625.5 0
625.6 0
625.7 0
625.8 0
625.9 0
626 0
626.1 0
626.2 0
626.3 0
626.4 0
626.5 0
626.6 0
626.7 0
626.8 0
626.9 0
627 0
627.1 0
627.2 0
627.3 0
627.4 0
627.5 0
627.6 0
627.7 0
627.8 0
627.9 0
628 0
628.1 0
628.2 0
628.3 0
628.4 0
628.5 0
628.6 0
628.7 0
628.8 0
628.9 0
629 0
629.1 0
629.2 0
629.3 0
629.4 0
629.5 0
629.6 0
629.7 0
629.8 0
629.9 0
630 0
630.1 0
630.2 0
630.3 0
630.4 0
630.5 0
630.6 0
630.7 0
630.8 0
630.9 0
631 0
631.1 0
631.2 0
631.3 0
631.4 0
631.5 0
631.6 0
631.7 0
631.8 0
631.9 0
632 0
632.1 0
632.2 0
632.3 0
632.4 0
632.5 0
632.6 0
632.7 0
632.8 0
632.9 0
633 0
633.1 0
633.2 0
633.3 0
633.4 0
633.5 0
633.6 0
633.7 0
633.8 0
633.9 0
634 0
634.1 0
634.2 0
634.3 0
634.4 0
634.5 0
634.6 0
634.7 0
634.8 0
634.9 0
635 0
635.1 0
635.2 0
635.3 0
635.4 0
635.5 0
635.6 0
635.7 0
635.8 0
635.9 0
636 0
636.1 0
636.2 0
636.3 0
636.4 0
636.5 0
636.6 0
636.7 0
636.8 0
636.9 0
637 0
637.1 0
637.2 0
637.3 0
637.4 0
637.5 0
637.6 0
637.7 0
637.8 0
637.9 0
638 0
638.1 0
638.2 0
638.3 0
638.4 0
638.5 0
638.6 0
638.7 0
638.8 0
638.9 0
639 0
639.1 0
639.2 0
639.3 0
639.4 0
639.5 0
639.6 0
639.7 0
639.8 0
639.9 0
640 0
640.1 0
640.2 0
640.3 0
640.4 0
640.5 0
640.6 0
640.7 0
640.8 0
640.9 0
641 0
641.1 0
641.2 0
641.3 0
641.4 0
641.5 0
641.6 0
641.7 0
641.8 0
641.9 0
642 0
642.1 0
642.2 0
642.3 0
642.4 0
642.5 0
642.6 0
642.7 0
642.8 0
642.9 0
643 0
643.1 0
643.2 0
643.3 0
643.4 0
643.5 0
643.6 0
643.7 0
643.8 0
643.9 0
644 0
644.1 0
644.2 0
644.3 0
644.4 0
644.5 0
644.6 0
644.7 0
644.8 0
644.9 0
645 0
645.1 0
645.2 0
645.3 0
645.4 0
645.5 0
645.6 0
645.7 0
645.8 0
645.9 0
646 0
646.1 0
646.2 0
646.3 0
646.4 0
646.5 0
646.6 0
646.7 0
646.8 0
646.9 0
647 0
647.1 0
647.2 0
647.3 0
647.4 0
647.5 0
647.6 0
647.7 0
647.8 0
647.9 0
648 0
648.1 0
648.2 0
648.3 0
648.4 0
648.5 0
648.6 0
648.7 0
648.8 0
648.9 0
649 0
649.1 0
649.2 0
649.3 0
649.4 0
649.5 0
649.6 0
649.7 0
649.8 0
649.9 0
650 0
650.1 0
650.2 0
650.3 0
650.4 0
650.5 0
650.6 0
650.7 0
650.8 0
650.9 0
651 0
651.1 0
651.2 0
651.3 0
651.4 0
651.5 0
651.6 0
651.7 0
651.8 0
651.9 0
652 0
652.1 0
652.2 0
652.3 0
652.4 0
652.5 0
652.6 0
652.7 0
652.8 0
652.9 0
653 0
653.1 0
653.2 0
653.3 0
653.4 0
653.5 0
653.6 0
653.7 0
653.8 0
653.9 0
654 0
654.1 0
654.2 0
654.3 0
654.4 0
654.5 0
654.6 0
654.7 0
654.8 0
654.9 0
655 0
655.1 0
655.2 0
655.3 0
655.4 0
655.5 0
655.6 0
655.7 0
655.8 0
655.9 0
656 0
656.1 0
656.2 0
656.3 0
656.4 0
656.5 0
656.6 0
656.7 0
656.8 0
656.9 0
657 0
657.1 0
657.2 0
657.3 0
657.4 0
657.5 0
657.6 0
657.7 0
657.8 0
657.9 0
658 0
658.1 0
658.2 0
658.3 0
658.4 0
658.5 0
658.6 0
658.7 0
658.8 0
658.9 0
659 0
659.1 0
659.2 0
659.3 0
659.4 0
659.5 0
659.6 0
659.7 0
659.8 0
659.9 0
660 0
660.1 0
660.2 0
660.3 0
660.4 0
660.5 0
660.6 0
660.7 0
660.8 0
660.9 0
661 0
661.1 0
661.2 0
661.3 0
661.4 0
661.5 0
661.6 0
661.7 0
661.8 0
661.9 0
662 0
662.1 0
662.2 0
662.3 0
662.4 0
662.5 0
662.6 0
662.7 0
662.8 0
662.9 0
663 0
663.1 0
663.2 0
663.3 0
663.4 0
663.5 0
663.6 0
663.7 0
663.8 0
663.9 0
664 0
664.1 0
664.2 0
664.3 0
664.4 0
664.5 0
664.6 0
664.7 0
664.8 0
664.9 0
665 0
665.1 0
665.2 0
665.3 0
665.4 0
665.5 0
665.6 0
665.7 0
665.8 0
665.9 0
666 0
666.1 0
666.2 0
666.3 0
666.4 0
666.5 0
666.6 0
666.7 0
666.8 0
666.9 0
667 0
667.1 0
667.2 0
667.3 0
667.4 0
667.5 0
667.6 0
667.7 0
667.8 0
667.9 0
668 0
668.1 0
668.2 0
668.3 0
668.4 0
668.5 0
668.6 0
668.7 0
668.8 0
668.9 0
669 0
669.1 0
669.2 0
669.3 0
669.4 0
669.5 0
669.6 0
669.7 0
669.8 0
669.9 0
670 0
670.1 0
670.2 0
670.3 0
670.4 0
670.5 0
670.6 0
670.7 0
670.8 0
670.9 0
671 0
671.1 0
671.2 0
671.3 0
671.4 0
671.5 0
671.6 0
671.7 0
671.8 0
671.9 0
672 0
672.1 0
672.2 0
672.3 0
672.4 0
672.5 0
672.6 0
672.7 0
672.8 0
672.9 0
673 0
673.1 0
673.2 0
673.3 0
673.4 0
673.5 0
673.6 0
673.7 0
673.8 0
673.9 0
674 0
674.1 0
674.2 0
674.3 0
674.4 0
674.5 0
674.6 0
674.7 0
674.8 0
674.9 0
675 0
675.1 0
675.2 0
675.3 0
675.4 0
675.5 0
675.6 0
675.7 0
675.8 0
675.9 0
676 0
676.1 0
676.2 0
676.3 0
676.4 0
676.5 0
676.6 0
676.7 0
676.8 0
676.9 0
677 0
677.1 0
677.2 0
677.3 0
677.4 0
677.5 0
677.6 0
677.7 0
677.8 0
677.9 0
678 0
678.1 0
678.2 0
678.3 0
678.4 0
678.5 0
678.6 0
678.7 0
678.8 0
678.9 0
679 0
679.1 0
679.2 0
679.3 0
679.4 0
679.5 0
679.6 0
679.7 0
679.8 0
679.9 0
680 0
680.1 0
680.2 0
680.3 0
680.4 0
680.5 0
680.6 0
680.7 0
680.8 0
680.9 0
681 0
681.1 0
681.2 0
681.3 0
681.4 0
681.5 0
681.6 0
681.7 0
681.8 0
681.9 0
682 0
682.1 0
682.2 0
682.3 0
682.4 0
682.5 0
682.6 0
682.7 0
682.8 0
682.9 0
683 0
683.1 0
683.2 0
683.3 0
683.4 0
683.5 0
683.6 0
683.7 0
683.8 0
683.9 0
684 0
684.1 0
684.2 0
684.3 0
684.4 0
684.5 0
684.6 0
684.7 0
684.8 0
684.9 0
685 0
685.1 0
685.2 0
685.3 0
685.4 0
685.5 0
685.6 0
685.7 0
685.8 0
685.9 0
686 0
686.1 0
686.2 0
686.3 0
686.4 0
686.5 0
686.6 0
686.7 0
686.8 0
686.9 0
687 0
687.1 0
687.2 0
687.3 0
687.4 0
687.5 0
687.6 0
687.7 0
687.8 0
687.9 0
688 0
688.1 0
688.2 0
688.3 0
688.4 0
688.5 0
688.6 0
688.7 0
688.8 0
688.9 0
689 0
689.1 0
689.2 0
689.3 0
689.4 0
689.5 0
689.6 0
689.7 0
689.8 0
689.9 0
690 0
690.1 0
690.2 0
690.3 0
690.4 0
690.5 0
690.6 0
690.7 0
690.8 0
690.9 0
691 0
691.1 0
691.2 0
691.3 0
691.4 0
691.5 0
691.6 0
691.7 0
691.8 0
691.9 0
692 0
692.1 0
692.2 0
692.3 0
692.4 0
692.5 0
692.6 0
692.7 0
692.8 0
692.9 0
693 0
693.1 0
693.2 0
693.3 0
693.4 0
693.5 0
693.6 0
693.7 0
693.8 0
693.9 0
694 0
694.1 0
694.2 0
694.3 0
694.4 0
694.5 0
694.6 0
694.7 0
694.8 0
694.9 0
695 0
695.1 0
695.2 0
695.3 0
695.4 0
695.5 0
695.6 0
695.7 0
695.8 0
695.9 0
696 0
696.1 0
696.2 0
696.3 0
696.4 0
696.5 0
696.6 0
696.7 0
696.8 0
696.9 0
697 0
697.1 0
697.2 0
697.3 0
697.4 0
697.5 0
697.6 0
697.7 0
697.8 0
697.9 0
698 0
698.1 0
698.2 0
698.3 0
698.4 0
698.5 0
698.6 0
698.7 0
698.8 0
698.9 0
699 0
699.1 0
699.2 0
699.3 0
699.4 0
699.5 0
699.6 0
699.7 0
699.8 0
699.9 0
700 0
700.1 0
700.2 0
700.3 0
700.4 0
700.5 0
700.6 0
700.7 0
700.8 0
700.9 0
701 0
701.1 0
701.2 0
701.3 0
701.4 0
701.5 0
701.6 0
701.7 0
701.8 0
701.9 0
702 0
702.1 0
702.2 0
702.3 0
702.4 0
702.5 0
702.6 0
702.7 0
702.8 0
702.9 0
703 0
703.1 0
703.2 0
703.3 0
703.4 0
703.5 0
703.6 0
703.7 0
703.8 0
703.9 0
704 0
704.1 0
704.2 0
704.3 0
704.4 0
704.5 0
704.6 0
704.7 0
704.8 0
704.9 0
705 0
705.1 0
705.2 0
705.3 0
705.4 0
705.5 0
705.6 0
705.7 0
705.8 0
705.9 0
706 0
706.1 0
706.2 0
706.3 0
706.4 0
706.5 0
706.6 0
706.7 0
706.8 0
706.9 0
707 0
707.1 0
707.2 0
707.3 0
707.4 0
707.5 0
707.6 0
707.7 0
707.8 0
707.9 0
708 0
708.1 0
708.2 0
708.3 0
708.4 0
708.5 0
708.6 0
708.7 0
708.8 0
708.9 0
709 0
709.1 0
709.2 0
709.3 0
709.4 0
709.5 0
709.6 0
709.7 0
709.8 0
709.9 0
710 0
710.1 0
710.2 0
710.3 0
710.4 0
710.5 0
710.6 0
710.7 0
710.8 0
710.9 0
711 0
711.1 0
711.2 0
711.3 0
711.4 0
711.5 0
711.6 0
711.7 0
711.8 0
711.9 0
712 0
712.1 0
712.2 0
712.3 0
712.4 0
712.5 0
712.6 0
712.7 0
712.8 0
712.9 0
713 0
713.1 0
713.2 0
713.3 0
713.4 0
713.5 0
713.6 0
713.7 0
713.8 0
713.9 0
714 0
714.1 0
714.2 0
714.3 0
714.4 0
714.5 0
714.6 0
714.7 0
714.8 0
714.9 0
