5 0.48392
5.1 0.483579
5.2 0.483238
5.3 0.482897
5.4 0.482556
5.5 0.482215
5.6 0.481874
5.7 0.481533
5.8 0.481192
5.9 0.480851
6 0.48051
6.1 0.480271
6.2 0.480032
6.3 0.479793
6.4 0.479554
6.5 0.479315
6.6 0.479076
6.7 0.478837
6.8 0.478598
6.9 0.478359
7 0.47812
7.1 0.477792
7.2 0.477464
7.3 0.477136
7.4 0.476808
7.5 0.47648
7.6 0.476152
7.7 0.475824
7.8 0.475496
7.9 0.475168
8 0.47484
8.1 0.474523
8.2 0.474206
8.3 0.473889
8.4 0.473572
8.5 0.473255
8.6 0.472938
8.7 0.472621
8.8 0.472304
8.9 0.471987
9 0.47167
9.1 0.471306
9.2 0.470942
9.3 0.470578
9.4 0.470214
9.5 0.46985
9.6 0.469486
9.7 0.469122
9.8 0.468758
9.9 0.468394
10 0.46803
10.1 0.467701
10.2 0.467372
10.3 0.467043
10.4 0.466714
10.5 0.466385
10.6 0.466056
10.7 0.465727
10.8 0.465398
10.9 0.465069
11 0.46474
11.1 0.46445
11.2 0.46416
11.3 0.46387
11.4 0.46358
11.5 0.46329
11.6 0.463
11.7 0.46271
11.8 0.46242
11.9 0.46213
12 0.46184
12.1 0.461444
12.2 0.461048
12.3 0.460652
12.4 0.460256
12.5 0.45986
12.6 0.459464
12.7 0.459068
12.8 0.458672
12.9 0.458276
13 0.45788
13.1 0.457579
13.2 0.457278
13.3 0.456977
13.4 0.456676
13.5 0.456375
13.6 0.456074
13.7 0.455773
13.8 0.455472
13.9 0.455171
14 0.45487
14.1 0.454612
14.2 0.454354
14.3 0.454096
14.4 0.453838
14.5 0.45358
14.6 0.453322
14.7 0.453064
14.8 0.452806
14.9 0.452548
15 0.45229
15.1 0.45189
15.2 0.45149
15.3 0.45109
15.4 0.45069
15.5 0.45029
15.6 0.44989
15.7 0.44949
15.8 0.44909
15.9 0.44869
16 0.44829
16.1 0.447944
16.2 0.447598
16.3 0.447252
16.4 0.446906
16.5 0.44656
16.6 0.446214
16.7 0.445868
16.8 0.445522
16.9 0.445176
17 0.44483
17.1 0.444549
17.2 0.444268
17.3 0.443987
17.4 0.443706
17.5 0.443425
17.6 0.443144
17.7 0.442863
17.8 0.442582
17.9 0.442301
18 0.44202
18.1 0.441788
18.2 0.441556
18.3 0.441324
18.4 0.441092
18.5 0.44086
18.6 0.440628
18.7 0.440396
18.8 0.440164
18.9 0.439932
19 0.4397
19.1 0.439456
19.2 0.439212
19.3 0.438968
19.4 0.438724
19.5 0.43848
19.6 0.438236
19.7 0.437992
19.8 0.437748
19.9 0.437504
20 0.43726
20.1 0.4368
20.2 0.43634
20.3 0.43588
20.4 0.43542
20.5 0.43496
20.6 0.4345
20.7 0.43404
20.8 0.43358
20.9 0.43312
21 0.43266
21.1 0.432251
21.2 0.431842
21.3 0.431433
21.4 0.431024
21.5 0.430615
21.6 0.430206
21.7 0.429797
21.8 0.429388
21.9 0.428979
22 0.42857
22.1 0.428234
22.2 0.427898
22.3 0.427562
22.4 0.427226
22.5 0.42689
22.6 0.426554
22.7 0.426218
22.8 0.425882
22.9 0.425546
23 0.42521
23.1 0.424928
23.2 0.424646
23.3 0.424364
23.4 0.424082
23.5 0.4238
23.6 0.423518
23.7 0.423236
23.8 0.422954
23.9 0.422672
24 0.42239
24.1 0.42213
24.2 0.42187
24.3 0.42161
24.4 0.42135
24.5 0.42109
24.6 0.42083
24.7 0.42057
24.8 0.42031
24.9 0.42005
25 0.41979
25.1 0.419447
25.2 0.419104
25.3 0.418761
25.4 0.418418
25.5 0.418075
25.6 0.417732
25.7 0.417389
25.8 0.417046
25.9 0.416703
26 0.41636
26.1 0.41604
26.2 0.41572
26.3 0.4154
26.4 0.41508
26.5 0.41476
26.6 0.41444
26.7 0.41412
26.8 0.4138
26.9 0.41348
27 0.41316
27.1 0.412877
27.2 0.412594
27.3 0.412311
27.4 0.412028
27.5 0.411745
27.6 0.411462
27.7 0.411179
27.8 0.410896
27.9 0.410613
28 0.41033
28.1 0.410078
28.2 0.409826
28.3 0.409574
28.4 0.409322
28.5 0.40907
28.6 0.408818
28.7 0.408566
28.8 0.408314
28.9 0.408062
29 0.40781
29.1 0.407543
29.2 0.407276
29.3 0.407009
29.4 0.406742
29.5 0.406475
29.6 0.406208
29.7 0.405941
29.8 0.405674
29.9 0.405407
30 0.40514
30.1 0.404667
30.2 0.404194
30.3 0.403721
30.4 0.403248
30.5 0.402775
30.6 0.402302
30.7 0.401829
30.8 0.401356
30.9 0.400883
31 0.40041
31.1 0.39996
31.2 0.39951
31.3 0.39906
31.4 0.39861
31.5 0.39816
31.6 0.39771
31.7 0.39726
31.8 0.39681
31.9 0.39636
32 0.39591
32.1 0.395513
32.2 0.395116
32.3 0.394719
32.4 0.394322
32.5 0.393925
32.6 0.393528
32.7 0.393131
32.8 0.392734
32.9 0.392337
33 0.39194
33.1 0.391587
33.2 0.391234
33.3 0.390881
33.4 0.390528
33.5 0.390175
33.6 0.389822
33.7 0.389469
33.8 0.389116
33.9 0.388763
34 0.38841
34.1 0.388094
34.2 0.387778
34.3 0.387462
34.4 0.387146
34.5 0.38683
34.6 0.386514
34.7 0.386198
34.8 0.385882
34.9 0.385566
35 0.38525
35.1 0.384965
35.2 0.38468
35.3 0.384395
35.4 0.38411
35.5 0.383825
35.6 0.38354
35.7 0.383255
35.8 0.38297
35.9 0.382685
36 0.3824
36.1 0.382142
36.2 0.381884
36.3 0.381626
36.4 0.381368
36.5 0.38111
36.6 0.380852
36.7 0.380594
36.8 0.380336
36.9 0.380078
37 0.37982
37.1 0.379586
37.2 0.379352
37.3 0.379118
37.4 0.378884
37.5 0.37865
37.6 0.378416
37.7 0.378182
37.8 0.377948
37.9 0.377714
38 0.37748
38.1 0.377266
38.2 0.377052
38.3 0.376838
38.4 0.376624
38.5 0.37641
38.6 0.376196
38.7 0.375982
38.8 0.375768
38.9 0.375554
39 0.37534
39.1 0.375085
39.2 0.37483
39.3 0.374575
39.4 0.37432
39.5 0.374065
39.6 0.37381
39.7 0.373555
39.8 0.3733
39.9 0.373045
40 0.37279
40.1 0.372253
40.2 0.371716
40.3 0.371179
40.4 0.370642
40.5 0.370105
40.6 0.369568
40.7 0.369031
40.8 0.368494
40.9 0.367957
41 0.36742
41.1 0.366928
41.2 0.366436
41.3 0.365944
41.4 0.365452
41.5 0.36496
41.6 0.364468
41.7 0.363976
41.8 0.363484
41.9 0.362992
42 0.3625
42.1 0.362085
42.2 0.36167
42.3 0.361255
42.4 0.36084
42.5 0.360425
42.6 0.36001
42.7 0.359595
42.8 0.35918
42.9 0.358765
43 0.35835
43.1 0.357995
43.2 0.35764
43.3 0.357285
43.4 0.35693
43.5 0.356575
43.6 0.35622
43.7 0.355865
43.8 0.35551
43.9 0.355155
44 0.3548
44.1 0.354495
44.2 0.35419
44.3 0.353885
44.4 0.35358
44.5 0.353275
44.6 0.35297
44.7 0.352665
44.8 0.35236
44.9 0.352055
45 0.35175
45.1 0.351483
45.2 0.351216
45.3 0.350949
45.4 0.350682
45.5 0.350415
45.6 0.350148
45.7 0.349881
45.8 0.349614
45.9 0.349347
46 0.34908
46.1 0.348845
46.2 0.34861
46.3 0.348375
46.4 0.34814
46.5 0.347905
46.6 0.34767
46.7 0.347435
46.8 0.3472
46.9 0.346965
47 0.34673
47.1 0.346522
47.2 0.346314
47.3 0.346106
47.4 0.345898
47.5 0.34569
47.6 0.345482
47.7 0.345274
47.8 0.345066
47.9 0.344858
48 0.34465
48.1 0.344464
48.2 0.344278
48.3 0.344092
48.4 0.343906
48.5 0.34372
48.6 0.343534
48.7 0.343348
48.8 0.343162
48.9 0.342976
49 0.34279
49.1 0.342593
49.2 0.342396
49.3 0.342199
49.4 0.342002
49.5 0.341805
49.6 0.341608
49.7 0.341411
49.8 0.341214
49.9 0.341017
50 0.34082
50.1 0.340457
50.2 0.340094
50.3 0.339731
50.4 0.339368
50.5 0.339005
50.6 0.338642
50.7 0.338279
50.8 0.337916
50.9 0.337553
51 0.33719
51.1 0.336818
51.2 0.336446
51.3 0.336074
51.4 0.335702
51.5 0.33533
51.6 0.334958
51.7 0.334586
51.8 0.334214
51.9 0.333842
52 0.33347
52.1 0.333116
52.2 0.332762
52.3 0.332408
52.4 0.332054
52.5 0.3317
52.6 0.331346
52.7 0.330992
52.8 0.330638
52.9 0.330284
53 0.32993
53.1 0.329594
53.2 0.329258
53.3 0.328922
53.4 0.328586
53.5 0.32825
53.6 0.327914
53.7 0.327578
53.8 0.327242
53.9 0.326906
54 0.32657
54.1 0.326251
54.2 0.325932
54.3 0.325613
54.4 0.325294
54.5 0.324975
54.6 0.324656
54.7 0.324337
54.8 0.324018
54.9 0.323699
55 0.32338
55.1 0.323076
55.2 0.322772
55.3 0.322468
55.4 0.322164
55.5 0.32186
55.6 0.321556
55.7 0.321252
55.8 0.320948
55.9 0.320644
56 0.32034
56.1 0.320049
56.2 0.319758
56.3 0.319467
56.4 0.319176
56.5 0.318885
56.6 0.318594
56.7 0.318303
56.8 0.318012
56.9 0.317721
57 0.31743
57.1 0.317153
57.2 0.316876
57.3 0.316599
57.4 0.316322
57.5 0.316045
57.6 0.315768
57.7 0.315491
57.8 0.315214
57.9 0.314937
58 0.31466
58.1 0.314396
58.2 0.314132
58.3 0.313868
58.4 0.313604
58.5 0.31334
58.6 0.313076
58.7 0.312812
58.8 0.312548
58.9 0.312284
59 0.31202
59.1 0.311659
59.2 0.311298
59.3 0.310937
59.4 0.310576
59.5 0.310215
59.6 0.309854
59.7 0.309493
59.8 0.309132
59.9 0.308771
60 0.30841
60.1 0.307469
60.2 0.306528
60.3 0.305587
60.4 0.304646
60.5 0.303705
60.6 0.302764
60.7 0.301823
60.8 0.300882
60.9 0.299941
61 0.299
61.1 0.298044
61.2 0.297088
61.3 0.296132
61.4 0.295176
61.5 0.29422
61.6 0.293264
61.7 0.292308
61.8 0.291352
61.9 0.290396
62 0.28944
62.1 0.28843
62.2 0.28742
62.3 0.28641
62.4 0.2854
62.5 0.28439
62.6 0.28338
62.7 0.28237
62.8 0.28136
62.9 0.28035
63 0.27934
63.1 0.278161
63.2 0.276982
63.3 0.275803
63.4 0.274624
63.5 0.273445
63.6 0.272266
63.7 0.271087
63.8 0.269908
63.9 0.268729
64 0.26755
64.1 0.265191
64.2 0.262832
64.3 0.260473
64.4 0.258114
64.5 0.255755
64.6 0.253396
64.7 0.251037
64.8 0.248678
64.9 0.246319
65 0.24396
65.1 0.241586
65.2 0.239212
65.3 0.236838
65.4 0.234464
65.5 0.23209
65.6 0.229716
65.7 0.227342
65.8 0.224968
65.9 0.222594
66 0.22022
66.1 0.218173
66.2 0.216126
66.3 0.214079
66.4 0.212032
66.5 0.209985
66.6 0.207938
66.7 0.205891
66.8 0.203844
66.9 0.201797
67 0.19975
67.1 0.196693
67.2 0.193636
67.3 0.190579
67.4 0.187522
67.5 0.184465
67.6 0.181408
67.7 0.178351
67.8 0.175294
67.9 0.172237
68 0.16918
68.1 0.1596234
68.2 0.1500668
68.3 0.1405102
68.4 0.1309536
68.5 0.121397
68.6 0.1118404
68.7 0.1022838
68.8 0.0927271999999991
68.9 0.083170599999999
69 0.073614
69.1 0.0664610799999999
69.2 0.0593081599999998
69.3 0.0521552399999998
69.4 0.0450023199999997
69.5 0.0378493999999997
69.6 0.0306964799999996
69.7 0.0235435599999995
69.8 0.0163906399999996
69.9 0.0092377199999994
70 0.0020848
70.1 0.00187632
70.2 0.00166784
70.3 0.00145936
70.4 0.00125087999999999
70.5 0.00104239999999999
70.6 0.000833919999999987
70.7 0.000625439999999986
70.8 0.000416959999999989
70.9 0.000208479999999983
71 0
71.1 0
71.2 0
71.3 0
71.4 0
71.5 0
71.6 0
71.7 0
71.8 0
71.9 0
72 0
72.1 0
72.2 0
72.3 0
72.4 0
72.5 0
72.6 0
72.7 0
72.8 0
72.9 0
73 0
73.1 0
73.2 0
73.3 0
73.4 0
73.5 0
73.6 0
73.7 0
73.8 0
73.9 0
74 0
74.1 0
74.2 0
74.3 0
74.4 0
74.5 0
74.6 0
74.7 0
74.8 0
74.9 0
75 0
75.1 0
75.2 0
75.3 0
75.4 0
75.5 0
75.6 0
75.7 0
75.8 0
75.9 0
76 0
76.1 0
76.2 0
76.3 0
76.4 0
76.5 0
76.6 0
76.7 0
76.8 0
76.9 0
77 0
77.1 0
77.2 0
77.3 0
77.4 0
77.5 0
77.6 0
77.7 0
77.8 0
77.9 0
78 0
78.1 0
78.2 0
78.3 0
78.4 0
78.5 0
78.6 0
78.7 0
78.8 0
78.9 0
79 0
79.1 0
79.2 0
79.3 0
79.4 0
79.5 0
79.6 0
79.7 0
79.8 0
79.9 0
80 0
80.1 0
80.2 0
80.3 0
80.4 0
80.5 0
80.6 0
80.7 0
80.8 0
80.9 0
81 0
81.1 0
81.2 0
81.3 0
81.4 0
81.5 0
81.6 0
81.7 0
81.8 0
81.9 0
82 0
82.1 0
82.2 0
82.3 0
82.4 0
82.5 0
82.6 0
82.7 0
82.8 0
82.9 0
83 0
83.1 0
83.2 0
83.3 0
83.4 0
83.5 0
83.6 0
83.7 0
83.8 0
83.9 0
84 0
84.1 0
84.2 0
84.3 0
84.4 0
84.5 0
84.6 0
84.7 0
84.8 0
84.9 0
85 0
85.1 0
85.2 0
85.3 0
85.4 0
85.5 0
85.6 0
85.7 0
85.8 0
85.9 0
86 0
86.1 0
86.2 0
86.3 0
86.4 0
86.5 0
86.6 0
86.7 0
86.8 0
86.9 0
87 0
87.1 0
87.2 0
87.3 0
87.4 0
87.5 0
87.6 0
87.7 0
87.8 0
87.9 0
88 0
88.1 0
88.2 0
88.3 0
88.4 0
88.5 0
88.6 0
88.7 0
88.8 0
88.9 0
89 0
89.1 0
89.2 0
89.3 0
89.4 0
89.5 0
89.6 0
89.7 0
89.8 0
89.9 0
90 0
90.1 0
90.2 0
90.3 0
90.4 0
90.5 0
90.6 0
90.7 0
90.8 0
90.9 0
91 0
91.1 0
91.2 0
91.3 0
91.4 0
91.5 0
91.6 0
91.7 0
91.8 0
91.9 0
92 0
92.1 0
92.2 0
92.3 0
92.4 0
92.5 0
92.6 0
92.7 0
92.8 0
92.9 0
93 0
93.1 0
93.2 0
93.3 0
93.4 0
93.5 0
93.6 0
93.7 0
93.8 0
93.9 0
94 0
94.1 0
94.2 0
94.3 0
94.4 0
94.5 0
94.6 0
94.7 0
94.8 0
94.9 0
95 0
95.1 0
95.2 0
95.3 0
95.4 0
95.5 0
95.6 0
95.7 0
95.8 0
95.9 0
96 0
96.1 0
96.2 0
96.3 0
96.4 0
96.5 0
96.6 0
96.7 0
96.8 0
96.9 0
97 0
97.1 0
97.2 0
97.3 0
97.4 0
97.5 0
97.6 0
97.7 0
97.8 0
97.9 0
98 0
98.1 0
98.2 0
98.3 0
98.4 0
98.5 0
98.6 0
98.7 0
98.8 0
98.9 0
99 0
99.1 0
99.2 0
99.3 0
99.4 0
99.5 0
99.6 0
99.7 0
99.8 0
99.9 0
100 0
100.1 0
100.2 0
100.3 0
100.4 0
100.5 0
100.6 0
100.7 0
100.8 0
100.9 0
101 0
101.1 0
101.2 0
101.3 0
101.4 0
101.5 0
101.6 0
101.7 0
101.8 0
101.9 0
102 0
102.1 0
102.2 0
102.3 0
102.4 0
102.5 0
102.6 0
102.7 0
102.8 0
102.9 0
103 0
103.1 0
103.2 0
103.3 0
103.4 0
103.5 0
103.6 0
103.7 0
103.8 0
103.9 0
104 0
104.1 0
104.2 0
104.3 0
104.4 0
104.5 0
104.6 0
104.7 0
104.8 0
104.9 0
105 0
105.1 0
105.2 0
105.3 0
105.4 0
105.5 0
105.6 0
105.7 0
105.8 0
105.9 0
106 0
106.1 0
106.2 0
106.3 0
106.4 0
106.5 0
106.6 0
106.7 0
106.8 0
106.9 0
107 0
107.1 0
107.2 0
107.3 0
107.4 0
107.5 0
107.6 0
107.7 0
107.8 0
107.9 0
108 0
108.1 0
108.2 0
108.3 0
108.4 0
108.5 0
108.6 0
108.7 0
108.8 0
108.9 0
109 0
109.1 0
109.2 0
109.3 0
109.4 0
109.5 0
109.6 0
109.7 0
109.8 0
109.9 0
110 0
110.1 0
110.2 0
110.3 0
110.4 0
110.5 0
110.6 0
110.7 0
110.8 0
110.9 0
111 0
111.1 0
111.2 0
111.3 0
111.4 0
111.5 0
111.6 0
111.7 0
111.8 0
111.9 0
112 0
112.1 0
112.2 0
112.3 0
112.4 0
112.5 0
112.6 0
112.7 0
112.8 0
112.9 0
113 0
113.1 0
113.2 0
113.3 0
113.4 0
113.5 0
113.6 0
113.7 0
113.8 0
113.9 0
114 0
114.1 0
114.2 0
114.3 0
114.4 0
114.5 0
114.6 0
114.7 0
114.8 0
114.9 0
115 0
115.1 0
115.2 0
115.3 0
115.4 0
115.5 0
115.6 0
115.7 0
115.8 0
115.9 0
116 0
116.1 0
116.2 0
116.3 0
116.4 0
116.5 0
116.6 0
116.7 0
116.8 0
116.9 0
117 0
117.1 0
117.2 0
117.3 0
117.4 0
117.5 0
117.6 0
117.7 0
117.8 0
117.9 0
118 0
118.1 0
118.2 0
118.3 0
118.4 0
118.5 0
118.6 0
118.7 0
118.8 0
118.9 0
119 0
119.1 0
119.2 0
119.3 0
119.4 0
119.5 0
119.6 0
119.7 0
119.8 0
119.9 0
120 0
120.1 0
120.2 0
120.3 0
120.4 0
120.5 0
120.6 0
120.7 0
120.8 0
120.9 0
121 0
121.1 0
121.2 0
121.3 0
121.4 0
121.5 0
121.6 0
121.7 0
121.8 0
121.9 0
122 0
122.1 0
122.2 0
122.3 0
122.4 0
122.5 0
122.6 0
122.7 0
122.8 0
122.9 0
123 0
123.1 0
123.2 0
123.3 0
123.4 0
123.5 0
123.6 0
123.7 0
123.8 0
123.9 0
124 0
124.1 0
124.2 0
124.3 0
124.4 0
124.5 0
124.6 0
124.7 0
124.8 0
124.9 0
125 0
125.1 0
125.2 0
125.3 0
125.4 0
125.5 0
125.6 0
125.7 0
125.8 0
125.9 0
126 0
126.1 0
126.2 0
126.3 0
126.4 0
126.5 0
126.6 0
126.7 0
126.8 0
126.9 0
127 0
127.1 0
127.2 0
127.3 0
127.4 0
127.5 0
127.6 0
127.7 0
127.8 0
127.9 0
128 0
128.1 0
128.2 0
128.3 0
128.4 0
128.5 0
128.6 0
128.7 0
128.8 0
128.9 0
129 0
129.1 0
129.2 0
129.3 0
129.4 0
129.5 0
129.6 0
129.7 0
129.8 0
129.9 0
130 0
130.1 0
130.2 0
130.3 0
130.4 0
130.5 0
130.6 0
130.7 0
130.8 0
130.9 0
131 0
131.1 0
131.2 0
131.3 0
131.4 0
131.5 0
131.6 0
131.7 0
131.8 0
131.9 0
132 0
132.1 0
132.2 0
132.3 0
132.4 0
132.5 0
132.6 0
132.7 0
132.8 0
132.9 0
133 0
133.1 0
133.2 0
133.3 0
133.4 0
133.5 0
133.6 0
133.7 0
133.8 0
133.9 0
134 0
134.1 0
134.2 0
134.3 0
134.4 0
134.5 0
134.6 0
134.7 0
134.8 0
134.9 0
135 0
135.1 0
135.2 0
135.3 0
135.4 0
135.5 0
135.6 0
135.7 0
135.8 0
135.9 0
136 0
136.1 0
136.2 0
136.3 0
136.4 0
136.5 0
136.6 0
136.7 0
136.8 0
136.9 0
137 0
137.1 0
137.2 0
137.3 0
137.4 0
137.5 0
137.6 0
137.7 0
137.8 0
137.9 0
138 0
138.1 0
138.2 0
138.3 0
138.4 0
138.5 0
138.6 0
138.7 0
138.8 0
138.9 0
139 0
139.1 0
139.2 0
139.3 0
139.4 0
139.5 0
139.6 0
139.7 0
139.8 0
139.9 0
140 0
140.1 0
140.2 0
140.3 0
140.4 0
140.5 0
140.6 0
140.7 0
140.8 0
140.9 0
141 0
141.1 0
141.2 0
141.3 0
141.4 0
141.5 0
141.6 0
141.7 0
141.8 0
141.9 0
142 0
142.1 0
142.2 0
142.3 0
142.4 0
142.5 0
142.6 0
142.7 0
142.8 0
142.9 0
143 0
143.1 0
143.2 0
143.3 0
143.4 0
143.5 0
143.6 0
143.7 0
143.8 0
143.9 0
144 0
144.1 0
144.2 0
144.3 0
144.4 0
144.5 0
144.6 0
144.7 0
144.8 0
144.9 0
145 0
145.1 0
145.2 0
145.3 0
145.4 0
145.5 0
145.6 0
145.7 0
145.8 0
145.9 0
146 0
146.1 0
146.2 0
146.3 0
146.4 0
146.5 0
146.6 0
146.7 0
146.8 0
146.9 0
147 0
147.1 0
147.2 0
147.3 0
147.4 0
147.5 0
147.6 0
147.7 0
147.8 0
147.9 0
148 0
148.1 0
148.2 0
148.3 0
148.4 0
148.5 0
148.6 0
148.7 0
148.8 0
148.9 0
149 0
149.1 0
149.2 0
149.3 0
149.4 0
149.5 0
149.6 0
149.7 0
149.8 0
149.9 0
150 0
150.1 0
150.2 0
150.3 0
150.4 0
150.5 0
150.6 0
150.7 0
150.8 0
150.9 0
151 0
151.1 0
151.2 0
151.3 0
151.4 0
151.5 0
151.6 0
151.7 0
151.8 0
151.9 0
152 0
152.1 0
152.2 0
152.3 0
152.4 0
152.5 0
152.6 0
152.7 0
152.8 0
152.9 0
153 0
153.1 0
153.2 0
153.3 0
153.4 0
153.5 0
153.6 0
153.7 0
153.8 0
153.9 0
154 0
154.1 0
154.2 0
154.3 0
154.4 0
154.5 0
154.6 0
154.7 0
154.8 0
154.9 0
155 0
155.1 0
155.2 0
155.3 0
155.4 0
155.5 0
155.6 0
155.7 0
155.8 0
155.9 0
156 0
156.1 0
156.2 0
156.3 0
156.4 0
156.5 0
156.6 0
156.7 0
156.8 0
156.9 0
157 0
157.1 0
157.2 0
157.3 0
157.4 0
157.5 0
157.6 0
157.7 0
157.8 0
157.9 0
158 0
158.1 0
158.2 0
158.3 0
158.4 0
158.5 0
158.6 0
158.7 0
158.8 0
158.9 0
159 0
159.1 0
159.2 0
159.3 0
159.4 0
159.5 0
159.6 0
159.7 0
159.8 0
159.9 0
160 0
160.1 0
160.2 0
160.3 0
160.4 0
160.5 0
160.6 0
160.7 0
160.8 0
160.9 0
161 0
161.1 0
161.2 0
161.3 0
161.4 0
161.5 0
161.6 0
161.7 0
161.8 0
161.9 0
162 0
162.1 0
162.2 0
162.3 0
162.4 0
162.5 0
162.6 0
162.7 0
162.8 0
162.9 0
163 0
163.1 0
163.2 0
163.3 0
163.4 0
163.5 0
163.6 0
163.7 0
163.8 0
163.9 0
164 0
164.1 0
164.2 0
164.3 0
164.4 0
164.5 0
164.6 0
164.7 0
164.8 0
164.9 0
165 0
165.1 0
165.2 0
165.3 0
165.4 0
165.5 0
165.6 0
165.7 0
165.8 0
165.9 0
166 0
166.1 0
166.2 0
166.3 0
166.4 0
166.5 0
166.6 0
166.7 0
166.8 0
166.9 0
167 0
167.1 0
167.2 0
167.3 0
167.4 0
167.5 0
167.6 0
167.7 0
167.8 0
167.9 0
168 0
168.1 0
168.2 0
168.3 0
168.4 0
168.5 0
168.6 0
168.7 0
168.8 0
168.9 0
169 0
169.1 0
169.2 0
169.3 0
169.4 0
169.5 0
169.6 0
169.7 0
169.8 0
169.9 0
170 0
170.1 0
170.2 0
170.3 0
170.4 0
170.5 0
170.6 0
170.7 0
170.8 0
170.9 0
171 0
171.1 0
171.2 0
171.3 0
171.4 0
171.5 0
171.6 0
171.7 0
171.8 0
171.9 0
172 0
172.1 0
172.2 0
172.3 0
172.4 0
172.5 0
172.6 0
172.7 0
172.8 0
172.9 0
173 0
173.1 0
173.2 0
173.3 0
173.4 0
173.5 0
173.6 0
173.7 0
173.8 0
173.9 0
174 0
174.1 0
174.2 0
174.3 0
174.4 0
174.5 0
174.6 0
174.7 0
174.8 0
174.9 0
175 0
175.1 0
175.2 0
175.3 0
175.4 0
175.5 0
175.6 0
175.7 0
175.8 0
175.9 0
176 0
176.1 0
176.2 0
176.3 0
176.4 0
176.5 0
176.6 0
176.7 0
176.8 0
176.9 0
177 0
177.1 0
177.2 0
177.3 0
177.4 0
177.5 0
177.6 0
177.7 0
177.8 0
177.9 0
178 0
178.1 0
178.2 0
178.3 0
178.4 0
178.5 0
178.6 0
178.7 0
178.8 0
178.9 0
179 0
179.1 0
179.2 0
179.3 0
179.4 0
179.5 0
179.6 0
179.7 0
179.8 0
179.9 0
180 0
180.1 0
180.2 0
180.3 0
180.4 0
180.5 0
180.6 0
180.7 0
180.8 0
180.9 0
181 0
181.1 0
181.2 0
181.3 0
181.4 0
181.5 0
181.6 0
181.7 0
181.8 0
181.9 0
182 0
182.1 0
182.2 0
182.3 0
182.4 0
182.5 0
182.6 0
182.7 0
182.8 0
182.9 0
183 0
183.1 0
183.2 0
183.3 0
183.4 0
183.5 0
183.6 0
183.7 0
183.8 0
183.9 0
184 0
184.1 0
184.2 0
184.3 0
184.4 0
184.5 0
184.6 0
184.7 0
184.8 0
184.9 0
185 0
185.1 0
185.2 0
185.3 0
185.4 0
185.5 0
185.6 0
185.7 0
185.8 0
185.9 0
186 0
186.1 0
186.2 0
186.3 0
186.4 0
186.5 0
186.6 0
186.7 0
186.8 0
186.9 0
187 0
187.1 0
187.2 0
187.3 0
187.4 0
187.5 0
187.6 0
187.7 0
187.8 0
187.9 0
188 0
188.1 0
188.2 0
188.3 0
188.4 0
188.5 0
188.6 0
188.7 0
188.8 0
188.9 0
189 0
189.1 0
189.2 0
189.3 0
189.4 0
189.5 0
189.6 0
189.7 0
189.8 0
189.9 0
190 0
190.1 0
190.2 0
190.3 0
190.4 0
190.5 0
190.6 0
190.7 0
190.8 0
190.9 0
191 0
191.1 0
191.2 0
191.3 0
191.4 0
191.5 0
191.6 0
191.7 0
191.8 0
191.9 0
192 0
192.1 0
192.2 0
192.3 0
192.4 0
192.5 0
192.6 0
192.7 0
192.8 0
192.9 0
193 0
193.1 0
193.2 0
193.3 0
193.4 0
193.5 0
193.6 0
193.7 0
193.8 0
193.9 0
194 0
194.1 0
194.2 0
194.3 0
194.4 0
194.5 0
194.6 0
194.7 0
194.8 0
194.9 0
195 0
195.1 0
195.2 0
195.3 0
195.4 0
195.5 0
195.6 0
195.7 0
195.8 0
195.9 0
196 0
196.1 0
196.2 0
196.3 0
196.4 0
196.5 0
196.6 0
196.7 0
196.8 0
196.9 0
197 0
197.1 0
197.2 0
197.3 0
197.4 0
197.5 0
197.6 0
197.7 0
197.8 0
197.9 0
198 0
198.1 0
198.2 0
198.3 0
198.4 0
198.5 0
198.6 0
198.7 0
198.8 0
198.9 0
199 0
199.1 0
199.2 0
199.3 0
199.4 0
199.5 0
199.6 0
199.7 0
199.8 0
199.9 0
200 0
200.1 0
200.2 0
200.3 0
200.4 0
200.5 0
200.6 0
200.7 0
200.8 0
200.9 0
201 0
201.1 0
201.2 0
201.3 0
201.4 0
201.5 0
201.6 0
201.7 0
201.8 0
201.9 0
202 0
202.1 0
202.2 0
202.3 0
202.4 0
202.5 0
202.6 0
202.7 0
202.8 0
202.9 0
203 0
203.1 0
203.2 0
203.3 0
203.4 0
203.5 0
203.6 0
203.7 0
203.8 0
203.9 0
204 0
204.1 0
204.2 0
204.3 0
204.4 0
204.5 0
204.6 0
204.7 0
204.8 0
204.9 0
205 0
205.1 0
205.2 0
205.3 0
205.4 0
205.5 0
205.6 0
205.7 0
205.8 0
205.9 0
206 0
206.1 0
206.2 0
206.3 0
206.4 0
206.5 0
206.6 0
206.7 0
206.8 0
206.9 0
207 0
207.1 0
207.2 0
207.3 0
207.4 0
207.5 0
207.6 0
207.7 0
207.8 0
207.9 0
208 0
208.1 0
208.2 0
208.3 0
208.4 0
208.5 0
208.6 0
208.7 0
208.8 0
208.9 0
209 0
209.1 0
209.2 0
209.3 0
209.4 0
209.5 0
209.6 0
209.7 0
209.8 0
209.9 0
210 0
210.1 0
210.2 0
210.3 0
210.4 0
210.5 0
210.6 0
210.7 0
210.8 0
210.9 0
211 0
211.1 0
211.2 0
211.3 0
211.4 0
211.5 0
211.6 0
211.7 0
211.8 0
211.9 0
212 0
212.1 0
212.2 0
212.3 0
212.4 0
212.5 0
212.6 0
212.7 0
212.8 0
212.9 0
213 0
213.1 0
213.2 0
213.3 0
213.4 0
213.5 0
213.6 0
213.7 0
213.8 0
213.9 0
214 0
214.1 0
214.2 0
214.3 0
214.4 0
214.5 0
214.6 0
214.7 0
214.8 0
214.9 0
215 0
215.1 0
215.2 0
215.3 0
215.4 0
215.5 0
215.6 0
215.7 0
215.8 0
215.9 0
216 0
216.1 0
216.2 0
216.3 0
216.4 0
216.5 0
216.6 0
216.7 0
216.8 0
216.9 0
217 0
217.1 0
217.2 0
217.3 0
217.4 0
217.5 0
217.6 0
217.7 0
217.8 0
217.9 0
218 0
218.1 0
218.2 0
218.3 0
218.4 0
218.5 0
218.6 0
218.7 0
218.8 0
218.9 0
219 0
219.1 0
219.2 0
219.3 0
219.4 0
219.5 0
219.6 0
219.7 0
219.8 0
219.9 0
220 0
220.1 0
220.2 0
220.3 0
220.4 0
220.5 0
220.6 0
220.7 0
220.8 0
220.9 0
221 0
221.1 0
221.2 0
221.3 0
221.4 0
221.5 0
221.6 0
221.7 0
221.8 0
221.9 0
222 0
222.1 0
222.2 0
222.3 0
222.4 0
222.5 0
222.6 0
222.7 0
222.8 0
222.9 0
223 0
223.1 0
223.2 0
223.3 0
223.4 0
223.5 0
223.6 0
223.7 0
223.8 0
223.9 0
224 0
224.1 0
224.2 0
224.3 0
224.4 0
224.5 0
224.6 0
224.7 0
224.8 0
224.9 0
225 0
225.1 0
225.2 0
225.3 0
225.4 0
225.5 0
225.6 0
225.7 0
225.8 0
225.9 0
226 0
226.1 0
226.2 0
226.3 0
226.4 0
226.5 0
226.6 0
226.7 0
226.8 0
226.9 0
227 0
227.1 0
227.2 0
227.3 0
227.4 0
227.5 0
227.6 0
227.7 0
227.8 0
227.9 0
228 0
228.1 0
228.2 0
228.3 0
228.4 0
228.5 0
228.6 0
228.7 0
228.8 0
228.9 0
229 0
229.1 0
229.2 0
229.3 0
229.4 0
229.5 0
229.6 0
229.7 0
229.8 0
229.9 0
230 0
230.1 0
230.2 0
230.3 0
230.4 0
230.5 0
230.6 0
230.7 0
230.8 0
230.9 0
