5 0.32296
5.1 0.322689
5.2 0.322418
5.3 0.322147
5.4 0.321876
5.5 0.321605
5.6 0.321334
5.7 0.321063
5.8 0.320792
5.9 0.320521
6 0.32025
6.1 0.320117
6.2 0.319984
6.3 0.319851
6.4 0.319718
6.5 0.319585
6.6 0.319452
6.7 0.319319
6.8 0.319186
6.9 0.319053
7 0.31892
7.1 0.31885
7.2 0.31878
7.3 0.31871
7.4 0.31864
7.5 0.31857
7.6 0.3185
7.7 0.31843
7.8 0.31836
7.9 0.31829
8 0.31822
8.1 0.318176
8.2 0.318132
8.3 0.318088
8.4 0.318044
8.5 0.318
8.6 0.317956
8.7 0.317912
8.8 0.317868
8.9 0.317824
9 0.31778
9.1 0.317651
9.2 0.317522
9.3 0.317393
9.4 0.317264
9.5 0.317135
9.6 0.317006
9.7 0.316877
9.8 0.316748
9.9 0.316619
10 0.31649
10.1 0.316076
10.2 0.315662
10.3 0.315248
10.4 0.314834
10.5 0.31442
10.6 0.314006
10.7 0.313592
10.8 0.313178
10.9 0.312764
11 0.31235
11.1 0.312137
11.2 0.311924
11.3 0.311711
11.4 0.311498
11.5 0.311285
11.6 0.311072
11.7 0.310859
11.8 0.310646
11.9 0.310433
12 0.31022
12.1 0.310103
12.2 0.309986
12.3 0.309869
12.4 0.309752
12.5 0.309635
12.6 0.309518
12.7 0.309401
12.8 0.309284
12.9 0.309167
13 0.30905
13.1 0.308976
13.2 0.308902
13.3 0.308828
13.4 0.308754
13.5 0.30868
13.6 0.308606
13.7 0.308532
13.8 0.308458
13.9 0.308384
14 0.30831
14.1 0.308259
14.2 0.308208
14.3 0.308157
14.4 0.308106
14.5 0.308055
14.6 0.308004
14.7 0.307953
14.8 0.307902
14.9 0.307851
15 0.3078
15.1 0.307763
15.2 0.307726
15.3 0.307689
15.4 0.307652
15.5 0.307615
15.6 0.307578
15.7 0.307541
15.8 0.307504
15.9 0.307467
16 0.30743
16.1 0.307402
16.2 0.307374
16.3 0.307346
16.4 0.307318
16.5 0.30729
16.6 0.307262
16.7 0.307234
16.8 0.307206
16.9 0.307178
17 0.30715
17.1 0.307112
17.2 0.307074
17.3 0.307036
17.4 0.306998
17.5 0.30696
17.6 0.306922
17.7 0.306884
17.8 0.306846
17.9 0.306808
18 0.30677
18.1 0.306651
18.2 0.306532
18.3 0.306413
18.4 0.306294
18.5 0.306175
18.6 0.306056
18.7 0.305937
18.8 0.305818
18.9 0.305699
19 0.30558
19.1 0.30545
19.2 0.30532
19.3 0.30519
19.4 0.30506
19.5 0.30493
19.6 0.3048
19.7 0.30467
19.8 0.30454
19.9 0.30441
20 0.30428
20.1 0.304125
20.2 0.30397
20.3 0.303815
20.4 0.30366
20.5 0.303505
20.6 0.30335
20.7 0.303195
20.8 0.30304
20.9 0.302885
21 0.30273
21.1 0.302594
21.2 0.302458
21.3 0.302322
21.4 0.302186
21.5 0.30205
21.6 0.301914
21.7 0.301778
21.8 0.301642
21.9 0.301506
22 0.30137
22.1 0.301255
22.2 0.30114
22.3 0.301025
22.4 0.30091
22.5 0.300795
22.6 0.30068
22.7 0.300565
22.8 0.30045
22.9 0.300335
23 0.30022
23.1 0.300122
23.2 0.300024
23.3 0.299926
23.4 0.299828
23.5 0.29973
23.6 0.299632
23.7 0.299534
23.8 0.299436
23.9 0.299338
24 0.29924
24.1 0.299137
24.2 0.299034
24.3 0.298931
24.4 0.298828
24.5 0.298725
24.6 0.298622
24.7 0.298519
24.8 0.298416
24.9 0.298313
25 0.29821
25.1 0.298031
25.2 0.297852
25.3 0.297673
25.4 0.297494
25.5 0.297315
25.6 0.297136
25.7 0.296957
25.8 0.296778
25.9 0.296599
26 0.29642
26.1 0.296261
26.2 0.296102
26.3 0.295943
26.4 0.295784
26.5 0.295625
26.6 0.295466
26.7 0.295307
26.8 0.295148
26.9 0.294989
27 0.29483
27.1 0.294699
27.2 0.294568
27.3 0.294437
27.4 0.294306
27.5 0.294175
27.6 0.294044
27.7 0.293913
27.8 0.293782
27.9 0.293651
28 0.29352
28.1 0.293411
28.2 0.293302
28.3 0.293193
28.4 0.293084
28.5 0.292975
28.6 0.292866
28.7 0.292757
28.8 0.292648
28.9 0.292539
29 0.29243
29.1 0.292326
29.2 0.292222
29.3 0.292118
29.4 0.292014
29.5 0.29191
29.6 0.291806
29.7 0.291702
29.8 0.291598
29.9 0.291494
30 0.29139
30.1 0.291244
30.2 0.291098
30.3 0.290952
30.4 0.290806
30.5 0.29066
30.6 0.290514
30.7 0.290368
30.8 0.290222
30.9 0.290076
31 0.28993
31.1 0.289797
31.2 0.289664
31.3 0.289531
31.4 0.289398
31.5 0.289265
31.6 0.289132
31.7 0.288999
31.8 0.288866
31.9 0.288733
32 0.2886
32.1 0.288486
32.2 0.288372
32.3 0.288258
32.4 0.288144
32.5 0.28803
32.6 0.287916
32.7 0.287802
32.8 0.287688
32.9 0.287574
33 0.28746
33.1 0.287362
33.2 0.287264
33.3 0.287166
33.4 0.287068
33.5 0.28697
33.6 0.286872
33.7 0.286774
33.8 0.286676
33.9 0.286578
34 0.28648
34.1 0.286381
34.2 0.286282
34.3 0.286183
34.4 0.286084
34.5 0.285985
34.6 0.285886
34.7 0.285787
34.8 0.285688
34.9 0.285589
35 0.28549
35.1 0.285335
35.2 0.28518
35.3 0.285025
35.4 0.28487
35.5 0.284715
35.6 0.28456
35.7 0.284405
35.8 0.28425
35.9 0.284095
36 0.28394
36.1 0.283795
36.2 0.28365
36.3 0.283505
36.4 0.28336
36.5 0.283215
36.6 0.28307
36.7 0.282925
36.8 0.28278
36.9 0.282635
37 0.28249
37.1 0.282365
37.2 0.28224
37.3 0.282115
37.4 0.28199
37.5 0.281865
37.6 0.28174
37.7 0.281615
37.8 0.28149
37.9 0.281365
38 0.28124
38.1 0.281129
38.2 0.281018
38.3 0.280907
38.4 0.280796
38.5 0.280685
38.6 0.280574
38.7 0.280463
38.8 0.280352
38.9 0.280241
39 0.28013
39.1 0.280024
39.2 0.279918
39.3 0.279812
39.4 0.279706
39.5 0.2796
39.6 0.279494
39.7 0.279388
39.8 0.279282
39.9 0.279176
40 0.27907
40.1 0.278933
40.2 0.278796
40.3 0.278659
40.4 0.278522
40.5 0.278385
40.6 0.278248
40.7 0.278111
40.8 0.277974
40.9 0.277837
41 0.2777
41.1 0.27757
41.2 0.27744
41.3 0.27731
41.4 0.27718
41.5 0.27705
41.6 0.27692
41.7 0.27679
41.8 0.27666
41.9 0.27653
42 0.2764
42.1 0.276284
42.2 0.276168
42.3 0.276052
42.4 0.275936
42.5 0.27582
42.6 0.275704
42.7 0.275588
42.8 0.275472
42.9 0.275356
43 0.27524
43.1 0.275135
43.2 0.27503
43.3 0.274925
43.4 0.27482
43.5 0.274715
43.6 0.27461
43.7 0.274505
43.8 0.2744
43.9 0.274295
44 0.27419
44.1 0.274084
44.2 0.273978
44.3 0.273872
44.4 0.273766
44.5 0.27366
44.6 0.273554
44.7 0.273448
44.8 0.273342
44.9 0.273236
45 0.27313
45.1 0.27297
45.2 0.27281
45.3 0.27265
45.4 0.27249
45.5 0.27233
45.6 0.27217
45.7 0.27201
45.8 0.27185
45.9 0.27169
46 0.27153
46.1 0.271371
46.2 0.271212
46.3 0.271053
46.4 0.270894
46.5 0.270735
46.6 0.270576
46.7 0.270417
46.8 0.270258
46.9 0.270099
47 0.26994
47.1 0.269793
47.2 0.269646
47.3 0.269499
47.4 0.269352
47.5 0.269205
47.6 0.269058
47.7 0.268911
47.8 0.268764
47.9 0.268617
48 0.26847
48.1 0.268331
48.2 0.268192
48.3 0.268053
48.4 0.267914
48.5 0.267775
48.6 0.267636
48.7 0.267497
48.8 0.267358
48.9 0.267219
49 0.26708
49.1 0.266951
49.2 0.266822
49.3 0.266693
49.4 0.266564
49.5 0.266435
49.6 0.266306
49.7 0.266177
49.8 0.266048
49.9 0.265919
50 0.26579
50.1 0.265666
50.2 0.265542
50.3 0.265418
50.4 0.265294
50.5 0.26517
50.6 0.265046
50.7 0.264922
50.8 0.264798
50.9 0.264674
51 0.26455
51.1 0.26443
51.2 0.26431
51.3 0.26419
51.4 0.26407
51.5 0.26395
51.6 0.26383
51.7 0.26371
51.8 0.26359
51.9 0.26347
52 0.26335
52.1 0.263233
52.2 0.263116
52.3 0.262999
52.4 0.262882
52.5 0.262765
52.6 0.262648
52.7 0.262531
52.8 0.262414
52.9 0.262297
53 0.26218
53.1 0.262067
53.2 0.261954
53.3 0.261841
53.4 0.261728
53.5 0.261615
53.6 0.261502
53.7 0.261389
53.8 0.261276
53.9 0.261163
54 0.26105
54.1 0.261051
54.2 0.261052
54.3 0.261053
54.4 0.261054
54.5 0.261055
54.6 0.261056
54.7 0.261057
54.8 0.261058
54.9 0.261059
55 0.26106
55.1 0.261704
55.2 0.262348
55.3 0.262992
55.4 0.263636
55.5 0.26428
55.6 0.264924
55.7 0.265568
55.8 0.266212
55.9 0.266856
56 0.2675
56.1 0.26792
56.2 0.26834
56.3 0.26876
56.4 0.26918
56.5 0.2696
56.6 0.27002
56.7 0.27044
56.8 0.27086
56.9 0.27128
57 0.2717
57.1 0.271896
57.2 0.272092
57.3 0.272288
57.4 0.272484
57.5 0.27268
57.6 0.272876
57.7 0.273072
57.8 0.273268
57.9 0.273464
58 0.27366
58.1 0.273846
58.2 0.274032
58.3 0.274218
58.4 0.274404
58.5 0.27459
58.6 0.274776
58.7 0.274962
58.8 0.275148
58.9 0.275334
59 0.27552
59.1 0.275696
59.2 0.275872
59.3 0.276048
59.4 0.276224
59.5 0.2764
59.6 0.276576
59.7 0.276752
59.8 0.276928
59.9 0.277104
60 0.27728
60.1 0.277446
60.2 0.277612
60.3 0.277778
60.4 0.277944
60.5 0.27811
60.6 0.278276
60.7 0.278442
60.8 0.278608
60.9 0.278774
61 0.27894
61.1 0.279149
61.2 0.279358
61.3 0.279567
61.4 0.279776
61.5 0.279985
61.6 0.280194
61.7 0.280403
61.8 0.280612
61.9 0.280821
62 0.28103
62.1 0.281524
62.2 0.282018
62.3 0.282512
62.4 0.283006
62.5 0.2835
62.6 0.283994
62.7 0.284488
62.8 0.284982
62.9 0.285476
63 0.28597
63.1 0.286495
63.2 0.28702
63.3 0.287545
63.4 0.28807
63.5 0.288595
63.6 0.28912
63.7 0.289645
63.8 0.29017
63.9 0.290695
64 0.29122
64.1 0.291725
64.2 0.29223
64.3 0.292735
64.4 0.29324
64.5 0.293745
64.6 0.29425
64.7 0.294755
64.8 0.29526
64.9 0.295765
65 0.29627
65.1 0.296759
65.2 0.297248
65.3 0.297737
65.4 0.298226
65.5 0.298715
65.6 0.299204
65.7 0.299693
65.8 0.300182
65.9 0.300671
66 0.30116
66.1 0.301631
66.2 0.302102
66.3 0.302573
66.4 0.303044
66.5 0.303515
66.6 0.303986
66.7 0.304457
66.8 0.304928
66.9 0.305399
67 0.30587
67.1 0.306326
67.2 0.306782
67.3 0.307238
67.4 0.307694
67.5 0.30815
67.6 0.308606
67.7 0.309062
67.8 0.309518
67.9 0.309974
68 0.31043
68.1 0.310964
68.2 0.311498
68.3 0.312032
68.4 0.312566
68.5 0.3131
68.6 0.313634
68.7 0.314168
68.8 0.314702
68.9 0.315236
69 0.31577
69.1 0.316669
69.2 0.317568
69.3 0.318467
69.4 0.319366
69.5 0.320265
69.6 0.321164
69.7 0.322063
69.8 0.322962
69.9 0.323861
70 0.32476
70.1 0.325497
70.2 0.326234
70.3 0.326971
70.4 0.327708
70.5 0.328445
70.6 0.329182
70.7 0.329919
70.8 0.330656
70.9 0.331393
71 0.33213
71.1 0.332612
71.2 0.333094
71.3 0.333576
71.4 0.334058
71.5 0.33454
71.6 0.335022
71.7 0.335504
71.8 0.335986
71.9 0.336468
72 0.33695
72.1 0.337438
72.2 0.337926
72.3 0.338414
72.4 0.338902
72.5 0.33939
72.6 0.339878
72.7 0.340366
72.8 0.340854
72.9 0.341342
73 0.34183
73.1 0.342327
73.2 0.342824
73.3 0.343321
73.4 0.343818
73.5 0.344315
73.6 0.344812
73.7 0.345309
73.8 0.345806
73.9 0.346303
74 0.3468
74.1 0.347307
74.2 0.347814
74.3 0.348321
74.4 0.348828
74.5 0.349335
74.6 0.349842
74.7 0.350349
74.8 0.350856
74.9 0.351363
75 0.35187
75.1 0.352386
75.2 0.352902
75.3 0.353418
75.4 0.353934
75.5 0.35445
75.6 0.354966
75.7 0.355482
75.8 0.355998
75.9 0.356514
76 0.35703
76.1 0.357555
76.2 0.35808
76.3 0.358605
76.4 0.35913
76.5 0.359655
76.6 0.36018
76.7 0.360705
76.8 0.36123
76.9 0.361755
77 0.36228
77.1 0.36307
77.2 0.36386
77.3 0.36465
77.4 0.36544
77.5 0.36623
77.6 0.36702
77.7 0.36781
77.8 0.3686
77.9 0.36939
78 0.37018
78.1 0.371201
78.2 0.372222
78.3 0.373243
78.4 0.374264
78.5 0.375285
78.6 0.376306
78.7 0.377327
78.8 0.378348
78.9 0.379369
79 0.38039
79.1 0.381379
79.2 0.382368
79.3 0.383357
79.4 0.384346
79.5 0.385335
79.6 0.386324
79.7 0.387313
79.8 0.388302
79.9 0.389291
80 0.39028
80.1 0.391239
80.2 0.392198
80.3 0.393157
80.4 0.394116
80.5 0.395075
80.6 0.396034
80.7 0.396993
80.8 0.397952
80.9 0.398911
81 0.39987
81.1 0.400799
81.2 0.401728
81.3 0.402657
81.4 0.403586
81.5 0.404515
81.6 0.405444
81.7 0.406373
81.8 0.407302
81.9 0.408231
82 0.40916
82.1 0.410063
82.2 0.410966
82.3 0.411869
82.4 0.412772
82.5 0.413675
82.6 0.414578
82.7 0.415481
82.8 0.416384
82.9 0.417287
83 0.41819
83.1 0.419372
83.2 0.420554
83.3 0.421736
83.4 0.422918
83.5 0.4241
83.6 0.425282
83.7 0.426464
83.8 0.427646
83.9 0.428828
84 0.43001
84.1 0.432189
84.2 0.434368
84.3 0.436547
84.4 0.438726
84.5 0.440905
84.6 0.443084
84.7 0.445263
84.8 0.447442
84.9 0.449621
85 0.4518
85.1 0.454264
85.2 0.456728
85.3 0.459192
85.4 0.461656
85.5 0.46412
85.6 0.466584
85.7 0.469048
85.8 0.471512
85.9 0.473976
86 0.47644
86.1 0.479166
86.2 0.481892
86.3 0.484618
86.4 0.487344
86.5 0.49007
86.6 0.492796
86.7 0.495522
86.8 0.498248
86.9 0.500974
87 0.5037
87.1 0.506689
87.2 0.509678
87.3 0.512667
87.4 0.515656
87.5 0.518645
87.6 0.521634
87.7 0.524623
87.8 0.527612
87.9 0.530601
88 0.53359
88.1 0.535809
88.2 0.538028
88.3 0.540247
88.4 0.542466
88.5 0.544685
88.6 0.546904
88.7 0.549123
88.8 0.551342
88.9 0.553561
89 0.55578
89.1 0.557386
89.2 0.558992
89.3 0.560598
89.4 0.562204
89.5 0.56381
89.6 0.565416
89.7 0.567022
89.8 0.568628
89.9 0.570234
90 0.57184
90.1 0.573377
90.2 0.574914
90.3 0.576451
90.4 0.577988
90.5 0.579525
90.6 0.581062
90.7 0.582599
90.8 0.584136
90.9 0.585673
91 0.58721
91.1 0.587789
91.2 0.588368
91.3 0.588947
91.4 0.589526
91.5 0.590105
91.6 0.590684
91.7 0.591263
91.8 0.591842
91.9 0.592421
92 0.593
92.1 0.590422
92.2 0.587844
92.3 0.585266
92.4 0.582688
92.5 0.58011
92.6 0.577532
92.7 0.574954
92.8 0.572376
92.9 0.569798
93 0.56722
93.1 0.564348
93.2 0.561476
93.3 0.558604
93.4 0.555732
93.5 0.55286
93.6 0.549988
93.7 0.547116
93.8 0.544244
93.9 0.541372
94 0.5385
94.1 0.535645
94.2 0.53279
94.3 0.529935
94.4 0.52708
94.5 0.524225
94.6 0.52137
94.7 0.518515
94.8 0.51566
94.9 0.512805
95 0.50995
95.1 0.507093
95.2 0.504236
95.3 0.501379
95.4 0.498522
95.5 0.495665
95.6 0.492808
95.7 0.489951
95.8 0.487094
95.9 0.484237
96 0.48138
96.1 0.474824
96.2 0.468268
96.3 0.461712
96.4 0.455156
96.5 0.4486
96.6 0.442044
96.7 0.435488
96.8 0.428931999999999
96.9 0.422375999999999
97 0.41582
97.1 0.40788
97.2 0.39994
97.3 0.392
97.4 0.38406
97.5 0.37612
97.6 0.368179999999999
97.7 0.360239999999999
97.8 0.352299999999999
97.9 0.344359999999999
98 0.33642
98.1 0.329618
98.2 0.322816
98.3 0.316014
98.4 0.309212
98.5 0.30241
98.6 0.295608
98.7 0.288806
98.8 0.282003999999999
98.9 0.275201999999999
99 0.2684
99.1 0.262509
99.2 0.256618
99.3 0.250727
99.4 0.244836
99.5 0.238945
99.6 0.233054
99.7 0.227163
99.8 0.221271999999999
99.9 0.215380999999999
100 0.20949
100.1 0.204338
100.2 0.199186
100.3 0.194034
100.4 0.188882
100.5 0.18373
100.6 0.178578
100.7 0.173426
100.8 0.168273999999999
100.9 0.163121999999999
101 0.15797
101.1 0.154491
101.2 0.151012
101.3 0.147533
101.4 0.144054
101.5 0.140575
101.6 0.137096
101.7 0.133617
101.8 0.130138
101.9 0.126659
102 0.12318
102.1 0.121455
102.2 0.11973
102.3 0.118005
102.4 0.11628
102.5 0.114555
102.6 0.11283
102.7 0.111105
102.8 0.10938
102.9 0.107655
103 0.10593
103.1 0.106317
103.2 0.106704
103.3 0.107091
103.4 0.107478
103.5 0.107865
103.6 0.108252
103.7 0.108639
103.8 0.109026
103.9 0.109413
104 0.1098
104.1 0.111812
104.2 0.113824
104.3 0.115836
104.4 0.117848
104.5 0.11986
104.6 0.121872
104.7 0.123884
104.8 0.125896
104.9 0.127908
105 0.12992
105.1 0.133269
105.2 0.136618
105.3 0.139967
105.4 0.143316
105.5 0.146665
105.6 0.150014
105.7 0.153363
105.8 0.156712
105.9 0.160061
106 0.16341
106.1 0.166083
106.2 0.168756
106.3 0.171429
106.4 0.174102
106.5 0.176775
106.6 0.179448
106.7 0.182121
106.8 0.184794
106.9 0.187467
107 0.19014
107.1 0.190091
107.2 0.190042
107.3 0.189993
107.4 0.189944
107.5 0.189895
107.6 0.189846
107.7 0.189797
107.8 0.189748
107.9 0.189699
108 0.18965
108.1 0.189658
108.2 0.189666
108.3 0.189674
108.4 0.189682
108.5 0.18969
108.6 0.189698
108.7 0.189706
108.8 0.189714
108.9 0.189722
109 0.18973
109.1 0.188358
109.2 0.186986
109.3 0.185614
109.4 0.184242
109.5 0.18287
109.6 0.181498
109.7 0.180126
109.8 0.178754
109.9 0.177382
110 0.17601
110.1 0.173414
110.2 0.170818
110.3 0.168222
110.4 0.165626
110.5 0.16303
110.6 0.160434
110.7 0.157838
110.8 0.155242
110.9 0.152646
111 0.15005
111.1 0.148556
111.2 0.147062
111.3 0.145568
111.4 0.144074
111.5 0.14258
111.6 0.141086
111.7 0.139592
111.8 0.138098
111.9 0.136604
112 0.13511
112.1 0.13546
112.2 0.13581
112.3 0.13616
112.4 0.13651
112.5 0.13686
112.6 0.13721
112.7 0.13756
112.8 0.13791
112.9 0.13826
113 0.13861
113.1 0.135559
113.2 0.132508
113.3 0.129457
113.4 0.126406
113.5 0.123355
113.6 0.120304
113.7 0.117253
113.8 0.114202
113.9 0.111151
114 0.1081
114.1 0.1051279
114.2 0.1021558
114.3 0.0991836999999999
114.4 0.0962115999999998
114.5 0.0932394999999998
114.6 0.0902673999999998
114.7 0.0872952999999998
114.8 0.0843231999999997
114.9 0.0813510999999997
115 0.078379
115.1 0.0754737
115.2 0.0725683999999999
115.3 0.0696630999999999
115.4 0.0667577999999999
115.5 0.0638524999999999
115.6 0.0609471999999998
115.7 0.0580418999999998
115.8 0.0551365999999997
115.9 0.0522312999999997
116 0.049326
116.1 0.046579
116.2 0.0438319999999999
116.3 0.0410849999999999
116.4 0.0383379999999999
116.5 0.0355909999999999
116.6 0.0328439999999998
116.7 0.0300969999999998
116.8 0.0273499999999997
116.9 0.0246029999999997
117 0.021856
117.1 0.01984813
117.2 0.01784026
117.3 0.0158323899999999
117.4 0.0138245199999999
117.5 0.0118166499999999
117.6 0.00980877999999986
117.7 0.00780090999999985
117.8 0.00579303999999979
117.9 0.00378516999999978
118 0.0017773
118.1 0.00159957
118.2 0.00142184
118.3 0.00124410999999999
118.4 0.00106637999999999
118.5 0.000888649999999991
118.6 0.000710919999999988
118.7 0.000533189999999987
118.8 0.000355459999999981
118.9 0.00017772999999998
119 0
119.1 0
119.2 0
119.3 0
119.4 0
119.5 0
119.6 0
119.7 0
119.8 0
119.9 0
120 0
120.1 0
120.2 0
120.3 0
120.4 0
120.5 0
120.6 0
120.7 0
120.8 0
120.9 0
121 0
121.1 0
121.2 0
121.3 0
121.4 0
121.5 0
121.6 0
121.7 0
121.8 0
121.9 0
122 0
122.1 0
122.2 0
122.3 0
122.4 0
122.5 0
122.6 0
122.7 0
122.8 0
122.9 0
123 0
123.1 0
123.2 0
123.3 0
123.4 0
123.5 0
123.6 0
123.7 0
123.8 0
123.9 0
124 0
124.1 0
124.2 0
124.3 0
124.4 0
124.5 0
124.6 0
124.7 0
124.8 0
124.9 0
125 0
125.1 0
125.2 0
125.3 0
125.4 0
125.5 0
125.6 0
125.7 0
125.8 0
125.9 0
126 0
126.1 0
126.2 0
126.3 0
126.4 0
126.5 0
126.6 0
126.7 0
126.8 0
126.9 0
127 0
127.1 0
127.2 0
127.3 0
127.4 0
127.5 0
127.6 0
127.7 0
127.8 0
127.9 0
128 0
128.1 0
128.2 0
128.3 0
128.4 0
128.5 0
128.6 0
128.7 0
128.8 0
128.9 0
129 0
129.1 0
129.2 0
129.3 0
129.4 0
129.5 0
129.6 0
129.7 0
129.8 0
129.9 0
130 0
130.1 0
130.2 0
130.3 0
130.4 0
130.5 0
130.6 0
130.7 0
130.8 0
130.9 0
131 0
131.1 0
131.2 0
131.3 0
131.4 0
131.5 0
131.6 0
131.7 0
131.8 0
131.9 0
132 0
132.1 0
132.2 0
132.3 0
132.4 0
132.5 0
132.6 0
132.7 0
132.8 0
132.9 0
133 0
133.1 0
133.2 0
133.3 0
133.4 0
133.5 0
133.6 0
133.7 0
133.8 0
133.9 0
134 0
134.1 0
134.2 0
134.3 0
134.4 0
134.5 0
134.6 0
134.7 0
134.8 0
134.9 0
135 0
135.1 0
135.2 0
135.3 0
135.4 0
135.5 0
135.6 0
135.7 0
135.8 0
135.9 0
136 0
136.1 0
136.2 0
136.3 0
136.4 0
136.5 0
136.6 0
136.7 0
136.8 0
136.9 0
137 0
137.1 0
137.2 0
137.3 0
137.4 0
137.5 0
137.6 0
137.7 0
137.8 0
137.9 0
138 0
138.1 0
138.2 0
138.3 0
138.4 0
138.5 0
138.6 0
138.7 0
138.8 0
138.9 0
139 0
139.1 0
139.2 0
139.3 0
139.4 0
139.5 0
139.6 0
139.7 0
139.8 0
139.9 0
140 0
140.1 0
140.2 0
140.3 0
140.4 0
140.5 0
140.6 0
140.7 0
140.8 0
140.9 0
141 0
141.1 0
141.2 0
141.3 0
141.4 0
141.5 0
141.6 0
141.7 0
141.8 0
141.9 0
142 0
142.1 0
142.2 0
142.3 0
142.4 0
142.5 0
142.6 0
142.7 0
142.8 0
142.9 0
143 0
143.1 0
143.2 0
143.3 0
143.4 0
143.5 0
143.6 0
143.7 0
143.8 0
143.9 0
144 0
144.1 0
144.2 0
144.3 0
144.4 0
144.5 0
144.6 0
144.7 0
144.8 0
144.9 0
145 0
145.1 0
145.2 0
145.3 0
145.4 0
145.5 0
145.6 0
145.7 0
145.8 0
145.9 0
146 0
146.1 0
146.2 0
146.3 0
146.4 0
146.5 0
146.6 0
146.7 0
146.8 0
146.9 0
147 0
147.1 0
147.2 0
147.3 0
147.4 0
147.5 0
147.6 0
147.7 0
147.8 0
147.9 0
148 0
148.1 0
148.2 0
148.3 0
148.4 0
148.5 0
148.6 0
148.7 0
148.8 0
148.9 0
149 0
149.1 0
149.2 0
149.3 0
149.4 0
149.5 0
149.6 0
149.7 0
149.8 0
149.9 0
150 0
150.1 0
150.2 0
150.3 0
150.4 0
150.5 0
150.6 0
150.7 0
150.8 0
150.9 0
151 0
151.1 0
151.2 0
151.3 0
151.4 0
151.5 0
151.6 0
151.7 0
151.8 0
151.9 0
152 0
152.1 0
152.2 0
152.3 0
152.4 0
152.5 0
152.6 0
152.7 0
152.8 0
152.9 0
153 0
153.1 0
153.2 0
153.3 0
153.4 0
153.5 0
153.6 0
153.7 0
153.8 0
153.9 0
154 0
154.1 0
154.2 0
154.3 0
154.4 0
154.5 0
154.6 0
154.7 0
154.8 0
154.9 0
155 0
155.1 0
155.2 0
155.3 0
155.4 0
155.5 0
155.6 0
155.7 0
155.8 0
155.9 0
156 0
156.1 0
156.2 0
156.3 0
156.4 0
156.5 0
156.6 0
156.7 0
156.8 0
156.9 0
157 0
157.1 0
157.2 0
157.3 0
157.4 0
157.5 0
157.6 0
157.7 0
157.8 0
157.9 0
158 0
158.1 0
158.2 0
158.3 0
158.4 0
158.5 0
158.6 0
158.7 0
158.8 0
158.9 0
159 0
159.1 0
159.2 0
159.3 0
159.4 0
159.5 0
159.6 0
159.7 0
159.8 0
159.9 0
160 0
160.1 0
160.2 0
160.3 0
160.4 0
160.5 0
160.6 0
160.7 0
160.8 0
160.9 0
161 0
161.1 0
161.2 0
161.3 0
161.4 0
161.5 0
161.6 0
161.7 0
161.8 0
161.9 0
162 0
162.1 0
162.2 0
162.3 0
162.4 0
162.5 0
162.6 0
162.7 0
162.8 0
162.9 0
163 0
163.1 0
163.2 0
163.3 0
163.4 0
163.5 0
163.6 0
163.7 0
163.8 0
163.9 0
164 0
164.1 0
164.2 0
164.3 0
164.4 0
164.5 0
164.6 0
164.7 0
164.8 0
164.9 0
165 0
165.1 0
165.2 0
165.3 0
165.4 0
165.5 0
165.6 0
165.7 0
165.8 0
165.9 0
166 0
166.1 0
166.2 0
166.3 0
166.4 0
166.5 0
166.6 0
166.7 0
166.8 0
166.9 0
167 0
167.1 0
167.2 0
167.3 0
167.4 0
167.5 0
167.6 0
167.7 0
167.8 0
167.9 0
168 0
168.1 0
168.2 0
168.3 0
168.4 0
168.5 0
168.6 0
168.7 0
168.8 0
168.9 0
169 0
169.1 0
169.2 0
169.3 0
169.4 0
169.5 0
169.6 0
169.7 0
169.8 0
169.9 0
170 0
170.1 0
170.2 0
170.3 0
170.4 0
170.5 0
170.6 0
170.7 0
170.8 0
170.9 0
171 0
171.1 0
171.2 0
171.3 0
171.4 0
171.5 0
171.6 0
171.7 0
171.8 0
171.9 0
172 0
172.1 0
172.2 0
172.3 0
172.4 0
172.5 0
172.6 0
172.7 0
172.8 0
172.9 0
173 0
173.1 0
173.2 0
173.3 0
173.4 0
173.5 0
173.6 0
173.7 0
173.8 0
173.9 0
174 0
174.1 0
174.2 0
174.3 0
174.4 0
174.5 0
174.6 0
174.7 0
174.8 0
174.9 0
175 0
175.1 0
175.2 0
175.3 0
175.4 0
175.5 0
175.6 0
175.7 0
175.8 0
175.9 0
176 0
176.1 0
176.2 0
176.3 0
176.4 0
176.5 0
176.6 0
176.7 0
176.8 0
176.9 0
177 0
177.1 0
177.2 0
177.3 0
177.4 0
177.5 0
177.6 0
177.7 0
177.8 0
177.9 0
178 0
178.1 0
178.2 0
178.3 0
178.4 0
178.5 0
178.6 0
178.7 0
178.8 0
178.9 0
179 0
179.1 0
179.2 0
179.3 0
179.4 0
179.5 0
179.6 0
179.7 0
179.8 0
179.9 0
180 0
180.1 0
180.2 0
180.3 0
180.4 0
180.5 0
180.6 0
180.7 0
180.8 0
180.9 0
181 0
181.1 0
181.2 0
181.3 0
181.4 0
181.5 0
181.6 0
181.7 0
181.8 0
181.9 0
182 0
182.1 0
182.2 0
182.3 0
182.4 0
182.5 0
182.6 0
182.7 0
182.8 0
182.9 0
183 0
183.1 0
183.2 0
183.3 0
183.4 0
183.5 0
183.6 0
183.7 0
183.8 0
183.9 0
184 0
184.1 0
184.2 0
184.3 0
184.4 0
184.5 0
184.6 0
184.7 0
184.8 0
184.9 0
185 0
185.1 0
185.2 0
185.3 0
185.4 0
185.5 0
185.6 0
185.7 0
185.8 0
185.9 0
186 0
186.1 0
186.2 0
186.3 0
186.4 0
186.5 0
186.6 0
186.7 0
186.8 0
186.9 0
187 0
187.1 0
187.2 0
187.3 0
187.4 0
187.5 0
187.6 0
187.7 0
187.8 0
187.9 0
188 0
188.1 0
188.2 0
188.3 0
188.4 0
188.5 0
188.6 0
188.7 0
188.8 0
188.9 0
189 0
189.1 0
189.2 0
189.3 0
189.4 0
189.5 0
189.6 0
189.7 0
189.8 0
189.9 0
190 0
190.1 0
190.2 0
190.3 0
190.4 0
190.5 0
190.6 0
190.7 0
190.8 0
190.9 0
191 0
191.1 0
191.2 0
191.3 0
191.4 0
191.5 0
191.6 0
191.7 0
191.8 0
191.9 0
192 0
192.1 0
192.2 0
192.3 0
192.4 0
192.5 0
192.6 0
192.7 0
192.8 0
192.9 0
193 0
193.1 0
193.2 0
193.3 0
193.4 0
193.5 0
193.6 0
193.7 0
193.8 0
193.9 0
194 0
194.1 0
194.2 0
194.3 0
194.4 0
194.5 0
194.6 0
194.7 0
194.8 0
194.9 0
195 0
195.1 0
195.2 0
195.3 0
195.4 0
195.5 0
195.6 0
195.7 0
195.8 0
195.9 0
196 0
196.1 0
196.2 0
196.3 0
196.4 0
196.5 0
196.6 0
196.7 0
196.8 0
196.9 0
