5 0.32988
5.1 0.329481
5.2 0.329082
5.3 0.328683
5.4 0.328284
5.5 0.327885
5.6 0.327486
5.7 0.327087
5.8 0.326688
5.9 0.326289
6 0.32589
6.1 0.325699
6.2 0.325508
6.3 0.325317
6.4 0.325126
6.5 0.324935
6.6 0.324744
6.7 0.324553
6.8 0.324362
6.9 0.324171
7 0.32398
7.1 0.323878
7.2 0.323776
7.3 0.323674
7.4 0.323572
7.5 0.32347
7.6 0.323368
7.7 0.323266
7.8 0.323164
7.9 0.323062
8 0.32296
8.1 0.322896
8.2 0.322832
8.3 0.322768
8.4 0.322704
8.5 0.32264
8.6 0.322576
8.7 0.322512
8.8 0.322448
8.9 0.322384
9 0.32232
9.1 0.322136
9.2 0.321952
9.3 0.321768
9.4 0.321584
9.5 0.3214
9.6 0.321216
9.7 0.321032
9.8 0.320848
9.9 0.320664
10 0.32048
10.1 0.319894
10.2 0.319308
10.3 0.318722
10.4 0.318136
10.5 0.31755
10.6 0.316964
10.7 0.316378
10.8 0.315792
10.9 0.315206
11 0.31462
11.1 0.314318
11.2 0.314016
11.3 0.313714
11.4 0.313412
11.5 0.31311
11.6 0.312808
11.7 0.312506
11.8 0.312204
11.9 0.311902
12 0.3116
12.1 0.311434
12.2 0.311268
12.3 0.311102
12.4 0.310936
12.5 0.31077
12.6 0.310604
12.7 0.310438
12.8 0.310272
12.9 0.310106
13 0.30994
13.1 0.309835
13.2 0.30973
13.3 0.309625
13.4 0.30952
13.5 0.309415
13.6 0.30931
13.7 0.309205
13.8 0.3091
13.9 0.308995
14 0.30889
14.1 0.308818
14.2 0.308746
14.3 0.308674
14.4 0.308602
14.5 0.30853
14.6 0.308458
14.7 0.308386
14.8 0.308314
14.9 0.308242
15 0.30817
15.1 0.308117
15.2 0.308064
15.3 0.308011
15.4 0.307958
15.5 0.307905
15.6 0.307852
15.7 0.307799
15.8 0.307746
15.9 0.307693
16 0.30764
16.1 0.3076
16.2 0.30756
16.3 0.30752
16.4 0.30748
16.5 0.30744
16.6 0.3074
16.7 0.30736
16.8 0.30732
16.9 0.30728
17 0.30724
17.1 0.307194
17.2 0.307148
17.3 0.307102
17.4 0.307056
17.5 0.30701
17.6 0.306964
17.7 0.306918
17.8 0.306872
17.9 0.306826
18 0.30678
18.1 0.30666
18.2 0.30654
18.3 0.30642
18.4 0.3063
18.5 0.30618
18.6 0.30606
18.7 0.30594
18.8 0.30582
18.9 0.3057
19 0.30558
19.1 0.305435
19.2 0.30529
19.3 0.305145
19.4 0.305
19.5 0.304855
19.6 0.30471
19.7 0.304565
19.8 0.30442
19.9 0.304275
20 0.30413
20.1 0.303881
20.2 0.303632
20.3 0.303383
20.4 0.303134
20.5 0.302885
20.6 0.302636
20.7 0.302387
20.8 0.302138
20.9 0.301889
21 0.30164
21.1 0.301413
21.2 0.301186
21.3 0.300959
21.4 0.300732
21.5 0.300505
21.6 0.300278
21.7 0.300051
21.8 0.299824
21.9 0.299597
22 0.29937
22.1 0.299178
22.2 0.298986
22.3 0.298794
22.4 0.298602
22.5 0.29841
22.6 0.298218
22.7 0.298026
22.8 0.297834
22.9 0.297642
23 0.29745
23.1 0.297286
23.2 0.297122
23.3 0.296958
23.4 0.296794
23.5 0.29663
23.6 0.296466
23.7 0.296302
23.8 0.296138
23.9 0.295974
24 0.29581
24.1 0.29565
24.2 0.29549
24.3 0.29533
24.4 0.29517
24.5 0.29501
24.6 0.29485
24.7 0.29469
24.8 0.29453
24.9 0.29437
25 0.29421
25.1 0.293979
25.2 0.293748
25.3 0.293517
25.4 0.293286
25.5 0.293055
25.6 0.292824
25.7 0.292593
25.8 0.292362
25.9 0.292131
26 0.2919
26.1 0.291699
26.2 0.291498
26.3 0.291297
26.4 0.291096
26.5 0.290895
26.6 0.290694
26.7 0.290493
26.8 0.290292
26.9 0.290091
27 0.28989
27.1 0.289724
27.2 0.289558
27.3 0.289392
27.4 0.289226
27.5 0.28906
27.6 0.288894
27.7 0.288728
27.8 0.288562
27.9 0.288396
28 0.28823
28.1 0.288092
28.2 0.287954
28.3 0.287816
28.4 0.287678
28.5 0.28754
28.6 0.287402
28.7 0.287264
28.8 0.287126
28.9 0.286988
29 0.28685
29.1 0.286712
29.2 0.286574
29.3 0.286436
29.4 0.286298
29.5 0.28616
29.6 0.286022
29.7 0.285884
29.8 0.285746
29.9 0.285608
30 0.28547
30.1 0.285244
30.2 0.285018
30.3 0.284792
30.4 0.284566
30.5 0.28434
30.6 0.284114
30.7 0.283888
30.8 0.283662
30.9 0.283436
31 0.28321
31.1 0.283003
31.2 0.282796
31.3 0.282589
31.4 0.282382
31.5 0.282175
31.6 0.281968
31.7 0.281761
31.8 0.281554
31.9 0.281347
32 0.28114
32.1 0.280962
32.2 0.280784
32.3 0.280606
32.4 0.280428
32.5 0.28025
32.6 0.280072
32.7 0.279894
32.8 0.279716
32.9 0.279538
33 0.27936
33.1 0.279206
33.2 0.279052
33.3 0.278898
33.4 0.278744
33.5 0.27859
33.6 0.278436
33.7 0.278282
33.8 0.278128
33.9 0.277974
34 0.27782
34.1 0.277669
34.2 0.277518
34.3 0.277367
34.4 0.277216
34.5 0.277065
34.6 0.276914
34.7 0.276763
34.8 0.276612
34.9 0.276461
35 0.27631
35.1 0.276089
35.2 0.275868
35.3 0.275647
35.4 0.275426
35.5 0.275205
35.6 0.274984
35.7 0.274763
35.8 0.274542
35.9 0.274321
36 0.2741
36.1 0.273895
36.2 0.27369
36.3 0.273485
36.4 0.27328
36.5 0.273075
36.6 0.27287
36.7 0.272665
36.8 0.27246
36.9 0.272255
37 0.27205
37.1 0.271872
37.2 0.271694
37.3 0.271516
37.4 0.271338
37.5 0.27116
37.6 0.270982
37.7 0.270804
37.8 0.270626
37.9 0.270448
38 0.27027
38.1 0.270113
38.2 0.269956
38.3 0.269799
38.4 0.269642
38.5 0.269485
38.6 0.269328
38.7 0.269171
38.8 0.269014
38.9 0.268857
39 0.2687
39.1 0.268549
39.2 0.268398
39.3 0.268247
39.4 0.268096
39.5 0.267945
39.6 0.267794
39.7 0.267643
39.8 0.267492
39.9 0.267341
40 0.26719
40.1 0.266986
40.2 0.266782
40.3 0.266578
40.4 0.266374
40.5 0.26617
40.6 0.265966
40.7 0.265762
40.8 0.265558
40.9 0.265354
41 0.26515
41.1 0.264958
41.2 0.264766
41.3 0.264574
41.4 0.264382
41.5 0.26419
41.6 0.263998
41.7 0.263806
41.8 0.263614
41.9 0.263422
42 0.26323
42.1 0.263057
42.2 0.262884
42.3 0.262711
42.4 0.262538
42.5 0.262365
42.6 0.262192
42.7 0.262019
42.8 0.261846
42.9 0.261673
43 0.2615
43.1 0.261344
43.2 0.261188
43.3 0.261032
43.4 0.260876
43.5 0.26072
43.6 0.260564
43.7 0.260408
43.8 0.260252
43.9 0.260096
44 0.25994
44.1 0.259788
44.2 0.259636
44.3 0.259484
44.4 0.259332
44.5 0.25918
44.6 0.259028
44.7 0.258876
44.8 0.258724
44.9 0.258572
45 0.25842
45.1 0.258217
45.2 0.258014
45.3 0.257811
45.4 0.257608
45.5 0.257405
45.6 0.257202
45.7 0.256999
45.8 0.256796
45.9 0.256593
46 0.25639
46.1 0.256192
46.2 0.255994
46.3 0.255796
46.4 0.255598
46.5 0.2554
46.6 0.255202
46.7 0.255004
46.8 0.254806
46.9 0.254608
47 0.25441
47.1 0.254225
47.2 0.25404
47.3 0.253855
47.4 0.25367
47.5 0.253485
47.6 0.2533
47.7 0.253115
47.8 0.25293
47.9 0.252745
48 0.25256
48.1 0.252387
48.2 0.252214
48.3 0.252041
48.4 0.251868
48.5 0.251695
48.6 0.251522
48.7 0.251349
48.8 0.251176
48.9 0.251003
49 0.25083
49.1 0.250663
49.2 0.250496
49.3 0.250329
49.4 0.250162
49.5 0.249995
49.6 0.249828
49.7 0.249661
49.8 0.249494
49.9 0.249327
50 0.24916
50.1 0.248975
50.2 0.24879
50.3 0.248605
50.4 0.24842
50.5 0.248235
50.6 0.24805
50.7 0.247865
50.8 0.24768
50.9 0.247495
51 0.24731
51.1 0.247126
51.2 0.246942
51.3 0.246758
51.4 0.246574
51.5 0.24639
51.6 0.246206
51.7 0.246022
51.8 0.245838
51.9 0.245654
52 0.24547
52.1 0.245291
52.2 0.245112
52.3 0.244933
52.4 0.244754
52.5 0.244575
52.6 0.244396
52.7 0.244217
52.8 0.244038
52.9 0.243859
53 0.24368
53.1 0.243508
53.2 0.243336
53.3 0.243164
53.4 0.242992
53.5 0.24282
53.6 0.242648
53.7 0.242476
53.8 0.242304
53.9 0.242132
54 0.24196
54.1 0.241809
54.2 0.241658
54.3 0.241507
54.4 0.241356
54.5 0.241205
54.6 0.241054
54.7 0.240903
54.8 0.240752
54.9 0.240601
55 0.24045
55.1 0.240402
55.2 0.240354
55.3 0.240306
55.4 0.240258
55.5 0.24021
55.6 0.240162
55.7 0.240114
55.8 0.240066
55.9 0.240018
56 0.23997
56.1 0.239643
56.2 0.239316
56.3 0.238989
56.4 0.238662
56.5 0.238335
56.6 0.238008
56.7 0.237681
56.8 0.237354
56.9 0.237027
57 0.2367
57.1 0.236193
57.2 0.235686
57.3 0.235179
57.4 0.234672
57.5 0.234165
57.6 0.233658
57.7 0.233151
57.8 0.232644
57.9 0.232137
58 0.23163
58.1 0.231151
58.2 0.230672
58.3 0.230193
58.4 0.229714
58.5 0.229235
58.6 0.228756
58.7 0.228277
58.8 0.227798
58.9 0.227319
59 0.22684
59.1 0.226387
59.2 0.225934
59.3 0.225481
59.4 0.225028
59.5 0.224575
59.6 0.224122
59.7 0.223669
59.8 0.223216
59.9 0.222763
60 0.22231
60.1 0.22188
60.2 0.22145
60.3 0.22102
60.4 0.22059
60.5 0.22016
60.6 0.21973
60.7 0.2193
60.8 0.21887
60.9 0.21844
61 0.21801
61.1 0.217612
61.2 0.217214
61.3 0.216816
61.4 0.216418
61.5 0.21602
61.6 0.215622
61.7 0.215224
61.8 0.214826
61.9 0.214428
62 0.21403
62.1 0.213711
62.2 0.213392
62.3 0.213073
62.4 0.212754
62.5 0.212435
62.6 0.212116
62.7 0.211797
62.8 0.211478
62.9 0.211159
63 0.21084
63.1 0.210542
63.2 0.210244
63.3 0.209946
63.4 0.209648
63.5 0.20935
63.6 0.209052
63.7 0.208754
63.8 0.208456
63.9 0.208158
64 0.20786
64.1 0.207573
64.2 0.207286
64.3 0.206999
64.4 0.206712
64.5 0.206425
64.6 0.206138
64.7 0.205851
64.8 0.205564
64.9 0.205277
65 0.20499
65.1 0.204713
65.2 0.204436
65.3 0.204159
65.4 0.203882
65.5 0.203605
65.6 0.203328
65.7 0.203051
65.8 0.202774
65.9 0.202497
66 0.20222
66.1 0.201953
66.2 0.201686
66.3 0.201419
66.4 0.201152
66.5 0.200885
66.6 0.200618
66.7 0.200351
66.8 0.200084
66.9 0.199817
67 0.19955
67.1 0.199291
67.2 0.199032
67.3 0.198773
67.4 0.198514
67.5 0.198255
67.6 0.197996
67.7 0.197737
67.8 0.197478
67.9 0.197219
68 0.19696
68.1 0.196698
68.2 0.196436
68.3 0.196174
68.4 0.195912
68.5 0.19565
68.6 0.195388
68.7 0.195126
68.8 0.194864
68.9 0.194602
69 0.19434
69.1 0.194035
69.2 0.19373
69.3 0.193425
69.4 0.19312
69.5 0.192815
69.6 0.19251
69.7 0.192205
69.8 0.1919
69.9 0.191595
70 0.19129
70.1 0.191057
70.2 0.190824
70.3 0.190591
70.4 0.190358
70.5 0.190125
70.6 0.189892
70.7 0.189659
70.8 0.189426
70.9 0.189193
71 0.18896
71.1 0.188829
71.2 0.188698
71.3 0.188567
71.4 0.188436
71.5 0.188305
71.6 0.188174
71.7 0.188043
71.8 0.187912
71.9 0.187781
72 0.18765
72.1 0.187518
72.2 0.187386
72.3 0.187254
72.4 0.187122
72.5 0.18699
72.6 0.186858
72.7 0.186726
72.8 0.186594
72.9 0.186462
73 0.18633
73.1 0.186195
73.2 0.18606
73.3 0.185925
73.4 0.18579
73.5 0.185655
73.6 0.18552
73.7 0.185385
73.8 0.18525
73.9 0.185115
74 0.18498
74.1 0.184843
74.2 0.184706
74.3 0.184569
74.4 0.184432
74.5 0.184295
74.6 0.184158
74.7 0.184021
74.8 0.183884
74.9 0.183747
75 0.18361
75.1 0.18347
75.2 0.18333
75.3 0.18319
75.4 0.18305
75.5 0.18291
75.6 0.18277
75.7 0.18263
75.8 0.18249
75.9 0.18235
76 0.18221
76.1 0.182068
76.2 0.181926
76.3 0.181784
76.4 0.181642
76.5 0.1815
76.6 0.181358
76.7 0.181216
76.8 0.181074
76.9 0.180932
77 0.18079
77.1 0.180587
77.2 0.180384
77.3 0.180181
77.4 0.179978
77.5 0.179775
77.6 0.179572
77.7 0.179369
77.8 0.179166
77.9 0.178963
78 0.17876
78.1 0.178506
78.2 0.178252
78.3 0.177998
78.4 0.177744
78.5 0.17749
78.6 0.177236
78.7 0.176982
78.8 0.176728
78.9 0.176474
79 0.17622
79.1 0.175973
79.2 0.175726
79.3 0.175479
79.4 0.175232
79.5 0.174985
79.6 0.174738
79.7 0.174491
79.8 0.174244
79.9 0.173997
80 0.17375
80.1 0.173511
80.2 0.173272
80.3 0.173033
80.4 0.172794
80.5 0.172555
80.6 0.172316
80.7 0.172077
80.8 0.171838
80.9 0.171599
81 0.17136
81.1 0.171128
81.2 0.170896
81.3 0.170664
81.4 0.170432
81.5 0.1702
81.6 0.169968
81.7 0.169736
81.8 0.169504
81.9 0.169272
82 0.16904
82.1 0.168815
82.2 0.16859
82.3 0.168365
82.4 0.16814
82.5 0.167915
82.6 0.16769
82.7 0.167465
82.8 0.16724
82.9 0.167015
83 0.16679
83.1 0.166692
83.2 0.166594
83.3 0.166496
83.4 0.166398
83.5 0.1663
83.6 0.166202
83.7 0.166104
83.8 0.166006
83.9 0.165908
84 0.16581
84.1 0.166074
84.2 0.166338
84.3 0.166602
84.4 0.166866
84.5 0.16713
84.6 0.167394
84.7 0.167658
84.8 0.167922
84.9 0.168186
85 0.16845
85.1 0.168766
85.2 0.169082
85.3 0.169398
85.4 0.169714
85.5 0.17003
85.6 0.170346
85.7 0.170662
85.8 0.170978
85.9 0.171294
86 0.17161
86.1 0.17196
86.2 0.17231
86.3 0.17266
86.4 0.17301
86.5 0.17336
86.6 0.17371
86.7 0.17406
86.8 0.17441
86.9 0.17476
87 0.17511
87.1 0.175484
87.2 0.175858
87.3 0.176232
87.4 0.176606
87.5 0.17698
87.6 0.177354
87.7 0.177728
87.8 0.178102
87.9 0.178476
88 0.17885
88.1 0.175702
88.2 0.172554
88.3 0.169406
88.4 0.166258
88.5 0.16311
88.6 0.159962
88.7 0.156814
88.8 0.153666
88.9 0.150518
89 0.14737
89.1 0.1403438
89.2 0.1333176
89.3 0.1262914
89.4 0.1192652
89.5 0.112239
89.6 0.1052128
89.7 0.0981865999999995
89.8 0.0911603999999993
89.9 0.0841341999999992
90 0.077108
90.1 0.0739236
90.2 0.0707391999999999
90.3 0.0675547999999999
90.4 0.0643703999999998
90.5 0.0611859999999998
90.6 0.0580015999999998
90.7 0.0548171999999998
90.8 0.0516327999999997
90.9 0.0484483999999996
91 0.045264
91.1 0.0427131
91.2 0.0401621999999999
91.3 0.0376112999999999
91.4 0.0350603999999999
91.5 0.0325094999999999
91.6 0.0299585999999998
91.7 0.0274076999999998
91.8 0.0248567999999997
91.9 0.0223058999999997
92 0.019755
92.1 0.0189139
92.2 0.0180728
92.3 0.0172317
92.4 0.0163906
92.5 0.0155495
92.6 0.0147083999999999
92.7 0.0138672999999999
92.8 0.0130261999999999
92.9 0.0121850999999999
93 0.011344
93.1 0.01059424
93.2 0.00984447999999998
93.3 0.00909471999999997
93.4 0.00834495999999996
93.5 0.00759519999999996
93.6 0.00684543999999995
93.7 0.00609567999999994
93.8 0.00534591999999992
93.9 0.00459615999999992
94 0.0038464
94.1 0.00346175999999999
94.2 0.00307711999999999
94.3 0.00269247999999998
94.4 0.00230783999999998
94.5 0.00192319999999998
94.6 0.00153855999999997
94.7 0.00115391999999997
94.8 0.000769279999999959
94.9 0.000384639999999958
95 0
95.1 0
95.2 0
95.3 0
95.4 0
95.5 0
95.6 0
95.7 0
95.8 0
95.9 0
96 0
96.1 0
96.2 0
96.3 0
96.4 0
96.5 0
96.6 0
96.7 0
96.8 0
96.9 0
97 0
97.1 0
97.2 0
97.3 0
97.4 0
97.5 0
97.6 0
97.7 0
97.8 0
97.9 0
98 0
98.1 0
98.2 0
98.3 0
98.4 0
98.5 0
98.6 0
98.7 0
98.8 0
98.9 0
99 0
99.1 0
99.2 0
99.3 0
99.4 0
99.5 0
99.6 0
99.7 0
99.8 0
99.9 0
100 0
100.1 0
100.2 0
100.3 0
100.4 0
100.5 0
100.6 0
100.7 0
100.8 0
100.9 0
101 0
101.1 0
101.2 0
101.3 0
101.4 0
101.5 0
101.6 0
101.7 0
101.8 0
101.9 0
102 0
102.1 0
102.2 0
102.3 0
102.4 0
102.5 0
102.6 0
102.7 0
102.8 0
102.9 0
103 0
103.1 0
103.2 0
103.3 0
103.4 0
103.5 0
103.6 0
103.7 0
103.8 0
103.9 0
104 0
104.1 0
104.2 0
104.3 0
104.4 0
104.5 0
104.6 0
104.7 0
104.8 0
104.9 0
105 0
105.1 0
105.2 0
105.3 0
105.4 0
105.5 0
105.6 0
105.7 0
105.8 0
105.9 0
106 0
106.1 0
106.2 0
106.3 0
106.4 0
106.5 0
106.6 0
106.7 0
106.8 0
106.9 0
107 0
107.1 0
107.2 0
107.3 0
107.4 0
107.5 0
107.6 0
107.7 0
107.8 0
107.9 0
108 0
108.1 0
108.2 0
108.3 0
108.4 0
108.5 0
108.6 0
108.7 0
108.8 0
108.9 0
109 0
109.1 0
109.2 0
109.3 0
109.4 0
109.5 0
109.6 0
109.7 0
109.8 0
109.9 0
110 0
110.1 0
110.2 0
110.3 0
110.4 0
110.5 0
110.6 0
110.7 0
110.8 0
110.9 0
111 0
111.1 0
111.2 0
111.3 0
111.4 0
111.5 0
111.6 0
111.7 0
111.8 0
111.9 0
112 0
112.1 0
112.2 0
112.3 0
112.4 0
112.5 0
112.6 0
112.7 0
112.8 0
112.9 0
113 0
113.1 0
113.2 0
113.3 0
113.4 0
113.5 0
113.6 0
113.7 0
113.8 0
113.9 0
114 0
114.1 0
114.2 0
114.3 0
114.4 0
114.5 0
114.6 0
114.7 0
114.8 0
114.9 0
115 0
115.1 0
115.2 0
115.3 0
115.4 0
115.5 0
115.6 0
115.7 0
115.8 0
115.9 0
116 0
116.1 0
116.2 0
116.3 0
116.4 0
116.5 0
116.6 0
116.7 0
116.8 0
116.9 0
117 0
117.1 0
117.2 0
117.3 0
117.4 0
117.5 0
117.6 0
117.7 0
117.8 0
117.9 0
118 0
118.1 0
118.2 0
118.3 0
118.4 0
118.5 0
118.6 0
118.7 0
118.8 0
118.9 0
119 0
119.1 0
119.2 0
119.3 0
119.4 0
119.5 0
119.6 0
119.7 0
119.8 0
119.9 0
120 0
120.1 0
120.2 0
120.3 0
120.4 0
120.5 0
120.6 0
120.7 0
120.8 0
120.9 0
121 0
121.1 0
121.2 0
121.3 0
121.4 0
121.5 0
121.6 0
121.7 0
121.8 0
121.9 0
122 0
122.1 0
122.2 0
122.3 0
122.4 0
122.5 0
122.6 0
122.7 0
122.8 0
122.9 0
123 0
123.1 0
123.2 0
123.3 0
123.4 0
123.5 0
123.6 0
123.7 0
123.8 0
123.9 0
124 0
124.1 0
124.2 0
124.3 0
124.4 0
124.5 0
124.6 0
124.7 0
124.8 0
124.9 0
125 0
125.1 0
125.2 0
125.3 0
125.4 0
125.5 0
125.6 0
125.7 0
125.8 0
125.9 0
126 0
126.1 0
126.2 0
126.3 0
126.4 0
126.5 0
126.6 0
126.7 0
126.8 0
126.9 0
127 0
127.1 0
127.2 0
127.3 0
127.4 0
127.5 0
127.6 0
127.7 0
127.8 0
127.9 0
128 0
128.1 0
128.2 0
128.3 0
128.4 0
128.5 0
128.6 0
128.7 0
128.8 0
128.9 0
129 0
129.1 0
129.2 0
129.3 0
129.4 0
129.5 0
129.6 0
129.7 0
129.8 0
129.9 0
130 0
130.1 0
130.2 0
130.3 0
130.4 0
130.5 0
130.6 0
130.7 0
130.8 0
130.9 0
131 0
131.1 0
131.2 0
131.3 0
131.4 0
131.5 0
131.6 0
131.7 0
131.8 0
131.9 0
132 0
132.1 0
132.2 0
132.3 0
132.4 0
132.5 0
132.6 0
132.7 0
132.8 0
132.9 0
133 0
133.1 0
133.2 0
133.3 0
133.4 0
133.5 0
133.6 0
133.7 0
133.8 0
133.9 0
134 0
134.1 0
134.2 0
134.3 0
134.4 0
134.5 0
134.6 0
134.7 0
134.8 0
134.9 0
135 0
135.1 0
135.2 0
135.3 0
135.4 0
135.5 0
135.6 0
135.7 0
135.8 0
135.9 0
136 0
136.1 0
136.2 0
136.3 0
136.4 0
136.5 0
136.6 0
136.7 0
136.8 0
136.9 0
137 0
137.1 0
137.2 0
137.3 0
137.4 0
137.5 0
137.6 0
137.7 0
137.8 0
137.9 0
138 0
138.1 0
138.2 0
138.3 0
138.4 0
138.5 0
138.6 0
138.7 0
138.8 0
138.9 0
139 0
139.1 0
139.2 0
139.3 0
139.4 0
139.5 0
139.6 0
139.7 0
139.8 0
139.9 0
140 0
140.1 0
140.2 0
140.3 0
140.4 0
140.5 0
140.6 0
140.7 0
140.8 0
140.9 0
141 0
141.1 0
141.2 0
141.3 0
141.4 0
141.5 0
141.6 0
141.7 0
141.8 0
141.9 0
142 0
142.1 0
142.2 0
142.3 0
142.4 0
142.5 0
142.6 0
142.7 0
142.8 0
142.9 0
143 0
143.1 0
143.2 0
143.3 0
143.4 0
143.5 0
143.6 0
143.7 0
143.8 0
143.9 0
144 0
144.1 0
144.2 0
144.3 0
144.4 0
144.5 0
144.6 0
144.7 0
144.8 0
144.9 0
145 0
145.1 0
145.2 0
145.3 0
145.4 0
145.5 0
145.6 0
145.7 0
145.8 0
145.9 0
146 0
146.1 0
146.2 0
146.3 0
146.4 0
146.5 0
146.6 0
146.7 0
146.8 0
146.9 0
147 0
147.1 0
147.2 0
147.3 0
147.4 0
147.5 0
147.6 0
147.7 0
147.8 0
147.9 0
148 0
148.1 0
148.2 0
148.3 0
148.4 0
148.5 0
148.6 0
148.7 0
148.8 0
148.9 0
149 0
149.1 0
149.2 0
149.3 0
149.4 0
149.5 0
149.6 0
149.7 0
149.8 0
149.9 0
150 0
150.1 0
150.2 0
150.3 0
150.4 0
150.5 0
150.6 0
150.7 0
150.8 0
150.9 0
151 0
151.1 0
151.2 0
151.3 0
151.4 0
151.5 0
151.6 0
151.7 0
151.8 0
151.9 0
152 0
152.1 0
152.2 0
152.3 0
152.4 0
152.5 0
152.6 0
152.7 0
152.8 0
152.9 0
153 0
153.1 0
153.2 0
153.3 0
153.4 0
153.5 0
153.6 0
153.7 0
153.8 0
153.9 0
154 0
154.1 0
154.2 0
154.3 0
154.4 0
154.5 0
154.6 0
154.7 0
154.8 0
154.9 0
155 0
155.1 0
155.2 0
155.3 0
155.4 0
155.5 0
155.6 0
155.7 0
155.8 0
155.9 0
156 0
156.1 0
156.2 0
156.3 0
156.4 0
156.5 0
156.6 0
156.7 0
156.8 0
156.9 0
157 0
157.1 0
157.2 0
157.3 0
157.4 0
157.5 0
157.6 0
157.7 0
157.8 0
157.9 0
158 0
158.1 0
158.2 0
158.3 0
158.4 0
158.5 0
158.6 0
158.7 0
158.8 0
158.9 0
159 0
159.1 0
159.2 0
159.3 0
159.4 0
159.5 0
159.6 0
159.7 0
159.8 0
159.9 0
160 0
160.1 0
160.2 0
160.3 0
160.4 0
160.5 0
160.6 0
160.7 0
160.8 0
160.9 0
161 0
161.1 0
161.2 0
161.3 0
161.4 0
161.5 0
161.6 0
161.7 0
161.8 0
161.9 0
162 0
162.1 0
162.2 0
162.3 0
162.4 0
162.5 0
162.6 0
162.7 0
162.8 0
162.9 0
163 0
163.1 0
163.2 0
163.3 0
163.4 0
163.5 0
163.6 0
163.7 0
163.8 0
163.9 0
164 0
164.1 0
164.2 0
164.3 0
164.4 0
164.5 0
164.6 0
164.7 0
164.8 0
164.9 0
165 0
165.1 0
165.2 0
165.3 0
165.4 0
165.5 0
165.6 0
165.7 0
165.8 0
165.9 0
166 0
166.1 0
166.2 0
166.3 0
166.4 0
166.5 0
166.6 0
166.7 0
166.8 0
166.9 0
167 0
167.1 0
167.2 0
167.3 0
167.4 0
167.5 0
167.6 0
167.7 0
167.8 0
167.9 0
168 0
168.1 0
168.2 0
168.3 0
168.4 0
168.5 0
168.6 0
168.7 0
168.8 0
168.9 0
169 0
169.1 0
169.2 0
169.3 0
169.4 0
169.5 0
169.6 0
169.7 0
169.8 0
169.9 0
170 0
170.1 0
170.2 0
170.3 0
170.4 0
170.5 0
170.6 0
170.7 0
170.8 0
170.9 0
171 0
171.1 0
171.2 0
171.3 0
171.4 0
171.5 0
171.6 0
171.7 0
171.8 0
171.9 0
172 0
172.1 0
172.2 0
172.3 0
172.4 0
172.5 0
172.6 0
172.7 0
172.8 0
172.9 0
173 0
173.1 0
173.2 0
173.3 0
173.4 0
173.5 0
173.6 0
173.7 0
173.8 0
173.9 0
174 0
174.1 0
174.2 0
174.3 0
174.4 0
174.5 0
174.6 0
174.7 0
174.8 0
174.9 0
175 0
175.1 0
175.2 0
175.3 0
175.4 0
175.5 0
175.6 0
175.7 0
175.8 0
175.9 0
176 0
176.1 0
176.2 0
176.3 0
176.4 0
176.5 0
176.6 0
176.7 0
176.8 0
176.9 0
177 0
177.1 0
177.2 0
177.3 0
177.4 0
177.5 0
177.6 0
177.7 0
177.8 0
177.9 0
178 0
178.1 0
178.2 0
178.3 0
178.4 0
178.5 0
178.6 0
178.7 0
178.8 0
178.9 0
179 0
179.1 0
179.2 0
179.3 0
179.4 0
179.5 0
179.6 0
179.7 0
179.8 0
179.9 0
180 0
180.1 0
180.2 0
180.3 0
180.4 0
180.5 0
180.6 0
180.7 0
180.8 0
180.9 0
181 0
181.1 0
181.2 0
181.3 0
181.4 0
181.5 0
181.6 0
181.7 0
181.8 0
181.9 0
182 0
182.1 0
182.2 0
182.3 0
182.4 0
182.5 0
182.6 0
182.7 0
182.8 0
182.9 0
183 0
183.1 0
183.2 0
183.3 0
183.4 0
183.5 0
183.6 0
183.7 0
183.8 0
183.9 0
184 0
184.1 0
184.2 0
184.3 0
184.4 0
184.5 0
184.6 0
184.7 0
184.8 0
184.9 0
185 0
185.1 0
185.2 0
185.3 0
185.4 0
185.5 0
185.6 0
185.7 0
185.8 0
185.9 0
186 0
186.1 0
186.2 0
186.3 0
186.4 0
186.5 0
186.6 0
186.7 0
186.8 0
186.9 0
187 0
187.1 0
187.2 0
187.3 0
187.4 0
187.5 0
187.6 0
187.7 0
187.8 0
187.9 0
188 0
188.1 0
188.2 0
188.3 0
188.4 0
188.5 0
188.6 0
188.7 0
188.8 0
188.9 0
189 0
189.1 0
189.2 0
189.3 0
189.4 0
189.5 0
189.6 0
189.7 0
189.8 0
189.9 0
190 0
190.1 0
190.2 0
190.3 0
190.4 0
190.5 0
190.6 0
190.7 0
190.8 0
190.9 0
191 0
191.1 0
191.2 0
191.3 0
191.4 0
191.5 0
191.6 0
191.7 0
191.8 0
191.9 0
192 0
192.1 0
192.2 0
192.3 0
192.4 0
192.5 0
192.6 0
192.7 0
192.8 0
192.9 0
193 0
193.1 0
193.2 0
193.3 0
193.4 0
193.5 0
193.6 0
193.7 0
193.8 0
193.9 0
194 0
194.1 0
194.2 0
194.3 0
194.4 0
194.5 0
194.6 0
194.7 0
194.8 0
194.9 0
195 0
195.1 0
195.2 0
195.3 0
195.4 0
195.5 0
195.6 0
195.7 0
195.8 0
195.9 0
196 0
196.1 0
196.2 0
196.3 0
196.4 0
196.5 0
196.6 0
196.7 0
196.8 0
196.9 0
