5 0.014128
5.1 0.0143012
5.2 0.0144744
5.3 0.0146476
5.4 0.0148208
5.5 0.014994
5.6 0.0151672
5.7 0.0153404
5.8 0.0155136
5.9 0.0156868
6 0.01586
6.1 0.0163561
6.2 0.0168522
6.3 0.0173483
6.4 0.0178444
6.5 0.0183405
6.6 0.0188366
6.7 0.0193327
6.8 0.0198288
6.9 0.0203249
7 0.020821
7.1 0.0211916
7.2 0.0215622
7.3 0.0219328
7.4 0.0223034
7.5 0.022674
7.6 0.0230446
7.7 0.0234152
7.8 0.0237858
7.9 0.0241564
8 0.024527
8.1 0.0247532
8.2 0.0249794
8.3 0.0252056
8.4 0.0254318
8.5 0.025658
8.6 0.0258842
8.7 0.0261104
8.8 0.0263366
8.9 0.0265628
9 0.026789
9.1 0.0269414
9.2 0.0270938
9.3 0.0272462
9.4 0.0273986
9.5 0.027551
9.6 0.0277034
9.7 0.0278558
9.8 0.0280082
9.9 0.0281606
10 0.028313
10.1 0.0284227
10.2 0.0285324
10.3 0.0286421
10.4 0.0287518
10.5 0.0288615
10.6 0.0289712
10.7 0.0290809
10.8 0.0291906
10.9 0.0293003
11 0.02941
11.1 0.0295483
11.2 0.0296866
11.3 0.0298249
11.4 0.0299632
11.5 0.0301015
11.6 0.0302398
11.7 0.0303781
11.8 0.0305164
11.9 0.0306547
12 0.030793
12.1 0.0314817
12.2 0.0321704
12.3 0.0328591
12.4 0.0335478
12.5 0.0342365
12.6 0.0349252
12.7 0.0356139
12.8 0.0363026
12.9 0.0369913
13 0.03768
13.1 0.0382739
13.2 0.0388678
13.3 0.0394617
13.4 0.0400556
13.5 0.0406495
13.6 0.0412434
13.7 0.0418373
13.8 0.0424312
13.9 0.0430251
14 0.043619
14.1 0.0440331
14.2 0.0444472
14.3 0.0448613
14.4 0.0452754
14.5 0.0456895
14.6 0.0461036
14.7 0.0465177
14.8 0.0469318
14.9 0.0473459
15 0.04776
15.1 0.0480651
15.2 0.0483702
15.3 0.0486753
15.4 0.0489804
15.5 0.0492855
15.6 0.0495906
15.7 0.0498957
15.8 0.0502008
15.9 0.0505059
16 0.050811
16.1 0.0510452
16.2 0.0512794
16.3 0.0515136
16.4 0.0517478
16.5 0.051982
16.6 0.0522162
16.7 0.0524504
16.8 0.0526846
16.9 0.0529188
17 0.053153
17.1 0.0533384
17.2 0.0535238
17.3 0.0537092
17.4 0.0538946
17.5 0.05408
17.6 0.0542654
17.7 0.0544508
17.8 0.0546362
17.9 0.0548216
18 0.055007
18.1 0.0551575
18.2 0.055308
18.3 0.0554585
18.4 0.055609
18.5 0.0557595
18.6 0.05591
18.7 0.0560605
18.8 0.056211
18.9 0.0563615
19 0.056512
19.1 0.0566365
19.2 0.056761
19.3 0.0568855
19.4 0.05701
19.5 0.0571345
19.6 0.057259
19.7 0.0573835
19.8 0.057508
19.9 0.0576325
20 0.057757
20.1 0.0578617
20.2 0.0579664
20.3 0.0580711
20.4 0.0581758
20.5 0.0582805
20.6 0.0583852
20.7 0.0584899
20.8 0.0585946
20.9 0.0586993
21 0.058804
21.1 0.0588934
21.2 0.0589828
21.3 0.0590722
21.4 0.0591616
21.5 0.059251
21.6 0.0593404
21.7 0.0594298
21.8 0.0595192
21.9 0.0596086
22 0.059698
22.1 0.0597751
22.2 0.0598522
22.3 0.0599293
22.4 0.0600064
22.5 0.0600835
22.6 0.0601606
22.7 0.0602377
22.8 0.0603148
22.9 0.0603919
23 0.060469
23.1 0.0605362
23.2 0.0606034
23.3 0.0606706
23.4 0.0607378
23.5 0.060805
23.6 0.0608722
23.7 0.0609394
23.8 0.0610066
23.9 0.0610738
24 0.061141
24.1 0.0612915
24.2 0.061442
24.3 0.0615925
24.4 0.061743
24.5 0.0618935
24.6 0.062044
24.7 0.0621945
24.8 0.062345
24.9 0.0624955
25 0.062646
25.1 0.063068
25.2 0.06349
25.3 0.063912
25.4 0.064334
25.5 0.064756
25.6 0.065178
25.7 0.0656
25.8 0.066022
25.9 0.066444
26 0.066866
26.1 0.0672408
26.2 0.0676156
26.3 0.0679904
26.4 0.0683652
26.5 0.06874
26.6 0.0691148
26.7 0.0694896
26.8 0.0698644
26.9 0.0702392
27 0.070614
27.1 0.0709306
27.2 0.0712472
27.3 0.0715638
27.4 0.0718804
27.5 0.072197
27.6 0.0725136
27.7 0.0728302
27.8 0.0731468
27.9 0.0734634
28 0.07378
28.1 0.0740509
28.2 0.0743218
28.3 0.0745927
28.4 0.0748636
28.5 0.0751345
28.6 0.0754054
28.7 0.0756763
28.8 0.0759472
28.9 0.0762181
29 0.076489
29.1 0.0767235
29.2 0.076958
29.3 0.0771925
29.4 0.077427
29.5 0.0776615
29.6 0.077896
29.7 0.0781305
29.8 0.078365
29.9 0.0785995
30 0.078834
30.1 0.079039
30.2 0.079244
30.3 0.079449
30.4 0.079654
30.5 0.079859
30.6 0.080064
30.7 0.080269
30.8 0.080474
30.9 0.080679
31 0.080884
31.1 0.0810647
31.2 0.0812454
31.3 0.0814261
31.4 0.0816068
31.5 0.0817875
31.6 0.0819682
31.7 0.0821489
31.8 0.0823296
31.9 0.0825103
32 0.082691
32.1 0.0828514
32.2 0.0830118
32.3 0.0831722
32.4 0.0833326
32.5 0.083493
32.6 0.0836534
32.7 0.0838138
32.8 0.0839742
32.9 0.0841346
33 0.084295
33.1 0.0844385
33.2 0.084582
33.3 0.0847255
33.4 0.084869
33.5 0.0850125
33.6 0.085156
33.7 0.0852995
33.8 0.085443
33.9 0.0855865
34 0.08573
34.1 0.0858597
34.2 0.0859894
34.3 0.0861191
34.4 0.0862488
34.5 0.0863785
34.6 0.0865082
34.7 0.0866379
34.8 0.0867676
34.9 0.0868973
35 0.087027
35.1 0.0872246
35.2 0.0874222
35.3 0.0876198
35.4 0.0878174
35.5 0.088015
35.6 0.0882126
35.7 0.0884102
35.8 0.0886078
35.9 0.0888054
36 0.089003
36.1 0.0892659
36.2 0.0895288
36.3 0.0897917
36.4 0.0900546
36.5 0.0903175
36.6 0.0905804
36.7 0.0908433
36.8 0.0911062
36.9 0.0913691
37 0.091632
37.1 0.091877
37.2 0.092122
37.3 0.092367
37.4 0.092612
37.5 0.092857
37.6 0.093102
37.7 0.093347
37.8 0.093592
37.9 0.093837
38 0.094082
38.1 0.0942945
38.2 0.094507
38.3 0.0947195
38.4 0.094932
38.5 0.0951445
38.6 0.095357
38.7 0.0955695
38.8 0.095782
38.9 0.0959945
39 0.096207
39.1 0.0964554
39.2 0.0967038
39.3 0.0969522
39.4 0.0972006
39.5 0.097449
39.6 0.0976974
39.7 0.0979458
39.8 0.0981942
39.9 0.0984426
40 0.098691
40.1 0.0989489
40.2 0.0992068
40.3 0.0994647
40.4 0.0997226
40.5 0.0999805
40.6 0.1002384
40.7 0.1004963
40.8 0.1007542
40.9 0.1010121
41 0.10127
41.1 0.101533
41.2 0.101796
41.3 0.102059
41.4 0.102322
41.5 0.102585
41.6 0.102848
41.7 0.103111
41.8 0.103374
41.9 0.103637
42 0.1039
42.1 0.104136
42.2 0.104372
42.3 0.104608
42.4 0.104844
42.5 0.10508
42.6 0.105316
42.7 0.105552
42.8 0.105788
42.9 0.106024
43 0.10626
43.1 0.106496
43.2 0.106732
43.3 0.106968
43.4 0.107204
43.5 0.10744
43.6 0.107676
43.7 0.107912
43.8 0.108148
43.9 0.108384
44 0.10862
44.1 0.108881
44.2 0.109142
44.3 0.109403
44.4 0.109664
44.5 0.109925
44.6 0.110186
44.7 0.110447
44.8 0.110708
44.9 0.110969
45 0.11123
45.1 0.11147
45.2 0.11171
45.3 0.11195
45.4 0.11219
45.5 0.11243
45.6 0.11267
45.7 0.11291
45.8 0.11315
45.9 0.11339
46 0.11363
46.1 0.113893
46.2 0.114156
46.3 0.114419
46.4 0.114682
46.5 0.114945
46.6 0.115208
46.7 0.115471
46.8 0.115734
46.9 0.115997
47 0.11626
47.1 0.116505
47.2 0.11675
47.3 0.116995
47.4 0.11724
47.5 0.117485
47.6 0.11773
47.7 0.117975
47.8 0.11822
47.9 0.118465
48 0.11871
48.1 0.118958
48.2 0.119206
48.3 0.119454
48.4 0.119702
48.5 0.11995
48.6 0.120198
48.7 0.120446
48.8 0.120694
48.9 0.120942
49 0.12119
49.1 0.121426
49.2 0.121662
49.3 0.121898
49.4 0.122134
49.5 0.12237
49.6 0.122606
49.7 0.122842
49.8 0.123078
49.9 0.123314
50 0.12355
50.1 0.123799
50.2 0.124048
50.3 0.124297
50.4 0.124546
50.5 0.124795
50.6 0.125044
50.7 0.125293
50.8 0.125542
50.9 0.125791
51 0.12604
51.1 0.126285
51.2 0.12653
51.3 0.126775
51.4 0.12702
51.5 0.127265
51.6 0.12751
51.7 0.127755
51.8 0.128
51.9 0.128245
52 0.12849
52.1 0.128743
52.2 0.128996
52.3 0.129249
52.4 0.129502
52.5 0.129755
52.6 0.130008
52.7 0.130261
52.8 0.130514
52.9 0.130767
53 0.13102
53.1 0.131261
53.2 0.131502
53.3 0.131743
53.4 0.131984
53.5 0.132225
53.6 0.132466
53.7 0.132707
53.8 0.132948
53.9 0.133189
54 0.13343
54.1 0.133681
54.2 0.133932
54.3 0.134183
54.4 0.134434
54.5 0.134685
54.6 0.134936
54.7 0.135187
54.8 0.135438
54.9 0.135689
55 0.13594
55.1 0.136174
55.2 0.136408
55.3 0.136642
55.4 0.136876
55.5 0.13711
55.6 0.137344
55.7 0.137578
55.8 0.137812
55.9 0.138046
56 0.13828
56.1 0.13853
56.2 0.13878
56.3 0.13903
56.4 0.13928
56.5 0.13953
56.6 0.13978
56.7 0.14003
56.8 0.14028
56.9 0.14053
57 0.14078
57.1 0.141036
57.2 0.141292
57.3 0.141548
57.4 0.141804
57.5 0.14206
57.6 0.142316
57.7 0.142572
57.8 0.142828
57.9 0.143084
58 0.14334
58.1 0.143582
58.2 0.143824
58.3 0.144066
58.4 0.144308
58.5 0.14455
58.6 0.144792
58.7 0.145034
58.8 0.145276
58.9 0.145518
59 0.14576
59.1 0.146012
59.2 0.146264
59.3 0.146516
59.4 0.146768
59.5 0.14702
59.6 0.147272
59.7 0.147524
59.8 0.147776
59.9 0.148028
60 0.14828
60.1 0.148527
60.2 0.148774
60.3 0.149021
60.4 0.149268
60.5 0.149515
60.6 0.149762
60.7 0.150009
60.8 0.150256
60.9 0.150503
61 0.15075
61.1 0.150993
61.2 0.151236
61.3 0.151479
61.4 0.151722
61.5 0.151965
61.6 0.152208
61.7 0.152451
61.8 0.152694
61.9 0.152937
62 0.15318
62.1 0.153436
62.2 0.153692
62.3 0.153948
62.4 0.154204
62.5 0.15446
62.6 0.154716
62.7 0.154972
62.8 0.155228
62.9 0.155484
63 0.15574
63.1 0.155982
63.2 0.156224
63.3 0.156466
63.4 0.156708
63.5 0.15695
63.6 0.157192
63.7 0.157434
63.8 0.157676
63.9 0.157918
64 0.15816
64.1 0.158386
64.2 0.158612
64.3 0.158838
64.4 0.159064
64.5 0.15929
64.6 0.159516
64.7 0.159742
64.8 0.159968
64.9 0.160194
65 0.16042
65.1 0.160673
65.2 0.160926
65.3 0.161179
65.4 0.161432
65.5 0.161685
65.6 0.161938
65.7 0.162191
65.8 0.162444
65.9 0.162697
66 0.16295
66.1 0.163211
66.2 0.163472
66.3 0.163733
66.4 0.163994
66.5 0.164255
66.6 0.164516
66.7 0.164777
66.8 0.165038
66.9 0.165299
67 0.16556
67.1 0.16581
67.2 0.16606
67.3 0.16631
67.4 0.16656
67.5 0.16681
67.6 0.16706
67.7 0.16731
67.8 0.16756
67.9 0.16781
68 0.16806
68.1 0.168301
68.2 0.168542
68.3 0.168783
68.4 0.169024
68.5 0.169265
68.6 0.169506
68.7 0.169747
68.8 0.169988
68.9 0.170229
69 0.17047
69.1 0.170706
69.2 0.170942
69.3 0.171178
69.4 0.171414
69.5 0.17165
69.6 0.171886
69.7 0.172122
69.8 0.172358
69.9 0.172594
70 0.17283
70.1 0.173058
70.2 0.173286
70.3 0.173514
70.4 0.173742
70.5 0.17397
70.6 0.174198
70.7 0.174426
70.8 0.174654
70.9 0.174882
71 0.17511
71.1 0.175329
71.2 0.175548
71.3 0.175767
71.4 0.175986
71.5 0.176205
71.6 0.176424
71.7 0.176643
71.8 0.176862
71.9 0.177081
72 0.1773
72.1 0.177523
72.2 0.177746
72.3 0.177969
72.4 0.178192
72.5 0.178415
72.6 0.178638
72.7 0.178861
72.8 0.179084
72.9 0.179307
73 0.17953
73.1 0.179786
73.2 0.180042
73.3 0.180298
73.4 0.180554
73.5 0.18081
73.6 0.181066
73.7 0.181322
73.8 0.181578
73.9 0.181834
74 0.18209
74.1 0.182345
74.2 0.1826
74.3 0.182855
74.4 0.18311
74.5 0.183365
74.6 0.18362
74.7 0.183875
74.8 0.18413
74.9 0.184385
75 0.18464
75.1 0.18489
75.2 0.18514
75.3 0.18539
75.4 0.18564
75.5 0.18589
75.6 0.18614
75.7 0.18639
75.8 0.18664
75.9 0.18689
76 0.18714
76.1 0.187383
76.2 0.187626
76.3 0.187869
76.4 0.188112
76.5 0.188355
76.6 0.188598
76.7 0.188841
76.8 0.189084
76.9 0.189327
77 0.18957
77.1 0.189814
77.2 0.190058
77.3 0.190302
77.4 0.190546
77.5 0.19079
77.6 0.191034
77.7 0.191278
77.8 0.191522
77.9 0.191766
78 0.19201
78.1 0.192259
78.2 0.192508
78.3 0.192757
78.4 0.193006
78.5 0.193255
78.6 0.193504
78.7 0.193753
78.8 0.194002
78.9 0.194251
79 0.1945
79.1 0.194751
79.2 0.195002
79.3 0.195253
79.4 0.195504
79.5 0.195755
79.6 0.196006
79.7 0.196257
79.8 0.196508
79.9 0.196759
80 0.19701
80.1 0.197262
80.2 0.197514
80.3 0.197766
80.4 0.198018
80.5 0.19827
80.6 0.198522
80.7 0.198774
80.8 0.199026
80.9 0.199278
81 0.19953
81.1 0.199783
81.2 0.200036
81.3 0.200289
81.4 0.200542
81.5 0.200795
81.6 0.201048
81.7 0.201301
81.8 0.201554
81.9 0.201807
82 0.20206
82.1 0.202312
82.2 0.202564
82.3 0.202816
82.4 0.203068
82.5 0.20332
82.6 0.203572
82.7 0.203824
82.8 0.204076
82.9 0.204328
83 0.20458
83.1 0.204828
83.2 0.205076
83.3 0.205324
83.4 0.205572
83.5 0.20582
83.6 0.206068
83.7 0.206316
83.8 0.206564
83.9 0.206812
84 0.20706
84.1 0.207309
84.2 0.207558
84.3 0.207807
84.4 0.208056
84.5 0.208305
84.6 0.208554
84.7 0.208803
84.8 0.209052
84.9 0.209301
85 0.20955
85.1 0.209799
85.2 0.210048
85.3 0.210297
85.4 0.210546
85.5 0.210795
85.6 0.211044
85.7 0.211293
85.8 0.211542
85.9 0.211791
86 0.21204
86.1 0.212291
86.2 0.212542
86.3 0.212793
86.4 0.213044
86.5 0.213295
86.6 0.213546
86.7 0.213797
86.8 0.214048
86.9 0.214299
87 0.21455
87.1 0.214803
87.2 0.215056
87.3 0.215309
87.4 0.215562
87.5 0.215815
87.6 0.216068
87.7 0.216321
87.8 0.216574
87.9 0.216827
88 0.21708
88.1 0.217318
88.2 0.217556
88.3 0.217794
88.4 0.218032
88.5 0.21827
88.6 0.218508
88.7 0.218746
88.8 0.218984
88.9 0.219222
89 0.21946
89.1 0.219683
89.2 0.219906
89.3 0.220129
89.4 0.220352
89.5 0.220575
89.6 0.220798
89.7 0.221021
89.8 0.221244
89.9 0.221467
90 0.22169
90.1 0.221922
90.2 0.222154
90.3 0.222386
90.4 0.222618
90.5 0.22285
90.6 0.223082
90.7 0.223314
90.8 0.223546
90.9 0.223778
91 0.22401
91.1 0.22425
91.2 0.22449
91.3 0.22473
91.4 0.22497
91.5 0.22521
91.6 0.22545
91.7 0.22569
91.8 0.22593
91.9 0.22617
92 0.22641
92.1 0.226659
92.2 0.226908
92.3 0.227157
92.4 0.227406
92.5 0.227655
92.6 0.227904
92.7 0.228153
92.8 0.228402
92.9 0.228651
93 0.2289
93.1 0.22916
93.2 0.22942
93.3 0.22968
93.4 0.22994
93.5 0.2302
93.6 0.23046
93.7 0.23072
93.8 0.23098
93.9 0.23124
94 0.2315
94.1 0.23177
94.2 0.23204
94.3 0.23231
94.4 0.23258
94.5 0.23285
94.6 0.23312
94.7 0.23339
94.8 0.23366
94.9 0.23393
95 0.2342
95.1 0.234432
95.2 0.234664
95.3 0.234896
95.4 0.235128
95.5 0.23536
95.6 0.235592
95.7 0.235824
95.8 0.236056
95.9 0.236288
96 0.23652
96.1 0.23673
96.2 0.23694
96.3 0.23715
96.4 0.23736
96.5 0.23757
96.6 0.23778
96.7 0.23799
96.8 0.2382
96.9 0.23841
97 0.23862
97.1 0.23884
97.2 0.23906
97.3 0.23928
97.4 0.2395
97.5 0.23972
97.6 0.23994
97.7 0.24016
97.8 0.24038
97.9 0.2406
98 0.24082
98.1 0.241051
98.2 0.241282
98.3 0.241513
98.4 0.241744
98.5 0.241975
98.6 0.242206
98.7 0.242437
98.8 0.242668
98.9 0.242899
99 0.24313
99.1 0.243373
99.2 0.243616
99.3 0.243859
99.4 0.244102
99.5 0.244345
99.6 0.244588
99.7 0.244831
99.8 0.245074
99.9 0.245317
100 0.24556
100.1 0.245816
100.2 0.246072
100.3 0.246328
100.4 0.246584
100.5 0.24684
100.6 0.247096
100.7 0.247352
100.8 0.247608
100.9 0.247864
101 0.24812
101.1 0.248391
101.2 0.248662
101.3 0.248933
101.4 0.249204
101.5 0.249475
101.6 0.249746
101.7 0.250017
101.8 0.250288
101.9 0.250559
102 0.25083
102.1 0.251141
102.2 0.251452
102.3 0.251763
102.4 0.252074
102.5 0.252385
102.6 0.252696
102.7 0.253007
102.8 0.253318
102.9 0.253629
103 0.25394
103.1 0.255145
103.2 0.25635
103.3 0.257555
103.4 0.25876
103.5 0.259965
103.6 0.26117
103.7 0.262375
103.8 0.26358
103.9 0.264785
104 0.26599
104.1 0.267673
104.2 0.269356
104.3 0.271039
104.4 0.272722
104.5 0.274405
104.6 0.276088
104.7 0.277771
104.8 0.279454
104.9 0.281137
105 0.28282
105.1 0.284558
105.2 0.286296
105.3 0.288034
105.4 0.289772
105.5 0.29151
105.6 0.293248
105.7 0.294986
105.8 0.296724
105.9 0.298462
106 0.3002
106.1 0.301058
106.2 0.301916
106.3 0.302774
106.4 0.303632
106.5 0.30449
106.6 0.305348
106.7 0.306206
106.8 0.307064
106.9 0.307922
107 0.30878
107.1 0.309012
107.2 0.309244
107.3 0.309476
107.4 0.309708
107.5 0.30994
107.6 0.310172
107.7 0.310404
107.8 0.310636
107.9 0.310868
108 0.3111
108.1 0.311344
108.2 0.311588
108.3 0.311832
108.4 0.312076
108.5 0.31232
108.6 0.312564
108.7 0.312808
108.8 0.313052
108.9 0.313296
109 0.31354
109.1 0.313798
109.2 0.314056
109.3 0.314314
109.4 0.314572
109.5 0.31483
109.6 0.315088
109.7 0.315346
109.8 0.315604
109.9 0.315862
110 0.31612
110.1 0.316394
110.2 0.316668
110.3 0.316942
110.4 0.317216
110.5 0.31749
110.6 0.317764
110.7 0.318038
110.8 0.318312
110.9 0.318586
111 0.31886
111.1 0.319149
111.2 0.319438
111.3 0.319727
111.4 0.320016
111.5 0.320305
111.6 0.320594
111.7 0.320883
111.8 0.321172
111.9 0.321461
112 0.32175
112.1 0.322018
112.2 0.322286
112.3 0.322554
112.4 0.322822
112.5 0.32309
112.6 0.323358
112.7 0.323626
112.8 0.323894
112.9 0.324162
113 0.32443
113.1 0.324637
113.2 0.324844
113.3 0.325051
113.4 0.325258
113.5 0.325465
113.6 0.325672
113.7 0.325879
113.8 0.326086
113.9 0.326293
114 0.3265
114.1 0.326734
114.2 0.326968
114.3 0.327202
114.4 0.327436
114.5 0.32767
114.6 0.327904
114.7 0.328138
114.8 0.328372
114.9 0.328606
115 0.32884
115.1 0.329104
115.2 0.329368
115.3 0.329632
115.4 0.329896
115.5 0.33016
115.6 0.330424
115.7 0.330688
115.8 0.330952
115.9 0.331216
116 0.33148
116.1 0.331738
116.2 0.331996
116.3 0.332254
116.4 0.332512
116.5 0.33277
116.6 0.333028
116.7 0.333286
116.8 0.333544
116.9 0.333802
117 0.33406
117.1 0.334321
117.2 0.334582
117.3 0.334843
117.4 0.335104
117.5 0.335365
117.6 0.335626
117.7 0.335887
117.8 0.336148
117.9 0.336409
118 0.33667
118.1 0.33687
118.2 0.33707
118.3 0.33727
118.4 0.33747
118.5 0.33767
118.6 0.33787
118.7 0.33807
118.8 0.33827
118.9 0.33847
119 0.33867
119.1 0.338899
119.2 0.339128
119.3 0.339357
119.4 0.339586
119.5 0.339815
119.6 0.340044
119.7 0.340273
119.8 0.340502
119.9 0.340731
120 0.34096
120.1 0.341211
120.2 0.341462
120.3 0.341713
120.4 0.341964
120.5 0.342215
120.6 0.342466
120.7 0.342717
120.8 0.342968
120.9 0.343219
121 0.34347
121.1 0.343784
121.2 0.344098
121.3 0.344412
121.4 0.344726
121.5 0.34504
121.6 0.345354
121.7 0.345668
121.8 0.345982
121.9 0.346296
122 0.34661
122.1 0.347186
122.2 0.347762
122.3 0.348338
122.4 0.348914
122.5 0.34949
122.6 0.350066
122.7 0.350642
122.8 0.351218
122.9 0.351794
123 0.35237
123.1 0.353173
123.2 0.353976
123.3 0.354779
123.4 0.355582
123.5 0.356385
123.6 0.357188
123.7 0.357991
123.8 0.358794
123.9 0.359597
124 0.3604
124.1 0.362339
124.2 0.364278
124.3 0.366217
124.4 0.368156
124.5 0.370095
124.6 0.372034
124.7 0.373973
124.8 0.375912
124.9 0.377851
125 0.37979
125.1 0.381873
125.2 0.383956
125.3 0.386039
125.4 0.388122
125.5 0.390205
125.6 0.392288
125.7 0.394371
125.8 0.396454
125.9 0.398537
126 0.40062
126.1 0.402741
126.2 0.404862
126.3 0.406983
126.4 0.409104
126.5 0.411225
126.6 0.413346
126.7 0.415467
126.8 0.417588
126.9 0.419709
127 0.42183
127.1 0.423876
127.2 0.425922
127.3 0.427968
127.4 0.430014
127.5 0.43206
127.6 0.434106
127.7 0.436152
127.8 0.438198
127.9 0.440244
128 0.44229
128.1 0.444294
128.2 0.446298
128.3 0.448302
128.4 0.450306
128.5 0.45231
128.6 0.454314
128.7 0.456318
128.8 0.458322
128.9 0.460326
129 0.46233
129.1 0.464435
129.2 0.46654
129.3 0.468645
129.4 0.47075
129.5 0.472855
129.6 0.47496
129.7 0.477065
129.8 0.47917
129.9 0.481275
130 0.48338
130.1 0.485338
130.2 0.487296
130.3 0.489254
130.4 0.491212
130.5 0.49317
130.6 0.495128
130.7 0.497086
130.8 0.499044
130.9 0.501002
131 0.50296
131.1 0.505143
131.2 0.507326
131.3 0.509509
131.4 0.511692
131.5 0.513875
131.6 0.516058
131.7 0.518241
131.8 0.520424
131.9 0.522607
132 0.52479
132.1 0.526721
132.2 0.528652
132.3 0.530583
132.4 0.532514
132.5 0.534445
132.6 0.536376
132.7 0.538307
132.8 0.540238
132.9 0.542169
133 0.5441
133.1 0.546302
133.2 0.548504
133.3 0.550706
133.4 0.552908
133.5 0.55511
133.6 0.557312
133.7 0.559514
133.8 0.561716
133.9 0.563918
134 0.56612
134.1 0.568075
134.2 0.57003
134.3 0.571985
134.4 0.57394
134.5 0.575895
134.6 0.57785
134.7 0.579805
134.8 0.58176
134.9 0.583715
135 0.58567
135.1 0.587955
135.2 0.59024
135.3 0.592525
135.4 0.59481
135.5 0.597095
135.6 0.59938
135.7 0.601665
135.8 0.60395
135.9 0.606235
136 0.60852
136.1 0.6106
136.2 0.61268
136.3 0.61476
136.4 0.61684
136.5 0.61892
136.6 0.621
136.7 0.62308
136.8 0.62516
136.9 0.62724
137 0.62932
137.1 0.631409
137.2 0.633498
137.3 0.635587
137.4 0.637676
137.5 0.639765
137.6 0.641854
137.7 0.643943
137.8 0.646032
137.9 0.648121
138 0.65021
138.1 0.652091
138.2 0.653972
138.3 0.655853
138.4 0.657734
138.5 0.659615
138.6 0.661496
138.7 0.663377
138.8 0.665258
138.9 0.667139
139 0.66902
139.1 0.671454
139.2 0.673888
139.3 0.676322
139.4 0.678756
139.5 0.68119
139.6 0.683624
139.7 0.686058
139.8 0.688492
139.9 0.690926
140 0.69336
140.1 0.695255
140.2 0.69715
140.3 0.699045
140.4 0.70094
140.5 0.702835
140.6 0.70473
140.7 0.706625
140.8 0.70852
140.9 0.710415
141 0.71231
141.1 0.71456
141.2 0.71681
141.3 0.71906
141.4 0.72131
141.5 0.72356
141.6 0.72581
141.7 0.72806
141.8 0.73031
141.9 0.73256
142 0.73481
142.1 0.736811
142.2 0.738812
142.3 0.740813
142.4 0.742814
142.5 0.744815
142.6 0.746816
142.7 0.748817
142.8 0.750818
142.9 0.752819
143 0.75482
143.1 0.757003
143.2 0.759186
143.3 0.761369
143.4 0.763552
143.5 0.765735
143.6 0.767918
143.7 0.770101
143.8 0.772284
143.9 0.774467
144 0.77665
144.1 0.778754
144.2 0.780858
144.3 0.782962
144.4 0.785066
144.5 0.78717
144.6 0.789274
144.7 0.791378
144.8 0.793482
144.9 0.795586
145 0.79769
145.1 0.799776
145.2 0.801862
145.3 0.803948
145.4 0.806034
145.5 0.80812
145.6 0.810206
145.7 0.812292
145.8 0.814378
145.9 0.816464
146 0.81855
146.1 0.8204
146.2 0.82225
146.3 0.8241
146.4 0.82595
146.5 0.8278
146.6 0.82965
146.7 0.8315
146.8 0.83335
146.9 0.8352
147 0.83705
147.1 0.837417
147.2 0.837784
147.3 0.838151
147.4 0.838518
147.5 0.838885
147.6 0.839252
147.7 0.839619
147.8 0.839986
147.9 0.840353
148 0.84072
148.1 0.840843
148.2 0.840966
148.3 0.841089
148.4 0.841212
148.5 0.841335
148.6 0.841458
148.7 0.841581
148.8 0.841704
148.9 0.841827
149 0.84195
149.1 0.842086
149.2 0.842222
149.3 0.842358
149.4 0.842494
149.5 0.84263
149.6 0.842766
149.7 0.842902
149.8 0.843038
149.9 0.843174
150 0.84331
150.1 0.843425
150.2 0.84354
150.3 0.843655
150.4 0.84377
150.5 0.843885
150.6 0.844
150.7 0.844115
150.8 0.84423
150.9 0.844345
151 0.84446
151.1 0.84458
151.2 0.8447
151.3 0.84482
151.4 0.84494
151.5 0.84506
151.6 0.84518
151.7 0.8453
151.8 0.84542
151.9 0.84554
152 0.84566
152.1 0.84575
152.2 0.84584
152.3 0.84593
152.4 0.84602
152.5 0.84611
152.6 0.8462
152.7 0.84629
152.8 0.84638
152.9 0.84647
153 0.84656
153.1 0.846706
153.2 0.846852
153.3 0.846998
153.4 0.847144
153.5 0.84729
153.6 0.847436
153.7 0.847582
153.8 0.847728
153.9 0.847874
154 0.84802
154.1 0.848109
154.2 0.848198
154.3 0.848287
154.4 0.848376
154.5 0.848465
154.6 0.848554
154.7 0.848643
154.8 0.848732
154.9 0.848821
155 0.84891
155.1 0.849003
155.2 0.849096
155.3 0.849189
155.4 0.849282
155.5 0.849375
155.6 0.849468
155.7 0.849561
155.8 0.849654
155.9 0.849747
156 0.84984
156.1 0.849948
156.2 0.850056
156.3 0.850164
156.4 0.850272
156.5 0.85038
156.6 0.850488
156.7 0.850596
156.8 0.850704
156.9 0.850812
157 0.85092
157.1 0.851033
157.2 0.851146
157.3 0.851259
157.4 0.851372
157.5 0.851485
157.6 0.851598
157.7 0.851711
157.8 0.851824
157.9 0.851937
158 0.85205
158.1 0.852162
158.2 0.852274
158.3 0.852386
158.4 0.852498
158.5 0.85261
158.6 0.852722
158.7 0.852834
158.8 0.852946
158.9 0.853058
159 0.85317
159.1 0.853288
159.2 0.853406
159.3 0.853524
159.4 0.853642
159.5 0.85376
159.6 0.853878
159.7 0.853996
159.8 0.854114
159.9 0.854232
160 0.85435
160.1 0.854377
160.2 0.854404
160.3 0.854431
160.4 0.854458
160.5 0.854485
160.6 0.854512
160.7 0.854539
160.8 0.854566
160.9 0.854593
161 0.85462
161.1 0.85462
161.2 0.85462
161.3 0.85462
161.4 0.85462
161.5 0.85462
161.6 0.85462
161.7 0.85462
161.8 0.85462
161.9 0.85462
162 0.85462
162.1 0.85462
162.2 0.85462
162.3 0.85462
162.4 0.85462
162.5 0.85462
162.6 0.85462
162.7 0.85462
162.8 0.85462
162.9 0.85462
163 0.85462
163.1 0.85462
163.2 0.85462
163.3 0.85462
163.4 0.85462
163.5 0.85462
163.6 0.85462
163.7 0.85462
163.8 0.85462
163.9 0.85462
164 0.85462
164.1 0.85462
164.2 0.85462
164.3 0.85462
164.4 0.85462
164.5 0.85462
164.6 0.85462
164.7 0.85462
164.8 0.85462
164.9 0.85462
165 0.85462
165.1 0.85462
165.2 0.85462
165.3 0.85462
165.4 0.85462
165.5 0.85462
165.6 0.85462
165.7 0.85462
165.8 0.85462
165.9 0.85462
166 0.85462
166.1 0.85462
166.2 0.85462
166.3 0.85462
166.4 0.85462
166.5 0.85462
166.6 0.85462
166.7 0.85462
166.8 0.85462
166.9 0.85462
167 0.85462
167.1 0.85462
167.2 0.85462
167.3 0.85462
167.4 0.85462
167.5 0.85462
167.6 0.85462
167.7 0.85462
167.8 0.85462
167.9 0.85462
168 0.85462
168.1 0.85462
168.2 0.85462
168.3 0.85462
168.4 0.85462
168.5 0.85462
168.6 0.85462
168.7 0.85462
168.8 0.85462
168.9 0.85462
169 0.85462
169.1 0.85462
169.2 0.85462
169.3 0.85462
169.4 0.85462
169.5 0.85462
169.6 0.85462
169.7 0.85462
169.8 0.85462
169.9 0.85462
170 0.85462
170.1 0.85462
170.2 0.85462
170.3 0.85462
170.4 0.85462
170.5 0.85462
170.6 0.85462
170.7 0.85462
170.8 0.85462
170.9 0.85462
171 0.85462
171.1 0.85462
171.2 0.85462
171.3 0.85462
171.4 0.85462
171.5 0.85462
171.6 0.85462
171.7 0.85462
171.8 0.85462
171.9 0.85462
172 0.85462
172.1 0.85462
172.2 0.85462
172.3 0.85462
172.4 0.85462
172.5 0.85462
172.6 0.85462
172.7 0.85462
172.8 0.85462
172.9 0.85462
173 0.85462
173.1 0.85462
173.2 0.85462
173.3 0.85462
173.4 0.85462
173.5 0.85462
173.6 0.85462
173.7 0.85462
173.8 0.85462
173.9 0.85462
174 0.85462
174.1 0.85462
174.2 0.85462
174.3 0.85462
174.4 0.85462
174.5 0.85462
174.6 0.85462
174.7 0.85462
174.8 0.85462
174.9 0.85462
175 0.85462
175.1 0.85462
175.2 0.85462
175.3 0.85462
175.4 0.85462
175.5 0.85462
175.6 0.85462
175.7 0.85462
175.8 0.85462
175.9 0.85462
176 0.85462
176.1 0.85462
176.2 0.85462
176.3 0.85462
176.4 0.85462
176.5 0.85462
176.6 0.85462
176.7 0.85462
176.8 0.85462
176.9 0.85462
177 0.85462
177.1 0.85462
177.2 0.85462
177.3 0.85462
177.4 0.85462
177.5 0.85462
177.6 0.85462
177.7 0.85462
177.8 0.85462
177.9 0.85462
178 0.85462
178.1 0.85462
178.2 0.85462
178.3 0.85462
178.4 0.85462
178.5 0.85462
178.6 0.85462
178.7 0.85462
178.8 0.85462
178.9 0.85462
179 0.85462
179.1 0.85462
179.2 0.85462
179.3 0.85462
179.4 0.85462
179.5 0.85462
179.6 0.85462
179.7 0.85462
179.8 0.85462
179.9 0.85462
180 0.85462
180.1 0.85462
180.2 0.85462
180.3 0.85462
180.4 0.85462
180.5 0.85462
180.6 0.85462
180.7 0.85462
180.8 0.85462
180.9 0.85462
181 0.85462
181.1 0.85462
181.2 0.85462
181.3 0.85462
181.4 0.85462
181.5 0.85462
181.6 0.85462
181.7 0.85462
181.8 0.85462
181.9 0.85462
182 0.85462
182.1 0.85462
182.2 0.85462
182.3 0.85462
182.4 0.85462
182.5 0.85462
182.6 0.85462
182.7 0.85462
182.8 0.85462
182.9 0.85462
183 0.85462
183.1 0.85462
183.2 0.85462
183.3 0.85462
183.4 0.85462
183.5 0.85462
183.6 0.85462
183.7 0.85462
183.8 0.85462
183.9 0.85462
184 0.85462
184.1 0.85462
184.2 0.85462
184.3 0.85462
184.4 0.85462
184.5 0.85462
184.6 0.85462
184.7 0.85462
184.8 0.85462
184.9 0.85462
185 0.85462
185.1 0.85462
185.2 0.85462
185.3 0.85462
185.4 0.85462
185.5 0.85462
185.6 0.85462
185.7 0.85462
185.8 0.85462
185.9 0.85462
186 0.85462
186.1 0.85462
186.2 0.85462
186.3 0.85462
186.4 0.85462
186.5 0.85462
186.6 0.85462
186.7 0.85462
186.8 0.85462
186.9 0.85462
187 0.85462
187.1 0.85462
187.2 0.85462
187.3 0.85462
187.4 0.85462
187.5 0.85462
187.6 0.85462
187.7 0.85462
187.8 0.85462
187.9 0.85462
188 0.85462
188.1 0.85462
188.2 0.85462
188.3 0.85462
188.4 0.85462
188.5 0.85462
188.6 0.85462
188.7 0.85462
188.8 0.85462
188.9 0.85462
189 0.85462
189.1 0.85462
189.2 0.85462
189.3 0.85462
189.4 0.85462
189.5 0.85462
189.6 0.85462
189.7 0.85462
189.8 0.85462
189.9 0.85462
190 0.85462
190.1 0.85462
190.2 0.85462
190.3 0.85462
190.4 0.85462
190.5 0.85462
190.6 0.85462
190.7 0.85462
190.8 0.85462
190.9 0.85462
191 0.85462
191.1 0.85462
191.2 0.85462
191.3 0.85462
191.4 0.85462
191.5 0.85462
191.6 0.85462
191.7 0.85462
191.8 0.85462
191.9 0.85462
192 0.85462
192.1 0.85462
192.2 0.85462
192.3 0.85462
192.4 0.85462
192.5 0.85462
192.6 0.85462
192.7 0.85462
192.8 0.85462
192.9 0.85462
193 0.85462
193.1 0.85462
193.2 0.85462
193.3 0.85462
193.4 0.85462
193.5 0.85462
193.6 0.85462
193.7 0.85462
193.8 0.85462
193.9 0.85462
194 0.85462
194.1 0.85462
194.2 0.85462
194.3 0.85462
194.4 0.85462
194.5 0.85462
194.6 0.85462
194.7 0.85462
194.8 0.85462
194.9 0.85462
195 0.85462
195.1 0.85462
195.2 0.85462
195.3 0.85462
195.4 0.85462
195.5 0.85462
195.6 0.85462
195.7 0.85462
195.8 0.85462
195.9 0.85462
196 0.85462
196.1 0.85462
196.2 0.85462
196.3 0.85462
196.4 0.85462
196.5 0.85462
196.6 0.85462
196.7 0.85462
196.8 0.85462
196.9 0.85462
197 0.85462
197.1 0.85462
197.2 0.85462
197.3 0.85462
197.4 0.85462
197.5 0.85462
197.6 0.85462
197.7 0.85462
197.8 0.85462
197.9 0.85462
198 0.85462
198.1 0.85462
198.2 0.85462
198.3 0.85462
198.4 0.85462
198.5 0.85462
198.6 0.85462
198.7 0.85462
198.8 0.85462
198.9 0.85462
199 0.85462
199.1 0.85462
199.2 0.85462
199.3 0.85462
199.4 0.85462
199.5 0.85462
199.6 0.85462
199.7 0.85462
199.8 0.85462
199.9 0.85462
200 0.85462
200.1 0.85462
200.2 0.85462
200.3 0.85462
200.4 0.85462
200.5 0.85462
200.6 0.85462
200.7 0.85462
200.8 0.85462
200.9 0.85462
201 0.85462
201.1 0.85462
201.2 0.85462
201.3 0.85462
201.4 0.85462
201.5 0.85462
201.6 0.85462
201.7 0.85462
201.8 0.85462
201.9 0.85462
202 0.85462
202.1 0.85462
202.2 0.85462
202.3 0.85462
202.4 0.85462
202.5 0.85462
202.6 0.85462
202.7 0.85462
202.8 0.85462
202.9 0.85462
203 0.85462
203.1 0.85462
203.2 0.85462
203.3 0.85462
203.4 0.85462
203.5 0.85462
203.6 0.85462
203.7 0.85462
203.8 0.85462
203.9 0.85462
204 0.85462
204.1 0.85462
204.2 0.85462
204.3 0.85462
204.4 0.85462
204.5 0.85462
204.6 0.85462
204.7 0.85462
204.8 0.85462
204.9 0.85462
205 0.85462
205.1 0.85462
205.2 0.85462
205.3 0.85462
205.4 0.85462
205.5 0.85462
205.6 0.85462
205.7 0.85462
205.8 0.85462
205.9 0.85462
206 0.85462
206.1 0.85462
206.2 0.85462
206.3 0.85462
206.4 0.85462
206.5 0.85462
206.6 0.85462
206.7 0.85462
206.8 0.85462
206.9 0.85462
207 0.85462
207.1 0.85462
207.2 0.85462
207.3 0.85462
207.4 0.85462
207.5 0.85462
207.6 0.85462
207.7 0.85462
207.8 0.85462
207.9 0.85462
208 0.85462
208.1 0.85462
208.2 0.85462
208.3 0.85462
208.4 0.85462
208.5 0.85462
208.6 0.85462
208.7 0.85462
208.8 0.85462
208.9 0.85462
209 0.85462
209.1 0.85462
209.2 0.85462
209.3 0.85462
209.4 0.85462
209.5 0.85462
209.6 0.85462
209.7 0.85462
209.8 0.85462
209.9 0.85462
210 0.85462
210.1 0.85462
210.2 0.85462
210.3 0.85462
210.4 0.85462
210.5 0.85462
210.6 0.85462
210.7 0.85462
210.8 0.85462
210.9 0.85462
211 0.85462
211.1 0.85462
211.2 0.85462
211.3 0.85462
211.4 0.85462
211.5 0.85462
211.6 0.85462
211.7 0.85462
211.8 0.85462
211.9 0.85462
212 0.85462
212.1 0.85462
212.2 0.85462
212.3 0.85462
212.4 0.85462
212.5 0.85462
212.6 0.85462
212.7 0.85462
212.8 0.85462
212.9 0.85462
213 0.85462
213.1 0.85462
213.2 0.85462
213.3 0.85462
213.4 0.85462
213.5 0.85462
213.6 0.85462
213.7 0.85462
213.8 0.85462
213.9 0.85462
214 0.85462
214.1 0.85462
214.2 0.85462
214.3 0.85462
214.4 0.85462
214.5 0.85462
214.6 0.85462
214.7 0.85462
214.8 0.85462
214.9 0.85462
215 0.85462
215.1 0.85462
215.2 0.85462
215.3 0.85462
215.4 0.85462
215.5 0.85462
215.6 0.85462
215.7 0.85462
215.8 0.85462
215.9 0.85462
216 0.85462
216.1 0.85462
216.2 0.85462
216.3 0.85462
216.4 0.85462
216.5 0.85462
216.6 0.85462
216.7 0.85462
216.8 0.85462
216.9 0.85462
217 0.85462
217.1 0.85462
217.2 0.85462
217.3 0.85462
217.4 0.85462
217.5 0.85462
217.6 0.85462
217.7 0.85462
217.8 0.85462
217.9 0.85462
218 0.85462
218.1 0.85462
218.2 0.85462
218.3 0.85462
218.4 0.85462
218.5 0.85462
218.6 0.85462
218.7 0.85462
218.8 0.85462
218.9 0.85462
219 0.85462
219.1 0.85462
219.2 0.85462
219.3 0.85462
219.4 0.85462
219.5 0.85462
219.6 0.85462
219.7 0.85462
219.8 0.85462
219.9 0.85462
220 0.85462
220.1 0.85462
220.2 0.85462
220.3 0.85462
220.4 0.85462
220.5 0.85462
220.6 0.85462
220.7 0.85462
220.8 0.85462
220.9 0.85462
221 0.85462
221.1 0.85462
221.2 0.85462
221.3 0.85462
221.4 0.85462
221.5 0.85462
221.6 0.85462
221.7 0.85462
221.8 0.85462
221.9 0.85462
222 0.85462
222.1 0.85462
222.2 0.85462
222.3 0.85462
222.4 0.85462
222.5 0.85462
222.6 0.85462
222.7 0.85462
222.8 0.85462
222.9 0.85462
223 0.85462
223.1 0.85462
223.2 0.85462
223.3 0.85462
223.4 0.85462
223.5 0.85462
223.6 0.85462
223.7 0.85462
223.8 0.85462
223.9 0.85462
224 0.85462
224.1 0.85462
224.2 0.85462
224.3 0.85462
224.4 0.85462
224.5 0.85462
224.6 0.85462
224.7 0.85462
224.8 0.85462
224.9 0.85462
225 0.85462
225.1 0.85462
225.2 0.85462
225.3 0.85462
225.4 0.85462
225.5 0.85462
225.6 0.85462
225.7 0.85462
225.8 0.85462
225.9 0.85462
226 0.85462
226.1 0.85462
226.2 0.85462
226.3 0.85462
226.4 0.85462
226.5 0.85462
226.6 0.85462
226.7 0.85462
226.8 0.85462
226.9 0.85462
227 0.85462
227.1 0.85462
227.2 0.85462
227.3 0.85462
227.4 0.85462
227.5 0.85462
227.6 0.85462
227.7 0.85462
227.8 0.85462
227.9 0.85462
228 0.85462
228.1 0.85462
228.2 0.85462
228.3 0.85462
228.4 0.85462
228.5 0.85462
228.6 0.85462
228.7 0.85462
228.8 0.85462
228.9 0.85462
229 0.85462
229.1 0.85462
229.2 0.85462
229.3 0.85462
229.4 0.85462
229.5 0.85462
229.6 0.85462
229.7 0.85462
229.8 0.85462
229.9 0.85462
230 0.85462
230.1 0.85462
230.2 0.85462
230.3 0.85462
230.4 0.85462
230.5 0.85462
230.6 0.85462
230.7 0.85462
230.8 0.85462
230.9 0.85462
231 0.85462
231.1 0.85462
231.2 0.85462
231.3 0.85462
231.4 0.85462
231.5 0.85462
231.6 0.85462
231.7 0.85462
231.8 0.85462
231.9 0.85462
232 0.85462
232.1 0.85462
232.2 0.85462
232.3 0.85462
232.4 0.85462
232.5 0.85462
232.6 0.85462
232.7 0.85462
232.8 0.85462
232.9 0.85462
233 0.85462
233.1 0.85462
233.2 0.85462
233.3 0.85462
233.4 0.85462
233.5 0.85462
233.6 0.85462
233.7 0.85462
233.8 0.85462
233.9 0.85462
234 0.85462
234.1 0.85462
234.2 0.85462
234.3 0.85462
234.4 0.85462
234.5 0.85462
234.6 0.85462
234.7 0.85462
234.8 0.85462
234.9 0.85462
235 0.85462
235.1 0.85462
235.2 0.85462
235.3 0.85462
235.4 0.85462
235.5 0.85462
235.6 0.85462
235.7 0.85462
235.8 0.85462
235.9 0.85462
236 0.85462
236.1 0.85462
236.2 0.85462
236.3 0.85462
236.4 0.85462
236.5 0.85462
236.6 0.85462
236.7 0.85462
236.8 0.85462
236.9 0.85462
237 0.85462
237.1 0.85462
237.2 0.85462
237.3 0.85462
237.4 0.85462
237.5 0.85462
237.6 0.85462
237.7 0.85462
237.8 0.85462
237.9 0.85462
238 0.85462
238.1 0.85462
238.2 0.85462
238.3 0.85462
238.4 0.85462
238.5 0.85462
238.6 0.85462
238.7 0.85462
238.8 0.85462
238.9 0.85462
239 0.85462
239.1 0.85462
239.2 0.85462
239.3 0.85462
239.4 0.85462
239.5 0.85462
239.6 0.85462
239.7 0.85462
239.8 0.85462
239.9 0.85462
240 0.85462
240.1 0.85462
240.2 0.85462
240.3 0.85462
240.4 0.85462
240.5 0.85462
240.6 0.85462
240.7 0.85462
240.8 0.85462
240.9 0.85462
241 0.85462
241.1 0.85462
241.2 0.85462
241.3 0.85462
241.4 0.85462
241.5 0.85462
241.6 0.85462
241.7 0.85462
241.8 0.85462
241.9 0.85462
242 0.85462
242.1 0.85462
242.2 0.85462
242.3 0.85462
242.4 0.85462
242.5 0.85462
242.6 0.85462
242.7 0.85462
242.8 0.85462
242.9 0.85462
243 0.85462
243.1 0.85462
243.2 0.85462
243.3 0.85462
243.4 0.85462
243.5 0.85462
243.6 0.85462
243.7 0.85462
243.8 0.85462
243.9 0.85462
244 0.85462
244.1 0.85462
244.2 0.85462
244.3 0.85462
244.4 0.85462
244.5 0.85462
244.6 0.85462
244.7 0.85462
244.8 0.85462
244.9 0.85462
245 0.85462
245.1 0.85462
245.2 0.85462
245.3 0.85462
245.4 0.85462
245.5 0.85462
245.6 0.85462
245.7 0.85462
245.8 0.85462
245.9 0.85462
246 0.85462
246.1 0.85462
246.2 0.85462
246.3 0.85462
246.4 0.85462
246.5 0.85462
246.6 0.85462
246.7 0.85462
246.8 0.85462
246.9 0.85462
247 0.85462
247.1 0.85462
247.2 0.85462
247.3 0.85462
247.4 0.85462
247.5 0.85462
247.6 0.85462
247.7 0.85462
247.8 0.85462
247.9 0.85462
248 0.85462
248.1 0.85462
248.2 0.85462
248.3 0.85462
248.4 0.85462
248.5 0.85462
248.6 0.85462
248.7 0.85462
248.8 0.85462
248.9 0.85462
249 0.85462
249.1 0.85462
249.2 0.85462
249.3 0.85462
249.4 0.85462
249.5 0.85462
249.6 0.85462
249.7 0.85462
249.8 0.85462
249.9 0.85462
250 0.85462
250.1 0.85462
250.2 0.85462
250.3 0.85462
250.4 0.85462
250.5 0.85462
250.6 0.85462
250.7 0.85462
250.8 0.85462
250.9 0.85462
251 0.85462
251.1 0.85462
251.2 0.85462
251.3 0.85462
251.4 0.85462
251.5 0.85462
251.6 0.85462
251.7 0.85462
251.8 0.85462
251.9 0.85462
252 0.85462
252.1 0.85462
252.2 0.85462
252.3 0.85462
252.4 0.85462
252.5 0.85462
252.6 0.85462
252.7 0.85462
252.8 0.85462
252.9 0.85462
253 0.85462
253.1 0.85462
253.2 0.85462
253.3 0.85462
253.4 0.85462
253.5 0.85462
253.6 0.85462
253.7 0.85462
253.8 0.85462
253.9 0.85462
254 0.85462
254.1 0.85462
254.2 0.85462
254.3 0.85462
254.4 0.85462
254.5 0.85462
254.6 0.85462
254.7 0.85462
254.8 0.85462
254.9 0.85462
255 0.85462
255.1 0.85462
255.2 0.85462
255.3 0.85462
255.4 0.85462
255.5 0.85462
255.6 0.85462
255.7 0.85462
255.8 0.85462
255.9 0.85462
256 0.85462
256.1 0.85462
256.2 0.85462
256.3 0.85462
256.4 0.85462
256.5 0.85462
256.6 0.85462
256.7 0.85462
256.8 0.85462
256.9 0.85462
257 0.85462
257.1 0.85462
257.2 0.85462
257.3 0.85462
257.4 0.85462
257.5 0.85462
257.6 0.85462
257.7 0.85462
257.8 0.85462
257.9 0.85462
258 0.85462
258.1 0.85462
258.2 0.85462
258.3 0.85462
258.4 0.85462
258.5 0.85462
258.6 0.85462
258.7 0.85462
258.8 0.85462
258.9 0.85462
259 0.85462
259.1 0.85462
259.2 0.85462
259.3 0.85462
259.4 0.85462
259.5 0.85462
259.6 0.85462
259.7 0.85462
259.8 0.85462
259.9 0.85462
260 0.85462
260.1 0.85462
260.2 0.85462
260.3 0.85462
260.4 0.85462
260.5 0.85462
260.6 0.85462
260.7 0.85462
260.8 0.85462
260.9 0.85462
261 0.85462
261.1 0.85462
261.2 0.85462
261.3 0.85462
261.4 0.85462
261.5 0.85462
261.6 0.85462
261.7 0.85462
261.8 0.85462
261.9 0.85462
262 0.85462
262.1 0.85462
262.2 0.85462
262.3 0.85462
262.4 0.85462
262.5 0.85462
262.6 0.85462
262.7 0.85462
262.8 0.85462
262.9 0.85462
263 0.85462
263.1 0.85462
263.2 0.85462
263.3 0.85462
263.4 0.85462
263.5 0.85462
263.6 0.85462
263.7 0.85462
263.8 0.85462
263.9 0.85462
264 0.85462
264.1 0.85462
264.2 0.85462
264.3 0.85462
264.4 0.85462
264.5 0.85462
264.6 0.85462
264.7 0.85462
264.8 0.85462
264.9 0.85462
265 0.85462
265.1 0.85462
265.2 0.85462
265.3 0.85462
265.4 0.85462
265.5 0.85462
265.6 0.85462
265.7 0.85462
265.8 0.85462
265.9 0.85462
266 0.85462
266.1 0.85462
266.2 0.85462
266.3 0.85462
266.4 0.85462
266.5 0.85462
266.6 0.85462
266.7 0.85462
266.8 0.85462
266.9 0.85462
267 0.85462
267.1 0.85462
267.2 0.85462
267.3 0.85462
267.4 0.85462
267.5 0.85462
267.6 0.85462
267.7 0.85462
267.8 0.85462
267.9 0.85462
268 0.85462
268.1 0.85462
268.2 0.85462
268.3 0.85462
268.4 0.85462
268.5 0.85462
268.6 0.85462
268.7 0.85462
268.8 0.85462
268.9 0.85462
269 0.85462
269.1 0.85462
269.2 0.85462
269.3 0.85462
269.4 0.85462
269.5 0.85462
269.6 0.85462
269.7 0.85462
269.8 0.85462
269.9 0.85462
270 0.85462
270.1 0.85462
270.2 0.85462
270.3 0.85462
270.4 0.85462
270.5 0.85462
270.6 0.85462
270.7 0.85462
270.8 0.85462
270.9 0.85462
271 0.85462
271.1 0.85462
271.2 0.85462
271.3 0.85462
271.4 0.85462
271.5 0.85462
271.6 0.85462
271.7 0.85462
271.8 0.85462
271.9 0.85462
272 0.85462
272.1 0.854621
272.2 0.854622
272.3 0.854623
272.4 0.854624
272.5 0.854625
272.6 0.854626
272.7 0.854627
272.8 0.854628
272.9 0.854629
273 0.85463
273.1 0.867439
273.2 0.880247999999999
273.3 0.893056999999999
273.4 0.905866
273.5 0.918674999999999
273.6 0.931483999999999
273.7 0.944292999999998
273.8 0.957101999999999
273.9 0.969911
274 0.98272
274.1 0.982817
274.2 0.982914
274.3 0.983011
274.4 0.983108
274.5 0.983205
274.6 0.983302
274.7 0.983399
274.8 0.983496
274.9 0.983593
275 0.98369
275.1 0.983787
275.2 0.983884
275.3 0.983981
275.4 0.984078
275.5 0.984175
275.6 0.984272
275.7 0.984369
275.8 0.984466
275.9 0.984563
276 0.98466
276.1 0.984756
276.2 0.984852
276.3 0.984948
276.4 0.985044
276.5 0.98514
276.6 0.985236
276.7 0.985332
276.8 0.985428
276.9 0.985524
277 0.98562
277.1 0.985717
277.2 0.985814
277.3 0.985911
277.4 0.986008
277.5 0.986105
277.6 0.986202
277.7 0.986299
277.8 0.986396
277.9 0.986493
278 0.98659
278.1 0.986686
278.2 0.986782
278.3 0.986878
278.4 0.986974
278.5 0.98707
278.6 0.987166
278.7 0.987262
278.8 0.987358
278.9 0.987454
279 0.98755
279.1 0.987647
279.2 0.987744
279.3 0.987841
279.4 0.987938
279.5 0.988035
279.6 0.988132
279.7 0.988229
279.8 0.988326
279.9 0.988423
280 0.98852
280.1 0.988616
280.2 0.988712
280.3 0.988808
280.4 0.988904
280.5 0.989
280.6 0.989096
280.7 0.989192
280.8 0.989288
280.9 0.989384
281 0.98948
281.1 0.989577
281.2 0.989674
281.3 0.989771
281.4 0.989868
281.5 0.989965
281.6 0.990062
281.7 0.990159
281.8 0.990256
281.9 0.990353
282 0.99045
282.1 0.990546
282.2 0.990642
282.3 0.990738
282.4 0.990834
282.5 0.99093
282.6 0.991026
282.7 0.991122
282.8 0.991218
282.9 0.991314
283 0.99141
283.1 0.991507
283.2 0.991604
283.3 0.991701
283.4 0.991798
283.5 0.991895
283.6 0.991992
283.7 0.992089
283.8 0.992186
283.9 0.992283
284 0.99238
284.1 0.992476
284.2 0.992572
284.3 0.992668
284.4 0.992764
284.5 0.99286
284.6 0.992956
284.7 0.993052
284.8 0.993148
284.9 0.993244
285 0.99334
285.1 0.993437
285.2 0.993534
285.3 0.993631
285.4 0.993728
285.5 0.993825
285.6 0.993922
285.7 0.994019
285.8 0.994116
285.9 0.994213
286 0.99431
286.1 0.994406
286.2 0.994502
286.3 0.994598
286.4 0.994694
286.5 0.99479
286.6 0.994886
286.7 0.994982
286.8 0.995078
286.9 0.995174
287 0.99527
287.1 0.995367
287.2 0.995464
287.3 0.995561
287.4 0.995658
287.5 0.995755
287.6 0.995852
287.7 0.995949
287.8 0.996046
287.9 0.996143
288 0.99624
288.1 0.996336
288.2 0.996432
288.3 0.996528
288.4 0.996624
288.5 0.99672
288.6 0.996816
288.7 0.996912
288.8 0.997008
288.9 0.997104
289 0.9972
289.1 0.997286
289.2 0.997372
289.3 0.997458
289.4 0.997544
289.5 0.99763
289.6 0.997716
289.7 0.997802
289.8 0.997888
289.9 0.997974
290 0.99806
290.1 0.998077
290.2 0.998094
290.3 0.998111
290.4 0.998128
290.5 0.998145
290.6 0.998162
290.7 0.998179
290.8 0.998196
290.9 0.998213
291 0.99823
291.1 0.998235
291.2 0.99824
291.3 0.998245
291.4 0.99825
291.5 0.998255
291.6 0.99826
291.7 0.998265
291.8 0.99827
291.9 0.998275
292 0.99828
292.1 0.998286
292.2 0.998292
292.3 0.998298
292.4 0.998304
292.5 0.99831
292.6 0.998316
292.7 0.998322
292.8 0.998328
292.9 0.998334
293 0.99834
293.1 0.998346
293.2 0.998352
293.3 0.998358
293.4 0.998364
293.5 0.99837
293.6 0.998376
293.7 0.998382
293.8 0.998388
293.9 0.998394
294 0.9984
294.1 0.998406
294.2 0.998412
294.3 0.998418
294.4 0.998424
294.5 0.99843
294.6 0.998436
294.7 0.998442
294.8 0.998448
294.9 0.998454
295 0.99846
295.1 0.998465
295.2 0.99847
295.3 0.998475
295.4 0.99848
295.5 0.998485
295.6 0.99849
295.7 0.998495
295.8 0.9985
295.9 0.998505
296 0.99851
296.1 0.998516
296.2 0.998522
296.3 0.998528
296.4 0.998534
296.5 0.99854
296.6 0.998546
296.7 0.998552
296.8 0.998558
296.9 0.998564
297 0.99857
297.1 0.998576
297.2 0.998582
297.3 0.998588
297.4 0.998594
297.5 0.9986
297.6 0.998606
297.7 0.998612
297.8 0.998618
297.9 0.998624
298 0.99863
298.1 0.998635
298.2 0.99864
298.3 0.998645
298.4 0.99865
298.5 0.998655
298.6 0.99866
298.7 0.998665
298.8 0.99867
298.9 0.998675
299 0.99868
299.1 0.998686
299.2 0.998692
299.3 0.998698
299.4 0.998704
299.5 0.99871
299.6 0.998716
299.7 0.998722
299.8 0.998728
299.9 0.998734
300 0.99874
300.1 0.998746
300.2 0.998752
300.3 0.998758
300.4 0.998764
300.5 0.99877
300.6 0.998776
300.7 0.998782
300.8 0.998788
300.9 0.998794
301 0.9988
301.1 0.998806
301.2 0.998812
301.3 0.998818
301.4 0.998824
301.5 0.99883
301.6 0.998836
301.7 0.998842
301.8 0.998848
301.9 0.998854
302 0.99886
302.1 0.998865
302.2 0.99887
302.3 0.998875
302.4 0.99888
302.5 0.998885
302.6 0.99889
302.7 0.998895
302.8 0.9989
302.9 0.998905
303 0.99891
303.1 0.998916
303.2 0.998922
303.3 0.998928
303.4 0.998934
303.5 0.99894
303.6 0.998946
303.7 0.998952
303.8 0.998958
303.9 0.998964
304 0.99897
304.1 0.998976
304.2 0.998982
304.3 0.998988
304.4 0.998994
304.5 0.999
304.6 0.999006
304.7 0.999012
304.8 0.999018
304.9 0.999024
305 0.99903
305.1 0.999035
305.2 0.99904
305.3 0.999045
305.4 0.99905
305.5 0.999055
305.6 0.99906
305.7 0.999065
305.8 0.99907
305.9 0.999075
306 0.99908
306.1 0.999086
306.2 0.999092
306.3 0.999098
306.4 0.999104
306.5 0.99911
306.6 0.999116
306.7 0.999122
306.8 0.999128
306.9 0.999134
307 0.99914
307.1 0.999146
307.2 0.999152
307.3 0.999158
307.4 0.999164
307.5 0.99917
307.6 0.999176
307.7 0.999182
307.8 0.999188
307.9 0.999194
308 0.9992
308.1 0.999206
308.2 0.999212
308.3 0.999218
308.4 0.999224
308.5 0.99923
308.6 0.999236
308.7 0.999242
308.8 0.999248
308.9 0.999254
309 0.99926
309.1 0.999265
309.2 0.99927
309.3 0.999275
309.4 0.99928
309.5 0.999285
309.6 0.99929
309.7 0.999295
309.8 0.9993
309.9 0.999305
310 0.99931
310.1 0.999316
310.2 0.999322
310.3 0.999328
310.4 0.999334
310.5 0.99934
310.6 0.999346
310.7 0.999352
310.8 0.999358
310.9 0.999364
311 0.99937
311.1 0.999376
311.2 0.999382
311.3 0.999388
311.4 0.999394
311.5 0.9994
311.6 0.999406
311.7 0.999412
311.8 0.999418
311.9 0.999424
312 0.99943
312.1 0.999436
312.2 0.999442
312.3 0.999448
312.4 0.999454
312.5 0.99946
312.6 0.999466
312.7 0.999472
312.8 0.999478
312.9 0.999484
313 0.99949
313.1 0.999495
313.2 0.9995
313.3 0.999505
313.4 0.99951
313.5 0.999515
313.6 0.99952
313.7 0.999525
313.8 0.99953
313.9 0.999535
314 0.99954
314.1 0.999546
314.2 0.999552
314.3 0.999558
314.4 0.999564
314.5 0.99957
314.6 0.999576
314.7 0.999582
314.8 0.999588
314.9 0.999594
315 0.9996
315.1 0.999606
315.2 0.999612
315.3 0.999618
315.4 0.999624
315.5 0.99963
315.6 0.999636
315.7 0.999642
315.8 0.999648
315.9 0.999654
316 0.99966
316.1 0.999665
316.2 0.99967
316.3 0.999675
316.4 0.99968
316.5 0.999685
316.6 0.99969
316.7 0.999695
316.8 0.9997
316.9 0.999705
317 0.99971
317.1 0.999716
317.2 0.999722
317.3 0.999728
317.4 0.999734
317.5 0.99974
317.6 0.999746
317.7 0.999752
317.8 0.999758
317.9 0.999764
318 0.99977
318.1 0.999776
318.2 0.999782
318.3 0.999788
318.4 0.999794
318.5 0.9998
318.6 0.999806
318.7 0.999812
318.8 0.999818
318.9 0.999824
319 0.99983
319.1 0.999836
319.2 0.999842
319.3 0.999848
319.4 0.999854
319.5 0.99986
319.6 0.999866
319.7 0.999872
319.8 0.999878
319.9 0.999884
320 0.99989
320.1 0.999895
320.2 0.9999
320.3 0.999905
320.4 0.99991
320.5 0.999915
320.6 0.99992
320.7 0.999925
320.8 0.99993
320.9 0.999935
321 0.99994
321.1 0.999945
321.2 0.99995
321.3 0.999955
321.4 0.99996
321.5 0.999965
321.6 0.99997
321.7 0.999975
321.8 0.99998
321.9 0.999985
322 0.99999
322.1 0.999991
322.2 0.999992
322.3 0.999993
322.4 0.999994
322.5 0.999995
322.6 0.999996
322.7 0.999997
322.8 0.999998
322.9 0.999999
323 1
323.1 1
323.2 1
323.3 1
323.4 1
323.5 1
323.6 1
323.7 1
323.8 1
323.9 1
324 1
324.1 1
324.2 1
324.3 1
324.4 1
324.5 1
324.6 1
324.7 1
324.8 1
324.9 1
325 1
325.1 1
325.2 1
325.3 1
325.4 1
325.5 1
325.6 1
325.7 1
325.8 1
325.9 1
326 1
326.1 1
326.2 1
326.3 1
326.4 1
326.5 1
326.6 1
326.7 1
326.8 1
326.9 1
327 1
327.1 1
327.2 1
327.3 1
327.4 1
327.5 1
327.6 1
327.7 1
327.8 1
327.9 1
328 1
328.1 1
328.2 1
328.3 1
328.4 1
328.5 1
328.6 1
328.7 1
328.8 1
328.9 1
329 1
329.1 1
329.2 1
329.3 1
329.4 1
329.5 1
329.6 1
329.7 1
329.8 1
329.9 1
330 1
330.1 1
330.2 1
330.3 1
330.4 1
330.5 1
330.6 1
330.7 1
330.8 1
330.9 1
331 1
331.1 1
331.2 1
331.3 1
331.4 1
331.5 1
331.6 1
331.7 1
331.8 1
331.9 1
332 1
332.1 1
332.2 1
332.3 1
332.4 1
332.5 1
332.6 1
332.7 1
332.8 1
332.9 1
333 1
333.1 1
333.2 1
333.3 1
333.4 1
333.5 1
333.6 1
333.7 1
333.8 1
333.9 1
334 1
334.1 1
334.2 1
334.3 1
334.4 1
334.5 1
334.6 1
334.7 1
334.8 1
334.9 1
335 1
335.1 1
335.2 1
335.3 1
335.4 1
335.5 1
335.6 1
335.7 1
335.8 1
335.9 1
336 1
336.1 1
336.2 1
336.3 1
336.4 1
336.5 1
336.6 1
336.7 1
336.8 1
336.9 1
337 1
337.1 1
337.2 1
337.3 1
337.4 1
337.5 1
337.6 1
337.7 1
337.8 1
337.9 1
338 1
338.1 1
338.2 1
338.3 1
338.4 1
338.5 1
338.6 1
338.7 1
338.8 1
338.9 1
339 1
339.1 1
339.2 1
339.3 1
339.4 1
339.5 1
339.6 1
339.7 1
339.8 1
339.9 1
340 1
340.1 1
340.2 1
340.3 1
340.4 1
340.5 1
340.6 1
340.7 1
340.8 1
340.9 1
341 1
341.1 1
341.2 1
341.3 1
341.4 1
341.5 1
341.6 1
341.7 1
341.8 1
341.9 1
342 1
342.1 1
342.2 1
342.3 1
342.4 1
342.5 1
342.6 1
342.7 1
342.8 1
342.9 1
343 1
343.1 1
343.2 1
343.3 1
343.4 1
343.5 1
343.6 1
343.7 1
343.8 1
343.9 1
344 1
344.1 1
344.2 1
344.3 1
344.4 1
344.5 1
344.6 1
344.7 1
344.8 1
344.9 1
345 1
345.1 1
345.2 1
345.3 1
345.4 1
345.5 1
345.6 1
345.7 1
345.8 1
345.9 1
346 1
346.1 1
346.2 1
346.3 1
346.4 1
346.5 1
346.6 1
346.7 1
346.8 1
346.9 1
347 1
347.1 1
347.2 1
347.3 1
347.4 1
347.5 1
347.6 1
347.7 1
347.8 1
347.9 1
348 1
348.1 1
348.2 1
348.3 1
348.4 1
348.5 1
348.6 1
348.7 1
348.8 1
348.9 1
349 1
349.1 1
349.2 1
349.3 1
349.4 1
349.5 1
349.6 1
349.7 1
349.8 1
349.9 1
350 1
350.1 1
350.2 1
350.3 1
350.4 1
350.5 1
350.6 1
350.7 1
350.8 1
350.9 1
351 1
351.1 1
351.2 1
351.3 1
351.4 1
351.5 1
351.6 1
351.7 1
351.8 1
351.9 1
352 1
352.1 1
352.2 1
352.3 1
352.4 1
352.5 1
352.6 1
352.7 1
352.8 1
352.9 1
353 1
353.1 1
353.2 1
353.3 1
353.4 1
353.5 1
353.6 1
353.7 1
353.8 1
353.9 1
354 1
354.1 1
354.2 1
354.3 1
354.4 1
354.5 1
354.6 1
354.7 1
354.8 1
354.9 1
355 1
355.1 1
355.2 1
355.3 1
355.4 1
355.5 1
355.6 1
355.7 1
355.8 1
355.9 1
356 1
356.1 1
356.2 1
356.3 1
356.4 1
356.5 1
356.6 1
356.7 1
356.8 1
356.9 1
357 1
357.1 1
357.2 1
357.3 1
357.4 1
357.5 1
357.6 1
357.7 1
357.8 1
357.9 1
358 1
358.1 1
358.2 1
358.3 1
358.4 1
358.5 1
358.6 1
358.7 1
358.8 1
358.9 1
359 1
359.1 1
359.2 1
359.3 1
359.4 1
359.5 1
359.6 1
359.7 1
359.8 1
359.9 1
360 1
360.1 1
360.2 1
360.3 1
360.4 1
360.5 1
360.6 1
360.7 1
360.8 1
360.9 1
361 1
361.1 1
361.2 1
361.3 1
361.4 1
361.5 1
361.6 1
361.7 1
361.8 1
361.9 1
362 1
362.1 1
362.2 1
362.3 1
362.4 1
362.5 1
362.6 1
362.7 1
362.8 1
362.9 1
363 1
363.1 1
363.2 1
363.3 1
363.4 1
363.5 1
363.6 1
363.7 1
363.8 1
363.9 1
364 1
364.1 1
364.2 1
364.3 1
364.4 1
364.5 1
364.6 1
364.7 1
364.8 1
364.9 1
365 1
365.1 1
365.2 1
365.3 1
365.4 1
365.5 1
365.6 1
365.7 1
365.8 1
365.9 1
366 1
366.1 1
366.2 1
366.3 1
366.4 1
366.5 1
366.6 1
366.7 1
366.8 1
366.9 1
367 1
367.1 1
367.2 1
367.3 1
367.4 1
367.5 1
367.6 1
367.7 1
367.8 1
367.9 1
368 1
368.1 1
368.2 1
368.3 1
368.4 1
368.5 1
368.6 1
368.7 1
368.8 1
368.9 1
369 1
369.1 1
369.2 1
369.3 1
369.4 1
369.5 1
369.6 1
369.7 1
369.8 1
369.9 1
370 1
370.1 1
370.2 1
370.3 1
370.4 1
370.5 1
370.6 1
370.7 1
370.8 1
370.9 1
371 1
371.1 1
371.2 1
371.3 1
371.4 1
371.5 1
371.6 1
371.7 1
371.8 1
371.9 1
372 1
372.1 1
372.2 1
372.3 1
372.4 1
372.5 1
372.6 1
372.7 1
372.8 1
372.9 1
373 1
373.1 1
373.2 1
373.3 1
373.4 1
373.5 1
373.6 1
373.7 1
373.8 1
373.9 1
374 1
374.1 1
374.2 1
374.3 1
374.4 1
374.5 1
374.6 1
374.7 1
374.8 1
374.9 1
375 1
375.1 1
375.2 1
375.3 1
375.4 1
375.5 1
375.6 1
375.7 1
375.8 1
375.9 1
376 1
376.1 1
376.2 1
376.3 1
376.4 1
376.5 1
376.6 1
376.7 1
376.8 1
376.9 1
377 1
377.1 1
377.2 1
377.3 1
377.4 1
377.5 1
377.6 1
377.7 1
377.8 1
377.9 1
378 1
378.1 1
378.2 1
378.3 1
378.4 1
378.5 1
378.6 1
378.7 1
378.8 1
378.9 1
379 1
379.1 1
379.2 1
379.3 1
379.4 1
379.5 1
379.6 1
379.7 1
379.8 1
379.9 1
380 1
380.1 1
380.2 1
380.3 1
380.4 1
380.5 1
380.6 1
380.7 1
380.8 1
380.9 1
381 1
381.1 1
381.2 1
381.3 1
381.4 1
381.5 1
381.6 1
381.7 1
381.8 1
381.9 1
382 1
382.1 1
382.2 1
382.3 1
382.4 1
382.5 1
382.6 1
382.7 1
382.8 1
382.9 1
383 1
383.1 1
383.2 1
383.3 1
383.4 1
383.5 1
383.6 1
383.7 1
383.8 1
383.9 1
384 1
384.1 1
384.2 1
384.3 1
384.4 1
384.5 1
384.6 1
384.7 1
384.8 1
384.9 1
385 1
385.1 1
385.2 1
385.3 1
385.4 1
385.5 1
385.6 1
385.7 1
385.8 1
385.9 1
386 1
386.1 1
386.2 1
386.3 1
386.4 1
386.5 1
386.6 1
386.7 1
386.8 1
386.9 1
387 1
387.1 1
387.2 1
387.3 1
387.4 1
387.5 1
387.6 1
387.7 1
387.8 1
387.9 1
388 1
388.1 1
388.2 1
388.3 1
388.4 1
388.5 1
388.6 1
388.7 1
388.8 1
388.9 1
389 1
389.1 1
389.2 1
389.3 1
389.4 1
389.5 1
389.6 1
389.7 1
389.8 1
389.9 1
390 1
390.1 1
390.2 1
390.3 1
390.4 1
390.5 1
390.6 1
390.7 1
390.8 1
390.9 1
391 1
391.1 1
391.2 1
391.3 1
391.4 1
391.5 1
391.6 1
391.7 1
391.8 1
391.9 1
392 1
392.1 1
392.2 1
392.3 1
392.4 1
392.5 1
392.6 1
392.7 1
392.8 1
392.9 1
393 1
393.1 1
393.2 1
393.3 1
393.4 1
393.5 1
393.6 1
393.7 1
393.8 1
393.9 1
394 1
394.1 1
394.2 1
394.3 1
394.4 1
394.5 1
394.6 1
394.7 1
394.8 1
394.9 1
395 1
395.1 1
395.2 1
395.3 1
395.4 1
395.5 1
395.6 1
395.7 1
395.8 1
395.9 1
396 1
396.1 1
396.2 1
396.3 1
396.4 1
396.5 1
396.6 1
396.7 1
396.8 1
396.9 1
397 1
397.1 1
397.2 1
397.3 1
397.4 1
397.5 1
397.6 1
397.7 1
397.8 1
397.9 1
398 1
398.1 1
398.2 1
398.3 1
398.4 1
398.5 1
398.6 1
398.7 1
398.8 1
398.9 1
399 1
399.1 1
399.2 1
399.3 1
399.4 1
399.5 1
399.6 1
399.7 1
399.8 1
399.9 1
400 1
400.1 1
400.2 1
400.3 1
400.4 1
400.5 1
400.6 1
400.7 1
400.8 1
400.9 1
401 1
401.1 1
401.2 1
401.3 1
401.4 1
401.5 1
401.6 1
401.7 1
401.8 1
401.9 1
402 1
402.1 1
402.2 1
402.3 1
402.4 1
402.5 1
402.6 1
402.7 1
402.8 1
402.9 1
403 1
403.1 1
403.2 1
403.3 1
403.4 1
403.5 1
403.6 1
403.7 1
403.8 1
403.9 1
404 1
404.1 1
404.2 1
404.3 1
404.4 1
404.5 1
404.6 1
404.7 1
404.8 1
404.9 1
405 1
405.1 1
405.2 1
405.3 1
405.4 1
405.5 1
405.6 1
405.7 1
405.8 1
405.9 1
406 1
406.1 1
406.2 1
406.3 1
406.4 1
406.5 1
406.6 1
406.7 1
406.8 1
406.9 1
407 1
407.1 1
407.2 1
407.3 1
407.4 1
407.5 1
407.6 1
407.7 1
407.8 1
407.9 1
408 1
408.1 1
408.2 1
408.3 1
408.4 1
408.5 1
408.6 1
408.7 1
408.8 1
408.9 1
409 1
409.1 1
409.2 1
409.3 1
409.4 1
409.5 1
409.6 1
409.7 1
409.8 1
409.9 1
410 1
410.1 1
410.2 1
410.3 1
410.4 1
410.5 1
410.6 1
410.7 1
410.8 1
410.9 1
411 1
411.1 1
411.2 1
411.3 1
411.4 1
411.5 1
411.6 1
411.7 1
411.8 1
411.9 1
412 1
412.1 1
412.2 1
412.3 1
412.4 1
412.5 1
412.6 1
412.7 1
412.8 1
412.9 1
413 1
413.1 1
413.2 1
413.3 1
413.4 1
413.5 1
413.6 1
413.7 1
413.8 1
413.9 1
414 1
414.1 1
414.2 1
414.3 1
414.4 1
414.5 1
414.6 1
414.7 1
414.8 1
414.9 1
415 1
415.1 1
415.2 1
415.3 1
415.4 1
415.5 1
415.6 1
415.7 1
415.8 1
415.9 1
416 1
416.1 1
416.2 1
416.3 1
416.4 1
416.5 1
416.6 1
416.7 1
416.8 1
416.9 1
417 1
417.1 1
417.2 1
417.3 1
417.4 1
417.5 1
417.6 1
417.7 1
417.8 1
417.9 1
418 1
418.1 1
418.2 1
418.3 1
418.4 1
418.5 1
418.6 1
418.7 1
418.8 1
418.9 1
419 1
419.1 1
419.2 1
419.3 1
419.4 1
419.5 1
419.6 1
419.7 1
419.8 1
419.9 1
420 1
420.1 1
420.2 1
420.3 1
420.4 1
420.5 1
420.6 1
420.7 1
420.8 1
420.9 1
421 1
421.1 1
421.2 1
421.3 1
421.4 1
421.5 1
421.6 1
421.7 1
421.8 1
421.9 1
422 1
422.1 1
422.2 1
422.3 1
422.4 1
422.5 1
422.6 1
422.7 1
422.8 1
422.9 1
423 1
423.1 1
423.2 1
423.3 1
423.4 1
423.5 1
423.6 1
423.7 1
423.8 1
423.9 1
424 1
424.1 1
424.2 1
424.3 1
424.4 1
424.5 1
424.6 1
424.7 1
424.8 1
424.9 1
425 1
425.1 1
425.2 1
425.3 1
425.4 1
425.5 1
425.6 1
425.7 1
425.8 1
425.9 1
426 1
426.1 1
426.2 1
426.3 1
426.4 1
426.5 1
426.6 1
426.7 1
426.8 1
426.9 1
427 1
427.1 1
427.2 1
427.3 1
427.4 1
427.5 1
427.6 1
427.7 1
427.8 1
427.9 1
428 1
428.1 1
428.2 1
428.3 1
428.4 1
428.5 1
428.6 1
428.7 1
428.8 1
428.9 1
429 1
429.1 1
429.2 1
429.3 1
429.4 1
429.5 1
429.6 1
429.7 1
429.8 1
429.9 1
430 1
430.1 1
430.2 1
430.3 1
430.4 1
430.5 1
430.6 1
430.7 1
430.8 1
430.9 1
431 1
431.1 1
431.2 1
431.3 1
431.4 1
431.5 1
431.6 1
431.7 1
431.8 1
431.9 1
432 1
432.1 1
432.2 1
432.3 1
432.4 1
432.5 1
432.6 1
432.7 1
432.8 1
432.9 1
433 1
433.1 1
433.2 1
433.3 1
433.4 1
433.5 1
433.6 1
433.7 1
433.8 1
433.9 1
434 1
434.1 1
434.2 1
434.3 1
434.4 1
434.5 1
434.6 1
434.7 1
434.8 1
434.9 1
435 1
435.1 1
435.2 1
435.3 1
435.4 1
435.5 1
435.6 1
435.7 1
435.8 1
435.9 1
436 1
436.1 1
436.2 1
436.3 1
436.4 1
436.5 1
436.6 1
436.7 1
436.8 1
436.9 1
437 1
437.1 1
437.2 1
437.3 1
437.4 1
437.5 1
437.6 1
437.7 1
437.8 1
437.9 1
438 1
438.1 1
438.2 1
438.3 1
438.4 1
438.5 1
438.6 1
438.7 1
438.8 1
438.9 1
439 1
439.1 1
439.2 1
439.3 1
439.4 1
439.5 1
439.6 1
439.7 1
439.8 1
439.9 1
440 1
440.1 1
440.2 1
440.3 1
440.4 1
440.5 1
440.6 1
440.7 1
440.8 1
440.9 1
441 1
441.1 1
441.2 1
441.3 1
441.4 1
441.5 1
441.6 1
441.7 1
441.8 1
441.9 1
442 1
442.1 1
442.2 1
442.3 1
442.4 1
442.5 1
442.6 1
442.7 1
442.8 1
442.9 1
443 1
443.1 1
443.2 1
443.3 1
443.4 1
443.5 1
443.6 1
443.7 1
443.8 1
443.9 1
444 1
444.1 1
444.2 1
444.3 1
444.4 1
444.5 1
444.6 1
444.7 1
444.8 1
444.9 1
445 1
445.1 1
445.2 1
445.3 1
445.4 1
445.5 1
445.6 1
445.7 1
445.8 1
445.9 1
446 1
446.1 1
446.2 1
446.3 1
446.4 1
446.5 1
446.6 1
446.7 1
446.8 1
446.9 1
447 1
447.1 1
447.2 1
447.3 1
447.4 1
447.5 1
447.6 1
447.7 1
447.8 1
447.9 1
448 1
448.1 1
448.2 1
448.3 1
448.4 1
448.5 1
448.6 1
448.7 1
448.8 1
448.9 1
449 1
449.1 1
449.2 1
449.3 1
449.4 1
449.5 1
449.6 1
449.7 1
449.8 1
449.9 1
450 1
450.1 1
450.2 1
450.3 1
450.4 1
450.5 1
450.6 1
450.7 1
450.8 1
450.9 1
451 1
451.1 1
451.2 1
451.3 1
451.4 1
451.5 1
451.6 1
451.7 1
451.8 1
451.9 1
452 1
452.1 1
452.2 1
452.3 1
452.4 1
452.5 1
452.6 1
452.7 1
452.8 1
452.9 1
453 1
453.1 1
453.2 1
453.3 1
453.4 1
453.5 1
453.6 1
453.7 1
453.8 1
453.9 1
454 1
454.1 1
454.2 1
454.3 1
454.4 1
454.5 1
454.6 1
454.7 1
454.8 1
454.9 1
455 1
455.1 1
455.2 1
455.3 1
455.4 1
455.5 1
455.6 1
455.7 1
455.8 1
455.9 1
456 1
456.1 1
456.2 1
456.3 1
456.4 1
456.5 1
456.6 1
456.7 1
456.8 1
456.9 1
457 1
457.1 1
457.2 1
457.3 1
457.4 1
457.5 1
457.6 1
457.7 1
457.8 1
457.9 1
458 1
458.1 1
458.2 1
458.3 1
458.4 1
458.5 1
458.6 1
458.7 1
458.8 1
458.9 1
459 1
459.1 1
459.2 1
459.3 1
459.4 1
459.5 1
459.6 1
459.7 1
459.8 1
459.9 1
460 1
460.1 1
460.2 1
460.3 1
460.4 1
460.5 1
460.6 1
460.7 1
460.8 1
460.9 1
461 1
461.1 1
461.2 1
461.3 1
461.4 1
461.5 1
461.6 1
461.7 1
461.8 1
461.9 1
462 1
462.1 1
462.2 1
462.3 1
462.4 1
462.5 1
462.6 1
462.7 1
462.8 1
462.9 1
463 1
463.1 1
463.2 1
463.3 1
463.4 1
463.5 1
463.6 1
463.7 1
463.8 1
463.9 1
464 1
464.1 1
464.2 1
464.3 1
464.4 1
464.5 1
464.6 1
464.7 1
464.8 1
464.9 1
465 1
465.1 1
465.2 1
465.3 1
465.4 1
465.5 1
465.6 1
465.7 1
465.8 1
465.9 1
466 1
466.1 1
466.2 1
466.3 1
466.4 1
466.5 1
466.6 1
466.7 1
466.8 1
466.9 1
467 1
467.1 1
467.2 1
467.3 1
467.4 1
467.5 1
467.6 1
467.7 1
467.8 1
467.9 1
468 1
468.1 1
468.2 1
468.3 1
468.4 1
468.5 1
468.6 1
468.7 1
468.8 1
468.9 1
469 1
469.1 1
469.2 1
469.3 1
469.4 1
469.5 1
469.6 1
469.7 1
469.8 1
469.9 1
470 1
470.1 1
470.2 1
470.3 1
470.4 1
470.5 1
470.6 1
470.7 1
470.8 1
470.9 1
471 1
471.1 1
471.2 1
471.3 1
471.4 1
471.5 1
471.6 1
471.7 1
471.8 1
471.9 1
472 1
472.1 1
472.2 1
472.3 1
472.4 1
472.5 1
472.6 1
472.7 1
472.8 1
472.9 1
473 1
473.1 1
473.2 1
473.3 1
473.4 1
473.5 1
473.6 1
473.7 1
473.8 1
473.9 1
474 1
474.1 1
474.2 1
474.3 1
474.4 1
474.5 1
474.6 1
474.7 1
474.8 1
474.9 1
475 1
475.1 1
475.2 1
475.3 1
475.4 1
475.5 1
475.6 1
475.7 1
475.8 1
475.9 1
476 1
476.1 1
476.2 1
476.3 1
476.4 1
476.5 1
476.6 1
476.7 1
476.8 1
476.9 1
477 1
477.1 1
477.2 1
477.3 1
477.4 1
477.5 1
477.6 1
477.7 1
477.8 1
477.9 1
478 1
478.1 1
478.2 1
478.3 1
478.4 1
478.5 1
478.6 1
478.7 1
478.8 1
478.9 1
479 1
479.1 1
479.2 1
479.3 1
479.4 1
479.5 1
479.6 1
479.7 1
479.8 1
479.9 1
480 1
480.1 1
480.2 1
480.3 1
480.4 1
480.5 1
480.6 1
480.7 1
480.8 1
480.9 1
481 1
481.1 1
481.2 1
481.3 1
481.4 1
481.5 1
481.6 1
481.7 1
481.8 1
481.9 1
482 1
482.1 1
482.2 1
482.3 1
482.4 1
482.5 1
482.6 1
482.7 1
482.8 1
482.9 1
483 1
483.1 1
483.2 1
483.3 1
483.4 1
483.5 1
483.6 1
483.7 1
483.8 1
483.9 1
484 1
484.1 1
484.2 1
484.3 1
484.4 1
484.5 1
484.6 1
484.7 1
484.8 1
484.9 1
485 1
485.1 1
485.2 1
485.3 1
485.4 1
485.5 1
485.6 1
485.7 1
485.8 1
485.9 1
486 1
486.1 1
486.2 1
486.3 1
486.4 1
486.5 1
486.6 1
486.7 1
486.8 1
486.9 1
487 1
487.1 1
487.2 1
487.3 1
487.4 1
487.5 1
487.6 1
487.7 1
487.8 1
487.9 1
488 1
488.1 1
488.2 1
488.3 1
488.4 1
488.5 1
488.6 1
488.7 1
488.8 1
488.9 1
489 1
489.1 1
489.2 1
489.3 1
489.4 1
489.5 1
489.6 1
489.7 1
489.8 1
489.9 1
490 1
490.1 1
490.2 1
490.3 1
490.4 1
490.5 1
490.6 1
490.7 1
490.8 1
490.9 1
491 1
491.1 1
491.2 1
491.3 1
491.4 1
491.5 1
491.6 1
491.7 1
491.8 1
491.9 1
492 1
492.1 1
492.2 1
492.3 1
492.4 1
492.5 1
492.6 1
492.7 1
492.8 1
492.9 1
493 1
493.1 1
493.2 1
493.3 1
493.4 1
493.5 1
493.6 1
493.7 1
493.8 1
493.9 1
494 1
494.1 1
494.2 1
494.3 1
494.4 1
494.5 1
494.6 1
494.7 1
494.8 1
494.9 1
495 1
495.1 1
495.2 1
495.3 1
495.4 1
495.5 1
495.6 1
495.7 1
495.8 1
495.9 1
496 1
496.1 1
496.2 1
496.3 1
496.4 1
496.5 1
496.6 1
496.7 1
496.8 1
496.9 1
497 1
497.1 1
497.2 1
497.3 1
497.4 1
497.5 1
497.6 1
497.7 1
497.8 1
497.9 1
498 1
498.1 1
498.2 1
498.3 1
498.4 1
498.5 1
498.6 1
498.7 1
498.8 1
498.9 1
499 1
499.1 1
499.2 1
499.3 1
499.4 1
499.5 1
499.6 1
499.7 1
499.8 1
499.9 1
500 1
500.1 1
500.2 1
500.3 1
500.4 1
500.5 1
500.6 1
500.7 1
500.8 1
500.9 1
501 1
501.1 1
501.2 1
501.3 1
501.4 1
501.5 1
501.6 1
501.7 1
501.8 1
501.9 1
502 1
502.1 1
502.2 1
502.3 1
502.4 1
502.5 1
502.6 1
502.7 1
502.8 1
502.9 1
503 1
503.1 1
503.2 1
503.3 1
503.4 1
503.5 1
503.6 1
503.7 1
503.8 1
503.9 1
504 1
504.1 1
504.2 1
504.3 1
504.4 1
504.5 1
504.6 1
504.7 1
504.8 1
504.9 1
505 1
505.1 1
505.2 1
505.3 1
505.4 1
505.5 1
505.6 1
505.7 1
505.8 1
505.9 1
506 1
506.1 1
506.2 1
506.3 1
506.4 1
506.5 1
506.6 1
506.7 1
506.8 1
506.9 1
507 1
507.1 1
507.2 1
507.3 1
507.4 1
507.5 1
507.6 1
507.7 1
507.8 1
507.9 1
508 1
508.1 1
508.2 1
508.3 1
508.4 1
508.5 1
508.6 1
508.7 1
508.8 1
508.9 1
509 1
509.1 1
509.2 1
509.3 1
509.4 1
509.5 1
509.6 1
509.7 1
509.8 1
509.9 1
510 1
510.1 1
510.2 1
510.3 1
510.4 1
510.5 1
510.6 1
510.7 1
510.8 1
510.9 1
511 1
511.1 1
511.2 1
511.3 1
511.4 1
511.5 1
511.6 1
511.7 1
511.8 1
511.9 1
512 1
512.1 1
512.2 1
512.3 1
512.4 1
512.5 1
512.6 1
512.7 1
512.8 1
512.9 1
513 1
513.1 1
513.2 1
513.3 1
513.4 1
513.5 1
513.6 1
513.7 1
513.8 1
513.9 1
514 1
514.1 1
514.2 1
514.3 1
514.4 1
514.5 1
514.6 1
514.7 1
514.8 1
514.9 1
515 1
515.1 1
515.2 1
515.3 1
515.4 1
515.5 1
515.6 1
515.7 1
515.8 1
515.9 1
516 1
516.1 1
516.2 1
516.3 1
516.4 1
516.5 1
516.6 1
516.7 1
516.8 1
516.9 1
517 1
517.1 1
517.2 1
517.3 1
517.4 1
517.5 1
517.6 1
517.7 1
517.8 1
517.9 1
518 1
518.1 1
518.2 1
518.3 1
518.4 1
518.5 1
518.6 1
518.7 1
518.8 1
518.9 1
519 1
519.1 1
519.2 1
519.3 1
519.4 1
519.5 1
519.6 1
519.7 1
519.8 1
519.9 1
520 1
520.1 1
520.2 1
520.3 1
520.4 1
520.5 1
520.6 1
520.7 1
520.8 1
520.9 1
521 1
521.1 1
521.2 1
521.3 1
521.4 1
521.5 1
521.6 1
521.7 1
521.8 1
521.9 1
522 1
522.1 1
522.2 1
522.3 1
522.4 1
522.5 1
522.6 1
522.7 1
522.8 1
522.9 1
523 1
523.1 1
523.2 1
523.3 1
523.4 1
523.5 1
523.6 1
523.7 1
523.8 1
523.9 1
524 1
524.1 1
524.2 1
524.3 1
524.4 1
524.5 1
524.6 1
524.7 1
524.8 1
524.9 1
525 1
525.1 1
525.2 1
525.3 1
525.4 1
525.5 1
525.6 1
525.7 1
525.8 1
525.9 1
526 1
526.1 1
526.2 1
526.3 1
526.4 1
526.5 1
526.6 1
526.7 1
526.8 1
526.9 1
527 1
527.1 1
527.2 1
527.3 1
527.4 1
527.5 1
527.6 1
527.7 1
527.8 1
527.9 1
528 1
528.1 1
528.2 1
528.3 1
528.4 1
528.5 1
528.6 1
528.7 1
528.8 1
528.9 1
529 1
529.1 1
529.2 1
529.3 1
529.4 1
529.5 1
529.6 1
529.7 1
529.8 1
529.9 1
530 1
530.1 1
530.2 1
530.3 1
530.4 1
530.5 1
530.6 1
530.7 1
530.8 1
530.9 1
531 1
531.1 1
531.2 1
531.3 1
531.4 1
531.5 1
531.6 1
531.7 1
531.8 1
531.9 1
532 1
532.1 1
532.2 1
532.3 1
532.4 1
532.5 1
532.6 1
532.7 1
532.8 1
532.9 1
533 1
533.1 1
533.2 1
533.3 1
533.4 1
533.5 1
533.6 1
533.7 1
533.8 1
533.9 1
534 1
534.1 1
534.2 1
534.3 1
534.4 1
534.5 1
534.6 1
534.7 1
534.8 1
534.9 1
535 1
535.1 1
535.2 1
535.3 1
535.4 1
535.5 1
535.6 1
535.7 1
535.8 1
535.9 1
536 1
536.1 1
536.2 1
536.3 1
536.4 1
536.5 1
536.6 1
536.7 1
536.8 1
536.9 1
537 1
537.1 1
537.2 1
537.3 1
537.4 1
537.5 1
537.6 1
537.7 1
537.8 1
537.9 1
538 1
538.1 1
538.2 1
538.3 1
538.4 1
538.5 1
538.6 1
538.7 1
538.8 1
538.9 1
539 1
539.1 1
539.2 1
539.3 1
539.4 1
539.5 1
539.6 1
539.7 1
539.8 1
539.9 1
540 1
540.1 1
540.2 1
540.3 1
540.4 1
540.5 1
540.6 1
540.7 1
540.8 1
540.9 1
541 1
541.1 1
541.2 1
541.3 1
541.4 1
541.5 1
541.6 1
541.7 1
541.8 1
541.9 1
542 1
542.1 1
542.2 1
542.3 1
542.4 1
542.5 1
542.6 1
542.7 1
542.8 1
542.9 1
543 1
543.1 1
543.2 1
543.3 1
543.4 1
543.5 1
543.6 1
543.7 1
543.8 1
543.9 1
544 1
544.1 1
544.2 1
544.3 1
544.4 1
544.5 1
544.6 1
544.7 1
544.8 1
544.9 1
545 1
545.1 1
545.2 1
545.3 1
545.4 1
545.5 1
545.6 1
545.7 1
545.8 1
545.9 1
546 1
546.1 1
546.2 1
546.3 1
546.4 1
546.5 1
546.6 1
546.7 1
546.8 1
546.9 1
547 1
547.1 1
547.2 1
547.3 1
547.4 1
547.5 1
547.6 1
547.7 1
547.8 1
547.9 1
548 1
548.1 1
548.2 1
548.3 1
548.4 1
548.5 1
548.6 1
548.7 1
548.8 1
548.9 1
549 1
549.1 1
549.2 1
549.3 1
549.4 1
549.5 1
549.6 1
549.7 1
549.8 1
549.9 1
550 1
550.1 1
550.2 1
550.3 1
550.4 1
550.5 1
550.6 1
550.7 1
550.8 1
550.9 1
551 1
551.1 1
551.2 1
551.3 1
551.4 1
551.5 1
551.6 1
551.7 1
551.8 1
551.9 1
552 1
552.1 1
552.2 1
552.3 1
552.4 1
552.5 1
552.6 1
552.7 1
552.8 1
552.9 1
553 1
553.1 1
553.2 1
553.3 1
553.4 1
553.5 1
553.6 1
553.7 1
553.8 1
553.9 1
554 1
554.1 1
554.2 1
554.3 1
554.4 1
554.5 1
554.6 1
554.7 1
554.8 1
554.9 1
555 1
555.1 1
555.2 1
555.3 1
555.4 1
555.5 1
555.6 1
555.7 1
555.8 1
555.9 1
556 1
556.1 1
556.2 1
556.3 1
556.4 1
556.5 1
556.6 1
556.7 1
556.8 1
556.9 1
557 1
557.1 1
557.2 1
557.3 1
557.4 1
557.5 1
557.6 1
557.7 1
557.8 1
557.9 1
558 1
558.1 1
558.2 1
558.3 1
558.4 1
558.5 1
558.6 1
558.7 1
558.8 1
558.9 1
559 1
559.1 1
559.2 1
559.3 1
559.4 1
559.5 1
559.6 1
559.7 1
559.8 1
559.9 1
560 1
560.1 1
560.2 1
560.3 1
560.4 1
560.5 1
560.6 1
560.7 1
560.8 1
560.9 1
561 1
561.1 1
561.2 1
561.3 1
561.4 1
561.5 1
561.6 1
561.7 1
561.8 1
561.9 1
562 1
562.1 1
562.2 1
562.3 1
562.4 1
562.5 1
562.6 1
562.7 1
562.8 1
562.9 1
563 1
563.1 1
563.2 1
563.3 1
563.4 1
563.5 1
563.6 1
563.7 1
563.8 1
563.9 1
564 1
564.1 1
564.2 1
564.3 1
564.4 1
564.5 1
564.6 1
564.7 1
564.8 1
564.9 1
565 1
565.1 1
565.2 1
565.3 1
565.4 1
565.5 1
565.6 1
565.7 1
565.8 1
565.9 1
566 1
566.1 1
566.2 1
566.3 1
566.4 1
566.5 1
566.6 1
566.7 1
566.8 1
566.9 1
567 1
567.1 1
567.2 1
567.3 1
567.4 1
567.5 1
567.6 1
567.7 1
567.8 1
567.9 1
568 1
568.1 1
568.2 1
568.3 1
568.4 1
568.5 1
568.6 1
568.7 1
568.8 1
568.9 1
569 1
569.1 1
569.2 1
569.3 1
569.4 1
569.5 1
569.6 1
569.7 1
569.8 1
569.9 1
570 1
570.1 1
570.2 1
570.3 1
570.4 1
570.5 1
570.6 1
570.7 1
570.8 1
570.9 1
571 1
571.1 1
571.2 1
571.3 1
571.4 1
571.5 1
571.6 1
571.7 1
571.8 1
571.9 1
572 1
572.1 1
572.2 1
572.3 1
572.4 1
572.5 1
572.6 1
572.7 1
572.8 1
572.9 1
573 1
573.1 1
573.2 1
573.3 1
573.4 1
573.5 1
573.6 1
573.7 1
573.8 1
573.9 1
574 1
574.1 1
574.2 1
574.3 1
574.4 1
574.5 1
574.6 1
574.7 1
574.8 1
574.9 1
575 1
575.1 1
575.2 1
575.3 1
575.4 1
575.5 1
575.6 1
575.7 1
575.8 1
575.9 1
576 1
576.1 1
576.2 1
576.3 1
576.4 1
576.5 1
576.6 1
576.7 1
576.8 1
576.9 1
577 1
577.1 1
577.2 1
577.3 1
577.4 1
577.5 1
577.6 1
577.7 1
577.8 1
577.9 1
578 1
578.1 1
578.2 1
578.3 1
578.4 1
578.5 1
578.6 1
578.7 1
578.8 1
578.9 1
579 1
579.1 1
579.2 1
579.3 1
579.4 1
579.5 1
579.6 1
579.7 1
579.8 1
579.9 1
580 1
580.1 1
580.2 1
580.3 1
580.4 1
580.5 1
580.6 1
580.7 1
580.8 1
580.9 1
581 1
581.1 1
581.2 1
581.3 1
581.4 1
581.5 1
581.6 1
581.7 1
581.8 1
581.9 1
582 1
582.1 1
582.2 1
582.3 1
582.4 1
582.5 1
582.6 1
582.7 1
582.8 1
582.9 1
583 1
583.1 1
583.2 1
583.3 1
583.4 1
583.5 1
583.6 1
583.7 1
583.8 1
583.9 1
584 1
584.1 1
584.2 1
584.3 1
584.4 1
584.5 1
584.6 1
584.7 1
584.8 1
584.9 1
585 1
585.1 1
585.2 1
585.3 1
585.4 1
585.5 1
585.6 1
585.7 1
585.8 1
585.9 1
586 1
586.1 1
586.2 1
586.3 1
586.4 1
586.5 1
586.6 1
586.7 1
586.8 1
586.9 1
587 1
587.1 1
587.2 1
587.3 1
587.4 1
587.5 1
587.6 1
587.7 1
587.8 1
587.9 1
588 1
588.1 1
588.2 1
588.3 1
588.4 1
588.5 1
588.6 1
588.7 1
588.8 1
588.9 1
589 1
589.1 1
589.2 1
589.3 1
589.4 1
589.5 1
589.6 1
589.7 1
589.8 1
589.9 1
590 1
590.1 1
590.2 1
590.3 1
590.4 1
590.5 1
590.6 1
590.7 1
590.8 1
590.9 1
591 1
591.1 1
591.2 1
591.3 1
591.4 1
591.5 1
591.6 1
591.7 1
591.8 1
591.9 1
592 1
592.1 1
592.2 1
592.3 1
592.4 1
592.5 1
592.6 1
592.7 1
592.8 1
592.9 1
593 1
593.1 1
593.2 1
593.3 1
593.4 1
593.5 1
593.6 1
593.7 1
593.8 1
593.9 1
594 1
594.1 1
594.2 1
594.3 1
594.4 1
594.5 1
594.6 1
594.7 1
594.8 1
594.9 1
595 1
595.1 1
595.2 1
595.3 1
595.4 1
595.5 1
595.6 1
595.7 1
595.8 1
595.9 1
596 1
596.1 1
596.2 1
596.3 1
596.4 1
596.5 1
596.6 1
596.7 1
596.8 1
596.9 1
597 1
597.1 1
597.2 1
597.3 1
597.4 1
597.5 1
597.6 1
597.7 1
597.8 1
597.9 1
598 1
598.1 1
598.2 1
598.3 1
598.4 1
598.5 1
598.6 1
598.7 1
598.8 1
598.9 1
599 1
599.1 1
599.2 1
599.3 1
599.4 1
599.5 1
599.6 1
599.7 1
599.8 1
599.9 1
600 1
600.1 1
600.2 1
600.3 1
600.4 1
600.5 1
600.6 1
600.7 1
600.8 1
600.9 1
601 1
601.1 1
601.2 1
601.3 1
601.4 1
601.5 1
601.6 1
601.7 1
601.8 1
601.9 1
602 1
602.1 1
602.2 1
602.3 1
602.4 1
602.5 1
602.6 1
602.7 1
602.8 1
602.9 1
603 1
603.1 1
603.2 1
603.3 1
603.4 1
603.5 1
603.6 1
603.7 1
603.8 1
603.9 1
604 1
604.1 1
604.2 1
604.3 1
604.4 1
604.5 1
604.6 1
604.7 1
604.8 1
604.9 1
605 1
605.1 1
605.2 1
605.3 1
605.4 1
605.5 1
605.6 1
605.7 1
605.8 1
605.9 1
606 1
606.1 1
606.2 1
606.3 1
606.4 1
606.5 1
606.6 1
606.7 1
606.8 1
606.9 1
607 1
607.1 1
607.2 1
607.3 1
607.4 1
607.5 1
607.6 1
607.7 1
607.8 1
607.9 1
608 1
608.1 1
608.2 1
608.3 1
608.4 1
608.5 1
608.6 1
608.7 1
608.8 1
608.9 1
609 1
609.1 1
609.2 1
609.3 1
609.4 1
609.5 1
609.6 1
609.7 1
609.8 1
609.9 1
610 1
610.1 1
610.2 1
610.3 1
610.4 1
610.5 1
610.6 1
610.7 1
610.8 1
610.9 1
611 1
611.1 1
611.2 1
611.3 1
611.4 1
611.5 1
611.6 1
611.7 1
611.8 1
611.9 1
612 1
612.1 1
612.2 1
612.3 1
612.4 1
612.5 1
612.6 1
612.7 1
612.8 1
612.9 1
613 1
613.1 1
613.2 1
613.3 1
613.4 1
613.5 1
613.6 1
613.7 1
613.8 1
613.9 1
614 1
614.1 1
614.2 1
614.3 1
614.4 1
614.5 1
614.6 1
614.7 1
614.8 1
614.9 1
615 1
615.1 1
615.2 1
615.3 1
615.4 1
615.5 1
615.6 1
615.7 1
615.8 1
615.9 1
616 1
616.1 1
616.2 1
616.3 1
616.4 1
616.5 1
616.6 1
616.7 1
616.8 1
616.9 1
617 1
617.1 1
617.2 1
617.3 1
617.4 1
617.5 1
617.6 1
617.7 1
617.8 1
617.9 1
618 1
618.1 1
618.2 1
618.3 1
618.4 1
618.5 1
618.6 1
618.7 1
618.8 1
618.9 1
619 1
619.1 1
619.2 1
619.3 1
619.4 1
619.5 1
619.6 1
619.7 1
619.8 1
619.9 1
620 1
620.1 1
620.2 1
620.3 1
620.4 1
620.5 1
620.6 1
620.7 1
620.8 1
620.9 1
621 1
621.1 1
621.2 1
621.3 1
621.4 1
621.5 1
621.6 1
621.7 1
621.8 1
621.9 1
622 1
622.1 1
622.2 1
622.3 1
622.4 1
622.5 1
622.6 1
622.7 1
622.8 1
622.9 1
623 1
623.1 1
623.2 1
623.3 1
623.4 1
623.5 1
623.6 1
623.7 1
623.8 1
623.9 1
624 1
624.1 1
624.2 1
624.3 1
624.4 1
624.5 1
624.6 1
624.7 1
624.8 1
624.9 1
625 1
625.1 1
625.2 1
625.3 1
625.4 1
625.5 1
625.6 1
625.7 1
625.8 1
625.9 1
626 1
626.1 1
626.2 1
626.3 1
626.4 1
626.5 1
626.6 1
626.7 1
626.8 1
626.9 1
627 1
627.1 1
627.2 1
627.3 1
627.4 1
627.5 1
627.6 1
627.7 1
627.8 1
627.9 1
628 1
628.1 1
628.2 1
628.3 1
628.4 1
628.5 1
628.6 1
628.7 1
628.8 1
628.9 1
629 1
629.1 1
629.2 1
629.3 1
629.4 1
629.5 1
629.6 1
629.7 1
629.8 1
629.9 1
630 1
630.1 1
630.2 1
630.3 1
630.4 1
630.5 1
630.6 1
630.7 1
630.8 1
630.9 1
631 1
631.1 1
631.2 1
631.3 1
631.4 1
631.5 1
631.6 1
631.7 1
631.8 1
631.9 1
632 1
632.1 1
632.2 1
632.3 1
632.4 1
632.5 1
632.6 1
632.7 1
632.8 1
632.9 1
633 1
633.1 1
633.2 1
633.3 1
633.4 1
633.5 1
633.6 1
633.7 1
633.8 1
633.9 1
634 1
634.1 1
634.2 1
634.3 1
634.4 1
634.5 1
634.6 1
634.7 1
634.8 1
634.9 1
635 1
635.1 1
635.2 1
635.3 1
635.4 1
635.5 1
635.6 1
635.7 1
635.8 1
635.9 1
636 1
636.1 1
636.2 1
636.3 1
636.4 1
636.5 1
636.6 1
636.7 1
636.8 1
636.9 1
637 1
637.1 1
637.2 1
637.3 1
637.4 1
637.5 1
637.6 1
637.7 1
637.8 1
637.9 1
638 1
638.1 1
638.2 1
638.3 1
638.4 1
638.5 1
638.6 1
638.7 1
638.8 1
638.9 1
639 1
639.1 1
639.2 1
639.3 1
639.4 1
639.5 1
639.6 1
639.7 1
639.8 1
639.9 1
640 1
640.1 1
640.2 1
640.3 1
640.4 1
640.5 1
640.6 1
640.7 1
640.8 1
640.9 1
641 1
641.1 1
641.2 1
641.3 1
641.4 1
641.5 1
641.6 1
641.7 1
641.8 1
641.9 1
642 1
642.1 1
642.2 1
642.3 1
642.4 1
642.5 1
642.6 1
642.7 1
642.8 1
642.9 1
643 1
643.1 1
643.2 1
643.3 1
643.4 1
643.5 1
643.6 1
643.7 1
643.8 1
643.9 1
644 1
644.1 1
644.2 1
644.3 1
644.4 1
644.5 1
644.6 1
644.7 1
644.8 1
644.9 1
645 1
645.1 1
645.2 1
645.3 1
645.4 1
645.5 1
645.6 1
645.7 1
645.8 1
645.9 1
646 1
646.1 1
646.2 1
646.3 1
646.4 1
646.5 1
646.6 1
646.7 1
646.8 1
646.9 1
647 1
647.1 1
647.2 1
647.3 1
647.4 1
647.5 1
647.6 1
647.7 1
647.8 1
647.9 1
648 1
648.1 1
648.2 1
648.3 1
648.4 1
648.5 1
648.6 1
648.7 1
648.8 1
648.9 1
649 1
649.1 1
649.2 1
649.3 1
649.4 1
649.5 1
649.6 1
649.7 1
649.8 1
649.9 1
650 1
650.1 1
650.2 1
650.3 1
650.4 1
650.5 1
650.6 1
650.7 1
650.8 1
650.9 1
651 1
651.1 1
651.2 1
651.3 1
651.4 1
651.5 1
651.6 1
651.7 1
651.8 1
651.9 1
652 1
652.1 1
652.2 1
652.3 1
652.4 1
652.5 1
652.6 1
652.7 1
652.8 1
652.9 1
653 1
653.1 1
653.2 1
653.3 1
653.4 1
653.5 1
653.6 1
653.7 1
653.8 1
653.9 1
654 1
654.1 1
654.2 1
654.3 1
654.4 1
654.5 1
654.6 1
654.7 1
654.8 1
654.9 1
655 1
655.1 1
655.2 1
655.3 1
655.4 1
655.5 1
655.6 1
655.7 1
655.8 1
655.9 1
656 1
656.1 1
656.2 1
656.3 1
656.4 1
656.5 1
656.6 1
656.7 1
656.8 1
656.9 1
657 1
657.1 1
657.2 1
657.3 1
657.4 1
657.5 1
657.6 1
657.7 1
657.8 1
657.9 1
658 1
658.1 1
658.2 1
658.3 1
658.4 1
658.5 1
658.6 1
658.7 1
658.8 1
658.9 1
659 1
659.1 1
659.2 1
659.3 1
659.4 1
659.5 1
659.6 1
659.7 1
659.8 1
659.9 1
660 1
660.1 1
660.2 1
660.3 1
660.4 1
660.5 1
660.6 1
660.7 1
660.8 1
660.9 1
661 1
661.1 1
661.2 1
661.3 1
661.4 1
661.5 1
661.6 1
661.7 1
661.8 1
661.9 1
662 1
662.1 1
662.2 1
662.3 1
662.4 1
662.5 1
662.6 1
662.7 1
662.8 1
662.9 1
663 1
663.1 1
663.2 1
663.3 1
663.4 1
663.5 1
663.6 1
663.7 1
663.8 1
663.9 1
664 1
664.1 1
664.2 1
664.3 1
664.4 1
664.5 1
664.6 1
664.7 1
664.8 1
664.9 1
665 1
665.1 1
665.2 1
665.3 1
665.4 1
665.5 1
665.6 1
665.7 1
665.8 1
665.9 1
666 1
666.1 1
666.2 1
666.3 1
666.4 1
666.5 1
666.6 1
666.7 1
666.8 1
666.9 1
667 1
667.1 1
667.2 1
667.3 1
667.4 1
667.5 1
667.6 1
667.7 1
667.8 1
667.9 1
668 1
668.1 1
668.2 1
668.3 1
668.4 1
668.5 1
668.6 1
668.7 1
668.8 1
668.9 1
669 1
669.1 1
669.2 1
669.3 1
669.4 1
669.5 1
669.6 1
669.7 1
669.8 1
669.9 1
670 1
670.1 1
670.2 1
670.3 1
670.4 1
670.5 1
670.6 1
670.7 1
670.8 1
670.9 1
671 1
671.1 1
671.2 1
671.3 1
671.4 1
671.5 1
671.6 1
671.7 1
671.8 1
671.9 1
672 1
672.1 1
672.2 1
672.3 1
672.4 1
672.5 1
672.6 1
672.7 1
672.8 1
672.9 1
673 1
673.1 1
673.2 1
673.3 1
673.4 1
673.5 1
673.6 1
673.7 1
673.8 1
673.9 1
674 1
674.1 1
674.2 1
674.3 1
674.4 1
674.5 1
674.6 1
674.7 1
674.8 1
674.9 1
675 1
675.1 1
675.2 1
675.3 1
675.4 1
675.5 1
675.6 1
675.7 1
675.8 1
675.9 1
676 1
676.1 1
676.2 1
676.3 1
676.4 1
676.5 1
676.6 1
676.7 1
676.8 1
676.9 1
677 1
677.1 1
677.2 1
677.3 1
677.4 1
677.5 1
677.6 1
677.7 1
677.8 1
677.9 1
678 1
678.1 1
678.2 1
678.3 1
678.4 1
678.5 1
678.6 1
678.7 1
678.8 1
678.9 1
679 1
679.1 1
679.2 1
679.3 1
679.4 1
679.5 1
679.6 1
679.7 1
679.8 1
679.9 1
680 1
680.1 1
680.2 1
680.3 1
680.4 1
680.5 1
680.6 1
680.7 1
680.8 1
680.9 1
681 1
681.1 1
681.2 1
681.3 1
681.4 1
681.5 1
681.6 1
681.7 1
681.8 1
681.9 1
682 1
682.1 1
682.2 1
682.3 1
682.4 1
682.5 1
682.6 1
682.7 1
682.8 1
682.9 1
683 1
683.1 1
683.2 1
683.3 1
683.4 1
683.5 1
683.6 1
683.7 1
683.8 1
683.9 1
684 1
684.1 1
684.2 1
684.3 1
684.4 1
684.5 1
684.6 1
684.7 1
684.8 1
684.9 1
685 1
685.1 1
685.2 1
685.3 1
685.4 1
685.5 1
685.6 1
685.7 1
685.8 1
685.9 1
686 1
686.1 1
686.2 1
686.3 1
686.4 1
686.5 1
686.6 1
686.7 1
686.8 1
686.9 1
687 1
687.1 1
687.2 1
687.3 1
687.4 1
687.5 1
687.6 1
687.7 1
687.8 1
687.9 1
688 1
688.1 1
688.2 1
688.3 1
688.4 1
688.5 1
688.6 1
688.7 1
688.8 1
688.9 1
689 1
689.1 1
689.2 1
689.3 1
689.4 1
689.5 1
689.6 1
689.7 1
689.8 1
689.9 1
690 1
690.1 1
690.2 1
690.3 1
690.4 1
690.5 1
690.6 1
690.7 1
690.8 1
690.9 1
691 1
691.1 1
691.2 1
691.3 1
691.4 1
691.5 1
691.6 1
691.7 1
691.8 1
691.9 1
692 1
692.1 1
692.2 1
692.3 1
692.4 1
692.5 1
692.6 1
692.7 1
692.8 1
692.9 1
693 1
693.1 1
693.2 1
693.3 1
693.4 1
693.5 1
693.6 1
693.7 1
693.8 1
693.9 1
694 1
694.1 1
694.2 1
694.3 1
694.4 1
694.5 1
694.6 1
694.7 1
694.8 1
694.9 1
695 1
695.1 1
695.2 1
695.3 1
695.4 1
695.5 1
695.6 1
695.7 1
695.8 1
695.9 1
696 1
696.1 1
696.2 1
696.3 1
696.4 1
696.5 1
696.6 1
696.7 1
696.8 1
696.9 1
697 1
697.1 1
697.2 1
697.3 1
697.4 1
697.5 1
697.6 1
697.7 1
697.8 1
697.9 1
698 1
698.1 1
698.2 1
698.3 1
698.4 1
698.5 1
698.6 1
698.7 1
698.8 1
698.9 1
699 1
699.1 1
699.2 1
699.3 1
699.4 1
699.5 1
699.6 1
699.7 1
699.8 1
699.9 1
700 1
700.1 1
700.2 1
700.3 1
700.4 1
700.5 1
700.6 1
700.7 1
700.8 1
700.9 1
701 1
701.1 1
701.2 1
701.3 1
701.4 1
701.5 1
701.6 1
701.7 1
701.8 1
701.9 1
702 1
702.1 1
702.2 1
702.3 1
702.4 1
702.5 1
702.6 1
702.7 1
702.8 1
702.9 1
703 1
703.1 1
703.2 1
703.3 1
703.4 1
703.5 1
703.6 1
703.7 1
703.8 1
703.9 1
704 1
704.1 1
704.2 1
704.3 1
704.4 1
704.5 1
704.6 1
704.7 1
704.8 1
704.9 1
705 1
705.1 1
705.2 1
705.3 1
705.4 1
705.5 1
705.6 1
705.7 1
705.8 1
705.9 1
706 1
706.1 1
706.2 1
706.3 1
706.4 1
706.5 1
706.6 1
706.7 1
706.8 1
706.9 1
707 1
707.1 1
707.2 1
707.3 1
707.4 1
707.5 1
707.6 1
707.7 1
707.8 1
707.9 1
708 1
708.1 1
708.2 1
708.3 1
708.4 1
708.5 1
708.6 1
708.7 1
708.8 1
708.9 1
709 1
709.1 1
709.2 1
709.3 1
709.4 1
709.5 1
709.6 1
709.7 1
709.8 1
709.9 1
710 1
710.1 1
710.2 1
710.3 1
710.4 1
710.5 1
710.6 1
710.7 1
710.8 1
710.9 1
711 1
711.1 1
711.2 1
711.3 1
711.4 1
711.5 1
711.6 1
711.7 1
711.8 1
711.9 1
712 1
712.1 1
712.2 1
712.3 1
712.4 1
712.5 1
712.6 1
712.7 1
712.8 1
712.9 1
713 1
713.1 1
713.2 1
713.3 1
713.4 1
713.5 1
713.6 1
713.7 1
713.8 1
713.9 1
714 1
714.1 0
714.2 0
714.3 0
714.4 0
714.5 0
714.6 0
714.7 0
714.8 0
714.9 0
