5 0.3331
5.1 0.333201
5.2 0.333302
5.3 0.333403
5.4 0.333504
5.5 0.333605
5.6 0.333706
5.7 0.333807
5.8 0.333908
5.9 0.334009
6 0.33411
6.1 0.334158
6.2 0.334206
6.3 0.334254
6.4 0.334302
6.5 0.33435
6.6 0.334398
6.7 0.334446
6.8 0.334494
6.9 0.334542
7 0.33459
7.1 0.334616
7.2 0.334642
7.3 0.334668
7.4 0.334694
7.5 0.33472
7.6 0.334746
7.7 0.334772
7.8 0.334798
7.9 0.334824
8 0.33485
8.1 0.334866
8.2 0.334882
8.3 0.334898
8.4 0.334914
8.5 0.33493
8.6 0.334946
8.7 0.334962
8.8 0.334978
8.9 0.334994
9 0.33501
9.1 0.33507
9.2 0.33513
9.3 0.33519
9.4 0.33525
9.5 0.33531
9.6 0.33537
9.7 0.33543
9.8 0.33549
9.9 0.33555
10 0.33561
10.1 0.335812
10.2 0.336014
10.3 0.336216
10.4 0.336418
10.5 0.33662
10.6 0.336822
10.7 0.337024
10.8 0.337226
10.9 0.337428
11 0.33763
11.1 0.337734
11.2 0.337838
11.3 0.337942
11.4 0.338046
11.5 0.33815
11.6 0.338254
11.7 0.338358
11.8 0.338462
11.9 0.338566
12 0.33867
12.1 0.338728
12.2 0.338786
12.3 0.338844
12.4 0.338902
12.5 0.33896
12.6 0.339018
12.7 0.339076
12.8 0.339134
12.9 0.339192
13 0.33925
13.1 0.339286
13.2 0.339322
13.3 0.339358
13.4 0.339394
13.5 0.33943
13.6 0.339466
13.7 0.339502
13.8 0.339538
13.9 0.339574
14 0.33961
14.1 0.339635
14.2 0.33966
14.3 0.339685
14.4 0.33971
14.5 0.339735
14.6 0.33976
14.7 0.339785
14.8 0.33981
14.9 0.339835
15 0.33986
15.1 0.339878
15.2 0.339896
15.3 0.339914
15.4 0.339932
15.5 0.33995
15.6 0.339968
15.7 0.339986
15.8 0.340004
15.9 0.340022
16 0.34004
16.1 0.340054
16.2 0.340068
16.3 0.340082
16.4 0.340096
16.5 0.34011
16.6 0.340124
16.7 0.340138
16.8 0.340152
16.9 0.340166
17 0.34018
17.1 0.34019
17.2 0.3402
17.3 0.34021
17.4 0.34022
17.5 0.34023
17.6 0.34024
17.7 0.34025
17.8 0.34026
17.9 0.34027
18 0.34028
18.1 0.340287
18.2 0.340294
18.3 0.340301
18.4 0.340308
18.5 0.340315
18.6 0.340322
18.7 0.340329
18.8 0.340336
18.9 0.340343
19 0.34035
19.1 0.340367
19.2 0.340384
19.3 0.340401
19.4 0.340418
19.5 0.340435
19.6 0.340452
19.7 0.340469
19.8 0.340486
19.9 0.340503
20 0.34052
20.1 0.340598
20.2 0.340676
20.3 0.340754
20.4 0.340832
20.5 0.34091
20.6 0.340988
20.7 0.341066
20.8 0.341144
20.9 0.341222
21 0.3413
21.1 0.341374
21.2 0.341448
21.3 0.341522
21.4 0.341596
21.5 0.34167
21.6 0.341744
21.7 0.341818
21.8 0.341892
21.9 0.341966
22 0.34204
22.1 0.342103
22.2 0.342166
22.3 0.342229
22.4 0.342292
22.5 0.342355
22.6 0.342418
22.7 0.342481
22.8 0.342544
22.9 0.342607
23 0.34267
23.1 0.342724
23.2 0.342778
23.3 0.342832
23.4 0.342886
23.5 0.34294
23.6 0.342994
23.7 0.343048
23.8 0.343102
23.9 0.343156
24 0.34321
24.1 0.343263
24.2 0.343316
24.3 0.343369
24.4 0.343422
24.5 0.343475
24.6 0.343528
24.7 0.343581
24.8 0.343634
24.9 0.343687
25 0.34374
25.1 0.343813
25.2 0.343886
25.3 0.343959
25.4 0.344032
25.5 0.344105
25.6 0.344178
25.7 0.344251
25.8 0.344324
25.9 0.344397
26 0.34447
26.1 0.344535
26.2 0.3446
26.3 0.344665
26.4 0.34473
26.5 0.344795
26.6 0.34486
26.7 0.344925
26.8 0.34499
26.9 0.345055
27 0.34512
27.1 0.345173
27.2 0.345226
27.3 0.345279
27.4 0.345332
27.5 0.345385
27.6 0.345438
27.7 0.345491
27.8 0.345544
27.9 0.345597
28 0.34565
28.1 0.345694
28.2 0.345738
28.3 0.345782
28.4 0.345826
28.5 0.34587
28.6 0.345914
28.7 0.345958
28.8 0.346002
28.9 0.346046
29 0.34609
29.1 0.346132
29.2 0.346174
29.3 0.346216
29.4 0.346258
29.5 0.3463
29.6 0.346342
29.7 0.346384
29.8 0.346426
29.9 0.346468
30 0.34651
30.1 0.346574
30.2 0.346638
30.3 0.346702
30.4 0.346766
30.5 0.34683
30.6 0.346894
30.7 0.346958
30.8 0.347022
30.9 0.347086
31 0.34715
31.1 0.347208
31.2 0.347266
31.3 0.347324
31.4 0.347382
31.5 0.34744
31.6 0.347498
31.7 0.347556
31.8 0.347614
31.9 0.347672
32 0.34773
32.1 0.347779
32.2 0.347828
32.3 0.347877
32.4 0.347926
32.5 0.347975
32.6 0.348024
32.7 0.348073
32.8 0.348122
32.9 0.348171
33 0.34822
33.1 0.348263
33.2 0.348306
33.3 0.348349
33.4 0.348392
33.5 0.348435
33.6 0.348478
33.7 0.348521
33.8 0.348564
33.9 0.348607
34 0.34865
34.1 0.348693
34.2 0.348736
34.3 0.348779
34.4 0.348822
34.5 0.348865
34.6 0.348908
34.7 0.348951
34.8 0.348994
34.9 0.349037
35 0.34908
35.1 0.349146
35.2 0.349212
35.3 0.349278
35.4 0.349344
35.5 0.34941
35.6 0.349476
35.7 0.349542
35.8 0.349608
35.9 0.349674
36 0.34974
36.1 0.349802
36.2 0.349864
36.3 0.349926
36.4 0.349988
36.5 0.35005
36.6 0.350112
36.7 0.350174
36.8 0.350236
36.9 0.350298
37 0.35036
37.1 0.350414
37.2 0.350468
37.3 0.350522
37.4 0.350576
37.5 0.35063
37.6 0.350684
37.7 0.350738
37.8 0.350792
37.9 0.350846
38 0.3509
38.1 0.350947
38.2 0.350994
38.3 0.351041
38.4 0.351088
38.5 0.351135
38.6 0.351182
38.7 0.351229
38.8 0.351276
38.9 0.351323
39 0.35137
39.1 0.351414
39.2 0.351458
39.3 0.351502
39.4 0.351546
39.5 0.35159
39.6 0.351634
39.7 0.351678
39.8 0.351722
39.9 0.351766
40 0.35181
40.1 0.351855
40.2 0.3519
40.3 0.351945
40.4 0.35199
40.5 0.352035
40.6 0.35208
40.7 0.352125
40.8 0.35217
40.9 0.352215
41 0.35226
41.1 0.352301
41.2 0.352342
41.3 0.352383
41.4 0.352424
41.5 0.352465
41.6 0.352506
41.7 0.352547
41.8 0.352588
41.9 0.352629
42 0.35267
42.1 0.352707
42.2 0.352744
42.3 0.352781
42.4 0.352818
42.5 0.352855
42.6 0.352892
42.7 0.352929
42.8 0.352966
42.9 0.353003
43 0.35304
43.1 0.353073
43.2 0.353106
43.3 0.353139
43.4 0.353172
43.5 0.353205
43.6 0.353238
43.7 0.353271
43.8 0.353304
43.9 0.353337
44 0.35337
44.1 0.35341
44.2 0.35345
44.3 0.35349
44.4 0.35353
44.5 0.35357
44.6 0.35361
44.7 0.35365
44.8 0.35369
44.9 0.35373
45 0.35377
45.1 0.353857
45.2 0.353944
45.3 0.354031
45.4 0.354118
45.5 0.354205
45.6 0.354292
45.7 0.354379
45.8 0.354466
45.9 0.354553
46 0.35464
46.1 0.35473
46.2 0.35482
46.3 0.35491
46.4 0.355
46.5 0.35509
46.6 0.35518
46.7 0.35527
46.8 0.35536
46.9 0.35545
47 0.35554
47.1 0.355624
47.2 0.355708
47.3 0.355792
47.4 0.355876
47.5 0.35596
47.6 0.356044
47.7 0.356128
47.8 0.356212
47.9 0.356296
48 0.35638
48.1 0.356458
48.2 0.356536
48.3 0.356614
48.4 0.356692
48.5 0.35677
48.6 0.356848
48.7 0.356926
48.8 0.357004
48.9 0.357082
49 0.35716
49.1 0.357229
49.2 0.357298
49.3 0.357367
49.4 0.357436
49.5 0.357505
49.6 0.357574
49.7 0.357643
49.8 0.357712
49.9 0.357781
50 0.35785
50.1 0.35789
50.2 0.35793
50.3 0.35797
50.4 0.35801
50.5 0.35805
50.6 0.35809
50.7 0.35813
50.8 0.35817
50.9 0.35821
51 0.35825
51.1 0.358285
51.2 0.35832
51.3 0.358355
51.4 0.35839
51.5 0.358425
51.6 0.35846
51.7 0.358495
51.8 0.35853
51.9 0.358565
52 0.3586
52.1 0.358633
52.2 0.358666
52.3 0.358699
52.4 0.358732
52.5 0.358765
52.6 0.358798
52.7 0.358831
52.8 0.358864
52.9 0.358897
53 0.35893
53.1 0.358963
53.2 0.358996
53.3 0.359029
53.4 0.359062
53.5 0.359095
53.6 0.359128
53.7 0.359161
53.8 0.359194
53.9 0.359227
54 0.35926
54.1 0.35929
54.2 0.35932
54.3 0.35935
54.4 0.35938
54.5 0.35941
54.6 0.35944
54.7 0.35947
54.8 0.3595
54.9 0.35953
55 0.35956
55.1 0.359584
55.2 0.359608
55.3 0.359632
55.4 0.359656
55.5 0.35968
55.6 0.359704
55.7 0.359728
55.8 0.359752
55.9 0.359776
56 0.3598
56.1 0.360241
56.2 0.360682
56.3 0.361123
56.4 0.361564
56.5 0.362005
56.6 0.362446
56.7 0.362887
56.8 0.363328
56.9 0.363769
57 0.36421
57.1 0.364908
57.2 0.365606
57.3 0.366304
57.4 0.367002
57.5 0.3677
57.6 0.368398
57.7 0.369096
57.8 0.369794
57.9 0.370492
58 0.37119
58.1 0.371849
58.2 0.372508
58.3 0.373167
58.4 0.373826
58.5 0.374485
58.6 0.375144
58.7 0.375803
58.8 0.376462
58.9 0.377121
59 0.37778
59.1 0.378405
59.2 0.37903
59.3 0.379655
59.4 0.38028
59.5 0.380905
59.6 0.38153
59.7 0.382155
59.8 0.38278
59.9 0.383405
60 0.38403
60.1 0.384621
60.2 0.385212
60.3 0.385803
60.4 0.386394
60.5 0.386985
60.6 0.387576
60.7 0.388167
60.8 0.388758
60.9 0.389349
61 0.38994
61.1 0.390465
61.2 0.39099
61.3 0.391515
61.4 0.39204
61.5 0.392565
61.6 0.39309
61.7 0.393615
61.8 0.39414
61.9 0.394665
62 0.39519
62.1 0.395473
62.2 0.395756
62.3 0.396039
62.4 0.396322
62.5 0.396605
62.6 0.396888
62.7 0.397171
62.8 0.397454
62.9 0.397737
63 0.39802
63.1 0.398257
63.2 0.398494
63.3 0.398731
63.4 0.398968
63.5 0.399205
63.6 0.399442
63.7 0.399679
63.8 0.399916
63.9 0.400153
64 0.40039
64.1 0.400618
64.2 0.400846
64.3 0.401074
64.4 0.401302
64.5 0.40153
64.6 0.401758
64.7 0.401986
64.8 0.402214
64.9 0.402442
65 0.40267
65.1 0.402891
65.2 0.403112
65.3 0.403333
65.4 0.403554
65.5 0.403775
65.6 0.403996
65.7 0.404217
65.8 0.404438
65.9 0.404659
66 0.40488
66.1 0.405093
66.2 0.405306
66.3 0.405519
66.4 0.405732
66.5 0.405945
66.6 0.406158
66.7 0.406371
66.8 0.406584
66.9 0.406797
67 0.40701
67.1 0.407216
67.2 0.407422
67.3 0.407628
67.4 0.407834
67.5 0.40804
67.6 0.408246
67.7 0.408452
67.8 0.408658
67.9 0.408864
68 0.40907
68.1 0.409226
68.2 0.409382
68.3 0.409538
68.4 0.409694
68.5 0.40985
68.6 0.410006
68.7 0.410162
68.8 0.410318
68.9 0.410474
69 0.41063
69.1 0.410611
69.2 0.410592
69.3 0.410573
69.4 0.410554
69.5 0.410535
69.6 0.410516
69.7 0.410497
69.8 0.410478
69.9 0.410459
70 0.41044
70.1 0.409891
70.2 0.409342
70.3 0.408793
70.4 0.408244
70.5 0.407695
70.6 0.407146
70.7 0.406597
70.8 0.406048
70.9 0.405499
71 0.40495
71.1 0.40364
71.2 0.40233
71.3 0.40102
71.4 0.39971
71.5 0.3984
71.6 0.39709
71.7 0.39578
71.8 0.39447
71.9 0.39316
72 0.39185
72.1 0.390509
72.2 0.389168
72.3 0.387827
72.4 0.386486
72.5 0.385145
72.6 0.383804
72.7 0.382463
72.8 0.381122
72.9 0.379781
73 0.37844
73.1 0.377074
73.2 0.375708
73.3 0.374342
73.4 0.372976
73.5 0.37161
73.6 0.370244
73.7 0.368878
73.8 0.367512
73.9 0.366146
74 0.36478
74.1 0.363389
74.2 0.361998
74.3 0.360607
74.4 0.359216
74.5 0.357825
74.6 0.356434
74.7 0.355043
74.8 0.353652
74.9 0.352261
75 0.35087
75.1 0.349453
75.2 0.348036
75.3 0.346619
75.4 0.345202
75.5 0.343785
75.6 0.342368
75.7 0.340951
75.8 0.339534
75.9 0.338117
76 0.3367
76.1 0.335256
76.2 0.333812
76.3 0.332368
76.4 0.330924
76.5 0.32948
76.6 0.328036
76.7 0.326592
76.8 0.325148
76.9 0.323704
77 0.32226
77.1 0.320009
77.2 0.317758
77.3 0.315507
77.4 0.313256
77.5 0.311005
77.6 0.308754
77.7 0.306503
77.8 0.304252
77.9 0.302001
78 0.29975
78.1 0.296786
78.2 0.293822
78.3 0.290858
78.4 0.287894
78.5 0.28493
78.6 0.281966
78.7 0.279002
78.8 0.276038
78.9 0.273074
79 0.27011
79.1 0.267239
79.2 0.264368
79.3 0.261497
79.4 0.258626
79.5 0.255755
79.6 0.252884
79.7 0.250013
79.8 0.247142
79.9 0.244271
80 0.2414
80.1 0.238617
80.2 0.235834
80.3 0.233051
80.4 0.230268
80.5 0.227485
80.6 0.224702
80.7 0.221919
80.8 0.219136
80.9 0.216353
81 0.21357
81.1 0.210871
81.2 0.208172
81.3 0.205473
81.4 0.202774
81.5 0.200075
81.6 0.197376
81.7 0.194677
81.8 0.191978
81.9 0.189279
82 0.18658
82.1 0.183961
82.2 0.181342
82.3 0.178723
82.4 0.176104
82.5 0.173485
82.6 0.170866
82.7 0.168247
82.8 0.165628
82.9 0.163009
83 0.16039
83.1 0.15788
83.2 0.15537
83.3 0.15286
83.4 0.15035
83.5 0.14784
83.6 0.14533
83.7 0.14282
83.8 0.14031
83.9 0.1378
84 0.13529
84.1 0.132763
84.2 0.130236
84.3 0.127709
84.4 0.125182
84.5 0.122655
84.6 0.120128
84.7 0.117601
84.8 0.115074
84.9 0.112547
85 0.11002
85.1 0.1072435
85.2 0.104467
85.3 0.1016905
85.4 0.0989139999999998
85.5 0.0961374999999998
85.6 0.0933609999999998
85.7 0.0905844999999998
85.8 0.0878079999999997
85.9 0.0850314999999997
86 0.082255
86.1 0.0791810999999999
86.2 0.0761071999999999
86.3 0.0730332999999999
86.4 0.0699593999999998
86.5 0.0668854999999998
86.6 0.0638115999999998
86.7 0.0607376999999998
86.8 0.0576637999999997
86.9 0.0545898999999997
87 0.051516
87.1 0.048231
87.2 0.0449459999999999
87.3 0.0416609999999999
87.4 0.0383759999999998
87.5 0.0350909999999998
87.6 0.0318059999999998
87.7 0.0285209999999998
87.8 0.0252359999999997
87.9 0.0219509999999996
88 0.018666
88.1 0.01730709
88.2 0.01594818
88.3 0.0145892699999999
88.4 0.0132303599999999
88.5 0.0118714499999999
88.6 0.0105125399999999
88.7 0.0091536299999999
88.8 0.00779471999999985
88.9 0.00643580999999985
89 0.0050769
89.1 0.00459898799999999
89.2 0.00412107599999999
89.3 0.00364316399999998
89.4 0.00316525199999998
89.5 0.00268733999999997
89.6 0.00220942799999997
89.7 0.00173151599999996
89.8 0.00125360399999995
89.9 0.000775691999999947
90 0.00029778
90.1 0.000268002
90.2 0.000238223999999999
90.3 0.000208445999999999
90.4 0.000178667999999998
90.5 0.000148889999999998
90.6 0.000119111999999998
90.7 8.93339999999978e-05
90.8 5.95559999999968e-05
90.9 2.97779999999967e-05
91 0
91.1 0
91.2 0
91.3 0
91.4 0
91.5 0
91.6 0
91.7 0
91.8 0
91.9 0
92 0
92.1 0
92.2 0
92.3 0
92.4 0
92.5 0
92.6 0
92.7 0
92.8 0
92.9 0
93 0
93.1 0
93.2 0
93.3 0
93.4 0
93.5 0
93.6 0
93.7 0
93.8 0
93.9 0
94 0
94.1 0
94.2 0
94.3 0
94.4 0
94.5 0
94.6 0
94.7 0
94.8 0
94.9 0
95 0
95.1 0
95.2 0
95.3 0
95.4 0
95.5 0
95.6 0
95.7 0
95.8 0
95.9 0
96 0
96.1 0
96.2 0
96.3 0
96.4 0
96.5 0
96.6 0
96.7 0
96.8 0
96.9 0
97 0
97.1 0
97.2 0
97.3 0
97.4 0
97.5 0
97.6 0
97.7 0
97.8 0
97.9 0
98 0
98.1 0
98.2 0
98.3 0
98.4 0
98.5 0
98.6 0
98.7 0
98.8 0
98.9 0
99 0
99.1 0
99.2 0
99.3 0
99.4 0
99.5 0
99.6 0
99.7 0
99.8 0
99.9 0
100 0
100.1 0
100.2 0
100.3 0
100.4 0
100.5 0
100.6 0
100.7 0
100.8 0
100.9 0
101 0
101.1 0
101.2 0
101.3 0
101.4 0
101.5 0
101.6 0
101.7 0
101.8 0
101.9 0
102 0
102.1 0
102.2 0
102.3 0
102.4 0
102.5 0
102.6 0
102.7 0
102.8 0
102.9 0
103 0
103.1 0
103.2 0
103.3 0
103.4 0
103.5 0
103.6 0
103.7 0
103.8 0
103.9 0
104 0
104.1 0
104.2 0
104.3 0
104.4 0
104.5 0
104.6 0
104.7 0
104.8 0
104.9 0
105 0
105.1 0
105.2 0
105.3 0
105.4 0
105.5 0
105.6 0
105.7 0
105.8 0
105.9 0
106 0
106.1 0
106.2 0
106.3 0
106.4 0
106.5 0
106.6 0
106.7 0
106.8 0
106.9 0
107 0
107.1 0
107.2 0
107.3 0
107.4 0
107.5 0
107.6 0
107.7 0
107.8 0
107.9 0
108 0
108.1 0
108.2 0
108.3 0
108.4 0
108.5 0
108.6 0
108.7 0
108.8 0
108.9 0
109 0
109.1 0
109.2 0
109.3 0
109.4 0
109.5 0
109.6 0
109.7 0
109.8 0
109.9 0
110 0
110.1 0
110.2 0
110.3 0
110.4 0
110.5 0
110.6 0
110.7 0
110.8 0
110.9 0
111 0
111.1 0
111.2 0
111.3 0
111.4 0
111.5 0
111.6 0
111.7 0
111.8 0
111.9 0
112 0
112.1 0
112.2 0
112.3 0
112.4 0
112.5 0
112.6 0
112.7 0
112.8 0
112.9 0
113 0
113.1 0
113.2 0
113.3 0
113.4 0
113.5 0
113.6 0
113.7 0
113.8 0
113.9 0
114 0
114.1 0
114.2 0
114.3 0
114.4 0
114.5 0
114.6 0
114.7 0
114.8 0
114.9 0
115 0
115.1 0
115.2 0
115.3 0
115.4 0
115.5 0
115.6 0
115.7 0
115.8 0
115.9 0
116 0
116.1 0
116.2 0
116.3 0
116.4 0
116.5 0
116.6 0
116.7 0
116.8 0
116.9 0
117 0
117.1 0
117.2 0
117.3 0
117.4 0
117.5 0
117.6 0
117.7 0
117.8 0
117.9 0
118 0
118.1 0
118.2 0
118.3 0
118.4 0
118.5 0
118.6 0
118.7 0
118.8 0
118.9 0
119 0
119.1 0
119.2 0
119.3 0
119.4 0
119.5 0
119.6 0
119.7 0
119.8 0
119.9 0
120 0
120.1 0
120.2 0
120.3 0
120.4 0
120.5 0
120.6 0
120.7 0
120.8 0
120.9 0
121 0
121.1 0
121.2 0
121.3 0
121.4 0
121.5 0
121.6 0
121.7 0
121.8 0
121.9 0
122 0
122.1 0
122.2 0
122.3 0
122.4 0
122.5 0
122.6 0
122.7 0
122.8 0
122.9 0
123 0
123.1 0
123.2 0
123.3 0
123.4 0
123.5 0
123.6 0
123.7 0
123.8 0
123.9 0
124 0
124.1 0
124.2 0
124.3 0
124.4 0
124.5 0
124.6 0
124.7 0
124.8 0
124.9 0
125 0
125.1 0
125.2 0
125.3 0
125.4 0
125.5 0
125.6 0
125.7 0
125.8 0
125.9 0
126 0
126.1 0
126.2 0
126.3 0
126.4 0
126.5 0
126.6 0
126.7 0
126.8 0
126.9 0
127 0
127.1 0
127.2 0
127.3 0
127.4 0
127.5 0
127.6 0
127.7 0
127.8 0
127.9 0
128 0
128.1 0
128.2 0
128.3 0
128.4 0
128.5 0
128.6 0
128.7 0
128.8 0
128.9 0
129 0
129.1 0
129.2 0
129.3 0
129.4 0
129.5 0
129.6 0
129.7 0
129.8 0
129.9 0
130 0
130.1 0
130.2 0
130.3 0
130.4 0
130.5 0
130.6 0
130.7 0
130.8 0
130.9 0
131 0
131.1 0
131.2 0
131.3 0
131.4 0
131.5 0
131.6 0
131.7 0
131.8 0
131.9 0
132 0
132.1 0
132.2 0
132.3 0
132.4 0
132.5 0
132.6 0
132.7 0
132.8 0
132.9 0
133 0
133.1 0
133.2 0
133.3 0
133.4 0
133.5 0
133.6 0
133.7 0
133.8 0
133.9 0
134 0
134.1 0
134.2 0
134.3 0
134.4 0
134.5 0
134.6 0
134.7 0
134.8 0
134.9 0
135 0
135.1 0
135.2 0
135.3 0
135.4 0
135.5 0
135.6 0
135.7 0
135.8 0
135.9 0
136 0
136.1 0
136.2 0
136.3 0
136.4 0
136.5 0
136.6 0
136.7 0
136.8 0
136.9 0
137 0
137.1 0
137.2 0
137.3 0
137.4 0
137.5 0
137.6 0
137.7 0
137.8 0
137.9 0
138 0
138.1 0
138.2 0
138.3 0
138.4 0
138.5 0
138.6 0
138.7 0
138.8 0
138.9 0
139 0
139.1 0
139.2 0
139.3 0
139.4 0
139.5 0
139.6 0
139.7 0
139.8 0
139.9 0
140 0
140.1 0
140.2 0
140.3 0
140.4 0
140.5 0
140.6 0
140.7 0
140.8 0
140.9 0
141 0
141.1 0
141.2 0
141.3 0
141.4 0
141.5 0
141.6 0
141.7 0
141.8 0
141.9 0
142 0
142.1 0
142.2 0
142.3 0
142.4 0
142.5 0
142.6 0
142.7 0
142.8 0
142.9 0
143 0
143.1 0
143.2 0
143.3 0
143.4 0
143.5 0
143.6 0
143.7 0
143.8 0
143.9 0
144 0
144.1 0
144.2 0
144.3 0
144.4 0
144.5 0
144.6 0
144.7 0
144.8 0
144.9 0
145 0
145.1 0
145.2 0
145.3 0
145.4 0
145.5 0
145.6 0
145.7 0
145.8 0
145.9 0
146 0
146.1 0
146.2 0
146.3 0
146.4 0
146.5 0
146.6 0
146.7 0
146.8 0
146.9 0
147 0
147.1 0
147.2 0
147.3 0
147.4 0
147.5 0
147.6 0
147.7 0
147.8 0
147.9 0
148 0
148.1 0
148.2 0
148.3 0
148.4 0
148.5 0
148.6 0
148.7 0
148.8 0
148.9 0
149 0
149.1 0
149.2 0
149.3 0
149.4 0
149.5 0
149.6 0
149.7 0
149.8 0
149.9 0
150 0
150.1 0
150.2 0
150.3 0
150.4 0
150.5 0
150.6 0
150.7 0
150.8 0
150.9 0
151 0
151.1 0
151.2 0
151.3 0
151.4 0
151.5 0
151.6 0
151.7 0
151.8 0
151.9 0
152 0
152.1 0
152.2 0
152.3 0
152.4 0
152.5 0
152.6 0
152.7 0
152.8 0
152.9 0
153 0
153.1 0
153.2 0
153.3 0
153.4 0
153.5 0
153.6 0
153.7 0
153.8 0
153.9 0
154 0
154.1 0
154.2 0
154.3 0
154.4 0
154.5 0
154.6 0
154.7 0
154.8 0
154.9 0
155 0
155.1 0
155.2 0
155.3 0
155.4 0
155.5 0
155.6 0
155.7 0
155.8 0
155.9 0
156 0
156.1 0
156.2 0
156.3 0
156.4 0
156.5 0
156.6 0
156.7 0
156.8 0
156.9 0
157 0
157.1 0
157.2 0
157.3 0
157.4 0
157.5 0
157.6 0
157.7 0
157.8 0
157.9 0
158 0
158.1 0
158.2 0
158.3 0
158.4 0
158.5 0
158.6 0
158.7 0
158.8 0
158.9 0
159 0
159.1 0
159.2 0
159.3 0
159.4 0
159.5 0
159.6 0
159.7 0
159.8 0
159.9 0
160 0
160.1 0
160.2 0
160.3 0
160.4 0
160.5 0
160.6 0
160.7 0
160.8 0
160.9 0
161 0
161.1 0
161.2 0
161.3 0
161.4 0
161.5 0
161.6 0
161.7 0
161.8 0
161.9 0
162 0
162.1 0
162.2 0
162.3 0
162.4 0
162.5 0
162.6 0
162.7 0
162.8 0
162.9 0
163 0
163.1 0
163.2 0
163.3 0
163.4 0
163.5 0
163.6 0
163.7 0
163.8 0
163.9 0
164 0
164.1 0
164.2 0
164.3 0
164.4 0
164.5 0
164.6 0
164.7 0
164.8 0
164.9 0
165 0
165.1 0
165.2 0
165.3 0
165.4 0
165.5 0
165.6 0
165.7 0
165.8 0
165.9 0
166 0
166.1 0
166.2 0
166.3 0
166.4 0
166.5 0
166.6 0
166.7 0
166.8 0
166.9 0
167 0
167.1 0
167.2 0
167.3 0
167.4 0
167.5 0
167.6 0
167.7 0
167.8 0
167.9 0
168 0
168.1 0
168.2 0
168.3 0
168.4 0
168.5 0
168.6 0
168.7 0
168.8 0
168.9 0
169 0
169.1 0
169.2 0
169.3 0
169.4 0
169.5 0
169.6 0
169.7 0
169.8 0
169.9 0
170 0
170.1 0
170.2 0
170.3 0
170.4 0
170.5 0
170.6 0
170.7 0
170.8 0
170.9 0
171 0
171.1 0
171.2 0
171.3 0
171.4 0
171.5 0
171.6 0
171.7 0
171.8 0
171.9 0
172 0
172.1 0
172.2 0
172.3 0
172.4 0
172.5 0
172.6 0
172.7 0
172.8 0
172.9 0
173 0
173.1 0
173.2 0
173.3 0
173.4 0
173.5 0
173.6 0
173.7 0
173.8 0
173.9 0
174 0
174.1 0
174.2 0
174.3 0
174.4 0
174.5 0
174.6 0
174.7 0
174.8 0
174.9 0
175 0
175.1 0
175.2 0
175.3 0
175.4 0
175.5 0
175.6 0
175.7 0
175.8 0
175.9 0
176 0
176.1 0
176.2 0
176.3 0
176.4 0
176.5 0
176.6 0
176.7 0
176.8 0
176.9 0
177 0
177.1 0
177.2 0
177.3 0
177.4 0
177.5 0
177.6 0
177.7 0
177.8 0
177.9 0
178 0
178.1 0
178.2 0
178.3 0
178.4 0
178.5 0
178.6 0
178.7 0
178.8 0
178.9 0
179 0
179.1 0
179.2 0
179.3 0
179.4 0
179.5 0
179.6 0
179.7 0
179.8 0
179.9 0
180 0
180.1 0
180.2 0
180.3 0
180.4 0
180.5 0
180.6 0
180.7 0
180.8 0
180.9 0
181 0
181.1 0
181.2 0
181.3 0
181.4 0
181.5 0
181.6 0
181.7 0
181.8 0
181.9 0
182 0
182.1 0
182.2 0
182.3 0
182.4 0
182.5 0
182.6 0
182.7 0
182.8 0
182.9 0
183 0
183.1 0
183.2 0
183.3 0
183.4 0
183.5 0
183.6 0
183.7 0
183.8 0
183.9 0
184 0
184.1 0
184.2 0
184.3 0
184.4 0
184.5 0
184.6 0
184.7 0
184.8 0
184.9 0
185 0
185.1 0
185.2 0
185.3 0
185.4 0
185.5 0
185.6 0
185.7 0
185.8 0
185.9 0
186 0
186.1 0
186.2 0
186.3 0
186.4 0
186.5 0
186.6 0
186.7 0
186.8 0
186.9 0
187 0
187.1 0
187.2 0
187.3 0
187.4 0
187.5 0
187.6 0
187.7 0
187.8 0
187.9 0
188 0
188.1 0
188.2 0
188.3 0
188.4 0
188.5 0
188.6 0
188.7 0
188.8 0
188.9 0
189 0
189.1 0
189.2 0
189.3 0
189.4 0
189.5 0
189.6 0
189.7 0
189.8 0
189.9 0
190 0
190.1 0
190.2 0
190.3 0
190.4 0
190.5 0
190.6 0
190.7 0
190.8 0
190.9 0
191 0
191.1 0
191.2 0
191.3 0
191.4 0
191.5 0
191.6 0
191.7 0
191.8 0
191.9 0
192 0
192.1 0
192.2 0
192.3 0
192.4 0
192.5 0
192.6 0
192.7 0
192.8 0
192.9 0
193 0
193.1 0
193.2 0
193.3 0
193.4 0
193.5 0
193.6 0
193.7 0
193.8 0
193.9 0
194 0
194.1 0
194.2 0
194.3 0
194.4 0
194.5 0
194.6 0
194.7 0
194.8 0
194.9 0
195 0
195.1 0
195.2 0
195.3 0
195.4 0
195.5 0
195.6 0
195.7 0
195.8 0
195.9 0
196 0
196.1 0
196.2 0
196.3 0
196.4 0
196.5 0
196.6 0
196.7 0
196.8 0
196.9 0
