5 0.0065438
5.1 0.00662729
5.2 0.00671078
5.3 0.00679427
5.4 0.00687776
5.5 0.00696125
5.6 0.00704474
5.7 0.00712823
5.8 0.00721172
5.9 0.00729521
6 0.0073787
6.1 0.00761763
6.2 0.00785656
6.3 0.00809549
6.4 0.00833442
6.5 0.00857335
6.6 0.00881228
6.7 0.00905121
6.8 0.00929014
6.9 0.00952907
7 0.009768
7.1 0.0099465
7.2 0.010125
7.3 0.0103035
7.4 0.010482
7.5 0.0106605
7.6 0.010839
7.7 0.0110175
7.8 0.011196
7.9 0.0113745
8 0.011553
8.1 0.0116619
8.2 0.0117708
8.3 0.0118797
8.4 0.0119886
8.5 0.0120975
8.6 0.0122064
8.7 0.0123153
8.8 0.0124242
8.9 0.0125331
9 0.012642
9.1 0.0127154
9.2 0.0127888
9.3 0.0128622
9.4 0.0129356
9.5 0.013009
9.6 0.0130824
9.7 0.0131558
9.8 0.0132292
9.9 0.0133026
10 0.013376
10.1 0.0134289
10.2 0.0134818
10.3 0.0135347
10.4 0.0135876
10.5 0.0136405
10.6 0.0136934
10.7 0.0137463
10.8 0.0137992
10.9 0.0138521
11 0.013905
11.1 0.0139714
11.2 0.0140378
11.3 0.0141042
11.4 0.0141706
11.5 0.014237
11.6 0.0143034
11.7 0.0143698
11.8 0.0144362
11.9 0.0145026
12 0.014569
12.1 0.0148993
12.2 0.0152296
12.3 0.0155599
12.4 0.0158902
12.5 0.0162205
12.6 0.0165508
12.7 0.0168811
12.8 0.0172114
12.9 0.0175417
13 0.017872
13.1 0.0181568
13.2 0.0184416
13.3 0.0187264
13.4 0.0190112
13.5 0.019296
13.6 0.0195808
13.7 0.0198656
13.8 0.0201504
13.9 0.0204352
14 0.02072
14.1 0.0209186
14.2 0.0211172
14.3 0.0213158
14.4 0.0215144
14.5 0.021713
14.6 0.0219116
14.7 0.0221102
14.8 0.0223088
14.9 0.0225074
15 0.022706
15.1 0.0228523
15.2 0.0229986
15.3 0.0231449
15.4 0.0232912
15.5 0.0234375
15.6 0.0235838
15.7 0.0237301
15.8 0.0238764
15.9 0.0240227
16 0.024169
16.1 0.0242813
16.2 0.0243936
16.3 0.0245059
16.4 0.0246182
16.5 0.0247305
16.6 0.0248428
16.7 0.0249551
16.8 0.0250674
16.9 0.0251797
17 0.025292
17.1 0.025381
17.2 0.02547
17.3 0.025559
17.4 0.025648
17.5 0.025737
17.6 0.025826
17.7 0.025915
17.8 0.026004
17.9 0.026093
18 0.026182
18.1 0.0262541
18.2 0.0263262
18.3 0.0263983
18.4 0.0264704
18.5 0.0265425
18.6 0.0266146
18.7 0.0266867
18.8 0.0267588
18.9 0.0268309
19 0.026903
19.1 0.0269627
19.2 0.0270224
19.3 0.0270821
19.4 0.0271418
19.5 0.0272015
19.6 0.0272612
19.7 0.0273209
19.8 0.0273806
19.9 0.0274403
20 0.0275
20.1 0.0275502
20.2 0.0276004
20.3 0.0276506
20.4 0.0277008
20.5 0.027751
20.6 0.0278012
20.7 0.0278514
20.8 0.0279016
20.9 0.0279518
21 0.028002
21.1 0.0280449
21.2 0.0280878
21.3 0.0281307
21.4 0.0281736
21.5 0.0282165
21.6 0.0282594
21.7 0.0283023
21.8 0.0283452
21.9 0.0283881
22 0.028431
22.1 0.028468
22.2 0.028505
22.3 0.028542
22.4 0.028579
22.5 0.028616
22.6 0.028653
22.7 0.02869
22.8 0.028727
22.9 0.028764
23 0.028801
23.1 0.0288332
23.2 0.0288654
23.3 0.0288976
23.4 0.0289298
23.5 0.028962
23.6 0.0289942
23.7 0.0290264
23.8 0.0290586
23.9 0.0290908
24 0.029123
24.1 0.0291957
24.2 0.0292684
24.3 0.0293411
24.4 0.0294138
24.5 0.0294865
24.6 0.0295592
24.7 0.0296319
24.8 0.0297046
24.9 0.0297773
25 0.02985
25.1 0.0300546
25.2 0.0302592
25.3 0.0304638
25.4 0.0306684
25.5 0.030873
25.6 0.0310776
25.7 0.0312822
25.8 0.0314868
25.9 0.0316914
26 0.031896
26.1 0.0320777
26.2 0.0322594
26.3 0.0324411
26.4 0.0326228
26.5 0.0328045
26.6 0.0329862
26.7 0.0331679
26.8 0.0333496
26.9 0.0335313
27 0.033713
27.1 0.0338665
27.2 0.03402
27.3 0.0341735
27.4 0.034327
27.5 0.0344805
27.6 0.034634
27.7 0.0347875
27.8 0.034941
27.9 0.0350945
28 0.035248
28.1 0.0353794
28.2 0.0355108
28.3 0.0356422
28.4 0.0357736
28.5 0.035905
28.6 0.0360364
28.7 0.0361678
28.8 0.0362992
28.9 0.0364306
29 0.036562
29.1 0.0366757
29.2 0.0367894
29.3 0.0369031
29.4 0.0370168
29.5 0.0371305
29.6 0.0372442
29.7 0.0373579
29.8 0.0374716
29.9 0.0375853
30 0.037699
30.1 0.0377983
30.2 0.0378976
30.3 0.0379969
30.4 0.0380962
30.5 0.0381955
30.6 0.0382948
30.7 0.0383941
30.8 0.0384934
30.9 0.0385927
31 0.038692
31.1 0.0387796
31.2 0.0388672
31.3 0.0389548
31.4 0.0390424
31.5 0.03913
31.6 0.0392176
31.7 0.0393052
31.8 0.0393928
31.9 0.0394804
32 0.039568
32.1 0.0396458
32.2 0.0397236
32.3 0.0398014
32.4 0.0398792
32.5 0.039957
32.6 0.0400348
32.7 0.0401126
32.8 0.0401904
32.9 0.0402682
33 0.040346
33.1 0.0404156
33.2 0.0404852
33.3 0.0405548
33.4 0.0406244
33.5 0.040694
33.6 0.0407636
33.7 0.0408332
33.8 0.0409028
33.9 0.0409724
34 0.041042
34.1 0.0411049
34.2 0.0411678
34.3 0.0412307
34.4 0.0412936
34.5 0.0413565
34.6 0.0414194
34.7 0.0414823
34.8 0.0415452
34.9 0.0416081
35 0.041671
35.1 0.0417657
35.2 0.0418604
35.3 0.0419551
35.4 0.0420498
35.5 0.0421445
35.6 0.0422392
35.7 0.0423339
35.8 0.0424286
35.9 0.0425233
36 0.042618
36.1 0.0427347
36.2 0.0428514
36.3 0.0429681
36.4 0.0430848
36.5 0.0432015
36.6 0.0433182
36.7 0.0434349
36.8 0.0435516
36.9 0.0436683
37 0.043785
37.1 0.0439065
37.2 0.044028
37.3 0.0441495
37.4 0.044271
37.5 0.0443925
37.6 0.044514
37.7 0.0446355
37.8 0.044757
37.9 0.0448785
38 0.045
38.1 0.045123
38.2 0.045246
38.3 0.045369
38.4 0.045492
38.5 0.045615
38.6 0.045738
38.7 0.045861
38.8 0.045984
38.9 0.046107
39 0.04623
39.1 0.0463472
39.2 0.0464644
39.3 0.0465816
39.4 0.0466988
39.5 0.046816
39.6 0.0469332
39.7 0.0470504
39.8 0.0471676
39.9 0.0472848
40 0.047402
40.1 0.0475166
40.2 0.0476312
40.3 0.0477458
40.4 0.0478604
40.5 0.047975
40.6 0.0480896
40.7 0.0482042
40.8 0.0483188
40.9 0.0484334
41 0.048548
41.1 0.0486757
41.2 0.0488034
41.3 0.0489311
41.4 0.0490588
41.5 0.0491865
41.6 0.0493142
41.7 0.0494419
41.8 0.0495696
41.9 0.0496973
42 0.049825
42.1 0.0499461
42.2 0.0500672
42.3 0.0501883
42.4 0.0503094
42.5 0.0504305
42.6 0.0505516
42.7 0.0506727
42.8 0.0507938
42.9 0.0509149
43 0.051036
43.1 0.0511609
43.2 0.0512858
43.3 0.0514107
43.4 0.0515356
43.5 0.0516605
43.6 0.0517854
43.7 0.0519103
43.8 0.0520352
43.9 0.0521601
44 0.052285
44.1 0.0524076
44.2 0.0525302
44.3 0.0526528
44.4 0.0527754
44.5 0.052898
44.6 0.0530206
44.7 0.0531432
44.8 0.0532658
44.9 0.0533884
45 0.053511
45.1 0.0536187
45.2 0.0537264
45.3 0.0538341
45.4 0.0539418
45.5 0.0540495
45.6 0.0541572
45.7 0.0542649
45.8 0.0543726
45.9 0.0544803
46 0.054588
46.1 0.0547024
46.2 0.0548168
46.3 0.0549312
46.4 0.0550456
46.5 0.05516
46.6 0.0552744
46.7 0.0553888
46.8 0.0555032
46.9 0.0556176
47 0.055732
47.1 0.0558457
47.2 0.0559594
47.3 0.0560731
47.4 0.0561868
47.5 0.0563005
47.6 0.0564142
47.7 0.0565279
47.8 0.0566416
47.9 0.0567553
48 0.056869
48.1 0.0569966
48.2 0.0571242
48.3 0.0572518
48.4 0.0573794
48.5 0.057507
48.6 0.0576346
48.7 0.0577622
48.8 0.0578898
48.9 0.0580174
49 0.058145
49.1 0.058264
49.2 0.058383
49.3 0.058502
49.4 0.058621
49.5 0.05874
49.6 0.058859
49.7 0.058978
49.8 0.059097
49.9 0.059216
50 0.059335
50.1 0.0594556
50.2 0.0595762
50.3 0.0596968
50.4 0.0598174
50.5 0.059938
50.6 0.0600586
50.7 0.0601792
50.8 0.0602998
50.9 0.0604204
51 0.060541
51.1 0.0606574
51.2 0.0607738
51.3 0.0608902
51.4 0.0610066
51.5 0.061123
51.6 0.0612394
51.7 0.0613558
51.8 0.0614722
51.9 0.0615886
52 0.061705
52.1 0.061821
52.2 0.061937
52.3 0.062053
52.4 0.062169
52.5 0.062285
52.6 0.062401
52.7 0.062517
52.8 0.062633
52.9 0.062749
53 0.062865
53.1 0.0629767
53.2 0.0630884
53.3 0.0632001
53.4 0.0633118
53.5 0.0634235
53.6 0.0635352
53.7 0.0636469
53.8 0.0637586
53.9 0.0638703
54 0.063982
54.1 0.0641059
54.2 0.0642298
54.3 0.0643537
54.4 0.0644776
54.5 0.0646015
54.6 0.0647254
54.7 0.0648493
54.8 0.0649732
54.9 0.0650971
55 0.065221
55.1 0.0653365
55.2 0.065452
55.3 0.0655675
55.4 0.065683
55.5 0.0657985
55.6 0.065914
55.7 0.0660295
55.8 0.066145
55.9 0.0662605
56 0.066376
56.1 0.0664956
56.2 0.0666152
56.3 0.0667348
56.4 0.0668544
56.5 0.066974
56.6 0.0670936
56.7 0.0672132
56.8 0.0673328
56.9 0.0674524
57 0.067572
57.1 0.0676915
57.2 0.067811
57.3 0.0679305
57.4 0.06805
57.5 0.0681695
57.6 0.068289
57.7 0.0684085
57.8 0.068528
57.9 0.0686475
58 0.068767
58.1 0.0688807
58.2 0.0689944
58.3 0.0691081
58.4 0.0692218
58.5 0.0693355
58.6 0.0694492
58.7 0.0695629
58.8 0.0696766
58.9 0.0697903
59 0.069904
59.1 0.0700286
59.2 0.0701532
59.3 0.0702778
59.4 0.0704024
59.5 0.070527
59.6 0.0706516
59.7 0.0707762
59.8 0.0709008
59.9 0.0710254
60 0.07115
60.1 0.0712728
60.2 0.0713956
60.3 0.0715184
60.4 0.0716412
60.5 0.071764
60.6 0.0718868
60.7 0.0720096
60.8 0.0721324
60.9 0.0722552
61 0.072378
61.1 0.0724982
61.2 0.0726184
61.3 0.0727386
61.4 0.0728588
61.5 0.072979
61.6 0.0730992
61.7 0.0732194
61.8 0.0733396
61.9 0.0734598
62 0.07358
62.1 0.073704
62.2 0.073828
62.3 0.073952
62.4 0.074076
62.5 0.0742
62.6 0.074324
62.7 0.074448
62.8 0.074572
62.9 0.074696
63 0.07482
63.1 0.0749366
63.2 0.0750532
63.3 0.0751698
63.4 0.0752864
63.5 0.075403
63.6 0.0755196
63.7 0.0756362
63.8 0.0757528
63.9 0.0758694
64 0.075986
64.1 0.076095
64.2 0.076204
64.3 0.076313
64.4 0.076422
64.5 0.076531
64.6 0.07664
64.7 0.076749
64.8 0.076858
64.9 0.076967
65 0.077076
65.1 0.0771954
65.2 0.0773148
65.3 0.0774342
65.4 0.0775536
65.5 0.077673
65.6 0.0777924
65.7 0.0779118
65.8 0.0780312
65.9 0.0781506
66 0.07827
66.1 0.0783923
66.2 0.0785146
66.3 0.0786369
66.4 0.0787592
66.5 0.0788815
66.6 0.0790038
66.7 0.0791261
66.8 0.0792484
66.9 0.0793707
67 0.079493
67.1 0.0796102
67.2 0.0797274
67.3 0.0798446
67.4 0.0799618
67.5 0.080079
67.6 0.0801962
67.7 0.0803134
67.8 0.0804306
67.9 0.0805478
68 0.080665
68.1 0.0807804
68.2 0.0808958
68.3 0.0810112
68.4 0.0811266
68.5 0.081242
68.6 0.0813574
68.7 0.0814728
68.8 0.0815882
68.9 0.0817036
69 0.081819
69.1 0.0819421
69.2 0.0820652
69.3 0.0821883
69.4 0.0823114
69.5 0.0824345
69.6 0.0825576
69.7 0.0826807
69.8 0.0828038
69.9 0.0829269
70 0.08305
70.1 0.0831699
70.2 0.0832898
70.3 0.0834097
70.4 0.0835296
70.5 0.0836495
70.6 0.0837694
70.7 0.0838893
70.8 0.0840092
70.9 0.0841291
71 0.084249
71.1 0.0843647
71.2 0.0844804
71.3 0.0845961
71.4 0.0847118
71.5 0.0848275
71.6 0.0849432
71.7 0.0850589
71.8 0.0851746
71.9 0.0852903
72 0.085406
72.1 0.0855203
72.2 0.0856346
72.3 0.0857489
72.4 0.0858632
72.5 0.0859775
72.6 0.0860918
72.7 0.0862061
72.8 0.0863204
72.9 0.0864347
73 0.086549
73.1 0.0866704
73.2 0.0867918
73.3 0.0869132
73.4 0.0870346
73.5 0.087156
73.6 0.0872774
73.7 0.0873988
73.8 0.0875202
73.9 0.0876416
74 0.087763
74.1 0.0878826
74.2 0.0880022
74.3 0.0881218
74.4 0.0882414
74.5 0.088361
74.6 0.0884806
74.7 0.0886002
74.8 0.0887198
74.9 0.0888394
75 0.088959
75.1 0.0890759
75.2 0.0891928
75.3 0.0893097
75.4 0.0894266
75.5 0.0895435
75.6 0.0896604
75.7 0.0897773
75.8 0.0898942
75.9 0.0900111
76 0.090128
76.1 0.0902421
76.2 0.0903562
76.3 0.0904703
76.4 0.0905844
76.5 0.0906985
76.6 0.0908126
76.7 0.0909267
76.8 0.0910408
76.9 0.0911549
77 0.091269
77.1 0.091383
77.2 0.091497
77.3 0.091611
77.4 0.091725
77.5 0.091839
77.6 0.091953
77.7 0.092067
77.8 0.092181
77.9 0.092295
78 0.092409
78.1 0.0925253
78.2 0.0926416
78.3 0.0927579
78.4 0.0928742
78.5 0.0929905
78.6 0.0931068
78.7 0.0932231
78.8 0.0933394
78.9 0.0934557
79 0.093572
79.1 0.0936888
79.2 0.0938056
79.3 0.0939224
79.4 0.0940392
79.5 0.094156
79.6 0.0942728
79.7 0.0943896
79.8 0.0945064
79.9 0.0946232
80 0.09474
80.1 0.0948573
80.2 0.0949746
80.3 0.0950919
80.4 0.0952092
80.5 0.0953265
80.6 0.0954438
80.7 0.0955611
80.8 0.0956784
80.9 0.0957957
81 0.095913
81.1 0.096031
81.2 0.096149
81.3 0.096267
81.4 0.096385
81.5 0.096503
81.6 0.096621
81.7 0.096739
81.8 0.096857
81.9 0.096975
82 0.097093
82.1 0.0972106
82.2 0.0973282
82.3 0.0974458
82.4 0.0975634
82.5 0.097681
82.6 0.0977986
82.7 0.0979162
82.8 0.0980338
82.9 0.0981514
83 0.098269
83.1 0.0983853
83.2 0.0985016
83.3 0.0986179
83.4 0.0987342
83.5 0.0988505
83.6 0.0989668
83.7 0.0990831
83.8 0.0991994
83.9 0.0993157
84 0.099432
84.1 0.0995488
84.2 0.0996656
84.3 0.0997824
84.4 0.0998992
84.5 0.100016
84.6 0.1001328
84.7 0.1002496
84.8 0.1003664
84.9 0.1004832
85 0.1006
85.1 0.100717
85.2 0.100834
85.3 0.100951
85.4 0.101068
85.5 0.101185
85.6 0.101302
85.7 0.101419
85.8 0.101536
85.9 0.101653
86 0.10177
86.1 0.101888
86.2 0.102006
86.3 0.102124
86.4 0.102242
86.5 0.10236
86.6 0.102478
86.7 0.102596
86.8 0.102714
86.9 0.102832
87 0.10295
87.1 0.103068
87.2 0.103186
87.3 0.103304
87.4 0.103422
87.5 0.10354
87.6 0.103658
87.7 0.103776
87.8 0.103894
87.9 0.104012
88 0.10413
88.1 0.104244
88.2 0.104358
88.3 0.104472
88.4 0.104586
88.5 0.1047
88.6 0.104814
88.7 0.104928
88.8 0.105042
88.9 0.105156
89 0.10527
89.1 0.105379
89.2 0.105488
89.3 0.105597
89.4 0.105706
89.5 0.105815
89.6 0.105924
89.7 0.106033
89.8 0.106142
89.9 0.106251
90 0.10636
90.1 0.106474
90.2 0.106588
90.3 0.106702
90.4 0.106816
90.5 0.10693
90.6 0.107044
90.7 0.107158
90.8 0.107272
90.9 0.107386
91 0.1075
91.1 0.107618
91.2 0.107736
91.3 0.107854
91.4 0.107972
91.5 0.10809
91.6 0.108208
91.7 0.108326
91.8 0.108444
91.9 0.108562
92 0.10868
92.1 0.108802
92.2 0.108924
92.3 0.109046
92.4 0.109168
92.5 0.10929
92.6 0.109412
92.7 0.109534
92.8 0.109656
92.9 0.109778
93 0.1099
93.1 0.110027
93.2 0.110154
93.3 0.110281
93.4 0.110408
93.5 0.110535
93.6 0.110662
93.7 0.110789
93.8 0.110916
93.9 0.111043
94 0.11117
94.1 0.111302
94.2 0.111434
94.3 0.111566
94.4 0.111698
94.5 0.11183
94.6 0.111962
94.7 0.112094
94.8 0.112226
94.9 0.112358
95 0.11249
95.1 0.112604
95.2 0.112718
95.3 0.112832
95.4 0.112946
95.5 0.11306
95.6 0.113174
95.7 0.113288
95.8 0.113402
95.9 0.113516
96 0.11363
96.1 0.113732
96.2 0.113834
96.3 0.113936
96.4 0.114038
96.5 0.11414
96.6 0.114242
96.7 0.114344
96.8 0.114446
96.9 0.114548
97 0.11465
97.1 0.114756
97.2 0.114862
97.3 0.114968
97.4 0.115074
97.5 0.11518
97.6 0.115286
97.7 0.115392
97.8 0.115498
97.9 0.115604
98 0.11571
98.1 0.115822
98.2 0.115934
98.3 0.116046
98.4 0.116158
98.5 0.11627
98.6 0.116382
98.7 0.116494
98.8 0.116606
98.9 0.116718
99 0.11683
99.1 0.116948
99.2 0.117066
99.3 0.117184
99.4 0.117302
99.5 0.11742
99.6 0.117538
99.7 0.117656
99.8 0.117774
99.9 0.117892
100 0.11801
100.1 0.118134
100.2 0.118258
100.3 0.118382
100.4 0.118506
100.5 0.11863
100.6 0.118754
100.7 0.118878
100.8 0.119002
100.9 0.119126
101 0.11925
101.1 0.119382
101.2 0.119514
101.3 0.119646
101.4 0.119778
101.5 0.11991
101.6 0.120042
101.7 0.120174
101.8 0.120306
101.9 0.120438
102 0.12057
102.1 0.120705
102.2 0.12084
102.3 0.120975
102.4 0.12111
102.5 0.121245
102.6 0.12138
102.7 0.121515
102.8 0.12165
102.9 0.121785
103 0.12192
103.1 0.121971
103.2 0.122022
103.3 0.122073
103.4 0.122124
103.5 0.122175
103.6 0.122226
103.7 0.122277
103.8 0.122328
103.9 0.122379
104 0.12243
104.1 0.122436
104.2 0.122442
104.3 0.122448
104.4 0.122454
104.5 0.12246
104.6 0.122466
104.7 0.122472
104.8 0.122478
104.9 0.122484
105 0.12249
105.1 0.122495
105.2 0.1225
105.3 0.122505
105.4 0.12251
105.5 0.122515
105.6 0.12252
105.7 0.122525
105.8 0.12253
105.9 0.122535
106 0.12254
106.1 0.122419
106.2 0.122298
106.3 0.122177
106.4 0.122056
106.5 0.121935
106.6 0.121814
106.7 0.121693
106.8 0.121572
106.9 0.121451
107 0.12133
107.1 0.121113
107.2 0.120896
107.3 0.120679
107.4 0.120462
107.5 0.120245
107.6 0.120028
107.7 0.119811
107.8 0.119594
107.9 0.119377
108 0.11916
108.1 0.118931
108.2 0.118702
108.3 0.118473
108.4 0.118244
108.5 0.118015
108.6 0.117786
108.7 0.117557
108.8 0.117328
108.9 0.117099
109 0.11687
109.1 0.116628
109.2 0.116386
109.3 0.116144
109.4 0.115902
109.5 0.11566
109.6 0.115418
109.7 0.115176
109.8 0.114934
109.9 0.114692
110 0.11445
110.1 0.114193
110.2 0.113936
110.3 0.113679
110.4 0.113422
110.5 0.113165
110.6 0.112908
110.7 0.112651
110.8 0.112394
110.9 0.112137
111 0.11188
111.1 0.111609
111.2 0.111338
111.3 0.111067
111.4 0.110796
111.5 0.110525
111.6 0.110254
111.7 0.109983
111.8 0.109712
111.9 0.109441
112 0.10917
112.1 0.108908
112.2 0.108646
112.3 0.108384
112.4 0.108122
112.5 0.10786
112.6 0.107598
112.7 0.107336
112.8 0.107074
112.9 0.106812
113 0.10655
113.1 0.106318
113.2 0.106086
113.3 0.105854
113.4 0.105622
113.5 0.10539
113.6 0.105158
113.7 0.104926
113.8 0.104694
113.9 0.104462
114 0.10423
114.1 0.103967
114.2 0.103704
114.3 0.103441
114.4 0.103178
114.5 0.102915
114.6 0.102652
114.7 0.102389
114.8 0.102126
114.9 0.101863
115 0.1016
115.1 0.1013105
115.2 0.101021
115.3 0.1007315
115.4 0.100442
115.5 0.1001525
115.6 0.099863
115.7 0.0995735
115.8 0.099284
115.9 0.0989945
116 0.098705
116.1 0.0984661
116.2 0.0982272
116.3 0.0979883
116.4 0.0977494
116.5 0.0975105
116.6 0.0972716
116.7 0.0970327
116.8 0.0967938
116.9 0.0965549
117 0.096316
117.1 0.0960774
117.2 0.0958388
117.3 0.0956002
117.4 0.0953616
117.5 0.095123
117.6 0.0948844
117.7 0.0946458
117.8 0.0944072
117.9 0.0941686
118 0.09393
118.1 0.093704
118.2 0.093478
118.3 0.093252
118.4 0.093026
118.5 0.0928
118.6 0.092574
118.7 0.092348
118.8 0.092122
118.9 0.091896
119 0.09167
119.1 0.0914059
119.2 0.0911418
119.3 0.0908777
119.4 0.0906136
119.5 0.0903495
119.6 0.0900854
119.7 0.0898213
119.8 0.0895572
119.9 0.0892931
120 0.089029
120.1 0.0887771
120.2 0.0885252
120.3 0.0882733
120.4 0.0880214
120.5 0.0877695
120.6 0.0875176
120.7 0.0872657
120.8 0.0870138
120.9 0.0867619
121 0.08651
121.1 0.0862473
121.2 0.0859846
121.3 0.0857219
121.4 0.0854592
121.5 0.0851965
121.6 0.0849338
121.7 0.0846711
121.8 0.0844084
121.9 0.0841457
122 0.083883
122.1 0.0836262
122.2 0.0833694
122.3 0.0831126
122.4 0.0828558
122.5 0.082599
122.6 0.0823422
122.7 0.0820854
122.8 0.0818286
122.9 0.0815718
123 0.081315
123.1 0.0810572
123.2 0.0807994
123.3 0.0805416
123.4 0.0802838
123.5 0.080026
123.6 0.0797682
123.7 0.0795104
123.8 0.0792526
123.9 0.0789948
124 0.078737
124.1 0.0784374
124.2 0.0781378
124.3 0.0778382
124.4 0.0775386
124.5 0.077239
124.6 0.0769394
124.7 0.0766398
124.8 0.0763402
124.9 0.0760406
125 0.075741
125.1 0.0754412
125.2 0.0751414
125.3 0.0748416
125.4 0.0745418
125.5 0.074242
125.6 0.0739422
125.7 0.0736424
125.8 0.0733426
125.9 0.0730428
126 0.072743
126.1 0.0724401
126.2 0.0721372
126.3 0.0718343
126.4 0.0715314
126.5 0.0712285
126.6 0.0709256
126.7 0.0706227
126.8 0.0703198
126.9 0.0700169
127 0.069714
127.1 0.069423
127.2 0.069132
127.3 0.068841
127.4 0.06855
127.5 0.068259
127.6 0.067968
127.7 0.067677
127.8 0.067386
127.9 0.067095
128 0.066804
128.1 0.0665234
128.2 0.0662428
128.3 0.0659622
128.4 0.0656816
128.5 0.065401
128.6 0.0651204
128.7 0.0648398
128.8 0.0645592
128.9 0.0642786
129 0.063998
129.1 0.0637017
129.2 0.0634054
129.3 0.0631091
129.4 0.0628128
129.5 0.0625165
129.6 0.0622202
129.7 0.0619239
129.8 0.0616276
129.9 0.0613313
130 0.061035
130.1 0.0607443
130.2 0.0604536
130.3 0.0601629
130.4 0.0598722
130.5 0.0595815
130.6 0.0592908
130.7 0.0590001
130.8 0.0587094
130.9 0.0584187
131 0.058128
131.1 0.0578024
131.2 0.0574768
131.3 0.0571512
131.4 0.0568256
131.5 0.0565
131.6 0.0561744
131.7 0.0558488
131.8 0.0555232
131.9 0.0551976
132 0.054872
132.1 0.0545981
132.2 0.0543242
132.3 0.0540503
132.4 0.0537764
132.5 0.0535025
132.6 0.0532286
132.7 0.0529547
132.8 0.0526808
132.9 0.0524069
133 0.052133
133.1 0.0518241
133.2 0.0515152
133.3 0.0512063
133.4 0.0508974
133.5 0.0505885
133.6 0.0502796
133.7 0.0499707
133.8 0.0496618
133.9 0.0493529
134 0.049044
134.1 0.0487682
134.2 0.0484924
134.3 0.0482166
134.4 0.0479408
134.5 0.047665
134.6 0.0473892
134.7 0.0471134
134.8 0.0468376
134.9 0.0465618
135 0.046286
135.1 0.0459627
135.2 0.0456394
135.3 0.0453161
135.4 0.0449928
135.5 0.0446695
135.6 0.0443462
135.7 0.0440229
135.8 0.0436996
135.9 0.0433763
136 0.043053
136.1 0.0427552
136.2 0.0424574
136.3 0.0421596
136.4 0.0418618
136.5 0.041564
136.6 0.0412662
136.7 0.0409684
136.8 0.0406706
136.9 0.0403728
137 0.040075
137.1 0.0397749
137.2 0.0394748
137.3 0.0391747
137.4 0.0388746
137.5 0.0385745
137.6 0.0382744
137.7 0.0379743
137.8 0.0376742
137.9 0.0373741
138 0.037074
138.1 0.0368021
138.2 0.0365302
138.3 0.0362583
138.4 0.0359864
138.5 0.0357145
138.6 0.0354426
138.7 0.0351707
138.8 0.0348988
138.9 0.0346269
139 0.034355
139.1 0.0340159
139.2 0.0336768
139.3 0.0333377
139.4 0.0329986
139.5 0.0326595
139.6 0.0323204
139.7 0.0319813
139.8 0.0316422
139.9 0.0313031
140 0.030964
140.1 0.0306899
140.2 0.0304158
140.3 0.0301417
140.4 0.0298676
140.5 0.0295935
140.6 0.0293194
140.7 0.0290453
140.8 0.0287712
140.9 0.0284971
141 0.028223
141.1 0.0278998
141.2 0.0275766
141.3 0.0272534
141.4 0.0269302
141.5 0.026607
141.6 0.0262838
141.7 0.0259606
141.8 0.0256374
141.9 0.0253142
142 0.024991
142.1 0.0247095
142.2 0.024428
142.3 0.0241465
142.4 0.023865
142.5 0.0235835
142.6 0.023302
142.7 0.0230205
142.8 0.022739
142.9 0.0224575
143 0.022176
143.1 0.0218652
143.2 0.0215544
143.3 0.0212436
143.4 0.0209328
143.5 0.020622
143.6 0.0203112
143.7 0.0200004
143.8 0.0196896
143.9 0.0193788
144 0.019068
144.1 0.0187691
144.2 0.0184702
144.3 0.0181713
144.4 0.0178724
144.5 0.0175735
144.6 0.0172746
144.7 0.0169757
144.8 0.0166768
144.9 0.0163779
145 0.016079
145.1 0.0157813
145.2 0.0154836
145.3 0.0151859
145.4 0.0148882
145.5 0.0145905
145.6 0.0142928
145.7 0.0139951
145.8 0.0136974
145.9 0.0133997
146 0.013102
146.1 0.012834
146.2 0.012566
146.3 0.012298
146.4 0.01203
146.5 0.011762
146.6 0.011494
146.7 0.011226
146.8 0.010958
146.9 0.01069
147 0.010422
147.1 0.01037482
147.2 0.01032764
147.3 0.01028046
147.4 0.01023328
147.5 0.0101861
147.6 0.01013892
147.7 0.01009174
147.8 0.01004456
147.9 0.00999737999999999
148 0.0099502
148.1 0.00994668
148.2 0.00994316
148.3 0.00993964
148.4 0.00993612
148.5 0.0099326
148.6 0.00992908
148.7 0.00992556
148.8 0.00992204
148.9 0.00991852
149 0.009915
149.1 0.00990711
149.2 0.00989922
149.3 0.00989133
149.4 0.00988344
149.5 0.00987555
149.6 0.00986766
149.7 0.00985977
149.8 0.00985188
149.9 0.00984399
150 0.0098361
150.1 0.00982989
150.2 0.00982368
150.3 0.00981747
150.4 0.00981126
150.5 0.00980505
150.6 0.00979884
150.7 0.00979263
150.8 0.00978642
150.9 0.00978021
151 0.009774
151.1 0.00976855
151.2 0.0097631
151.3 0.00975765
151.4 0.0097522
151.5 0.00974675
151.6 0.0097413
151.7 0.00973585
151.8 0.0097304
151.9 0.00972495
152 0.0097195
152.1 0.00971403
152.2 0.00970856
152.3 0.00970309
152.4 0.00969762
152.5 0.00969215
152.6 0.00968668
152.7 0.00968121
152.8 0.00967574
152.9 0.00967027
153 0.0096648
153.1 0.00965708
153.2 0.00964936
153.3 0.00964164
153.4 0.00963392
153.5 0.0096262
153.6 0.00961848
153.7 0.00961076
153.8 0.00960304
153.9 0.00959532
154 0.0095876
154.1 0.00958373
154.2 0.00957986
154.3 0.00957599
154.4 0.00957212
154.5 0.00956825
154.6 0.00956438
154.7 0.00956051
154.8 0.00955664
154.9 0.00955277
155 0.0095489
155.1 0.00954508
155.2 0.00954126
155.3 0.00953744
155.4 0.00953362
155.5 0.0095298
155.6 0.00952598
155.7 0.00952216
155.8 0.00951834
155.9 0.00951452
156 0.0095107
156.1 0.00950425
156.2 0.0094978
156.3 0.00949135
156.4 0.0094849
156.5 0.00947845
156.6 0.009472
156.7 0.00946555
156.8 0.0094591
156.9 0.00945265
157 0.0094462
157.1 0.00944063
157.2 0.00943506
157.3 0.00942949
157.4 0.00942392
157.5 0.00941835
157.6 0.00941278
157.7 0.00940721
157.8 0.00940164
157.9 0.00939607
158 0.0093905
158.1 0.00938631
158.2 0.00938212
158.3 0.00937793
158.4 0.00937374
158.5 0.00936955
158.6 0.00936536
158.7 0.00936117
158.8 0.00935698
158.9 0.00935279
159 0.0093486
159.1 0.00934261
159.2 0.00933662
159.3 0.00933063
159.4 0.00932464
159.5 0.00931865
159.6 0.00931266
159.7 0.00930667
159.8 0.00930068
159.9 0.00929469
160 0.0092887
160.1 0.00928719
160.2 0.00928568
160.3 0.00928417
160.4 0.00928266
160.5 0.00928115
160.6 0.00927964
160.7 0.00927813
160.8 0.00927662
160.9 0.00927511
161 0.0092736
161.1 0.0092736
161.2 0.0092736
161.3 0.0092736
161.4 0.0092736
161.5 0.0092736
161.6 0.0092736
161.7 0.0092736
161.8 0.0092736
161.9 0.0092736
162 0.0092736
162.1 0.0092736
162.2 0.0092736
162.3 0.0092736
162.4 0.0092736
162.5 0.0092736
162.6 0.0092736
162.7 0.0092736
162.8 0.0092736
162.9 0.0092736
163 0.0092736
163.1 0.0092736
163.2 0.0092736
163.3 0.0092736
163.4 0.0092736
163.5 0.0092736
163.6 0.0092736
163.7 0.0092736
163.8 0.0092736
163.9 0.0092736
164 0.0092736
164.1 0.0092736
164.2 0.0092736
164.3 0.0092736
164.4 0.0092736
164.5 0.0092736
164.6 0.0092736
164.7 0.0092736
164.8 0.0092736
164.9 0.0092736
165 0.0092736
165.1 0.0092736
165.2 0.0092736
165.3 0.0092736
165.4 0.0092736
165.5 0.0092736
165.6 0.0092736
165.7 0.0092736
165.8 0.0092736
165.9 0.0092736
166 0.0092736
166.1 0.0092736
166.2 0.0092736
166.3 0.0092736
166.4 0.0092736
166.5 0.0092736
166.6 0.0092736
166.7 0.0092736
166.8 0.0092736
166.9 0.0092736
167 0.0092736
167.1 0.0092736
167.2 0.0092736
167.3 0.0092736
167.4 0.0092736
167.5 0.0092736
167.6 0.0092736
167.7 0.0092736
167.8 0.0092736
167.9 0.0092736
168 0.0092736
168.1 0.0092736
168.2 0.0092736
168.3 0.0092736
168.4 0.0092736
168.5 0.0092736
168.6 0.0092736
168.7 0.0092736
168.8 0.0092736
168.9 0.0092736
169 0.0092736
169.1 0.0092736
169.2 0.0092736
169.3 0.0092736
169.4 0.0092736
169.5 0.0092736
169.6 0.0092736
169.7 0.0092736
169.8 0.0092736
169.9 0.0092736
170 0.0092736
170.1 0.0092736
170.2 0.0092736
170.3 0.0092736
170.4 0.0092736
170.5 0.0092736
170.6 0.0092736
170.7 0.0092736
170.8 0.0092736
170.9 0.0092736
171 0.0092736
171.1 0.0092736
171.2 0.0092736
171.3 0.0092736
171.4 0.0092736
171.5 0.0092736
171.6 0.0092736
171.7 0.0092736
171.8 0.0092736
171.9 0.0092736
172 0.0092736
172.1 0.0092736
172.2 0.0092736
172.3 0.0092736
172.4 0.0092736
172.5 0.0092736
172.6 0.0092736
172.7 0.0092736
172.8 0.0092736
172.9 0.0092736
173 0.0092736
173.1 0.0092736
173.2 0.0092736
173.3 0.0092736
173.4 0.0092736
173.5 0.0092736
173.6 0.0092736
173.7 0.0092736
173.8 0.0092736
173.9 0.0092736
174 0.0092736
174.1 0.0092736
174.2 0.0092736
174.3 0.0092736
174.4 0.0092736
174.5 0.0092736
174.6 0.0092736
174.7 0.0092736
174.8 0.0092736
174.9 0.0092736
175 0.0092736
175.1 0.0092736
175.2 0.0092736
175.3 0.0092736
175.4 0.0092736
175.5 0.0092736
175.6 0.0092736
175.7 0.0092736
175.8 0.0092736
175.9 0.0092736
176 0.0092736
176.1 0.0092736
176.2 0.0092736
176.3 0.0092736
176.4 0.0092736
176.5 0.0092736
176.6 0.0092736
176.7 0.0092736
176.8 0.0092736
176.9 0.0092736
177 0.0092736
177.1 0.0092736
177.2 0.0092736
177.3 0.0092736
177.4 0.0092736
177.5 0.0092736
177.6 0.0092736
177.7 0.0092736
177.8 0.0092736
177.9 0.0092736
178 0.0092736
178.1 0.0092736
178.2 0.0092736
178.3 0.0092736
178.4 0.0092736
178.5 0.0092736
178.6 0.0092736
178.7 0.0092736
178.8 0.0092736
178.9 0.0092736
179 0.0092736
179.1 0.0092736
179.2 0.0092736
179.3 0.0092736
179.4 0.0092736
179.5 0.0092736
179.6 0.0092736
179.7 0.0092736
179.8 0.0092736
179.9 0.0092736
180 0.0092736
180.1 0.0092736
180.2 0.0092736
180.3 0.0092736
180.4 0.0092736
180.5 0.0092736
180.6 0.0092736
180.7 0.0092736
180.8 0.0092736
180.9 0.0092736
181 0.0092736
181.1 0.0092736
181.2 0.0092736
181.3 0.0092736
181.4 0.0092736
181.5 0.0092736
181.6 0.0092736
181.7 0.0092736
181.8 0.0092736
181.9 0.0092736
182 0.0092736
182.1 0.0092736
182.2 0.0092736
182.3 0.0092736
182.4 0.0092736
182.5 0.0092736
182.6 0.0092736
182.7 0.0092736
182.8 0.0092736
182.9 0.0092736
183 0.0092736
183.1 0.0092736
183.2 0.0092736
183.3 0.0092736
183.4 0.0092736
183.5 0.0092736
183.6 0.0092736
183.7 0.0092736
183.8 0.0092736
183.9 0.0092736
184 0.0092736
184.1 0.0092736
184.2 0.0092736
184.3 0.0092736
184.4 0.0092736
184.5 0.0092736
184.6 0.0092736
184.7 0.0092736
184.8 0.0092736
184.9 0.0092736
185 0.0092736
185.1 0.0092736
185.2 0.0092736
185.3 0.0092736
185.4 0.0092736
185.5 0.0092736
185.6 0.0092736
185.7 0.0092736
185.8 0.0092736
185.9 0.0092736
186 0.0092736
186.1 0.0092736
186.2 0.0092736
186.3 0.0092736
186.4 0.0092736
186.5 0.0092736
186.6 0.0092736
186.7 0.0092736
186.8 0.0092736
186.9 0.0092736
187 0.0092736
187.1 0.0092736
187.2 0.0092736
187.3 0.0092736
187.4 0.0092736
187.5 0.0092736
187.6 0.0092736
187.7 0.0092736
187.8 0.0092736
187.9 0.0092736
188 0.0092736
188.1 0.0092736
188.2 0.0092736
188.3 0.0092736
188.4 0.0092736
188.5 0.0092736
188.6 0.0092736
188.7 0.0092736
188.8 0.0092736
188.9 0.0092736
189 0.0092736
189.1 0.0092736
189.2 0.0092736
189.3 0.0092736
189.4 0.0092736
189.5 0.0092736
189.6 0.0092736
189.7 0.0092736
189.8 0.0092736
189.9 0.0092736
190 0.0092736
190.1 0.0092736
190.2 0.0092736
190.3 0.0092736
190.4 0.0092736
190.5 0.0092736
190.6 0.0092736
190.7 0.0092736
190.8 0.0092736
190.9 0.0092736
191 0.0092736
191.1 0.0092736
191.2 0.0092736
191.3 0.0092736
191.4 0.0092736
191.5 0.0092736
191.6 0.0092736
191.7 0.0092736
191.8 0.0092736
191.9 0.0092736
192 0.0092736
192.1 0.0092736
192.2 0.0092736
192.3 0.0092736
192.4 0.0092736
192.5 0.0092736
192.6 0.0092736
192.7 0.0092736
192.8 0.0092736
192.9 0.0092736
193 0.0092736
193.1 0.0092736
193.2 0.0092736
193.3 0.0092736
193.4 0.0092736
193.5 0.0092736
193.6 0.0092736
193.7 0.0092736
193.8 0.0092736
193.9 0.0092736
194 0.0092736
194.1 0.0092736
194.2 0.0092736
194.3 0.0092736
194.4 0.0092736
194.5 0.0092736
194.6 0.0092736
194.7 0.0092736
194.8 0.0092736
194.9 0.0092736
195 0.0092736
195.1 0.0092736
195.2 0.0092736
195.3 0.0092736
195.4 0.0092736
195.5 0.0092736
195.6 0.0092736
195.7 0.0092736
195.8 0.0092736
195.9 0.0092736
196 0.0092736
196.1 0.0092736
196.2 0.0092736
196.3 0.0092736
196.4 0.0092736
196.5 0.0092736
196.6 0.0092736
196.7 0.0092736
196.8 0.0092736
196.9 0.0092736
197 0.0092736
197.1 0.0092736
197.2 0.0092736
197.3 0.0092736
197.4 0.0092736
197.5 0.0092736
197.6 0.0092736
197.7 0.0092736
197.8 0.0092736
197.9 0.0092736
198 0.0092736
198.1 0.0092736
198.2 0.0092736
198.3 0.0092736
198.4 0.0092736
198.5 0.0092736
198.6 0.0092736
198.7 0.0092736
198.8 0.0092736
198.9 0.0092736
199 0.0092736
199.1 0.0092736
199.2 0.0092736
199.3 0.0092736
199.4 0.0092736
199.5 0.0092736
199.6 0.0092736
199.7 0.0092736
199.8 0.0092736
199.9 0.0092736
200 0.0092736
200.1 0.0092736
200.2 0.0092736
200.3 0.0092736
200.4 0.0092736
200.5 0.0092736
200.6 0.0092736
200.7 0.0092736
200.8 0.0092736
200.9 0.0092736
201 0.0092736
201.1 0.0092736
201.2 0.0092736
201.3 0.0092736
201.4 0.0092736
201.5 0.0092736
201.6 0.0092736
201.7 0.0092736
201.8 0.0092736
201.9 0.0092736
202 0.0092736
202.1 0.0092736
202.2 0.0092736
202.3 0.0092736
202.4 0.0092736
202.5 0.0092736
202.6 0.0092736
202.7 0.0092736
202.8 0.0092736
202.9 0.0092736
203 0.0092736
203.1 0.0092736
203.2 0.0092736
203.3 0.0092736
203.4 0.0092736
203.5 0.0092736
203.6 0.0092736
203.7 0.0092736
203.8 0.0092736
203.9 0.0092736
204 0.0092736
204.1 0.0092736
204.2 0.0092736
204.3 0.0092736
204.4 0.0092736
204.5 0.0092736
204.6 0.0092736
204.7 0.0092736
204.8 0.0092736
204.9 0.0092736
205 0.0092736
205.1 0.0092736
205.2 0.0092736
205.3 0.0092736
205.4 0.0092736
205.5 0.0092736
205.6 0.0092736
205.7 0.0092736
205.8 0.0092736
205.9 0.0092736
206 0.0092736
206.1 0.0092736
206.2 0.0092736
206.3 0.0092736
206.4 0.0092736
206.5 0.0092736
206.6 0.0092736
206.7 0.0092736
206.8 0.0092736
206.9 0.0092736
207 0.0092736
207.1 0.0092736
207.2 0.0092736
207.3 0.0092736
207.4 0.0092736
207.5 0.0092736
207.6 0.0092736
207.7 0.0092736
207.8 0.0092736
207.9 0.0092736
208 0.0092736
208.1 0.0092736
208.2 0.0092736
208.3 0.0092736
208.4 0.0092736
208.5 0.0092736
208.6 0.0092736
208.7 0.0092736
208.8 0.0092736
208.9 0.0092736
209 0.0092736
209.1 0.0092736
209.2 0.0092736
209.3 0.0092736
209.4 0.0092736
209.5 0.0092736
209.6 0.0092736
209.7 0.0092736
209.8 0.0092736
209.9 0.0092736
210 0.0092736
210.1 0.0092736
210.2 0.0092736
210.3 0.0092736
210.4 0.0092736
210.5 0.0092736
210.6 0.0092736
210.7 0.0092736
210.8 0.0092736
210.9 0.0092736
211 0.0092736
211.1 0.0092736
211.2 0.0092736
211.3 0.0092736
211.4 0.0092736
211.5 0.0092736
211.6 0.0092736
211.7 0.0092736
211.8 0.0092736
211.9 0.0092736
212 0.0092736
212.1 0.0092736
212.2 0.0092736
212.3 0.0092736
212.4 0.0092736
212.5 0.0092736
212.6 0.0092736
212.7 0.0092736
212.8 0.0092736
212.9 0.0092736
213 0.0092736
213.1 0.0092736
213.2 0.0092736
213.3 0.0092736
213.4 0.0092736
213.5 0.0092736
213.6 0.0092736
213.7 0.0092736
213.8 0.0092736
213.9 0.0092736
214 0.0092736
214.1 0.0092736
214.2 0.0092736
214.3 0.0092736
214.4 0.0092736
214.5 0.0092736
214.6 0.0092736
214.7 0.0092736
214.8 0.0092736
214.9 0.0092736
215 0.0092736
215.1 0.0092736
215.2 0.0092736
215.3 0.0092736
215.4 0.0092736
215.5 0.0092736
215.6 0.0092736
215.7 0.0092736
215.8 0.0092736
215.9 0.0092736
216 0.0092736
216.1 0.0092736
216.2 0.0092736
216.3 0.0092736
216.4 0.0092736
216.5 0.0092736
216.6 0.0092736
216.7 0.0092736
216.8 0.0092736
216.9 0.0092736
217 0.0092736
217.1 0.0092736
217.2 0.0092736
217.3 0.0092736
217.4 0.0092736
217.5 0.0092736
217.6 0.0092736
217.7 0.0092736
217.8 0.0092736
217.9 0.0092736
218 0.0092736
218.1 0.0092736
218.2 0.0092736
218.3 0.0092736
218.4 0.0092736
218.5 0.0092736
218.6 0.0092736
218.7 0.0092736
218.8 0.0092736
218.9 0.0092736
219 0.0092736
219.1 0.0092736
219.2 0.0092736
219.3 0.0092736
219.4 0.0092736
219.5 0.0092736
219.6 0.0092736
219.7 0.0092736
219.8 0.0092736
219.9 0.0092736
220 0.0092736
220.1 0.0092736
220.2 0.0092736
220.3 0.0092736
220.4 0.0092736
220.5 0.0092736
220.6 0.0092736
220.7 0.0092736
220.8 0.0092736
220.9 0.0092736
221 0.0092736
221.1 0.0092736
221.2 0.0092736
221.3 0.0092736
221.4 0.0092736
221.5 0.0092736
221.6 0.0092736
221.7 0.0092736
221.8 0.0092736
221.9 0.0092736
222 0.0092736
222.1 0.0092736
222.2 0.0092736
222.3 0.0092736
222.4 0.0092736
222.5 0.0092736
222.6 0.0092736
222.7 0.0092736
222.8 0.0092736
222.9 0.0092736
223 0.0092736
223.1 0.0092736
223.2 0.0092736
223.3 0.0092736
223.4 0.0092736
223.5 0.0092736
223.6 0.0092736
223.7 0.0092736
223.8 0.0092736
223.9 0.0092736
224 0.0092736
224.1 0.0092736
224.2 0.0092736
224.3 0.0092736
224.4 0.0092736
224.5 0.0092736
224.6 0.0092736
224.7 0.0092736
224.8 0.0092736
224.9 0.0092736
225 0.0092736
225.1 0.0092736
225.2 0.0092736
225.3 0.0092736
225.4 0.0092736
225.5 0.0092736
225.6 0.0092736
225.7 0.0092736
225.8 0.0092736
225.9 0.0092736
226 0.0092736
226.1 0.0092736
226.2 0.0092736
226.3 0.0092736
226.4 0.0092736
226.5 0.0092736
226.6 0.0092736
226.7 0.0092736
226.8 0.0092736
226.9 0.0092736
227 0.0092736
227.1 0.0092736
227.2 0.0092736
227.3 0.0092736
227.4 0.0092736
227.5 0.0092736
227.6 0.0092736
227.7 0.0092736
227.8 0.0092736
227.9 0.0092736
228 0.0092736
228.1 0.0092736
228.2 0.0092736
228.3 0.0092736
228.4 0.0092736
228.5 0.0092736
228.6 0.0092736
228.7 0.0092736
228.8 0.0092736
228.9 0.0092736
229 0.0092736
229.1 0.0092736
229.2 0.0092736
229.3 0.0092736
229.4 0.0092736
229.5 0.0092736
229.6 0.0092736
229.7 0.0092736
229.8 0.0092736
229.9 0.0092736
230 0.0092736
230.1 0.0092736
230.2 0.0092736
230.3 0.0092736
230.4 0.0092736
230.5 0.0092736
230.6 0.0092736
230.7 0.0092736
230.8 0.0092736
230.9 0.0092736
231 0.0092736
231.1 0.0092736
231.2 0.0092736
231.3 0.0092736
231.4 0.0092736
231.5 0.0092736
231.6 0.0092736
231.7 0.0092736
231.8 0.0092736
231.9 0.0092736
232 0.0092736
232.1 0.0092736
232.2 0.0092736
232.3 0.0092736
232.4 0.0092736
232.5 0.0092736
232.6 0.0092736
232.7 0.0092736
232.8 0.0092736
232.9 0.0092736
233 0.0092736
233.1 0.0092736
233.2 0.0092736
233.3 0.0092736
233.4 0.0092736
233.5 0.0092736
233.6 0.0092736
233.7 0.0092736
233.8 0.0092736
233.9 0.0092736
234 0.0092736
234.1 0.0092736
234.2 0.0092736
234.3 0.0092736
234.4 0.0092736
234.5 0.0092736
234.6 0.0092736
234.7 0.0092736
234.8 0.0092736
234.9 0.0092736
235 0.0092736
235.1 0.0092736
235.2 0.0092736
235.3 0.0092736
235.4 0.0092736
235.5 0.0092736
235.6 0.0092736
235.7 0.0092736
235.8 0.0092736
235.9 0.0092736
236 0.0092736
236.1 0.0092736
236.2 0.0092736
236.3 0.0092736
236.4 0.0092736
236.5 0.0092736
236.6 0.0092736
236.7 0.0092736
236.8 0.0092736
236.9 0.0092736
237 0.0092736
237.1 0.0092736
237.2 0.0092736
237.3 0.0092736
237.4 0.0092736
237.5 0.0092736
237.6 0.0092736
237.7 0.0092736
237.8 0.0092736
237.9 0.0092736
238 0.0092736
238.1 0.0092736
238.2 0.0092736
238.3 0.0092736
238.4 0.0092736
238.5 0.0092736
238.6 0.0092736
238.7 0.0092736
238.8 0.0092736
238.9 0.0092736
239 0.0092736
239.1 0.0092736
239.2 0.0092736
239.3 0.0092736
239.4 0.0092736
239.5 0.0092736
239.6 0.0092736
239.7 0.0092736
239.8 0.0092736
239.9 0.0092736
240 0.0092736
240.1 0.0092736
240.2 0.0092736
240.3 0.0092736
240.4 0.0092736
240.5 0.0092736
240.6 0.0092736
240.7 0.0092736
240.8 0.0092736
240.9 0.0092736
241 0.0092736
241.1 0.0092736
241.2 0.0092736
241.3 0.0092736
241.4 0.0092736
241.5 0.0092736
241.6 0.0092736
241.7 0.0092736
241.8 0.0092736
241.9 0.0092736
242 0.0092736
242.1 0.0092736
242.2 0.0092736
242.3 0.0092736
242.4 0.0092736
242.5 0.0092736
242.6 0.0092736
242.7 0.0092736
242.8 0.0092736
242.9 0.0092736
243 0.0092736
243.1 0.0092736
243.2 0.0092736
243.3 0.0092736
243.4 0.0092736
243.5 0.0092736
243.6 0.0092736
243.7 0.0092736
243.8 0.0092736
243.9 0.0092736
244 0.0092736
244.1 0.0092736
244.2 0.0092736
244.3 0.0092736
244.4 0.0092736
244.5 0.0092736
244.6 0.0092736
244.7 0.0092736
244.8 0.0092736
244.9 0.0092736
245 0.0092736
245.1 0.0092736
245.2 0.0092736
245.3 0.0092736
245.4 0.0092736
245.5 0.0092736
245.6 0.0092736
245.7 0.0092736
245.8 0.0092736
245.9 0.0092736
246 0.0092736
246.1 0.0092736
246.2 0.0092736
246.3 0.0092736
246.4 0.0092736
246.5 0.0092736
246.6 0.0092736
246.7 0.0092736
246.8 0.0092736
246.9 0.0092736
247 0.0092736
247.1 0.0092736
247.2 0.0092736
247.3 0.0092736
247.4 0.0092736
247.5 0.0092736
247.6 0.0092736
247.7 0.0092736
247.8 0.0092736
247.9 0.0092736
248 0.0092736
248.1 0.0092736
248.2 0.0092736
248.3 0.0092736
248.4 0.0092736
248.5 0.0092736
248.6 0.0092736
248.7 0.0092736
248.8 0.0092736
248.9 0.0092736
249 0.0092736
249.1 0.0092736
249.2 0.0092736
249.3 0.0092736
249.4 0.0092736
249.5 0.0092736
249.6 0.0092736
249.7 0.0092736
249.8 0.0092736
249.9 0.0092736
250 0.0092736
250.1 0.0092736
250.2 0.0092736
250.3 0.0092736
250.4 0.0092736
250.5 0.0092736
250.6 0.0092736
250.7 0.0092736
250.8 0.0092736
250.9 0.0092736
251 0.0092736
251.1 0.0092736
251.2 0.0092736
251.3 0.0092736
251.4 0.0092736
251.5 0.0092736
251.6 0.0092736
251.7 0.0092736
251.8 0.0092736
251.9 0.0092736
252 0.0092736
252.1 0.0092736
252.2 0.0092736
252.3 0.0092736
252.4 0.0092736
252.5 0.0092736
252.6 0.0092736
252.7 0.0092736
252.8 0.0092736
252.9 0.0092736
253 0.0092736
253.1 0.0092736
253.2 0.0092736
253.3 0.0092736
253.4 0.0092736
253.5 0.0092736
253.6 0.0092736
253.7 0.0092736
253.8 0.0092736
253.9 0.0092736
254 0.0092736
254.1 0.0092736
254.2 0.0092736
254.3 0.0092736
254.4 0.0092736
254.5 0.0092736
254.6 0.0092736
254.7 0.0092736
254.8 0.0092736
254.9 0.0092736
255 0.0092736
255.1 0.0092736
255.2 0.0092736
255.3 0.0092736
255.4 0.0092736
255.5 0.0092736
255.6 0.0092736
255.7 0.0092736
255.8 0.0092736
255.9 0.0092736
256 0.0092736
256.1 0.0092736
256.2 0.0092736
256.3 0.0092736
256.4 0.0092736
256.5 0.0092736
256.6 0.0092736
256.7 0.0092736
256.8 0.0092736
256.9 0.0092736
257 0.0092736
257.1 0.0092736
257.2 0.0092736
257.3 0.0092736
257.4 0.0092736
257.5 0.0092736
257.6 0.0092736
257.7 0.0092736
257.8 0.0092736
257.9 0.0092736
258 0.0092736
258.1 0.0092736
258.2 0.0092736
258.3 0.0092736
258.4 0.0092736
258.5 0.0092736
258.6 0.0092736
258.7 0.0092736
258.8 0.0092736
258.9 0.0092736
259 0.0092736
259.1 0.0092736
259.2 0.0092736
259.3 0.0092736
259.4 0.0092736
259.5 0.0092736
259.6 0.0092736
259.7 0.0092736
259.8 0.0092736
259.9 0.0092736
260 0.0092736
260.1 0.0092736
260.2 0.0092736
260.3 0.0092736
260.4 0.0092736
260.5 0.0092736
260.6 0.0092736
260.7 0.0092736
260.8 0.0092736
260.9 0.0092736
261 0.0092736
261.1 0.0092736
261.2 0.0092736
261.3 0.0092736
261.4 0.0092736
261.5 0.0092736
261.6 0.0092736
261.7 0.0092736
261.8 0.0092736
261.9 0.0092736
262 0.0092736
262.1 0.0092736
262.2 0.0092736
262.3 0.0092736
262.4 0.0092736
262.5 0.0092736
262.6 0.0092736
262.7 0.0092736
262.8 0.0092736
262.9 0.0092736
263 0.0092736
263.1 0.0092736
263.2 0.0092736
263.3 0.0092736
263.4 0.0092736
263.5 0.0092736
263.6 0.0092736
263.7 0.0092736
263.8 0.0092736
263.9 0.0092736
264 0.0092736
264.1 0.0092736
264.2 0.0092736
264.3 0.0092736
264.4 0.0092736
264.5 0.0092736
264.6 0.0092736
264.7 0.0092736
264.8 0.0092736
264.9 0.0092736
265 0.0092736
265.1 0.0092736
265.2 0.0092736
265.3 0.0092736
265.4 0.0092736
265.5 0.0092736
265.6 0.0092736
265.7 0.0092736
265.8 0.0092736
265.9 0.0092736
266 0.0092736
266.1 0.0092736
266.2 0.0092736
266.3 0.0092736
266.4 0.0092736
266.5 0.0092736
266.6 0.0092736
266.7 0.0092736
266.8 0.0092736
266.9 0.0092736
267 0.0092736
267.1 0.0092736
267.2 0.0092736
267.3 0.0092736
267.4 0.0092736
267.5 0.0092736
267.6 0.0092736
267.7 0.0092736
267.8 0.0092736
267.9 0.0092736
268 0.0092736
268.1 0.0092736
268.2 0.0092736
268.3 0.0092736
268.4 0.0092736
268.5 0.0092736
268.6 0.0092736
268.7 0.0092736
268.8 0.0092736
268.9 0.0092736
269 0.0092736
269.1 0.0092736
269.2 0.0092736
269.3 0.0092736
269.4 0.0092736
269.5 0.0092736
269.6 0.0092736
269.7 0.0092736
269.8 0.0092736
269.9 0.0092736
270 0.0092736
270.1 0.0092736
270.2 0.0092736
270.3 0.0092736
270.4 0.0092736
270.5 0.0092736
270.6 0.0092736
270.7 0.0092736
270.8 0.0092736
270.9 0.0092736
271 0.0092736
271.1 0.0092736
271.2 0.0092736
271.3 0.0092736
271.4 0.0092736
271.5 0.0092736
271.6 0.0092736
271.7 0.0092736
271.8 0.0092736
271.9 0.0092736
272 0.0092736
272.1 0.00927358
272.2 0.00927356
272.3 0.00927354
272.4 0.00927352
272.5 0.0092735
272.6 0.00927348
272.7 0.00927346
272.8 0.00927344
272.9 0.00927342
273 0.0092734
273.1 0.00862019
273.2 0.00796698000000002
273.3 0.00731377000000003
273.4 0.00666056000000002
273.5 0.00600735000000004
273.6 0.00535414000000003
273.7 0.00470093000000008
273.8 0.00404772000000008
273.9 0.00339451
274 0.0027413
274.1 0.00273561
274.2 0.00272992
274.3 0.00272423
274.4 0.00271854
274.5 0.00271285
274.6 0.00270716
274.7 0.00270147
274.8 0.00269578
274.9 0.00269009
275 0.0026844
275.1 0.0026787
275.2 0.002673
275.3 0.0026673
275.4 0.0026616
275.5 0.0026559
275.6 0.0026502
275.7 0.0026445
275.8 0.0026388
275.9 0.0026331
276 0.0026274
276.1 0.00262171
276.2 0.00261602
276.3 0.00261033
276.4 0.00260464
276.5 0.00259895
276.6 0.00259326
276.7 0.00258757
276.8 0.00258188
276.9 0.00257619
277 0.0025705
277.1 0.0025648
277.2 0.0025591
277.3 0.0025534
277.4 0.0025477
277.5 0.002542
277.6 0.0025363
277.7 0.0025306
277.8 0.0025249
277.9 0.0025192
278 0.0025135
278.1 0.00250781
278.2 0.00250212
278.3 0.00249643
278.4 0.00249074
278.5 0.00248505
278.6 0.00247936
278.7 0.00247367
278.8 0.00246798
278.9 0.00246229
279 0.0024566
279.1 0.00245091
279.2 0.00244522
279.3 0.00243953
279.4 0.00243384
279.5 0.00242815
279.6 0.00242246
279.7 0.00241677
279.8 0.00241108
279.9 0.00240539
280 0.0023997
280.1 0.002394
280.2 0.0023883
280.3 0.0023826
280.4 0.0023769
280.5 0.0023712
280.6 0.0023655
280.7 0.0023598
280.8 0.0023541
280.9 0.0023484
281 0.0023427
281.1 0.00233701
281.2 0.00233132
281.3 0.00232563
281.4 0.00231994
281.5 0.00231425
281.6 0.00230856
281.7 0.00230287
281.8 0.00229718
281.9 0.00229149
282 0.0022858
282.1 0.0022801
282.2 0.0022744
282.3 0.0022687
282.4 0.002263
282.5 0.0022573
282.6 0.0022516
282.7 0.0022459
282.8 0.0022402
282.9 0.0022345
283 0.0022288
283.1 0.00222311
283.2 0.00221742
283.3 0.00221173
283.4 0.00220604
283.5 0.00220035
283.6 0.00219466
283.7 0.00218897
283.8 0.00218328
283.9 0.00217759
284 0.0021719
284.1 0.00216621
284.2 0.00216052
284.3 0.00215483
284.4 0.00214914
284.5 0.00214345
284.6 0.00213776
284.7 0.00213207
284.8 0.00212638
284.9 0.00212069
285 0.002115
285.1 0.0021093
285.2 0.0021036
285.3 0.0020979
285.4 0.0020922
285.5 0.0020865
285.6 0.0020808
285.7 0.0020751
285.8 0.0020694
285.9 0.0020637
286 0.002058
286.1 0.00205231
286.2 0.00204662
286.3 0.00204093
286.4 0.00203524
286.5 0.00202955
286.6 0.00202386
286.7 0.00201817
286.8 0.00201248
286.9 0.00200679
287 0.0020011
287.1 0.00199541
287.2 0.00198972
287.3 0.00198403
287.4 0.00197834
287.5 0.00197265
287.6 0.00196696
287.7 0.00196127
287.8 0.00195558
287.9 0.00194989
288 0.0019442
288.1 0.0019385
288.2 0.0019328
288.3 0.0019271
288.4 0.0019214
288.5 0.0019157
288.6 0.00191
288.7 0.0019043
288.8 0.0018986
288.9 0.0018929
289 0.0018872
289.1 0.00188151
289.2 0.00187582
289.3 0.00187013
289.4 0.00186444
289.5 0.00185875
289.6 0.00185306
289.7 0.00184737
289.8 0.00184168
289.9 0.00183599
290 0.0018303
290.1 0.00182458
290.2 0.00181886
290.3 0.00181314
290.4 0.00180742
290.5 0.0018017
290.6 0.00179598
290.7 0.00179026
290.8 0.00178454
290.9 0.00177882
291 0.0017731
291.1 0.00176738
291.2 0.00176166
291.3 0.00175594
291.4 0.00175022
291.5 0.0017445
291.6 0.00173878
291.7 0.00173306
291.8 0.00172734
291.9 0.00172162
292 0.0017159
292.1 0.00171018
292.2 0.00170446
292.3 0.00169874
292.4 0.00169302
292.5 0.0016873
292.6 0.00168158
292.7 0.00167586
292.8 0.00167014
292.9 0.00166442
293 0.0016587
293.1 0.00165298
293.2 0.00164726
293.3 0.00164154
293.4 0.00163582
293.5 0.0016301
293.6 0.00162438
293.7 0.00161866
293.8 0.00161294
293.9 0.00160722
294 0.0016015
294.1 0.00159578
294.2 0.00159006
294.3 0.00158434
294.4 0.00157862
294.5 0.0015729
294.6 0.00156718
294.7 0.00156146
294.8 0.00155574
294.9 0.00155002
295 0.0015443
295.1 0.00153858
295.2 0.00153286
295.3 0.00152714
295.4 0.00152142
295.5 0.0015157
295.6 0.00150998
295.7 0.00150426
295.8 0.00149854
295.9 0.00149282
296 0.0014871
296.1 0.00148138
296.2 0.00147566
296.3 0.00146994
296.4 0.00146422
296.5 0.0014585
296.6 0.00145278
296.7 0.00144706
296.8 0.00144134
296.9 0.00143562
297 0.0014299
297.1 0.00142418
297.2 0.00141846
297.3 0.00141274
297.4 0.00140702
297.5 0.0014013
297.6 0.00139558
297.7 0.00138986
297.8 0.00138414
297.9 0.00137842
298 0.0013727
298.1 0.00136698
298.2 0.00136126
298.3 0.00135554
298.4 0.00134982
298.5 0.0013441
298.6 0.00133838
298.7 0.00133266
298.8 0.00132694
298.9 0.00132122
299 0.0013155
299.1 0.00130978
299.2 0.00130406
299.3 0.00129834
299.4 0.00129262
299.5 0.0012869
299.6 0.00128118
299.7 0.00127546
299.8 0.00126974
299.9 0.00126402
300 0.0012583
300.1 0.00125258
300.2 0.00124686
300.3 0.00124114
300.4 0.00123542
300.5 0.0012297
300.6 0.00122398
300.7 0.00121826
300.8 0.00121254
300.9 0.00120682
301 0.0012011
301.1 0.00119538
301.2 0.00118966
301.3 0.00118394
301.4 0.00117822
301.5 0.0011725
301.6 0.00116678
301.7 0.00116106
301.8 0.00115534
301.9 0.00114962
302 0.0011439
302.1 0.00113818
302.2 0.00113246
302.3 0.00112674
302.4 0.00112102
302.5 0.0011153
302.6 0.00110958
302.7 0.00110386
302.8 0.00109814
302.9 0.00109242
303 0.0010867
303.1 0.00108098
303.2 0.00107526
303.3 0.00106954
303.4 0.00106382
303.5 0.0010581
303.6 0.00105238
303.7 0.00104666
303.8 0.00104094
303.9 0.00103522
304 0.0010295
304.1 0.001023778
304.2 0.001018056
304.3 0.001012334
304.4 0.001006612
304.5 0.00100089
304.6 0.000995168
304.7 0.000989446000000001
304.8 0.000983724
304.9 0.000978002
305 0.00097228
305.1 0.00096656
305.2 0.00096084
305.3 0.00095512
305.4 0.0009494
305.5 0.00094368
305.6 0.00093796
305.7 0.000932240000000001
305.8 0.000926520000000001
305.9 0.0009208
306 0.00091508
306.1 0.00090936
306.2 0.00090364
306.3 0.00089792
306.4 0.0008922
306.5 0.00088648
306.6 0.00088076
306.7 0.000875040000000001
306.8 0.000869320000000001
306.9 0.0008636
307 0.00085788
307.1 0.00085216
307.2 0.00084644
307.3 0.00084072
307.4 0.000835
307.5 0.00082928
307.6 0.00082356
307.7 0.000817840000000001
307.8 0.000812120000000001
307.9 0.0008064
308 0.00080068
308.1 0.000794961
308.2 0.000789242
308.3 0.000783523
308.4 0.000777804
308.5 0.000772085
308.6 0.000766366
308.7 0.000760647000000001
308.8 0.000754928000000001
308.9 0.000749209
309 0.00074349
309.1 0.00073777
309.2 0.00073205
309.3 0.00072633
309.4 0.00072061
309.5 0.00071489
309.6 0.00070917
309.7 0.000703450000000001
309.8 0.000697730000000001
309.9 0.00069201
310 0.00068629
310.1 0.000680571
310.2 0.000674852
310.3 0.000669133
310.4 0.000663414
310.5 0.000657695
310.6 0.000651976
310.7 0.000646257000000001
310.8 0.000640538000000001
310.9 0.000634819
311 0.0006291
311.1 0.000623381
311.2 0.000617662
311.3 0.000611943
311.4 0.000606224
311.5 0.000600505
311.6 0.000594786
311.7 0.000589067000000001
311.8 0.000583348000000001
311.9 0.000577629
312 0.00057191
312.1 0.00056619
312.2 0.00056047
312.3 0.00055475
312.4 0.00054903
312.5 0.00054331
312.6 0.00053759
312.7 0.00053187
312.8 0.00052615
312.9 0.00052043
313 0.00051471
313.1 0.000508991
313.2 0.000503272
313.3 0.000497553
313.4 0.000491834
313.5 0.000486115
313.6 0.000480396
313.7 0.000474677
313.8 0.000468958
313.9 0.000463239
314 0.00045752
314.1 0.000451801
314.2 0.000446082
314.3 0.000440363
314.4 0.000434644
314.5 0.000428925
314.6 0.000423206
314.7 0.000417487
314.8 0.000411768
314.9 0.000406049
315 0.00040033
315.1 0.000394611
315.2 0.000388892
315.3 0.000383173
315.4 0.000377454
315.5 0.000371735
315.6 0.000366016
315.7 0.000360297
315.8 0.000354578
315.9 0.000348859
316 0.00034314
316.1 0.000337421
316.2 0.000331702
316.3 0.000325983
316.4 0.000320264
316.5 0.000314545
316.6 0.000308826
316.7 0.000303107
316.8 0.000297388
316.9 0.000291669
317 0.00028595
317.1 0.00028023
317.2 0.00027451
317.3 0.00026879
317.4 0.00026307
317.5 0.00025735
317.6 0.00025163
317.7 0.00024591
317.8 0.00024019
317.9 0.00023447
318 0.00022875
318.1 0.000223032
318.2 0.000217314
318.3 0.000211596
318.4 0.000205878
318.5 0.00020016
318.6 0.000194442
318.7 0.000188724
318.8 0.000183006
318.9 0.000177288
319 0.00017157
319.1 0.000165851
319.2 0.000160132
319.3 0.000154413
319.4 0.000148694
319.5 0.000142975
319.6 0.000137256
319.7 0.000131537
319.8 0.000125818
319.9 0.000120099
320 0.00011438
320.1 0.0001086608
320.2 0.0001029416
320.3 9.72224e-05
320.4 9.15031999999999e-05
320.5 8.57840000000001e-05
320.6 8.00648000000001e-05
320.7 7.43455999999998e-05
320.8 6.86264e-05
320.9 6.29071999999997e-05
321 5.7188e-05
321.1 5.21849e-05
321.2 4.71817999999999e-05
321.3 4.21787e-05
321.4 3.71755999999999e-05
321.5 3.21725000000001e-05
321.6 2.71694000000001e-05
321.7 2.21662999999998e-05
321.8 1.71632e-05
321.9 1.21600999999997e-05
322 7.157e-06
322.1 6.4413e-06
322.2 5.72559999999998e-06
322.3 5.00989999999999e-06
322.4 4.29419999999998e-06
322.5 3.57850000000001e-06
322.6 2.86280000000001e-06
322.7 2.14709999999997e-06
322.8 1.43140000000001e-06
322.9 7.15699999999962e-07
323 0
323.1 0
323.2 0
323.3 0
323.4 0
323.5 0
323.6 0
323.7 0
323.8 0
323.9 0
324 0
324.1 0
324.2 0
324.3 0
324.4 0
324.5 0
324.6 0
324.7 0
324.8 0
324.9 0
325 0
325.1 0
325.2 0
325.3 0
325.4 0
325.5 0
325.6 0
325.7 0
325.8 0
325.9 0
326 0
326.1 0
326.2 0
326.3 0
326.4 0
326.5 0
326.6 0
326.7 0
326.8 0
326.9 0
327 0
327.1 0
327.2 0
327.3 0
327.4 0
327.5 0
327.6 0
327.7 0
327.8 0
327.9 0
328 0
328.1 0
328.2 0
328.3 0
328.4 0
328.5 0
328.6 0
328.7 0
328.8 0
328.9 0
329 0
329.1 0
329.2 0
329.3 0
329.4 0
329.5 0
329.6 0
329.7 0
329.8 0
329.9 0
330 0
330.1 0
330.2 0
330.3 0
330.4 0
330.5 0
330.6 0
330.7 0
330.8 0
330.9 0
331 0
331.1 0
331.2 0
331.3 0
331.4 0
331.5 0
331.6 0
331.7 0
331.8 0
331.9 0
332 0
332.1 0
332.2 0
332.3 0
332.4 0
332.5 0
332.6 0
332.7 0
332.8 0
332.9 0
333 0
333.1 0
333.2 0
333.3 0
333.4 0
333.5 0
333.6 0
333.7 0
333.8 0
333.9 0
334 0
334.1 0
334.2 0
334.3 0
334.4 0
334.5 0
334.6 0
334.7 0
334.8 0
334.9 0
335 0
335.1 0
335.2 0
335.3 0
335.4 0
335.5 0
335.6 0
335.7 0
335.8 0
335.9 0
336 0
336.1 0
336.2 0
336.3 0
336.4 0
336.5 0
336.6 0
336.7 0
336.8 0
336.9 0
337 0
337.1 0
337.2 0
337.3 0
337.4 0
337.5 0
337.6 0
337.7 0
337.8 0
337.9 0
338 0
338.1 0
338.2 0
338.3 0
338.4 0
338.5 0
338.6 0
338.7 0
338.8 0
338.9 0
339 0
339.1 0
339.2 0
339.3 0
339.4 0
339.5 0
339.6 0
339.7 0
339.8 0
339.9 0
340 0
340.1 0
340.2 0
340.3 0
340.4 0
340.5 0
340.6 0
340.7 0
340.8 0
340.9 0
341 0
341.1 0
341.2 0
341.3 0
341.4 0
341.5 0
341.6 0
341.7 0
341.8 0
341.9 0
342 0
342.1 0
342.2 0
342.3 0
342.4 0
342.5 0
342.6 0
342.7 0
342.8 0
342.9 0
343 0
343.1 0
343.2 0
343.3 0
343.4 0
343.5 0
343.6 0
343.7 0
343.8 0
343.9 0
344 0
344.1 0
344.2 0
344.3 0
344.4 0
344.5 0
344.6 0
344.7 0
344.8 0
344.9 0
345 0
345.1 0
345.2 0
345.3 0
345.4 0
345.5 0
345.6 0
345.7 0
345.8 0
345.9 0
346 0
346.1 0
346.2 0
346.3 0
346.4 0
346.5 0
346.6 0
346.7 0
346.8 0
346.9 0
347 0
347.1 0
347.2 0
347.3 0
347.4 0
347.5 0
347.6 0
347.7 0
347.8 0
347.9 0
348 0
348.1 0
348.2 0
348.3 0
348.4 0
348.5 0
348.6 0
348.7 0
348.8 0
348.9 0
349 0
349.1 0
349.2 0
349.3 0
349.4 0
349.5 0
349.6 0
349.7 0
349.8 0
349.9 0
350 0
350.1 0
350.2 0
350.3 0
350.4 0
350.5 0
350.6 0
350.7 0
350.8 0
350.9 0
351 0
351.1 0
351.2 0
351.3 0
351.4 0
351.5 0
351.6 0
351.7 0
351.8 0
351.9 0
352 0
352.1 0
352.2 0
352.3 0
352.4 0
352.5 0
352.6 0
352.7 0
352.8 0
352.9 0
353 0
353.1 0
353.2 0
353.3 0
353.4 0
353.5 0
353.6 0
353.7 0
353.8 0
353.9 0
354 0
354.1 0
354.2 0
354.3 0
354.4 0
354.5 0
354.6 0
354.7 0
354.8 0
354.9 0
355 0
355.1 0
355.2 0
355.3 0
355.4 0
355.5 0
355.6 0
355.7 0
355.8 0
355.9 0
356 0
356.1 0
356.2 0
356.3 0
356.4 0
356.5 0
356.6 0
356.7 0
356.8 0
356.9 0
357 0
357.1 0
357.2 0
357.3 0
357.4 0
357.5 0
357.6 0
357.7 0
357.8 0
357.9 0
358 0
358.1 0
358.2 0
358.3 0
358.4 0
358.5 0
358.6 0
358.7 0
358.8 0
358.9 0
359 0
359.1 0
359.2 0
359.3 0
359.4 0
359.5 0
359.6 0
359.7 0
359.8 0
359.9 0
360 0
360.1 0
360.2 0
360.3 0
360.4 0
360.5 0
360.6 0
360.7 0
360.8 0
360.9 0
361 0
361.1 0
361.2 0
361.3 0
361.4 0
361.5 0
361.6 0
361.7 0
361.8 0
361.9 0
362 0
362.1 0
362.2 0
362.3 0
362.4 0
362.5 0
362.6 0
362.7 0
362.8 0
362.9 0
363 0
363.1 0
363.2 0
363.3 0
363.4 0
363.5 0
363.6 0
363.7 0
363.8 0
363.9 0
364 0
364.1 0
364.2 0
364.3 0
364.4 0
364.5 0
364.6 0
364.7 0
364.8 0
364.9 0
365 0
365.1 0
365.2 0
365.3 0
365.4 0
365.5 0
365.6 0
365.7 0
365.8 0
365.9 0
366 0
366.1 0
366.2 0
366.3 0
366.4 0
366.5 0
366.6 0
366.7 0
366.8 0
366.9 0
367 0
367.1 0
367.2 0
367.3 0
367.4 0
367.5 0
367.6 0
367.7 0
367.8 0
367.9 0
368 0
368.1 0
368.2 0
368.3 0
368.4 0
368.5 0
368.6 0
368.7 0
368.8 0
368.9 0
369 0
369.1 0
369.2 0
369.3 0
369.4 0
369.5 0
369.6 0
369.7 0
369.8 0
369.9 0
370 0
370.1 0
370.2 0
370.3 0
370.4 0
370.5 0
370.6 0
370.7 0
370.8 0
370.9 0
371 0
371.1 0
371.2 0
371.3 0
371.4 0
371.5 0
371.6 0
371.7 0
371.8 0
371.9 0
372 0
372.1 0
372.2 0
372.3 0
372.4 0
372.5 0
372.6 0
372.7 0
372.8 0
372.9 0
373 0
373.1 0
373.2 0
373.3 0
373.4 0
373.5 0
373.6 0
373.7 0
373.8 0
373.9 0
374 0
374.1 0
374.2 0
374.3 0
374.4 0
374.5 0
374.6 0
374.7 0
374.8 0
374.9 0
375 0
375.1 0
375.2 0
375.3 0
375.4 0
375.5 0
375.6 0
375.7 0
375.8 0
375.9 0
376 0
376.1 0
376.2 0
376.3 0
376.4 0
376.5 0
376.6 0
376.7 0
376.8 0
376.9 0
377 0
377.1 0
377.2 0
377.3 0
377.4 0
377.5 0
377.6 0
377.7 0
377.8 0
377.9 0
378 0
378.1 0
378.2 0
378.3 0
378.4 0
378.5 0
378.6 0
378.7 0
378.8 0
378.9 0
379 0
379.1 0
379.2 0
379.3 0
379.4 0
379.5 0
379.6 0
379.7 0
379.8 0
379.9 0
380 0
380.1 0
380.2 0
380.3 0
380.4 0
380.5 0
380.6 0
380.7 0
380.8 0
380.9 0
381 0
381.1 0
381.2 0
381.3 0
381.4 0
381.5 0
381.6 0
381.7 0
381.8 0
381.9 0
382 0
382.1 0
382.2 0
382.3 0
382.4 0
382.5 0
382.6 0
382.7 0
382.8 0
382.9 0
383 0
383.1 0
383.2 0
383.3 0
383.4 0
383.5 0
383.6 0
383.7 0
383.8 0
383.9 0
384 0
384.1 0
384.2 0
384.3 0
384.4 0
384.5 0
384.6 0
384.7 0
384.8 0
384.9 0
385 0
385.1 0
385.2 0
385.3 0
385.4 0
385.5 0
385.6 0
385.7 0
385.8 0
385.9 0
386 0
386.1 0
386.2 0
386.3 0
386.4 0
386.5 0
386.6 0
386.7 0
386.8 0
386.9 0
387 0
387.1 0
387.2 0
387.3 0
387.4 0
387.5 0
387.6 0
387.7 0
387.8 0
387.9 0
388 0
388.1 0
388.2 0
388.3 0
388.4 0
388.5 0
388.6 0
388.7 0
388.8 0
388.9 0
389 0
389.1 0
389.2 0
389.3 0
389.4 0
389.5 0
389.6 0
389.7 0
389.8 0
389.9 0
390 0
390.1 0
390.2 0
390.3 0
390.4 0
390.5 0
390.6 0
390.7 0
390.8 0
390.9 0
391 0
391.1 0
391.2 0
391.3 0
391.4 0
391.5 0
391.6 0
391.7 0
391.8 0
391.9 0
392 0
392.1 0
392.2 0
392.3 0
392.4 0
392.5 0
392.6 0
392.7 0
392.8 0
392.9 0
393 0
393.1 0
393.2 0
393.3 0
393.4 0
393.5 0
393.6 0
393.7 0
393.8 0
393.9 0
394 0
394.1 0
394.2 0
394.3 0
394.4 0
394.5 0
394.6 0
394.7 0
394.8 0
394.9 0
395 0
395.1 0
395.2 0
395.3 0
395.4 0
395.5 0
395.6 0
395.7 0
395.8 0
395.9 0
396 0
396.1 0
396.2 0
396.3 0
396.4 0
396.5 0
396.6 0
396.7 0
396.8 0
396.9 0
397 0
397.1 0
397.2 0
397.3 0
397.4 0
397.5 0
397.6 0
397.7 0
397.8 0
397.9 0
398 0
398.1 0
398.2 0
398.3 0
398.4 0
398.5 0
398.6 0
398.7 0
398.8 0
398.9 0
399 0
399.1 0
399.2 0
399.3 0
399.4 0
399.5 0
399.6 0
399.7 0
399.8 0
399.9 0
400 0
400.1 0
400.2 0
400.3 0
400.4 0
400.5 0
400.6 0
400.7 0
400.8 0
400.9 0
401 0
401.1 0
401.2 0
401.3 0
401.4 0
401.5 0
401.6 0
401.7 0
401.8 0
401.9 0
402 0
402.1 0
402.2 0
402.3 0
402.4 0
402.5 0
402.6 0
402.7 0
402.8 0
402.9 0
403 0
403.1 0
403.2 0
403.3 0
403.4 0
403.5 0
403.6 0
403.7 0
403.8 0
403.9 0
404 0
404.1 0
404.2 0
404.3 0
404.4 0
404.5 0
404.6 0
404.7 0
404.8 0
404.9 0
405 0
405.1 0
405.2 0
405.3 0
405.4 0
405.5 0
405.6 0
405.7 0
405.8 0
405.9 0
406 0
406.1 0
406.2 0
406.3 0
406.4 0
406.5 0
406.6 0
406.7 0
406.8 0
406.9 0
407 0
407.1 0
407.2 0
407.3 0
407.4 0
407.5 0
407.6 0
407.7 0
407.8 0
407.9 0
408 0
408.1 0
408.2 0
408.3 0
408.4 0
408.5 0
408.6 0
408.7 0
408.8 0
408.9 0
409 0
409.1 0
409.2 0
409.3 0
409.4 0
409.5 0
409.6 0
409.7 0
409.8 0
409.9 0
410 0
410.1 0
410.2 0
410.3 0
410.4 0
410.5 0
410.6 0
410.7 0
410.8 0
410.9 0
411 0
411.1 0
411.2 0
411.3 0
411.4 0
411.5 0
411.6 0
411.7 0
411.8 0
411.9 0
412 0
412.1 0
412.2 0
412.3 0
412.4 0
412.5 0
412.6 0
412.7 0
412.8 0
412.9 0
413 0
413.1 0
413.2 0
413.3 0
413.4 0
413.5 0
413.6 0
413.7 0
413.8 0
413.9 0
414 0
414.1 0
414.2 0
414.3 0
414.4 0
414.5 0
414.6 0
414.7 0
414.8 0
414.9 0
415 0
415.1 0
415.2 0
415.3 0
415.4 0
415.5 0
415.6 0
415.7 0
415.8 0
415.9 0
416 0
416.1 0
416.2 0
416.3 0
416.4 0
416.5 0
416.6 0
416.7 0
416.8 0
416.9 0
417 0
417.1 0
417.2 0
417.3 0
417.4 0
417.5 0
417.6 0
417.7 0
417.8 0
417.9 0
418 0
418.1 0
418.2 0
418.3 0
418.4 0
418.5 0
418.6 0
418.7 0
418.8 0
418.9 0
419 0
419.1 0
419.2 0
419.3 0
419.4 0
419.5 0
419.6 0
419.7 0
419.8 0
419.9 0
420 0
420.1 0
420.2 0
420.3 0
420.4 0
420.5 0
420.6 0
420.7 0
420.8 0
420.9 0
421 0
421.1 0
421.2 0
421.3 0
421.4 0
421.5 0
421.6 0
421.7 0
421.8 0
421.9 0
422 0
422.1 0
422.2 0
422.3 0
422.4 0
422.5 0
422.6 0
422.7 0
422.8 0
422.9 0
423 0
423.1 0
423.2 0
423.3 0
423.4 0
423.5 0
423.6 0
423.7 0
423.8 0
423.9 0
424 0
424.1 0
424.2 0
424.3 0
424.4 0
424.5 0
424.6 0
424.7 0
424.8 0
424.9 0
425 0
425.1 0
425.2 0
425.3 0
425.4 0
425.5 0
425.6 0
425.7 0
425.8 0
425.9 0
426 0
426.1 0
426.2 0
426.3 0
426.4 0
426.5 0
426.6 0
426.7 0
426.8 0
426.9 0
427 0
427.1 0
427.2 0
427.3 0
427.4 0
427.5 0
427.6 0
427.7 0
427.8 0
427.9 0
428 0
428.1 0
428.2 0
428.3 0
428.4 0
428.5 0
428.6 0
428.7 0
428.8 0
428.9 0
429 0
429.1 0
429.2 0
429.3 0
429.4 0
429.5 0
429.6 0
429.7 0
429.8 0
429.9 0
430 0
430.1 0
430.2 0
430.3 0
430.4 0
430.5 0
430.6 0
430.7 0
430.8 0
430.9 0
431 0
431.1 0
431.2 0
431.3 0
431.4 0
431.5 0
431.6 0
431.7 0
431.8 0
431.9 0
432 0
432.1 0
432.2 0
432.3 0
432.4 0
432.5 0
432.6 0
432.7 0
432.8 0
432.9 0
433 0
433.1 0
433.2 0
433.3 0
433.4 0
433.5 0
433.6 0
433.7 0
433.8 0
433.9 0
434 0
434.1 0
434.2 0
434.3 0
434.4 0
434.5 0
434.6 0
434.7 0
434.8 0
434.9 0
435 0
435.1 0
435.2 0
435.3 0
435.4 0
435.5 0
435.6 0
435.7 0
435.8 0
435.9 0
436 0
436.1 0
436.2 0
436.3 0
436.4 0
436.5 0
436.6 0
436.7 0
436.8 0
436.9 0
437 0
437.1 0
437.2 0
437.3 0
437.4 0
437.5 0
437.6 0
437.7 0
437.8 0
437.9 0
438 0
438.1 0
438.2 0
438.3 0
438.4 0
438.5 0
438.6 0
438.7 0
438.8 0
438.9 0
439 0
439.1 0
439.2 0
439.3 0
439.4 0
439.5 0
439.6 0
439.7 0
439.8 0
439.9 0
440 0
440.1 0
440.2 0
440.3 0
440.4 0
440.5 0
440.6 0
440.7 0
440.8 0
440.9 0
441 0
441.1 0
441.2 0
441.3 0
441.4 0
441.5 0
441.6 0
441.7 0
441.8 0
441.9 0
442 0
442.1 0
442.2 0
442.3 0
442.4 0
442.5 0
442.6 0
442.7 0
442.8 0
442.9 0
443 0
443.1 0
443.2 0
443.3 0
443.4 0
443.5 0
443.6 0
443.7 0
443.8 0
443.9 0
444 0
444.1 0
444.2 0
444.3 0
444.4 0
444.5 0
444.6 0
444.7 0
444.8 0
444.9 0
445 0
445.1 0
445.2 0
445.3 0
445.4 0
445.5 0
445.6 0
445.7 0
445.8 0
445.9 0
446 0
446.1 0
446.2 0
446.3 0
446.4 0
446.5 0
446.6 0
446.7 0
446.8 0
446.9 0
447 0
447.1 0
447.2 0
447.3 0
447.4 0
447.5 0
447.6 0
447.7 0
447.8 0
447.9 0
448 0
448.1 0
448.2 0
448.3 0
448.4 0
448.5 0
448.6 0
448.7 0
448.8 0
448.9 0
449 0
449.1 0
449.2 0
449.3 0
449.4 0
449.5 0
449.6 0
449.7 0
449.8 0
449.9 0
450 0
450.1 0
450.2 0
450.3 0
450.4 0
450.5 0
450.6 0
450.7 0
450.8 0
450.9 0
451 0
451.1 0
451.2 0
451.3 0
451.4 0
451.5 0
451.6 0
451.7 0
451.8 0
451.9 0
452 0
452.1 0
452.2 0
452.3 0
452.4 0
452.5 0
452.6 0
452.7 0
452.8 0
452.9 0
453 0
453.1 0
453.2 0
453.3 0
453.4 0
453.5 0
453.6 0
453.7 0
453.8 0
453.9 0
454 0
454.1 0
454.2 0
454.3 0
454.4 0
454.5 0
454.6 0
454.7 0
454.8 0
454.9 0
455 0
455.1 0
455.2 0
455.3 0
455.4 0
455.5 0
455.6 0
455.7 0
455.8 0
455.9 0
456 0
456.1 0
456.2 0
456.3 0
456.4 0
456.5 0
456.6 0
456.7 0
456.8 0
456.9 0
457 0
457.1 0
457.2 0
457.3 0
457.4 0
457.5 0
457.6 0
457.7 0
457.8 0
457.9 0
458 0
458.1 0
458.2 0
458.3 0
458.4 0
458.5 0
458.6 0
458.7 0
458.8 0
458.9 0
459 0
459.1 0
459.2 0
459.3 0
459.4 0
459.5 0
459.6 0
459.7 0
459.8 0
459.9 0
460 0
460.1 0
460.2 0
460.3 0
460.4 0
460.5 0
460.6 0
460.7 0
460.8 0
460.9 0
461 0
461.1 0
461.2 0
461.3 0
461.4 0
461.5 0
461.6 0
461.7 0
461.8 0
461.9 0
462 0
462.1 0
462.2 0
462.3 0
462.4 0
462.5 0
462.6 0
462.7 0
462.8 0
462.9 0
463 0
463.1 0
463.2 0
463.3 0
463.4 0
463.5 0
463.6 0
463.7 0
463.8 0
463.9 0
464 0
464.1 0
464.2 0
464.3 0
464.4 0
464.5 0
464.6 0
464.7 0
464.8 0
464.9 0
465 0
465.1 0
465.2 0
465.3 0
465.4 0
465.5 0
465.6 0
465.7 0
465.8 0
465.9 0
466 0
466.1 0
466.2 0
466.3 0
466.4 0
466.5 0
466.6 0
466.7 0
466.8 0
466.9 0
467 0
467.1 0
467.2 0
467.3 0
467.4 0
467.5 0
467.6 0
467.7 0
467.8 0
467.9 0
468 0
468.1 0
468.2 0
468.3 0
468.4 0
468.5 0
468.6 0
468.7 0
468.8 0
468.9 0
469 0
469.1 0
469.2 0
469.3 0
469.4 0
469.5 0
469.6 0
469.7 0
469.8 0
469.9 0
470 0
470.1 0
470.2 0
470.3 0
470.4 0
470.5 0
470.6 0
470.7 0
470.8 0
470.9 0
471 0
471.1 0
471.2 0
471.3 0
471.4 0
471.5 0
471.6 0
471.7 0
471.8 0
471.9 0
472 0
472.1 0
472.2 0
472.3 0
472.4 0
472.5 0
472.6 0
472.7 0
472.8 0
472.9 0
473 0
473.1 0
473.2 0
473.3 0
473.4 0
473.5 0
473.6 0
473.7 0
473.8 0
473.9 0
474 0
474.1 0
474.2 0
474.3 0
474.4 0
474.5 0
474.6 0
474.7 0
474.8 0
474.9 0
475 0
475.1 0
475.2 0
475.3 0
475.4 0
475.5 0
475.6 0
475.7 0
475.8 0
475.9 0
476 0
476.1 0
476.2 0
476.3 0
476.4 0
476.5 0
476.6 0
476.7 0
476.8 0
476.9 0
477 0
477.1 0
477.2 0
477.3 0
477.4 0
477.5 0
477.6 0
477.7 0
477.8 0
477.9 0
478 0
478.1 0
478.2 0
478.3 0
478.4 0
478.5 0
478.6 0
478.7 0
478.8 0
478.9 0
479 0
479.1 0
479.2 0
479.3 0
479.4 0
479.5 0
479.6 0
479.7 0
479.8 0
479.9 0
480 0
480.1 0
480.2 0
480.3 0
480.4 0
480.5 0
480.6 0
480.7 0
480.8 0
480.9 0
481 0
481.1 0
481.2 0
481.3 0
481.4 0
481.5 0
481.6 0
481.7 0
481.8 0
481.9 0
482 0
482.1 0
482.2 0
482.3 0
482.4 0
482.5 0
482.6 0
482.7 0
482.8 0
482.9 0
483 0
483.1 0
483.2 0
483.3 0
483.4 0
483.5 0
483.6 0
483.7 0
483.8 0
483.9 0
484 0
484.1 0
484.2 0
484.3 0
484.4 0
484.5 0
484.6 0
484.7 0
484.8 0
484.9 0
485 0
485.1 0
485.2 0
485.3 0
485.4 0
485.5 0
485.6 0
485.7 0
485.8 0
485.9 0
486 0
486.1 0
486.2 0
486.3 0
486.4 0
486.5 0
486.6 0
486.7 0
486.8 0
486.9 0
487 0
487.1 0
487.2 0
487.3 0
487.4 0
487.5 0
487.6 0
487.7 0
487.8 0
487.9 0
488 0
488.1 0
488.2 0
488.3 0
488.4 0
488.5 0
488.6 0
488.7 0
488.8 0
488.9 0
489 0
489.1 0
489.2 0
489.3 0
489.4 0
489.5 0
489.6 0
489.7 0
489.8 0
489.9 0
490 0
490.1 0
490.2 0
490.3 0
490.4 0
490.5 0
490.6 0
490.7 0
490.8 0
490.9 0
491 0
491.1 0
491.2 0
491.3 0
491.4 0
491.5 0
491.6 0
491.7 0
491.8 0
491.9 0
492 0
492.1 0
492.2 0
492.3 0
492.4 0
492.5 0
492.6 0
492.7 0
492.8 0
492.9 0
493 0
493.1 0
493.2 0
493.3 0
493.4 0
493.5 0
493.6 0
493.7 0
493.8 0
493.9 0
494 0
494.1 0
494.2 0
494.3 0
494.4 0
494.5 0
494.6 0
494.7 0
494.8 0
494.9 0
495 0
495.1 0
495.2 0
495.3 0
495.4 0
495.5 0
495.6 0
495.7 0
495.8 0
495.9 0
496 0
496.1 0
496.2 0
496.3 0
496.4 0
496.5 0
496.6 0
496.7 0
496.8 0
496.9 0
497 0
497.1 0
497.2 0
497.3 0
497.4 0
497.5 0
497.6 0
497.7 0
497.8 0
497.9 0
498 0
498.1 0
498.2 0
498.3 0
498.4 0
498.5 0
498.6 0
498.7 0
498.8 0
498.9 0
499 0
499.1 0
499.2 0
499.3 0
499.4 0
499.5 0
499.6 0
499.7 0
499.8 0
499.9 0
500 0
500.1 0
500.2 0
500.3 0
500.4 0
500.5 0
500.6 0
500.7 0
500.8 0
500.9 0
501 0
501.1 0
501.2 0
501.3 0
501.4 0
501.5 0
501.6 0
501.7 0
501.8 0
501.9 0
502 0
502.1 0
502.2 0
502.3 0
502.4 0
502.5 0
502.6 0
502.7 0
502.8 0
502.9 0
503 0
503.1 0
503.2 0
503.3 0
503.4 0
503.5 0
503.6 0
503.7 0
503.8 0
503.9 0
504 0
504.1 0
504.2 0
504.3 0
504.4 0
504.5 0
504.6 0
504.7 0
504.8 0
504.9 0
505 0
505.1 0
505.2 0
505.3 0
505.4 0
505.5 0
505.6 0
505.7 0
505.8 0
505.9 0
506 0
506.1 0
506.2 0
506.3 0
506.4 0
506.5 0
506.6 0
506.7 0
506.8 0
506.9 0
507 0
507.1 0
507.2 0
507.3 0
507.4 0
507.5 0
507.6 0
507.7 0
507.8 0
507.9 0
508 0
508.1 0
508.2 0
508.3 0
508.4 0
508.5 0
508.6 0
508.7 0
508.8 0
508.9 0
509 0
509.1 0
509.2 0
509.3 0
509.4 0
509.5 0
509.6 0
509.7 0
509.8 0
509.9 0
510 0
510.1 0
510.2 0
510.3 0
510.4 0
510.5 0
510.6 0
510.7 0
510.8 0
510.9 0
511 0
511.1 0
511.2 0
511.3 0
511.4 0
511.5 0
511.6 0
511.7 0
511.8 0
511.9 0
512 0
512.1 0
512.2 0
512.3 0
512.4 0
512.5 0
512.6 0
512.7 0
512.8 0
512.9 0
513 0
513.1 0
513.2 0
513.3 0
513.4 0
513.5 0
513.6 0
513.7 0
513.8 0
513.9 0
514 0
514.1 0
514.2 0
514.3 0
514.4 0
514.5 0
514.6 0
514.7 0
514.8 0
514.9 0
515 0
515.1 0
515.2 0
515.3 0
515.4 0
515.5 0
515.6 0
515.7 0
515.8 0
515.9 0
516 0
516.1 0
516.2 0
516.3 0
516.4 0
516.5 0
516.6 0
516.7 0
516.8 0
516.9 0
517 0
517.1 0
517.2 0
517.3 0
517.4 0
517.5 0
517.6 0
517.7 0
517.8 0
517.9 0
518 0
518.1 0
518.2 0
518.3 0
518.4 0
518.5 0
518.6 0
518.7 0
518.8 0
518.9 0
519 0
519.1 0
519.2 0
519.3 0
519.4 0
519.5 0
519.6 0
519.7 0
519.8 0
519.9 0
520 0
520.1 0
520.2 0
520.3 0
520.4 0
520.5 0
520.6 0
520.7 0
520.8 0
520.9 0
521 0
521.1 0
521.2 0
521.3 0
521.4 0
521.5 0
521.6 0
521.7 0
521.8 0
521.9 0
522 0
522.1 0
522.2 0
522.3 0
522.4 0
522.5 0
522.6 0
522.7 0
522.8 0
522.9 0
523 0
523.1 0
523.2 0
523.3 0
523.4 0
523.5 0
523.6 0
523.7 0
523.8 0
523.9 0
524 0
524.1 0
524.2 0
524.3 0
524.4 0
524.5 0
524.6 0
524.7 0
524.8 0
524.9 0
525 0
525.1 0
525.2 0
525.3 0
525.4 0
525.5 0
525.6 0
525.7 0
525.8 0
525.9 0
526 0
526.1 0
526.2 0
526.3 0
526.4 0
526.5 0
526.6 0
526.7 0
526.8 0
526.9 0
527 0
527.1 0
527.2 0
527.3 0
527.4 0
527.5 0
527.6 0
527.7 0
527.8 0
527.9 0
528 0
528.1 0
528.2 0
528.3 0
528.4 0
528.5 0
528.6 0
528.7 0
528.8 0
528.9 0
529 0
529.1 0
529.2 0
529.3 0
529.4 0
529.5 0
529.6 0
529.7 0
529.8 0
529.9 0
530 0
530.1 0
530.2 0
530.3 0
530.4 0
530.5 0
530.6 0
530.7 0
530.8 0
530.9 0
531 0
531.1 0
531.2 0
531.3 0
531.4 0
531.5 0
531.6 0
531.7 0
531.8 0
531.9 0
532 0
532.1 0
532.2 0
532.3 0
532.4 0
532.5 0
532.6 0
532.7 0
532.8 0
532.9 0
533 0
533.1 0
533.2 0
533.3 0
533.4 0
533.5 0
533.6 0
533.7 0
533.8 0
533.9 0
534 0
534.1 0
534.2 0
534.3 0
534.4 0
534.5 0
534.6 0
534.7 0
534.8 0
534.9 0
535 0
535.1 0
535.2 0
535.3 0
535.4 0
535.5 0
535.6 0
535.7 0
535.8 0
535.9 0
536 0
536.1 0
536.2 0
536.3 0
536.4 0
536.5 0
536.6 0
536.7 0
536.8 0
536.9 0
537 0
537.1 0
537.2 0
537.3 0
537.4 0
537.5 0
537.6 0
537.7 0
537.8 0
537.9 0
538 0
538.1 0
538.2 0
538.3 0
538.4 0
538.5 0
538.6 0
538.7 0
538.8 0
538.9 0
539 0
539.1 0
539.2 0
539.3 0
539.4 0
539.5 0
539.6 0
539.7 0
539.8 0
539.9 0
540 0
540.1 0
540.2 0
540.3 0
540.4 0
540.5 0
540.6 0
540.7 0
540.8 0
540.9 0
541 0
541.1 0
541.2 0
541.3 0
541.4 0
541.5 0
541.6 0
541.7 0
541.8 0
541.9 0
542 0
542.1 0
542.2 0
542.3 0
542.4 0
542.5 0
542.6 0
542.7 0
542.8 0
542.9 0
543 0
543.1 0
543.2 0
543.3 0
543.4 0
543.5 0
543.6 0
543.7 0
543.8 0
543.9 0
544 0
544.1 0
544.2 0
544.3 0
544.4 0
544.5 0
544.6 0
544.7 0
544.8 0
544.9 0
545 0
545.1 0
545.2 0
545.3 0
545.4 0
545.5 0
545.6 0
545.7 0
545.8 0
545.9 0
546 0
546.1 0
546.2 0
546.3 0
546.4 0
546.5 0
546.6 0
546.7 0
546.8 0
546.9 0
547 0
547.1 0
547.2 0
547.3 0
547.4 0
547.5 0
547.6 0
547.7 0
547.8 0
547.9 0
548 0
548.1 0
548.2 0
548.3 0
548.4 0
548.5 0
548.6 0
548.7 0
548.8 0
548.9 0
549 0
549.1 0
549.2 0
549.3 0
549.4 0
549.5 0
549.6 0
549.7 0
549.8 0
549.9 0
550 0
550.1 0
550.2 0
550.3 0
550.4 0
550.5 0
550.6 0
550.7 0
550.8 0
550.9 0
551 0
551.1 0
551.2 0
551.3 0
551.4 0
551.5 0
551.6 0
551.7 0
551.8 0
551.9 0
552 0
552.1 0
552.2 0
552.3 0
552.4 0
552.5 0
552.6 0
552.7 0
552.8 0
552.9 0
553 0
553.1 0
553.2 0
553.3 0
553.4 0
553.5 0
553.6 0
553.7 0
553.8 0
553.9 0
554 0
554.1 0
554.2 0
554.3 0
554.4 0
554.5 0
554.6 0
554.7 0
554.8 0
554.9 0
555 0
555.1 0
555.2 0
555.3 0
555.4 0
555.5 0
555.6 0
555.7 0
555.8 0
555.9 0
556 0
556.1 0
556.2 0
556.3 0
556.4 0
556.5 0
556.6 0
556.7 0
556.8 0
556.9 0
557 0
557.1 0
557.2 0
557.3 0
557.4 0
557.5 0
557.6 0
557.7 0
557.8 0
557.9 0
558 0
558.1 0
558.2 0
558.3 0
558.4 0
558.5 0
558.6 0
558.7 0
558.8 0
558.9 0
559 0
559.1 0
559.2 0
559.3 0
559.4 0
559.5 0
559.6 0
559.7 0
559.8 0
559.9 0
560 0
560.1 0
560.2 0
560.3 0
560.4 0
560.5 0
560.6 0
560.7 0
560.8 0
560.9 0
561 0
561.1 0
561.2 0
561.3 0
561.4 0
561.5 0
561.6 0
561.7 0
561.8 0
561.9 0
562 0
562.1 0
562.2 0
562.3 0
562.4 0
562.5 0
562.6 0
562.7 0
562.8 0
562.9 0
563 0
563.1 0
563.2 0
563.3 0
563.4 0
563.5 0
563.6 0
563.7 0
563.8 0
563.9 0
564 0
564.1 0
564.2 0
564.3 0
564.4 0
564.5 0
564.6 0
564.7 0
564.8 0
564.9 0
565 0
565.1 0
565.2 0
565.3 0
565.4 0
565.5 0
565.6 0
565.7 0
565.8 0
565.9 0
566 0
566.1 0
566.2 0
566.3 0
566.4 0
566.5 0
566.6 0
566.7 0
566.8 0
566.9 0
567 0
567.1 0
567.2 0
567.3 0
567.4 0
567.5 0
567.6 0
567.7 0
567.8 0
567.9 0
568 0
568.1 0
568.2 0
568.3 0
568.4 0
568.5 0
568.6 0
568.7 0
568.8 0
568.9 0
569 0
569.1 0
569.2 0
569.3 0
569.4 0
569.5 0
569.6 0
569.7 0
569.8 0
569.9 0
570 0
570.1 0
570.2 0
570.3 0
570.4 0
570.5 0
570.6 0
570.7 0
570.8 0
570.9 0
571 0
571.1 0
571.2 0
571.3 0
571.4 0
571.5 0
571.6 0
571.7 0
571.8 0
571.9 0
572 0
572.1 0
572.2 0
572.3 0
572.4 0
572.5 0
572.6 0
572.7 0
572.8 0
572.9 0
573 0
573.1 0
573.2 0
573.3 0
573.4 0
573.5 0
573.6 0
573.7 0
573.8 0
573.9 0
574 0
574.1 0
574.2 0
574.3 0
574.4 0
574.5 0
574.6 0
574.7 0
574.8 0
574.9 0
575 0
575.1 0
575.2 0
575.3 0
575.4 0
575.5 0
575.6 0
575.7 0
575.8 0
575.9 0
576 0
576.1 0
576.2 0
576.3 0
576.4 0
576.5 0
576.6 0
576.7 0
576.8 0
576.9 0
577 0
577.1 0
577.2 0
577.3 0
577.4 0
577.5 0
577.6 0
577.7 0
577.8 0
577.9 0
578 0
578.1 0
578.2 0
578.3 0
578.4 0
578.5 0
578.6 0
578.7 0
578.8 0
578.9 0
579 0
579.1 0
579.2 0
579.3 0
579.4 0
579.5 0
579.6 0
579.7 0
579.8 0
579.9 0
580 0
580.1 0
580.2 0
580.3 0
580.4 0
580.5 0
580.6 0
580.7 0
580.8 0
580.9 0
581 0
581.1 0
581.2 0
581.3 0
581.4 0
581.5 0
581.6 0
581.7 0
581.8 0
581.9 0
582 0
582.1 0
582.2 0
582.3 0
582.4 0
582.5 0
582.6 0
582.7 0
582.8 0
582.9 0
583 0
583.1 0
583.2 0
583.3 0
583.4 0
583.5 0
583.6 0
583.7 0
583.8 0
583.9 0
584 0
584.1 0
584.2 0
584.3 0
584.4 0
584.5 0
584.6 0
584.7 0
584.8 0
584.9 0
585 0
585.1 0
585.2 0
585.3 0
585.4 0
585.5 0
585.6 0
585.7 0
585.8 0
585.9 0
586 0
586.1 0
586.2 0
586.3 0
586.4 0
586.5 0
586.6 0
586.7 0
586.8 0
586.9 0
587 0
587.1 0
587.2 0
587.3 0
587.4 0
587.5 0
587.6 0
587.7 0
587.8 0
587.9 0
588 0
588.1 0
588.2 0
588.3 0
588.4 0
588.5 0
588.6 0
588.7 0
588.8 0
588.9 0
589 0
589.1 0
589.2 0
589.3 0
589.4 0
589.5 0
589.6 0
589.7 0
589.8 0
589.9 0
590 0
590.1 0
590.2 0
590.3 0
590.4 0
590.5 0
590.6 0
590.7 0
590.8 0
590.9 0
591 0
591.1 0
591.2 0
591.3 0
591.4 0
591.5 0
591.6 0
591.7 0
591.8 0
591.9 0
592 0
592.1 0
592.2 0
592.3 0
592.4 0
592.5 0
592.6 0
592.7 0
592.8 0
592.9 0
593 0
593.1 0
593.2 0
593.3 0
593.4 0
593.5 0
593.6 0
593.7 0
593.8 0
593.9 0
594 0
594.1 0
594.2 0
594.3 0
594.4 0
594.5 0
594.6 0
594.7 0
594.8 0
594.9 0
595 0
595.1 0
595.2 0
595.3 0
595.4 0
595.5 0
595.6 0
595.7 0
595.8 0
595.9 0
596 0
596.1 0
596.2 0
596.3 0
596.4 0
596.5 0
596.6 0
596.7 0
596.8 0
596.9 0
597 0
597.1 0
597.2 0
597.3 0
597.4 0
597.5 0
597.6 0
597.7 0
597.8 0
597.9 0
598 0
598.1 0
598.2 0
598.3 0
598.4 0
598.5 0
598.6 0
598.7 0
598.8 0
598.9 0
599 0
599.1 0
599.2 0
599.3 0
599.4 0
599.5 0
599.6 0
599.7 0
599.8 0
599.9 0
600 0
600.1 0
600.2 0
600.3 0
600.4 0
600.5 0
600.6 0
600.7 0
600.8 0
600.9 0
601 0
601.1 0
601.2 0
601.3 0
601.4 0
601.5 0
601.6 0
601.7 0
601.8 0
601.9 0
602 0
602.1 0
602.2 0
602.3 0
602.4 0
602.5 0
602.6 0
602.7 0
602.8 0
602.9 0
603 0
603.1 0
603.2 0
603.3 0
603.4 0
603.5 0
603.6 0
603.7 0
603.8 0
603.9 0
604 0
604.1 0
604.2 0
604.3 0
604.4 0
604.5 0
604.6 0
604.7 0
604.8 0
604.9 0
605 0
605.1 0
605.2 0
605.3 0
605.4 0
605.5 0
605.6 0
605.7 0
605.8 0
605.9 0
606 0
606.1 0
606.2 0
606.3 0
606.4 0
606.5 0
606.6 0
606.7 0
606.8 0
606.9 0
607 0
607.1 0
607.2 0
607.3 0
607.4 0
607.5 0
607.6 0
607.7 0
607.8 0
607.9 0
608 0
608.1 0
608.2 0
608.3 0
608.4 0
608.5 0
608.6 0
608.7 0
608.8 0
608.9 0
609 0
609.1 0
609.2 0
609.3 0
609.4 0
609.5 0
609.6 0
609.7 0
609.8 0
609.9 0
610 0
610.1 0
610.2 0
610.3 0
610.4 0
610.5 0
610.6 0
610.7 0
610.8 0
610.9 0
611 0
611.1 0
611.2 0
611.3 0
611.4 0
611.5 0
611.6 0
611.7 0
611.8 0
611.9 0
612 0
612.1 0
612.2 0
612.3 0
612.4 0
612.5 0
612.6 0
612.7 0
612.8 0
612.9 0
613 0
613.1 0
613.2 0
613.3 0
613.4 0
613.5 0
613.6 0
613.7 0
613.8 0
613.9 0
614 0
614.1 0
614.2 0
614.3 0
614.4 0
614.5 0
614.6 0
614.7 0
614.8 0
614.9 0
615 0
615.1 0
615.2 0
615.3 0
615.4 0
615.5 0
615.6 0
615.7 0
615.8 0
615.9 0
616 0
616.1 0
616.2 0
616.3 0
616.4 0
616.5 0
616.6 0
616.7 0
616.8 0
616.9 0
617 0
617.1 0
617.2 0
617.3 0
617.4 0
617.5 0
617.6 0
617.7 0
617.8 0
617.9 0
618 0
618.1 0
618.2 0
618.3 0
618.4 0
618.5 0
618.6 0
618.7 0
618.8 0
618.9 0
619 0
619.1 0
619.2 0
619.3 0
619.4 0
619.5 0
619.6 0
619.7 0
619.8 0
619.9 0
620 0
620.1 0
620.2 0
620.3 0
620.4 0
620.5 0
620.6 0
620.7 0
620.8 0
620.9 0
621 0
621.1 0
621.2 0
621.3 0
621.4 0
621.5 0
621.6 0
621.7 0
621.8 0
621.9 0
622 0
622.1 0
622.2 0
622.3 0
622.4 0
622.5 0
622.6 0
622.7 0
622.8 0
622.9 0
623 0
623.1 0
623.2 0
623.3 0
623.4 0
623.5 0
623.6 0
623.7 0
623.8 0
623.9 0
624 0
624.1 0
624.2 0
624.3 0
624.4 0
624.5 0
624.6 0
624.7 0
624.8 0
624.9 0
625 0
625.1 0
625.2 0
625.3 0
625.4 0
625.5 0
625.6 0
625.7 0
625.8 0
625.9 0
626 0
626.1 0
626.2 0
626.3 0
626.4 0
626.5 0
626.6 0
626.7 0
626.8 0
626.9 0
627 0
627.1 0
627.2 0
627.3 0
627.4 0
627.5 0
627.6 0
627.7 0
627.8 0
627.9 0
628 0
628.1 0
628.2 0
628.3 0
628.4 0
628.5 0
628.6 0
628.7 0
628.8 0
628.9 0
629 0
629.1 0
629.2 0
629.3 0
629.4 0
629.5 0
629.6 0
629.7 0
629.8 0
629.9 0
630 0
630.1 0
630.2 0
630.3 0
630.4 0
630.5 0
630.6 0
630.7 0
630.8 0
630.9 0
631 0
631.1 0
631.2 0
631.3 0
631.4 0
631.5 0
631.6 0
631.7 0
631.8 0
631.9 0
632 0
632.1 0
632.2 0
632.3 0
632.4 0
632.5 0
632.6 0
632.7 0
632.8 0
632.9 0
633 0
633.1 0
633.2 0
633.3 0
633.4 0
633.5 0
633.6 0
633.7 0
633.8 0
633.9 0
634 0
634.1 0
634.2 0
634.3 0
634.4 0
634.5 0
634.6 0
634.7 0
634.8 0
634.9 0
635 0
635.1 0
635.2 0
635.3 0
635.4 0
635.5 0
635.6 0
635.7 0
635.8 0
635.9 0
636 0
636.1 0
636.2 0
636.3 0
636.4 0
636.5 0
636.6 0
636.7 0
636.8 0
636.9 0
637 0
637.1 0
637.2 0
637.3 0
637.4 0
637.5 0
637.6 0
637.7 0
637.8 0
637.9 0
638 0
638.1 0
638.2 0
638.3 0
638.4 0
638.5 0
638.6 0
638.7 0
638.8 0
638.9 0
639 0
639.1 0
639.2 0
639.3 0
639.4 0
639.5 0
639.6 0
639.7 0
639.8 0
639.9 0
640 0
640.1 0
640.2 0
640.3 0
640.4 0
640.5 0
640.6 0
640.7 0
640.8 0
640.9 0
641 0
641.1 0
641.2 0
641.3 0
641.4 0
641.5 0
641.6 0
641.7 0
641.8 0
641.9 0
642 0
642.1 0
642.2 0
642.3 0
642.4 0
642.5 0
642.6 0
642.7 0
642.8 0
642.9 0
643 0
643.1 0
643.2 0
643.3 0
643.4 0
643.5 0
643.6 0
643.7 0
643.8 0
643.9 0
644 0
644.1 0
644.2 0
644.3 0
644.4 0
644.5 0
644.6 0
644.7 0
644.8 0
644.9 0
645 0
645.1 0
645.2 0
645.3 0
645.4 0
645.5 0
645.6 0
645.7 0
645.8 0
645.9 0
646 0
646.1 0
646.2 0
646.3 0
646.4 0
646.5 0
646.6 0
646.7 0
646.8 0
646.9 0
647 0
647.1 0
647.2 0
647.3 0
647.4 0
647.5 0
647.6 0
647.7 0
647.8 0
647.9 0
648 0
648.1 0
648.2 0
648.3 0
648.4 0
648.5 0
648.6 0
648.7 0
648.8 0
648.9 0
649 0
649.1 0
649.2 0
649.3 0
649.4 0
649.5 0
649.6 0
649.7 0
649.8 0
649.9 0
650 0
650.1 0
650.2 0
650.3 0
650.4 0
650.5 0
650.6 0
650.7 0
650.8 0
650.9 0
651 0
651.1 0
651.2 0
651.3 0
651.4 0
651.5 0
651.6 0
651.7 0
651.8 0
651.9 0
652 0
652.1 0
652.2 0
652.3 0
652.4 0
652.5 0
652.6 0
652.7 0
652.8 0
652.9 0
653 0
653.1 0
653.2 0
653.3 0
653.4 0
653.5 0
653.6 0
653.7 0
653.8 0
653.9 0
654 0
654.1 0
654.2 0
654.3 0
654.4 0
654.5 0
654.6 0
654.7 0
654.8 0
654.9 0
655 0
655.1 0
655.2 0
655.3 0
655.4 0
655.5 0
655.6 0
655.7 0
655.8 0
655.9 0
656 0
656.1 0
656.2 0
656.3 0
656.4 0
656.5 0
656.6 0
656.7 0
656.8 0
656.9 0
657 0
657.1 0
657.2 0
657.3 0
657.4 0
657.5 0
657.6 0
657.7 0
657.8 0
657.9 0
658 0
658.1 0
658.2 0
658.3 0
658.4 0
658.5 0
658.6 0
658.7 0
658.8 0
658.9 0
659 0
659.1 0
659.2 0
659.3 0
659.4 0
659.5 0
659.6 0
659.7 0
659.8 0
659.9 0
660 0
660.1 0
660.2 0
660.3 0
660.4 0
660.5 0
660.6 0
660.7 0
660.8 0
660.9 0
661 0
661.1 0
661.2 0
661.3 0
661.4 0
661.5 0
661.6 0
661.7 0
661.8 0
661.9 0
662 0
662.1 0
662.2 0
662.3 0
662.4 0
662.5 0
662.6 0
662.7 0
662.8 0
662.9 0
663 0
663.1 0
663.2 0
663.3 0
663.4 0
663.5 0
663.6 0
663.7 0
663.8 0
663.9 0
664 0
664.1 0
664.2 0
664.3 0
664.4 0
664.5 0
664.6 0
664.7 0
664.8 0
664.9 0
665 0
665.1 0
665.2 0
665.3 0
665.4 0
665.5 0
665.6 0
665.7 0
665.8 0
665.9 0
666 0
666.1 0
666.2 0
666.3 0
666.4 0
666.5 0
666.6 0
666.7 0
666.8 0
666.9 0
667 0
667.1 0
667.2 0
667.3 0
667.4 0
667.5 0
667.6 0
667.7 0
667.8 0
667.9 0
668 0
668.1 0
668.2 0
668.3 0
668.4 0
668.5 0
668.6 0
668.7 0
668.8 0
668.9 0
669 0
669.1 0
669.2 0
669.3 0
669.4 0
669.5 0
669.6 0
669.7 0
669.8 0
669.9 0
670 0
670.1 0
670.2 0
670.3 0
670.4 0
670.5 0
670.6 0
670.7 0
670.8 0
670.9 0
671 0
671.1 0
671.2 0
671.3 0
671.4 0
671.5 0
671.6 0
671.7 0
671.8 0
671.9 0
672 0
672.1 0
672.2 0
672.3 0
672.4 0
672.5 0
672.6 0
672.7 0
672.8 0
672.9 0
673 0
673.1 0
673.2 0
673.3 0
673.4 0
673.5 0
673.6 0
673.7 0
673.8 0
673.9 0
674 0
674.1 0
674.2 0
674.3 0
674.4 0
674.5 0
674.6 0
674.7 0
674.8 0
674.9 0
675 0
675.1 0
675.2 0
675.3 0
675.4 0
675.5 0
675.6 0
675.7 0
675.8 0
675.9 0
676 0
676.1 0
676.2 0
676.3 0
676.4 0
676.5 0
676.6 0
676.7 0
676.8 0
676.9 0
677 0
677.1 0
677.2 0
677.3 0
677.4 0
677.5 0
677.6 0
677.7 0
677.8 0
677.9 0
678 0
678.1 0
678.2 0
678.3 0
678.4 0
678.5 0
678.6 0
678.7 0
678.8 0
678.9 0
679 0
679.1 0
679.2 0
679.3 0
679.4 0
679.5 0
679.6 0
679.7 0
679.8 0
679.9 0
680 0
680.1 0
680.2 0
680.3 0
680.4 0
680.5 0
680.6 0
680.7 0
680.8 0
680.9 0
681 0
681.1 0
681.2 0
681.3 0
681.4 0
681.5 0
681.6 0
681.7 0
681.8 0
681.9 0
682 0
682.1 0
682.2 0
682.3 0
682.4 0
682.5 0
682.6 0
682.7 0
682.8 0
682.9 0
683 0
683.1 0
683.2 0
683.3 0
683.4 0
683.5 0
683.6 0
683.7 0
683.8 0
683.9 0
684 0
684.1 0
684.2 0
684.3 0
684.4 0
684.5 0
684.6 0
684.7 0
684.8 0
684.9 0
685 0
685.1 0
685.2 0
685.3 0
685.4 0
685.5 0
685.6 0
685.7 0
685.8 0
685.9 0
686 0
686.1 0
686.2 0
686.3 0
686.4 0
686.5 0
686.6 0
686.7 0
686.8 0
686.9 0
687 0
687.1 0
687.2 0
687.3 0
687.4 0
687.5 0
687.6 0
687.7 0
687.8 0
687.9 0
688 0
688.1 0
688.2 0
688.3 0
688.4 0
688.5 0
688.6 0
688.7 0
688.8 0
688.9 0
689 0
689.1 0
689.2 0
689.3 0
689.4 0
689.5 0
689.6 0
689.7 0
689.8 0
689.9 0
690 0
690.1 0
690.2 0
690.3 0
690.4 0
690.5 0
690.6 0
690.7 0
690.8 0
690.9 0
691 0
691.1 0
691.2 0
691.3 0
691.4 0
691.5 0
691.6 0
691.7 0
691.8 0
691.9 0
692 0
692.1 0
692.2 0
692.3 0
692.4 0
692.5 0
692.6 0
692.7 0
692.8 0
692.9 0
693 0
693.1 0
693.2 0
693.3 0
693.4 0
693.5 0
693.6 0
693.7 0
693.8 0
693.9 0
694 0
694.1 0
694.2 0
694.3 0
694.4 0
694.5 0
694.6 0
694.7 0
694.8 0
694.9 0
695 0
695.1 0
695.2 0
695.3 0
695.4 0
695.5 0
695.6 0
695.7 0
695.8 0
695.9 0
696 0
696.1 0
696.2 0
696.3 0
696.4 0
696.5 0
696.6 0
696.7 0
696.8 0
696.9 0
697 0
697.1 0
697.2 0
697.3 0
697.4 0
697.5 0
697.6 0
697.7 0
697.8 0
697.9 0
698 0
698.1 0
698.2 0
698.3 0
698.4 0
698.5 0
698.6 0
698.7 0
698.8 0
698.9 0
699 0
699.1 0
699.2 0
699.3 0
699.4 0
699.5 0
699.6 0
699.7 0
699.8 0
699.9 0
700 0
700.1 0
700.2 0
700.3 0
700.4 0
700.5 0
700.6 0
700.7 0
700.8 0
700.9 0
701 0
701.1 0
701.2 0
701.3 0
701.4 0
701.5 0
701.6 0
701.7 0
701.8 0
701.9 0
702 0
702.1 0
702.2 0
702.3 0
702.4 0
702.5 0
702.6 0
702.7 0
702.8 0
702.9 0
703 0
703.1 0
703.2 0
703.3 0
703.4 0
703.5 0
703.6 0
703.7 0
703.8 0
703.9 0
704 0
704.1 0
704.2 0
704.3 0
704.4 0
704.5 0
704.6 0
704.7 0
704.8 0
704.9 0
705 0
705.1 0
705.2 0
705.3 0
705.4 0
705.5 0
705.6 0
705.7 0
705.8 0
705.9 0
706 0
706.1 0
706.2 0
706.3 0
706.4 0
706.5 0
706.6 0
706.7 0
706.8 0
706.9 0
707 0
707.1 0
707.2 0
707.3 0
707.4 0
707.5 0
707.6 0
707.7 0
707.8 0
707.9 0
708 0
708.1 0
708.2 0
708.3 0
708.4 0
708.5 0
708.6 0
708.7 0
708.8 0
708.9 0
709 0
709.1 0
709.2 0
709.3 0
709.4 0
709.5 0
709.6 0
709.7 0
709.8 0
709.9 0
710 0
710.1 0
710.2 0
710.3 0
710.4 0
710.5 0
710.6 0
710.7 0
710.8 0
710.9 0
711 0
711.1 0
711.2 0
711.3 0
711.4 0
711.5 0
711.6 0
711.7 0
711.8 0
711.9 0
712 0
712.1 0
712.2 0
712.3 0
712.4 0
712.5 0
712.6 0
712.7 0
712.8 0
712.9 0
713 0
713.1 0
713.2 0
713.3 0
713.4 0
713.5 0
713.6 0
713.7 0
713.8 0
713.9 0
714 0
714.1 0
714.2 0
714.3 0
714.4 0
714.5 0
714.6 0
714.7 0
714.8 0
714.9 0
