5 0
5.1 0
5.2 0
5.3 0
5.4 0
5.5 0
5.6 0
5.7 0
5.8 0
5.9 0
6 0
6.1 0
6.2 0
6.3 0
6.4 0
6.5 0
6.6 0
6.7 0
6.8 0
6.9 0
7 0
7.1 0
7.2 0
7.3 0
7.4 0
7.5 0
7.6 0
7.7 0
7.8 0
7.9 0
8 0
8.1 0
8.2 0
8.3 0
8.4 0
8.5 0
8.6 0
8.7 0
8.8 0
8.9 0
9 0
9.1 0
9.2 0
9.3 0
9.4 0
9.5 0
9.6 0
9.7 0
9.8 0
9.9 0
10 0
10.1 0
10.2 0
10.3 0
10.4 0
10.5 0
10.6 0
10.7 0
10.8 0
10.9 0
11 0
11.1 0
11.2 0
11.3 0
11.4 0
11.5 0
11.6 0
11.7 0
11.8 0
11.9 0
12 0
12.1 0
12.2 0
12.3 0
12.4 0
12.5 0
12.6 0
12.7 0
12.8 0
12.9 0
13 0
13.1 0
13.2 0
13.3 0
13.4 0
13.5 0
13.6 0
13.7 0
13.8 0
13.9 0
14 0
14.1 0
14.2 0
14.3 0
14.4 0
14.5 0
14.6 0
14.7 0
14.8 0
14.9 0
15 0
15.1 0
15.2 0
15.3 0
15.4 0
15.5 0
15.6 0
15.7 0
15.8 0
15.9 0
16 0
16.1 0
16.2 0
16.3 0
16.4 0
16.5 0
16.6 0
16.7 0
16.8 0
16.9 0
17 0
17.1 0
17.2 0
17.3 0
17.4 0
17.5 0
17.6 0
17.7 0
17.8 0
17.9 0
18 0
18.1 0
18.2 0
18.3 0
18.4 0
18.5 0
18.6 0
18.7 0
18.8 0
18.9 0
19 0
19.1 0
19.2 0
19.3 0
19.4 0
19.5 0
19.6 0
19.7 0
19.8 0
19.9 0
20 0
20.1 0
20.2 0
20.3 0
20.4 0
20.5 0
20.6 0
20.7 0
20.8 0
20.9 0
21 0
21.1 0
21.2 0
21.3 0
21.4 0
21.5 0
21.6 0
21.7 0
21.8 0
21.9 0
22 0
22.1 0
22.2 0
22.3 0
22.4 0
22.5 0
22.6 0
22.7 0
22.8 0
22.9 0
23 0
23.1 0
23.2 0
23.3 0
23.4 0
23.5 0
23.6 0
23.7 0
23.8 0
23.9 0
24 0
24.1 0
24.2 0
24.3 0
24.4 0
24.5 0
24.6 0
24.7 0
24.8 0
24.9 0
25 0
25.1 0
25.2 0
25.3 0
25.4 0
25.5 0
25.6 0
25.7 0
25.8 0
25.9 0
26 0
26.1 0
26.2 0
26.3 0
26.4 0
26.5 0
26.6 0
26.7 0
26.8 0
26.9 0
27 0
27.1 0
27.2 0
27.3 0
27.4 0
27.5 0
27.6 0
27.7 0
27.8 0
27.9 0
28 0
28.1 0
28.2 0
28.3 0
28.4 0
28.5 0
28.6 0
28.7 0
28.8 0
28.9 0
29 0
29.1 0
29.2 0
29.3 0
29.4 0
29.5 0
29.6 0
29.7 0
29.8 0
29.9 0
30 0
30.1 0
30.2 0
30.3 0
30.4 0
30.5 0
30.6 0
30.7 0
30.8 0
30.9 0
31 0
31.1 0
31.2 0
31.3 0
31.4 0
31.5 0
31.6 0
31.7 0
31.8 0
31.9 0
32 0
32.1 0
32.2 0
32.3 0
32.4 0
32.5 0
32.6 0
32.7 0
32.8 0
32.9 0
33 0
33.1 0
33.2 0
33.3 0
33.4 0
33.5 0
33.6 0
33.7 0
33.8 0
33.9 0
34 0
34.1 0
34.2 0
34.3 0
34.4 0
34.5 0
34.6 0
34.7 0
34.8 0
34.9 0
35 0
35.1 0
35.2 0
35.3 0
35.4 0
35.5 0
35.6 0
35.7 0
35.8 0
35.9 0
36 0
36.1 0
36.2 0
36.3 0
36.4 0
36.5 0
36.6 0
36.7 0
36.8 0
36.9 0
37 0
37.1 0
37.2 0
37.3 0
37.4 0
37.5 0
37.6 0
37.7 0
37.8 0
37.9 0
38 0
38.1 0
38.2 0
38.3 0
38.4 0
38.5 0
38.6 0
38.7 0
38.8 0
38.9 0
39 0
39.1 0
39.2 0
39.3 0
39.4 0
39.5 0
39.6 0
39.7 0
39.8 0
39.9 0
40 0
40.1 0
40.2 0
40.3 0
40.4 0
40.5 0
40.6 0
40.7 0
40.8 0
40.9 0
41 0
41.1 0
41.2 0
41.3 0
41.4 0
41.5 0
41.6 0
41.7 0
41.8 0
41.9 0
42 0
42.1 0
42.2 0
42.3 0
42.4 0
42.5 0
42.6 0
42.7 0
42.8 0
42.9 0
43 0
43.1 0
43.2 0
43.3 0
43.4 0
43.5 0
43.6 0
43.7 0
43.8 0
43.9 0
44 0
44.1 0
44.2 0
44.3 0
44.4 0
44.5 0
44.6 0
44.7 0
44.8 0
44.9 0
45 0
45.1 0
45.2 0
45.3 0
45.4 0
45.5 0
45.6 0
45.7 0
45.8 0
45.9 0
46 0
46.1 0
46.2 0
46.3 0
46.4 0
46.5 0
46.6 0
46.7 0
46.8 0
46.9 0
47 0
47.1 0
47.2 0
47.3 0
47.4 0
47.5 0
47.6 0
47.7 0
47.8 0
47.9 0
48 0
48.1 0
48.2 0
48.3 0
48.4 0
48.5 0
48.6 0
48.7 0
48.8 0
48.9 0
49 0
49.1 0.000438739
49.2 0.000877478000000001
49.3 0.001316217
49.4 0.001754956
49.5 0.002193695
49.6 0.002632434
49.7 0.003071173
49.8 0.00350991200000001
49.9 0.00394865100000001
50 0.00438739
50.1 0.004935815
50.2 0.00548424
50.3 0.006032665
50.4 0.00658109
50.5 0.007129515
50.6 0.00767794
50.7 0.008226365
50.8 0.00877479000000001
50.9 0.00932321500000001
51 0.00987164
51.1 0.010420066
51.2 0.010968492
51.3 0.011516918
51.4 0.012065344
51.5 0.01261377
51.6 0.013162196
51.7 0.013710622
51.8 0.014259048
51.9 0.014807474
52 0.0153559
52.1 0.01590432
52.2 0.01645274
52.3 0.01700116
52.4 0.01754958
52.5 0.018098
52.6 0.01864642
52.7 0.01919484
52.8 0.01974326
52.9 0.02029168
53 0.0208401
53.1 0.02138853
53.2 0.02193696
53.3 0.02248539
53.4 0.02303382
53.5 0.02358225
53.6 0.02413068
53.7 0.02467911
53.8 0.02522754
53.9 0.02577597
54 0.0263244
54.1 0.02687282
54.2 0.02742124
54.3 0.02796966
54.4 0.02851808
54.5 0.0290665
54.6 0.02961492
54.7 0.03016334
54.8 0.03071176
54.9 0.03126018
55 0.0318086
55.1 0.03235703
55.2 0.03290546
55.3 0.03345389
55.4 0.03400232
55.5 0.03455075
55.6 0.03509918
55.7 0.03564761
55.8 0.03619604
55.9 0.03674447
56 0.0372929
56.1 0.03784132
56.2 0.03838974
56.3 0.03893816
56.4 0.03948658
56.5 0.040035
56.6 0.04058342
56.7 0.04113184
56.8 0.04168026
56.9 0.04222868
57 0.0427771
57.1 0.04298779
57.2 0.04319848
57.3 0.04340917
57.4 0.04361986
57.5 0.04383055
57.6 0.04404124
57.7 0.04425193
57.8 0.04446262
57.9 0.04467331
58 0.044884
58.1 0.04471893
58.2 0.04455386
58.3 0.04438879
58.4 0.04422372
58.5 0.04405865
58.6 0.04389358
58.7 0.04372851
58.8 0.04356344
58.9 0.04339837
59 0.0432333
59.1 0.04309997
59.2 0.04296664
59.3 0.04283331
59.4 0.04269998
59.5 0.04256665
59.6 0.04243332
59.7 0.04229999
59.8 0.04216666
59.9 0.04203333
60 0.0419
60.1 0.04177
60.2 0.04164
60.3 0.04151
60.4 0.04138
60.5 0.04125
60.6 0.04112
60.7 0.04099
60.8 0.04086
60.9 0.04073
61 0.0406
61.1 0.04051
61.2 0.04042
61.3 0.04033
61.4 0.04024
61.5 0.04015
61.6 0.04006
61.7 0.03997
61.8 0.03988
61.9 0.03979
62 0.0397
62.1 0.03930145
62.2 0.0389029
62.3 0.03850435
62.4 0.0381058
62.5 0.03770725
62.6 0.0373087
62.7 0.03691015
62.8 0.0365116
62.9 0.03611305
63 0.0357145
63.1 0.03493305
63.2 0.0341516
63.3 0.03337015
63.4 0.0325887
63.5 0.03180725
63.6 0.0310258
63.7 0.03024435
63.8 0.0294629
63.9 0.02868145
64 0.0279
64.1 0.02711579
64.2 0.02633158
64.3 0.02554737
64.4 0.02476316
64.5 0.02397895
64.6 0.02319474
64.7 0.02241053
64.8 0.0216263199999999
64.9 0.0208421099999999
65 0.0200579
65.1 0.02202211
65.2 0.02398632
65.3 0.0259505300000001
65.4 0.0279147400000001
65.5 0.0298789500000001
65.6 0.0318431600000001
65.7 0.0338073700000001
65.8 0.0357715800000002
65.9 0.0377357900000002
66 0.0397
66.1 0.03731
66.2 0.03492
66.3 0.0325299999999999
66.4 0.0301399999999999
66.5 0.0277499999999999
66.6 0.0253599999999999
66.7 0.0229699999999999
66.8 0.0205799999999998
66.9 0.0181899999999998
67 0.0158
67.1 0.01717
67.2 0.01854
67.3 0.01991
67.4 0.0212800000000001
67.5 0.0226500000000001
67.6 0.02402
67.7 0.0253900000000001
67.8 0.0267600000000001
67.9 0.0281300000000001
68 0.0295
68.1 0.03112436
68.2 0.03274872
68.3 0.03437308
68.4 0.0359974400000001
68.5 0.0376218000000001
68.6 0.0392461600000001
68.7 0.0408705200000001
68.8 0.0424948800000001
68.9 0.0441192400000002
69 0.0457436
69.1 0.04693924
69.2 0.04813488
69.3 0.04933052
69.4 0.05052616
69.5 0.0517218000000001
69.6 0.0529174400000001
69.7 0.0541130800000001
69.8 0.0553087200000001
69.9 0.0565043600000001
70 0.0577
70.1 0.05638831
70.2 0.05507662
70.3 0.05376493
70.4 0.0524532399999999
70.5 0.0511415499999999
70.6 0.0498298599999999
70.7 0.0485181699999999
70.8 0.0472064799999999
70.9 0.0458947899999999
71 0.0445831
71.1 0.04743479
71.2 0.0502864800000001
71.3 0.0531381700000001
71.4 0.0559898600000001
71.5 0.0588415500000001
71.6 0.0616932400000002
71.7 0.0645449300000002
71.8 0.0673966200000002
71.9 0.0702483100000002
72 0.0731
72.1 0.0785889000000001
72.2 0.0840778000000001
72.3 0.0895667000000001
72.4 0.0950556000000002
72.5 0.1005445
72.6 0.1060334
72.7 0.1115223
72.8 0.1170112
72.9 0.1225001
73 0.127989
73.1 0.1217967
73.2 0.1156044
73.3 0.1094121
73.4 0.1032198
73.5 0.0970274999999997
73.6 0.0908351999999996
73.7 0.0846428999999996
73.8 0.0784505999999997
73.9 0.0722582999999995
74 0.066066
74.1 0.06437447
74.2 0.06268294
74.3 0.06099141
74.4 0.0592998799999999
74.5 0.0576083499999999
74.6 0.0559168199999999
74.7 0.0542252899999999
74.8 0.0525337599999999
74.9 0.0508422299999999
75 0.0491507
75.1 0.0607888300000002
75.2 0.0724269600000003
75.3 0.0840650900000003
75.4 0.0957032200000004
75.5 0.10734135
75.6 0.118979480000001
75.7 0.130617610000001
75.8 0.142255740000001
75.9 0.153893870000001
76 0.165532
76.1 0.1633697
76.2 0.1612074
76.3 0.1590451
76.4 0.1568828
76.5 0.1547205
76.6 0.1525582
76.7 0.1503959
76.8 0.1482336
76.9 0.1460713
77 0.143909
77.1 0.1418027
77.2 0.1396964
77.3 0.1375901
77.4 0.1354838
77.5 0.1333775
77.6 0.1312712
77.7 0.1291649
77.8 0.1270586
77.9 0.1249523
78 0.122846
78.1 0.1267059
78.2 0.1305658
78.3 0.1344257
78.4 0.1382856
78.5 0.1421455
78.6 0.1460054
78.7 0.1498653
78.8 0.1537252
78.9 0.1575851
79 0.161445
79.1 0.159745
79.2 0.158045
79.3 0.156345
79.4 0.154645
79.5 0.152945
79.6 0.151245
79.7 0.149545
79.8 0.147845
79.9 0.146145
80 0.144445
80.1 0.1417887
80.2 0.1391324
80.3 0.1364761
80.4 0.1338198
80.5 0.1311635
80.6 0.1285072
80.7 0.1258509
80.8 0.1231946
80.9 0.1205383
81 0.117882
81.1 0.1117338
81.2 0.1055856
81.3 0.0994373999999999
81.4 0.0932891999999998
81.5 0.0871409999999998
81.6 0.0809927999999996
81.7 0.0748445999999996
81.8 0.0686963999999994
81.9 0.0625481999999993
82 0.0564
82.1 0.05461714
82.2 0.05283428
82.3 0.0510514199999999
82.4 0.0492685599999999
82.5 0.0474856999999999
82.6 0.0457028399999999
82.7 0.0439199799999999
82.8 0.0421371199999998
82.9 0.0403542599999998
83 0.0385714
83.1 0.04052177
83.2 0.04247214
83.3 0.0444225100000001
83.4 0.0463728800000001
83.5 0.0483232500000001
83.6 0.0502736200000001
83.7 0.0522239900000001
83.8 0.0541743600000002
83.9 0.0561247300000002
84 0.0580751
84.1 0.05991259
84.2 0.06175008
84.3 0.0635875700000001
84.4 0.0654250600000001
84.5 0.0672625500000001
84.6 0.0691000400000001
84.7 0.0709375300000002
84.8 0.0727750200000002
84.9 0.0746125100000002
85 0.07645
85.1 0.07476333
85.2 0.07307666
85.3 0.0713899899999999
85.4 0.0697033199999999
85.5 0.0680166499999999
85.6 0.0663299799999999
85.7 0.0646433099999999
85.8 0.0629566399999998
85.9 0.0612699699999998
86 0.0595833
86.1 0.06126997
86.2 0.06295664
86.3 0.0646433100000001
86.4 0.0663299800000001
86.5 0.0680166500000001
86.6 0.0697033200000001
86.7 0.0713899900000001
86.8 0.0730766600000002
86.9 0.0747633300000002
87 0.07645
87.1 0.0823622000000001
87.2 0.0882744000000001
87.3 0.0941866000000002
87.4 0.1000988
87.5 0.106011
87.6 0.1119232
87.7 0.1178354
87.8 0.123747600000001
87.9 0.129659800000001
88 0.135572
88.1 0.1440148
88.2 0.1524576
88.3 0.1609004
88.4 0.1693432
88.5 0.177786
88.6 0.186228800000001
88.7 0.194671600000001
88.8 0.203114400000001
88.9 0.211557200000001
89 0.22
89.1 0.2444333
89.2 0.268866600000001
89.3 0.293299900000001
89.4 0.317733200000001
89.5 0.342166500000001
89.6 0.366599800000002
89.7 0.391033100000002
89.8 0.415466400000003
89.9 0.439899700000003
90 0.464333
90.1 0.4658997
90.2 0.4674664
90.3 0.4690331
90.4 0.4705998
90.5 0.4721665
90.6 0.4737332
90.7 0.4752999
90.8 0.4768666
90.9 0.4784333
91 0.48
91.1 0.482
91.2 0.484
91.3 0.486
91.4 0.488
91.5 0.49
91.6 0.492
91.7 0.494
91.8 0.496
91.9 0.498
92 0.5
92.1 0.5056
92.2 0.5112
92.3 0.5168
92.4 0.5224
92.5 0.528
92.6 0.5336
92.7 0.5392
92.8 0.544800000000001
92.9 0.550400000000001
93 0.556
93.1 0.5643
93.2 0.5726
93.3 0.5809
93.4 0.589200000000001
93.5 0.5975
93.6 0.605800000000001
93.7 0.614100000000001
93.8 0.622400000000001
93.9 0.630700000000001
94 0.639
94.1 0.64475
94.2 0.6505
94.3 0.65625
94.4 0.662
94.5 0.66775
94.6 0.6735
94.7 0.67925
94.8 0.685000000000001
94.9 0.690750000000001
95 0.6965
95.1 0.70105
95.2 0.7056
95.3 0.71015
95.4 0.7147
95.5 0.71925
95.6 0.7238
95.7 0.72835
95.8 0.732900000000001
95.9 0.73745
96 0.742
96.1 0.7449
96.2 0.7478
96.3 0.7507
96.4 0.7536
96.5 0.7565
96.6 0.7594
96.7 0.7623
96.8 0.7652
96.9 0.7681
97 0.771
97.1 0.7729
97.2 0.7748
97.3 0.7767
97.4 0.7786
97.5 0.7805
97.6 0.7824
97.7 0.7843
97.8 0.7862
97.9 0.7881
98 0.79
98.1 0.792
98.2 0.794
98.3 0.796
98.4 0.798
98.5 0.8
98.6 0.802
98.7 0.804
98.8 0.806
98.9 0.808
99 0.81
99.1 0.8118
99.2 0.8136
99.3 0.8154
99.4 0.8172
99.5 0.819
99.6 0.8208
99.7 0.8226
99.8 0.8244
99.9 0.8262
100 0.828
100.1 0.8294
100.2 0.8308
100.3 0.8322
100.4 0.8336
100.5 0.835
100.6 0.8364
100.7 0.8378
100.8 0.8392
100.9 0.8406
101 0.842
101.1 0.8439
101.2 0.8458
101.3 0.8477
101.4 0.8496
101.5 0.8515
101.6 0.8534
101.7 0.8553
101.8 0.8572
101.9 0.8591
102 0.861
102.1 0.8635
102.2 0.866
102.3 0.8685
102.4 0.871
102.5 0.8735
102.6 0.876
102.7 0.8785
102.8 0.881
102.9 0.8835
103 0.886
103.1 0.8888
103.2 0.8916
103.3 0.8944
103.4 0.8972
103.5 0.9
103.6 0.9028
103.7 0.9056
103.8 0.9084
103.9 0.9112
104 0.914
104.1 0.9166
104.2 0.9192
104.3 0.9218
104.4 0.9244
104.5 0.927
104.6 0.9296
104.7 0.9322
104.8 0.9348
104.9 0.9374
105 0.94
105.1 0.9418
105.2 0.9436
105.3 0.9454
105.4 0.9472
105.5 0.949
105.6 0.9508
105.7 0.9526
105.8 0.9544
105.9 0.9562
106 0.958
106.1 0.9602615
106.2 0.962523
106.3 0.9647845
106.4 0.967046
106.5 0.9693075
106.6 0.971569
106.7 0.9738305
106.8 0.976092
106.9 0.9783535
107 0.980615
107.1 0.9825535
107.2 0.984492
107.3 0.9864305
107.4 0.988369
107.5 0.9903075
107.6 0.992246
107.7 0.9941845
107.8 0.996123
107.9 0.9980615
108 1
108.1 1
108.2 1
108.3 1
108.4 1
108.5 1
108.6 1
108.7 1
108.8 1
108.9 1
109 1
109.1 1
109.2 1
109.3 1
109.4 1
109.5 1
109.6 1
109.7 1
109.8 1
109.9 1
110 1
110.1 1
110.2 1
110.3 1
110.4 1
110.5 1
110.6 1
110.7 1
110.8 1
110.9 1
111 1
111.1 1
111.2 1
111.3 1
111.4 1
111.5 1
111.6 1
111.7 1
111.8 1
111.9 1
112 1
112.1 1
112.2 1
112.3 1
112.4 1
112.5 1
112.6 1
112.7 1
112.8 1
112.9 1
113 1
113.1 1
113.2 1
113.3 1
113.4 1
113.5 1
113.6 1
113.7 1
113.8 1
113.9 1
114 1
114.1 1
114.2 1
114.3 1
114.4 1
114.5 1
114.6 1
114.7 1
114.8 1
114.9 1
115 1
115.1 1
115.2 1
115.3 1
115.4 1
115.5 1
115.6 1
115.7 1
115.8 1
115.9 1
116 1
116.1 1
116.2 1
116.3 1
116.4 1
116.5 1
116.6 1
116.7 1
116.8 1
116.9 1
117 1
117.1 1
117.2 1
117.3 1
117.4 1
117.5 1
117.6 1
117.7 1
117.8 1
117.9 1
118 1
118.1 1
118.2 1
118.3 1
118.4 1
118.5 1
118.6 1
118.7 1
118.8 1
118.9 1
119 1
119.1 1
119.2 1
119.3 1
119.4 1
119.5 1
119.6 1
119.7 1
119.8 1
119.9 1
120 1
120.1 1
120.2 1
120.3 1
120.4 1
120.5 1
120.6 1
120.7 1
120.8 1
120.9 1
121 1
121.1 1
121.2 1
121.3 1
121.4 1
121.5 1
121.6 1
121.7 1
121.8 1
121.9 1
122 1
122.1 1
122.2 1
122.3 1
122.4 1
122.5 1
122.6 1
122.7 1
122.8 1
122.9 1
123 1
123.1 1
123.2 1
123.3 1
123.4 1
123.5 1
123.6 1
123.7 1
123.8 1
123.9 1
124 1
124.1 1
124.2 1
124.3 1
124.4 1
124.5 1
124.6 1
124.7 1
124.8 1
124.9 1
125 1
125.1 1
125.2 1
125.3 1
125.4 1
125.5 1
125.6 1
125.7 1
125.8 1
125.9 1
126 1
126.1 1
126.2 1
126.3 1
126.4 1
126.5 1
126.6 1
126.7 1
126.8 1
126.9 1
127 1
127.1 1
127.2 1
127.3 1
127.4 1
127.5 1
127.6 1
127.7 1
127.8 1
127.9 1
128 1
128.1 1
128.2 1
128.3 1
128.4 1
128.5 1
128.6 1
128.7 1
128.8 1
128.9 1
129 1
129.1 1
129.2 1
129.3 1
129.4 1
129.5 1
129.6 1
129.7 1
129.8 1
129.9 1
130 1
130.1 1
130.2 1
130.3 1
130.4 1
130.5 1
130.6 1
130.7 1
130.8 1
130.9 1
131 1
131.1 1
131.2 1
131.3 1
131.4 1
131.5 1
131.6 1
131.7 1
131.8 1
131.9 1
132 1
132.1 1
132.2 1
132.3 1
132.4 1
132.5 1
132.6 1
132.7 1
132.8 1
132.9 1
133 1
133.1 1
133.2 1
133.3 1
133.4 1
133.5 1
133.6 1
133.7 1
133.8 1
133.9 1
134 1
134.1 1
134.2 1
134.3 1
134.4 1
134.5 1
134.6 1
134.7 1
134.8 1
134.9 1
135 1
135.1 1
135.2 1
135.3 1
135.4 1
135.5 1
135.6 1
135.7 1
135.8 1
135.9 1
136 1
136.1 1
136.2 1
136.3 1
136.4 1
136.5 1
136.6 1
136.7 1
136.8 1
136.9 1
137 1
137.1 1
137.2 1
137.3 1
137.4 1
137.5 1
137.6 1
137.7 1
137.8 1
137.9 1
138 1
138.1 1
138.2 1
138.3 1
138.4 1
138.5 1
138.6 1
138.7 1
138.8 1
138.9 1
139 1
139.1 1
139.2 1
139.3 1
139.4 1
139.5 1
139.6 1
139.7 1
139.8 1
139.9 1
140 1
140.1 1
140.2 1
140.3 1
140.4 1
140.5 1
140.6 1
140.7 1
140.8 1
140.9 1
141 1
141.1 1
141.2 1
141.3 1
141.4 1
141.5 1
141.6 1
141.7 1
141.8 1
141.9 1
142 1
142.1 1
142.2 1
142.3 1
142.4 1
142.5 1
142.6 1
142.7 1
142.8 1
142.9 1
143 1
143.1 1
143.2 1
143.3 1
143.4 1
143.5 1
143.6 1
143.7 1
143.8 1
143.9 1
144 1
144.1 1
144.2 1
144.3 1
144.4 1
144.5 1
144.6 1
144.7 1
144.8 1
144.9 1
145 1
145.1 1
145.2 1
145.3 1
145.4 1
145.5 1
145.6 1
145.7 1
145.8 1
145.9 1
146 1
146.1 1
146.2 1
146.3 1
146.4 1
146.5 1
146.6 1
146.7 1
146.8 1
146.9 1
147 1
147.1 1
147.2 1
147.3 1
147.4 1
147.5 1
147.6 1
147.7 1
147.8 1
147.9 1
148 1
148.1 1
148.2 1
148.3 1
148.4 1
148.5 1
148.6 1
148.7 1
148.8 1
148.9 1
149 1
149.1 1
149.2 1
149.3 1
149.4 1
149.5 1
149.6 1
149.7 1
149.8 1
149.9 1
150 1
150.1 1
150.2 1
150.3 1
150.4 1
150.5 1
150.6 1
150.7 1
150.8 1
150.9 1
151 1
151.1 1
151.2 1
151.3 1
151.4 1
151.5 1
151.6 1
151.7 1
151.8 1
151.9 1
152 1
152.1 1
152.2 1
152.3 1
152.4 1
152.5 1
152.6 1
152.7 1
152.8 1
152.9 1
153 1
153.1 1
153.2 1
153.3 1
153.4 1
153.5 1
153.6 1
153.7 1
153.8 1
153.9 1
154 1
154.1 1
154.2 1
154.3 1
154.4 1
154.5 1
154.6 1
154.7 1
154.8 1
154.9 1
155 1
155.1 1
155.2 1
155.3 1
155.4 1
155.5 1
155.6 1
155.7 1
155.8 1
155.9 1
156 1
156.1 1
156.2 1
156.3 1
156.4 1
156.5 1
156.6 1
156.7 1
156.8 1
156.9 1
157 1
157.1 1
157.2 1
157.3 1
157.4 1
157.5 1
157.6 1
157.7 1
157.8 1
157.9 1
158 1
158.1 1
158.2 1
158.3 1
158.4 1
158.5 1
158.6 1
158.7 1
158.8 1
158.9 1
159 1
159.1 1
159.2 1
159.3 1
159.4 1
159.5 1
159.6 1
159.7 1
159.8 1
159.9 1
160 1
160.1 1
160.2 1
160.3 1
160.4 1
160.5 1
160.6 1
160.7 1
160.8 1
160.9 1
161 1
161.1 1
161.2 1
161.3 1
161.4 1
161.5 1
161.6 1
161.7 1
161.8 1
161.9 1
162 1
162.1 1
162.2 1
162.3 1
162.4 1
162.5 1
162.6 1
162.7 1
162.8 1
162.9 1
163 1
163.1 1
163.2 1
163.3 1
163.4 1
163.5 1
163.6 1
163.7 1
163.8 1
163.9 1
164 1
164.1 1
164.2 1
164.3 1
164.4 1
164.5 1
164.6 1
164.7 1
164.8 1
164.9 1
165 1
165.1 0
165.2 0
165.3 0
165.4 0
165.5 0
165.6 0
165.7 0
165.8 0
165.9 0
