6 0
7 0
8 0
9 0
10 0
11 0
12 0
13 0
14 0
15 0
16 0
17 0
18 0
19 0
20 0
21 0
22 0
23 0
24 0
25 0
26 0
27 0
28 0
29 0
30 0
31 0
32 0
33 0
34 0
35 0
36 0
37 0
38 0
39 0
40 0
41 0
42 0
43 0
44 0
45 0
46 0
47 0
48 0
49 0
50 0
51 0
52 0
53 0
54 0
55 0
56 0
57 0
58 0
59 0
60 0
61 0
62 0
63 0
64 0
65 0
66 0
67 0
68 0
69 0
70 0
71 0
72 0
73 0
74 0
75 0
76 0
77 8.571e-05
78 0.0022816
79 0.0054063
80 0.0080403
81 0.012656
82 0.021128
83 0.029009
84 0.039244
85 0.049078
86 0.063216
87 0.083602
88 0.081755
89 0.090227
90 0.099612
91 0.10888
92 0.11794
93 0.12851
94 0.15339
95 0.16834
96 0.16989
97 0.17116
98 0.17277
99 0.17427
100 0.17585
101 0.17744
102 0.17892
103 0.18041
104 0.18122
105 0.18147
106 0.18177
107 0.17966
108 0.17343
109 0.16755
110 0.16272
111 0.1569
112 0.14976
113 0.14077
114 0.13193
115 0.12504
116 0.11742
117 0.1107
118 0.10455
119 0.097566
120 0.090754
121 0.083958
122 0.083269
123 0.078139
124 0.071725
125 0.068485
126 0.066965
127 0.065325
128 0.063804
129 0.06241
130 0.060826
131 0.058525
132 0.055704
133 0.046336
134 0.033107
135 0.020674
136 0.0050519
137 0
138 0
139 0
140 0
141 0
142 0
143 0
144 0
145 0
146 0
147 0
148 0
149 0
150 0
151 0
152 0
153 0
154 0
155 0
156 0
157 0
158 0
159 0
160 0
161 0
162 0
163 0
164 0
165 0
166 0
167 0
168 0
169 0
170 0
171 0
172 0
173 0
174 0
175 0
176 0
177 0
178 0
179 0
180 0
181 0
182 0
183 0
184 0
185 0
186 0
187 0
188 0
189 0
190 0
191 0
192 0
193 0
194 0
195 0
196 0
197 0
198 0
199 0
200 0
201 0
202 0
203 0
204 0
205 0
206 0
207 0
208 0
209 0
210 0
211 0
212 0
213 0
214 0
215 0
216 0
217 0
218 0
219 0
220 0
221 0
222 0
223 0
224 0
225 0
226 0
227 0
228 0
229 0
230 0
231 0
232 0
233 0
234 0
235 0
236 0
237 0
238 0
239 0
240 0
241 0
242 0
243 0
244 0
245 0
246 0
247 0
248 0
249 0
250 0
251 0
252 0
253 0
254 0
255 0
256 0
257 0
258 0
259 0
260 0
261 0
262 0
263 0
264 0
265 0
266 0
267 0
268 0
269 0
270 0
271 0
272 0
273 0
274 0
275 0
276 0
