6 0
7 0
8 0
9 0
10 0
11 0
12 0
13 0
14 0
15 0
16 0
17 0
18 0
19 0
20 0
21 0
22 0
23 0
24 0
25 0
26 0
27 0
28 0
29 0
30 0
31 0
32 0
33 0
34 0
35 0
36 0
37 0
38 0
39 0
40 0
41 0
42 0
43 0
44 0
45 0
46 0
47 0
48 0
49 0
50 0
51 0
52 0
53 0
54 0
55 0
56 0
57 0
58 0
59 0
60 0
61 0
62 0
63 0
64 0
65 0
66 0
67 0
68 0
69 0
70 0
71 0
72 0
73 0
74 0
75 0
76 0
77 0.0031413
78 0.021188
79 0.04121
80 0.056648
81 0.073035
82 0.10139
83 0.1298
84 0.17197
85 0.21315
86 0.2579
87 0.30669
88 0.35046
89 0.38944
90 0.43207
91 0.47402
92 0.51653
93 0.56435
94 0.6517
95 0.70112
96 0.70324
97 0.70537
98 0.70764
99 0.70994
100 0.71263
101 0.71485
102 0.7169
103 0.71883
104 0.72128
105 0.72317
106 0.72487
107 0.72079
108 0.70718
109 0.69354
110 0.68274
111 0.66973
112 0.65377
113 0.63374
114 0.61582
115 0.60014
116 0.5832
117 0.56833
118 0.55324
119 0.53877
120 0.52377
121 0.50883
122 0.54668
123 0.65173
124 0.76082
125 0.80255
126 0.8066
127 0.81096
128 0.81511
129 0.81905
130 0.82353
131 0.82808
132 0.8319
133 0.8364
134 0.84002
135 0.84363
136 0.84818
137 0.84989
138 0.85
139 0.85
140 0.85
141 0.85
142 0.85
143 0.85
144 0.85
145 0.85
146 0.84999
147 0.84973
148 0.84986
149 0.85
150 0.85002
151 0.84967
152 0.84357
153 0.83397
154 0.82351
155 0.8138
156 0.80419
157 0.79437
158 0.78398
159 0.77363
160 0.76386
161 0.75669
162 0.74986
163 0.74285
164 0.73563
165 0.72821
166 0.72058
167 0.71272
168 0.70463
169 0.69629
170 0.68769
171 0.67883
172 0.66968
173 0.66024
174 0.65049
175 0.64042
176 0.63
177 0.61922
178 0.60807
179 0.59652
180 0.58455
181 0.57213
182 0.55925
183 0.54587
184 0.53196
185 0.51932
186 0.51724
187 0.51696
188 0.51666
189 0.51633
190 0.51596
191 0.51556
192 0.51512
193 0.51462
194 0.51407
195 0.51344
196 0.51273
197 0.51192
198 0.51097
199 0.50987
200 0.50855
201 0.50697
202 0.50501
203 0.50255
204 0.49934
205 0.495
206 0.48878
207 0.47915
208 0.46223
209 0.42469
210 0.31125
211 0.26695
212 0.26375
213 0.26036
214 0.25678
215 0.25298
216 0.24896
217 0.24469
218 0.24014
219 0.23529
220 0.2301
221 0.22454
222 0.21857
223 0.21214
224 0.2052
225 0.19768
226 0.1895
227 0.18058
228 0.17082
229 0.16007
230 0.1482
231 0.135
232 0.12025
233 0.10366
234 0.084857
235 0.063367
236 0.038571
237 0.010274
238 0
239 0
240 0
241 0
242 0
243 0
244 0
245 0
246 0
247 0
248 0
249 0
250 0
251 0
252 0
253 0
254 0
255 0
256 0
257 0
258 0
259 0
260 0
261 0
262 0
263 0
264 0
265 0
266 0
267 0
268 0
269 0
270 0
271 0
272 0
273 0
274 0
275 0
276 0
