0 0.34
1 0.339130434782609
2 0.336929550113281
3 0.334728665443953
4 0.332211415659692
5 0.330714285714286
6 0.328983193277311
7 0.327252100840336
8 0.325521008403361
9 0.323789915966387
10 0.322058823529412
11 0.320134803921569
12 0.318210784313725
13 0.316286764705882
14 0.314362745098039
15 0.312438725490196
16 0.310514705882353
17 0.30859068627451
18 0.306666666666667
19 0.305333333333333
20 0.304
21 0.302133333333333
22 0.300266666666667
23 0.2984
24 0.296533333333333
25 0.294666666666667
26 0.2929
27 0.291133333333333
28 0.289366666666667
29 0.2876
30 0.285833333333333
31 0.283980952380952
32 0.282128571428571
33 0.28027619047619
34 0.27842380952381
35 0.276571428571429
36 0.274726530612245
37 0.272881632653061
38 0.271036734693878
39 0.269191836734694
40 0.26734693877551
41 0.265502551020408
42 0.263658163265306
43 0.261813775510204
44 0.259969387755102
45 0.258125
46 0.256342105263158
47 0.254559210526316
48 0.252776315789474
49 0.250993421052632
50 0.249210526315789
51 0.247378129790496
52 0.245545733265202
53 0.243713336739908
54 0.241880940214614
55 0.24004854368932
56 0.24
57 0.235690235690236
58 0.231380471380471
59 0.227070707070707
60 0.222760942760943
61 0.218451178451178
62 0.214141414141414
63 0.211315536315536
64 0.208489658489659
65 0.205663780663781
66 0.202837902837903
67 0.200012025012025
68 0.197186147186147
69 0.194642857142857
70 0.191469332298137
71 0.189565217391304
72 0.18809364548495
73 0.186622073578595
74 0.185150501672241
75 0.183678929765886
76 0.182207357859532
77 0.180006673109172
78 0.18
79 0.177421037380469
80 0.174842074760939
81 0.172263112141408
82 0.169684149521878
83 0.167105186902347
84 0.165042016806723
85 0.168603441376551
86 0.172164865946379
87 0.175726290516206
88 0.18
89 0.18
90 0.0799107142857143
91 0.0466269841269841
92 0.02
93 0.012
94 0.00847058823529412
95 0
96 0
97 0
98 0
99 0
100 0
101 0
102 0
103 0
104 0
105 0
106 0
107 0
108 0
109 0
110 0
111 0
112 0
113 0
114 0
115 0
116 0
117 0
118 0
119 0
120 0
121 0
122 0
123 0
124 0
125 0
126 0
127 0
128 0
129 0
130 0
131 0
132 0
133 0
134 0
135 0
136 0
137 0
138 0
139 0
140 0
141 0
142 0
143 0
144 0
145 0
146 0
147 0
148 0
149 0
150 0
151 0
152 0
153 0
154 0
155 0
156 0
157 0
158 0
159 0
160 0
161 0
162 0
163 0
164 0
165 0
166 0
167 0
168 0
169 0
170 0
171 0
172 0
173 0
174 0
175 0
176 0
177 0
178 0
179 0
180 0
181 0
182 0
183 0
184 0
185 0
186 0
187 0
188 0
189 0
190 0
191 0
192 0
193 0
194 0
195 0
196 0
