0 0
1 0
2 0
3 0
4 0
5 0
6 0
7 0
8 0
9 0
10 0
11 0
12 0
13 0
14 0
15 0
16 0
17 0
18 0
19 0
20 0
21 0
22 0
23 0
24 0
25 0
26 0
27 0
28 0
29 0
30 0
31 0
32 0
33 0
34 0
35 0
36 0
37 0
38 0
39 0
40 0
41 0
42 0
43 0
44 0
45 0
46 0
47 0
48 0
49 0
50 0
51 0
52 0
53 0
54 0
55 0
56 0
57 0
58 0
59 0
60 0
61 0
62 0
63 0
64 0
65 0
66 0
67 0
68 0
69 0
70 0.00113444816053512
71 0.00556722408026756
72 0.01
73 0.025
74 0.04
75 0.06
76 0.08
77 0.0849484536082474
78 0.0898969072164948
79 0.08
80 0.0701030927835052
81 0.0650515463917526
82 0.06
83 0.06
84 0.06
85 0.075
86 0.09
87 0.095
88 0.1
89 0.105
90 0.11
91 0.105
92 0.1
93 0.085
94 0.07
95 0.065
96 0.06
97 0.06
98 0.06
99 0.065
100 0.07
101 0.0569956331877729
102 0.0439912663755459
103 0.0309868995633188
104 0.0179825327510917
105 0.00497816593886463
106 0.0220168067226891
107 0.0428529411764706
108 0.0718253968253968
109 0.0982738095238096
110 0.1
111 0.1
112 0.1
113 0.1
114 0.1
115 0.1
116 0.1
117 0.1
118 0.1
119 0.1
120 0.1
121 0.1
122 0.1
123 0.1
124 0.1
125 0.1
126 0.1
127 0.1
128 0.1
129 0.1
130 0.1
131 0.1
132 0.1
133 0.1
134 0.1
135 0.1
136 0.1
137 0.1
138 0.1
139 0.1
140 0.1
141 0.1
142 0.1
143 0.1
144 0.1
145 0.1
146 0.1
147 0.1
148 0.1
149 0.1
150 0.1
151 0.1
152 0.1
153 0.1
154 0.1
155 0.1
156 0.1
157 0.1
158 0.1
159 0.1
160 0.1
161 0.1
162 0.1
163 0.1
164 0.1
165 0.1
166 0.1
167 0.1
168 0.1
169 0.1
170 0.1
171 0.1
172 0.1
173 0.1
174 0.1
175 0.1
176 0.1
177 0.1
178 0.1
179 0.1
180 0.1
181 0.1
182 0.1
183 0.1
184 0.1
185 0.0416666666666661
186 0
187 0
188 0
189 0
190 0
191 0
192 0
193 0
194 0
195 0
196 0
197 0
198 0
199 0
200 0
201 0
