0 0.248192307692308
1 0.243156199677939
2 0.237142857142857
3 0.232222222222222
4 0.2255
5 0.215227272727273
6 0.209015151515152
7 0.20125
8 0.195116459627329
9 0.187142857142857
10 0.181075154353843
11 0.175007451564829
12 0.168636363636364
13 0.162039785611214
14 0.155443207586065
15 0.147857142857143
16 0.141536796536797
17 0.133636363636364
18 0.127529360591562
19 0.125263157894737
20 0.116842105263158
21 0.106842105263158
22 0.100821052631579
23 0.0948
24 0.0879769230769231
25 0.0811538461538461
26 0.0765384615384615
27 0.0676923076923077
28 0.0609406766803217
29 0.0541890456683356
30 0.0448717948717949
31 0.041622032288699
32 0.038372269705603
33 0.0351225071225071
34 0.0318727445394112
35 0.0286229819563153
36 0.0253732193732194
37 0.0221234567901235
38 0.0188736942070275
39 0.0156239316239316
40 0.0123741690408357
41 0.00912440645773979
42 0.00587464387464388
43 0.00522190048700346
44 0.001
45 0.000876805143422354
46 0.000753610286844708
47 0.000630415430267062
48 0.000507220573689416
49 0.00038402571711177
50 0.000260830860534124
51 0.000166576833754169
52 0.000106375838926175
53 9.07051282051282e-05
54 4.26751592356688e-05
55 0
56 0
57 0
58 0
59 0
60 0
61 0
62 0
63 0
64 0
65 0
66 0
67 0
68 0
69 0
70 0
71 0
72 0
73 0
74 0
75 0
76 0
77 0
78 0
79 0
80 0
81 0
82 0
83 0
84 0
85 0
86 0
87 0
88 0
89 0
90 0
91 0
92 0
93 0
94 0
95 0
96 0
97 0
98 0
99 0
100 0
101 0
102 0
103 0
104 0
105 0
106 0
107 0
108 0
109 0
110 0
111 0
112 0
113 0
114 0
115 0
116 0
117 0
118 0
119 0
120 0
121 0
122 0
123 0
124 0
125 0
126 0
127 0
128 0
129 0
130 0
131 0
132 0
133 0
134 0
135 0
136 0
137 0
138 0
139 0
140 0
141 0
142 0
143 0
144 0
145 0
146 0
147 0
148 0
149 0
150 0
151 0
152 0
153 0
154 0
155 0
156 0
157 0
158 0
159 0
160 0
161 0
162 0
163 0
164 0
165 0
166 0
167 0
168 0
169 0
170 0
171 0
172 0
173 0
174 0
175 0
176 0
177 0
178 0
179 0
180 0
181 0
182 0
183 0
184 0
185 0
186 0
187 0
188 0
189 0
190 0
191 0
192 0
193 0
194 0
195 0
