0 0
1 0
2 0
3 0
4 0
5 0
6 0
7 0
8 0
9 0
10 0
11 0
12 0
13 0
14 0
15 0
16 0
17 0
18 0
19 0
20 0
21 0
22 0
23 0
24 0
25 0
26 0
27 0
28 0
29 0
30 0
31 0
32 0
33 0
34 0
35 0
36 0
37 0
38 0
39 0
40 0
41 0
42 0
43 0
44 0
45 0
46 0
47 0
48 0
49 0
50 0
51 0
52 0
53 0
54 0
55 0
56 0
57 0
58 0
59 0
60 0
61 0
62 0
63 0
64 0
65 0
66 0
67 0.000473333333333333
68 0
69 0.00142
70 0.00579567779960707
71 0.021875763969292
72 0.0434292948870813
73 0.0459958932238193
74 0.0770428904321344
75 0.108089887640449
76 0.154802650532988
77 0.208493292247567
78 0.224871794871795
79 0.29721850613155
80 0.369565217391304
81 0.392036160137753
82 0.404321237750374
83 0.425742574257426
84 0.433459522422831
85 0.441176470588235
86 0.440438099926163
87 0.437367409896079
88 0.439330543933054
89 0.43374294186944
90 0.428155339805825
91 0.418786695007755
92 0.412099834888397
93 0.404733727810651
94 0.398726114649681
95 0.369871794871795
96 0.385119047619048
97 0.41674584717608
98 0.43419689119171
99 0.464186046511628
100 0.517241379310345
101 0.538029907680049
102 0.540650406504065
103 0.557091697429187
104 0.567021300857508
105 0.447154471544715
106 0.448267078806403
107 0.434214423560876
108 0.408473430106583
109 0.386639376218324
110 0.385169491525424
111 0.388904071981591
112 0.378030263245263
113 0.372007669055083
114 0.380560200668896
115 0.384659910293533
116 0.384784802019916
117 0.419434045293549
118 0.44137618010167
119 0.443144599094298
120 0.438541209552831
121 0.434657900057752
122 0.430043348411691
123 0.416537823487494
124 0.404617029123268
125 0.39185426079929
126 0.380676779041992
127 0.367617491864776
128 0.353391430965227
129 0.339595693953718
130 0.326646252622518
131 0.313050751090764
132 0.298597912216222
133 0.284942212959454
134 0.273495965141864
135 0.259691941903201
136 0.24483833973416
137 0.230799592635965
138 0.219220422255724
139 0.206562908168578
140 0.19130022632409
141 0.178421014597485
142 0.16587379587519
143 0.151690767723176
144 0.138127631578947
145 0.126272053835212
146 0.113681818181818
147 0.0560410331384012
148 0
149 0
150 0
151 0
152 0
153 0
154 0
155 0
156 0
157 0
158 0
159 0
160 0
161 0
162 0
163 0
164 0
165 0
166 0
167 0
168 0
169 0
170 0
171 0
172 0
173 0
174 0
175 0
176 0
177 0
178 0
179 0
180 0
181 0
182 0
183 0
184 0
185 0
186 0
187 0
188 0
189 0
190 0
191 0
192 0
193 0
194 0
195 0
196 0
197 0
198 0
199 0
200 0
201 0
202 0
203 0
204 0
205 0
206 0
207 0
208 0
209 0
210 0
211 0
212 0
213 0
214 0
215 0
216 0
217 0
218 0
219 0
220 0
221 0
222 0
223 0
224 0
225 0
226 0
227 0
228 0
229 0
230 0
231 0
232 0
233 0
