0 0.199
1 0.19452380952381
2 0.188928571428571
3 0.183333333333333
4 0.178484848484848
5 0.173636363636364
6 0.168187779433681
7 0.162739195230999
8 0.157290611028316
9 0.151842026825633
10 0.146393442622951
11 0.140971896955503
12 0.135550351288056
13 0.130128805620609
14 0.124707259953162
15 0.119285714285714
16 0.113988571428571
17 0.108691428571429
18 0.103394285714286
19 0.0980971428571429
20 0.0928
21 0.08744
22 0.08208
23 0.07672
24 0.07136
25 0.066
26 0.0606333333333333
27 0.0552666666666667
28 0.0499
29 0.0445333333333333
30 0.0391666666666667
31 0.0383583333333333
32 0.03755
33 0.0367416666666667
34 0.0359333333333333
35 0.035125
36 0.0347411825726141
37 0.0341768353853169
38 0.0340792786945358
39 0.034010989010989
40 0.0330637937866579
41 0.0321165985623269
42 0.0311694033379958
43 0.0302222081136648
44 0.0292750128893337
45 0.0283278176650026
46 0.0273806224406716
47 0.0264334272163405
48 0.0254862319920094
49 0.0245390367676784
50 0.0232413793103448
51 0.02225
52 0.0209375315497224
53 0.0196250630994447
54 0.0180362539246468
55 0.0140387347692516
56 0.0103873517786561
57 0.006860596536343
58 0.00264194887350284
59 0.00232097443675142
60 0.002
61 0.002
62 0.002
63 0.002
64 0.002
65 0.002
66 0.002
67 0.00166666666666667
68 0.002
69 0.001
70 0.001
71 0.001
72 0.001
73 0.001
74 0.001
75 0.001
76 6e-04
77 0.00045
78 0
79 0
80 0
81 0
82 0
83 0
84 0
85 0
86 0
87 0
88 0
89 0
90 0
91 0
92 0
93 0
94 0
95 0
96 0
97 0
98 0
99 0
100 0
101 0
102 0
103 0
104 0
105 0
106 0
107 0
108 0
109 0
110 0
111 0
112 0
113 0
114 0
115 0
116 0
117 0
118 0
119 0
120 0
121 0
122 0
123 0
124 0
125 0
126 0
127 0
128 0
129 0
130 0
131 0
132 0
133 0
134 0
135 0
136 0
137 0
138 0
139 0
140 0
141 0
142 0
143 0
144 0
145 0
146 0
147 0
148 0
149 0
150 0
151 0
152 0
153 0
154 0
155 0
156 0
157 0
158 0
159 0
160 0
161 0
162 0
163 0
164 0
165 0
166 0
167 0
168 0
169 0
170 0
171 0
172 0
173 0
174 0
175 0
176 0
177 0
178 0
179 0
180 0
181 0
182 0
183 0
184 0
185 0
186 0
187 0
188 0
189 0
190 0
191 0
192 0
193 0
194 0
195 0
196 0
197 0
198 0
199 0
200 0
201 0
202 0
203 0
204 0
205 0
206 0
207 0
208 0
209 0
210 0
211 0
212 0
213 0
214 0
215 0
216 0
217 0
218 0
219 0
220 0
221 0
222 0
223 0
224 0
225 0
226 0
227 0
228 0
229 0
230 0
231 0
232 0
233 0
