0 0.199
1 0.194285714285714
2 0.188115079365079
3 0.181944444444444
4 0.176426767676768
5 0.170909090909091
6 0.165120715350224
7 0.159332339791356
8 0.153543964232489
9 0.147755588673621
10 0.141967213114754
11 0.136145199063232
12 0.13032318501171
13 0.124501170960187
14 0.118679156908665
15 0.112857142857143
16 0.107085714285714
17 0.101314285714286
18 0.0955428571428571
19 0.0897714285714286
20 0.084
21 0.07815
22 0.0723
23 0.06645
24 0.0606
25 0.05475
26 0.0489666666666667
27 0.0431833333333333
28 0.0374
29 0.0316166666666667
30 0.0258333333333333
31 0.0229991666666667
32 0.020165
33 0.0173308333333333
34 0.0144966666666667
35 0.0116625
36 0.00908469917012449
37 0.00541235750113999
38 0.00222861779458706
39 0
40 0
41 0
42 0
43 0
44 0
45 0
46 0
47 0
48 0
49 0
50 0
51 0
52 0
53 0
54 3.30815018314998e-18
55 1.11732224728907e-18
56 0
57 5.44826364280652e-17
58 1.04107022206127e-16
59 5.20535111030637e-17
60 0
61 0
62 0
63 0
64 0
65 0
66 0
67 0
68 0
69 0
70 1.11001964636542e-16
71 6.66011787819253e-17
72 7.7703693075208e-17
73 0
74 5.55056179775281e-17
75 1.11011235955056e-16
76 6.66067415730337e-17
77 4.99550561797753e-17
78 0
79 0
80 0
81 0
82 0
83 0
84 0
85 0
86 0
87 0
88 0
89 0
90 0
91 0
92 0
93 0
94 0
95 0
96 0
97 0
98 0
99 0
100 0
101 0
102 0
103 0
104 1.11064814814815e-16
105 0
106 0
107 0
108 3.41430499325242e-17
109 0
110 0
111 0
112 0
113 0
114 0
115 0
116 0
117 0
118 0
119 0
120 1.10655737704912e-17
121 1.10972222222216e-17
122 2.2158870255958e-17
123 0
124 0
125 0
126 0
127 0
128 0
129 0
130 2.22182539682559e-17
131 0
132 2.56318681318665e-17
133 0
134 0
135 0
136 1.58525345622124e-17
137 5.28571428571557e-18
138 0
139 3.02922077922091e-17
140 0
141 4.56684491978627e-17
142 2.92397660818717e-17
143 9.26501035196907e-18
144 0
145 0
146 0
147 0
148 0
149 0
150 0
151 0
152 0
153 0
154 0
155 0
156 0
157 0
158 0
159 0
160 0
161 0
162 0
163 0
164 0
165 0
166 0
167 0
168 0
169 0
170 0
171 0
172 0
173 0
174 0
175 0
176 0
177 0
178 0
179 0
180 0
181 0
182 0
183 0
184 0
185 0
186 0
187 0
188 0
189 0
190 0
191 0
192 0
193 0
194 0
195 0
196 0
197 3.17460317460317e-17
198 0
199 0
200 1.11111111111111e-16
201 7.93650793650794e-17
202 0
203 0
204 0
205 0
206 0
207 0
208 0
209 0
210 0
211 0
212 0
213 0
214 0
215 0
216 0
217 0
218 0
219 0
220 0
221 0
222 0
223 0
224 0
225 0
226 0
227 0
228 0
229 0
230 0
231 0
232 0
233 0
