0 0
1 0
2 0
3 0
4 0
5 0
6 0
7 0
8 0
9 0
10 0
11 0
12 0
13 0
14 0
15 0
16 0
17 0
18 0
19 0
20 0
21 0
22 0
23 0
24 0
25 0
26 0
27 0
28 0
29 0
30 0
31 0
32 0
33 0
34 0
35 0
36 0
37 0
38 0
39 0
40 0
41 0
42 0
43 0
44 0
45 0
46 0
47 0
48 0
49 0
50 0
51 0
52 0
53 0
54 0
55 0
56 0
57 0
58 0
59 0
60 0
61 0
62 0
63 0
64 0
65 0
66 0
67 0.000193333333333333
68 0
69 0.00058
70 0.00220039292730845
71 0.00771859304591279
72 0.0140473717507267
73 0.0159958932238193
74 0.0245148005444939
75 0.0330337078651685
76 0.044743301642178
77 0.0567717619459192
78 0.0623076923076923
79 0.0775824175824176
80 0.0928571428571429
81 0.0945261669024045
82 0.093872566353274
83 0.097029702970297
84 0.0944707338380897
85 0.0919117647058824
86 0.089121954221019
87 0.0861375821706186
88 0.0849372384937239
89 0.0810608522565707
90 0.0771844660194175
91 0.0735296145228931
92 0.0711004224207822
93 0.0680473372781065
94 0.0662420382165605
95 0.06
96 0.0607142857142857
97 0.0648936877076412
98 0.066839378238342
99 0.0711627906976744
100 0.0780172413793103
101 0.0794404827193271
102 0.0788617886178862
103 0.0806637037912415
104 0.0820576765188834
105 0.210975609756098
106 0.201399972804906
107 0.199317145462836
108 0.185000291160769
109 0.171076023391813
110 0.167796610169492
111 0.170599510912742
112 0.165852362929562
113 0.163645600089566
114 0.168735069278548
115 0.185440810764776
116 0.173239467566206
117 0.189072984866373
118 0.194938271604938
119 0.198702493873131
120 0.191402080548218
121 0.190002808346328
122 0.188182732815516
123 0.189947268066675
124 0.187223303562339
125 0.180986309064626
126 0.175271358097488
127 0.168564217953276
128 0.161179344773894
129 0.154667090180691
130 0.147920820179764
131 0.141119466968689
132 0.133371190795057
133 0.126709928003031
134 0.120859573158249
135 0.113811007000002
136 0.106384547945158
137 0.0993162810865445
138 0.0932479399980436
139 0.086956516564764
140 0.0793362173918769
141 0.0726013874837404
142 0.0664724500553552
143 0.0591927166565025
144 0.052321052631579
145 0.0462921019805231
146 0.0400719696969697
147 0.0762911306042889
148 0.1287
149 0.127256363949921
150 0.125308892251982
151 0.123959207459207
152 0.121777713846683
153 0.119348688120248
154 0.117258497738737
155 0.114733596411449
156 0.111594980854213
157 0.109126905365916
158 0.106343656343656
159 0.103671321892378
160 0.101291432145091
161 0.096515526857789
162 0.0945713788906277
163 0.0908623548922056
164 0.0872794727828098
165 0.0852150537634409
166 0.0822222222222222
167 0.0803030303030303
168 0.078026581605529
169 0.076875
170 0.0734736842105263
171 0.0712293697205978
172 0.07
173 0.0667407407407408
174 0.0645331610680448
175 0.0623255813953488
176 0.0600578502834664
177 0.0588888888888889
178 0.0555223880597015
179 0.0532734287744949
180 0.0523076923076923
181 0.0487755102040816
182 0.0465170068027211
183 0.0453125
184 0.042
185 0.0401875
186 0.039
187 0.0365625
188 0.0349196428571429
189 0.034
190 0.0321142857142857
191 0.0308125
192 0.0283428571428571
193 0.0266964285714286
194 0.02505
195 0.0234007936507937
196 0.0225666666666667
197 0.0206904761904762
198 0.0192777777777778
199 0.0174126984126984
200 0.016
201 0.0141190476190476
202 0.01275
203 0.0108238095238095
204 0.00941666666666667
205 0.00697142857142857
206 0.00587167919799499
207 0.0047719298245614
208 0.0044891395154553
209 0.00424206349206349
210 0.00395
211 0.00379333333333333
212 0.00351190476190476
213 0.00322619047619048
214 0.00290592552810598
215 0.00267142857142857
216 0.0023220156555773
217 0.00199913482335977
218 0.00170373407834655
219 0.00140833333333333
220 0.00112724358974359
221 0.000873589743589744
222 0.000577294871794872
223 0.000281
224 0
225 0
226 0
227 0
228 0
229 0
230 0
231 0
232 0
233 0
